99736
 99519
 99458
 99412
 99172
 99100
 98870
 98863
 98729
 98549
 98518
 98332
 98278
 98097
 97922
 97768
 97730
 97723
 97719
 97665
 97657
 97591
 97573
 97382
 97292
 97144
 97115
 97072
 97065
 96761
 96759
 96520
 96342
 96212
 96190
 96037
 96015
 95931
 95916
 95898
 95872
 95657
 95555
 95550
 95453
 95402
 95370
 95175
 95051
 94999
 94987
 94898
 94812
 94811
 94752
 94371
 94238
 94189
 93951
 93935
 93851
 93586
 93536
 93524
 93487
 93357
 93298
 93257
 92729
 92716
 92611
 92542
 92397
 92378
 92344
 92052
 91944
 91918
 91892
 91647
 91564
 91489
 91446
 91441
 91176
 91168
 91054
 90952
 90943
 90928
 90836
 90558
 90334
 90287
 90045
 89985
 89919
 89837
 89641
 89513
 89505
 89410
 89334
 89309
 89228
 89134
 89100
 89006
 88961
 88841
 88667
 88506
 88396
 88215
 88062
 88059
 88015
 87731
 87610
 87243
 87173
 87172
 86659
 86515
 86456
 86420
 86313
 86214
 86197
 86085
 86021
 85842
 85714
 85661
 85571
 85558
 85537
 85260
 85070
 85043
 84800
 84569
 84561
 84280
 84167
 84159
 84110
 83846
 83752
 83519
 83433
 83364
 83354
 83331
 83286
 83285
 83185
 83082
 83040
 83033
 82905
 82817
 82655
 82627
 82579
 82450
 82425
 82404
 82268
 81795
 81491
 81410
 81334
 81284
 81045
 80947
 80922
 80593
 80272
 80261
 80198
 80167
 80163
 80133
 79932
 79908
 79868
 79720
 79584
 79239
 79213
 79176
 79043
 79026
 78955
 78952
 78800
 78691
 78517
 78331
 78101
 78046
 77948
 77941
 77816
 77756
 77752
 77694
 77636
 77608
 77450
 77447
 77330
 77204
 76968
 76768
 76746
 76736
 76651
 76475
 76454
 76385
 76355
 76340
 76087
 75864
 75839
 75776
 75763
 75716
 75695
 75658
 75449
 75432
 75318
 75241
 75199
 75157
 74758
 74589
 74493
 74440
 74434
 74042
 73748
 73634
 73521
 73500
 73379
 73309
 73272
 73138
 73114
 72913
 72640
 72536
 72484
 72418
 72357
 72277
 72248
 72100
 71893
 71846
 71835
 71709
 71191
 71077
 71074
 70940
 70931
 70829
 70662
 70641
 70583
 70377
 70320
 70305
 70257
 70223
 70197
 70076
 69910
 69867
 69845
 69666
 69530
 69510
 69437
 69373
 69135
 69112
 69086
 69060
 69002
 68927
 68630
 68413
 68412
 68384
 68305
 68276
 68009
 67969
 67893
 67668
 67616
 67586
 67332
 67251
 66961
 66666
 66657
 66605
 66527
 66482
 66435
 66422
 66379
 66300
 66170
 66135
 66119
 66089
 66086
 66085
 66050
 65939
 65853
 65804
 65397
 65055
 65019
 64989
 64981
 64941
 64893
 64718
 64710
 64531
 64502
 64488
 64374
 64335
 64270
 64264
 64201
 64180
 64173
 64124
 64085
 63995
 63950
 63690
 63596
 63522
 63298
 63273
 63260
 63254
 62965
 62882
 62500
 62352
 62211
 62118
 62059
 61959
 61771
 61748
 61617
 61531
 61503
 61459
 61068
 61058
 60972
 60920
 60703
 60658
 60309
 60200
 60099
 59984
 59947
 59894
 59763
 59643
 59546
 59517
 59402
 59187
 58974
 58966
 58948
 58925
 58733
 58603
 58599
 58556
 58510
 58425
 58331
 58203
 57852
 57851
 57755
 57743
 57737
 57679
 57624
 57620
 57528
 57509
 57458
 57412
 57333
 57281
 57250
 57245
 57224
 57034
 57025
 56989
 56972
 56934
 56865
 56775
 56720
 56712
 56651
 56608
 56577
 56572
 56485
 56428
 56361
 56345
 56191
 56066
 56063
 55905
 55861
 55848
 55838
 55593
 55527
 55323
 55317
 55287
 55192
 55132
 54948
 54905
 54848
 54751
 54695
 54300
 54297
 54154
 53763
 53622
 53506
 53232
 53212
 53202
 52987
 52874
 52864
 52706
 52688
 52640
 52629
 52559
 52424
 52412
 52279
 52085
 52043
 52017
 51969
 51932
 51912
 51910
 51878
 51857
 51020
 50678
 50642
 50555
 50384
 50295
 50106
 50069
 50058
 50054
 50000
 49995
 49994
 49825
 49640
 49593
 49422
 49219
 49190
 49095
 49030
 48702
 48624
 48611
 48540
 48512
 48442
 48357
 48331
 48272
 48176
 48137
 48135
 48111
 48054
 47907
 47611
 47549
 47533
 47233
 47110
 47030
 46883
 46873
 46811
 46626
 46396
 46277
 46156
 46081
 46025
 45991
 45781
 45728
 45543
 45454
 45437
 45207
 45052
 44987
 44887
 44871
 44854
 44650
 44604
 44463
 44385
 44345
 44315
 44033
 43869
 43817
 43702
 43683
 43191
 43075
 42963
 42920
 42857
 42820
 42775
 42486
 42462
 42452
 42441
 42320
 42303
 42254
 42089
 41909
 41840
 41799
 41719
 41511
 41502
 41449
 41363
 41354
 41302
 41297
 41141
 41103
 40946
 40849
 40810
 40691
 40683
 40677
 40564
 40398
 40384
 40224
 40159
 40063
 40041
 40039
 39979
 39913
 39645
 39583
 39559
 39235
 38972
 38842
 38709
 38709
 38660
 38345
 38162
 38133
 38129
 37933
 37910
 37907
 37804
 37706
 37550
 37312
 37232
 36879
 36732
 36704
 36683
 36598
 36476
 36453
 36363
 36321
 36125
 36053
 36013
 35996
 35888
 35794
 35779
 35729
 35615
 35534
 35517
 35481
 35461
 35364
 35312
 35294
 35253
 35148
 35092
 35028
 34957
 34818
 34759
 34676
 34672
 34628
 34354
 34261
 34236
 34133
 33986
 33981
 33937
 33933
 33859
 33772
 33635
 33326
 33251
 33184
 33170
 33131
 33083
 33003
 32949
 32793
 32748
 32271
 32212
 31818
 31770
 31756
 31749
 31656
 31382
 31235
 31182
 31171
 31012
 31010
 30968
 30946
 30834
 30735
 30726
 30537
 30479
 30468
 30289
 30287
 30193
 30129
 29915
 29857
 29540
 29465
 29430
 29263
 29247
 29060
 29016
 28926
 28797
 28757
 28625
 28532
 28019
 27999
 27911
 27841
 27716
 27586
 27532
 27516
 27274
 27271
 27249
 27060
 26991
 26989
 26899
 26748
 26710
 26633
 26541
 26470
 26324
 26245
 26086
 25985
 25941
 25833
 25180
 24848
 24700
 24660
 24660
 24638
 24564
 24545
 24525
 24509
 24351
 23985
 23927
 23899
 23853
 23713
 23690
 23670
 23326
 23274
 23076
 22977
 22852
 22778
 22731
 22388
 22382
 22352
 22315
 22307
 22287
 22284
 22176
 22032
 21924
 21890
 21807
 21740
 21643
 21628
 21581
 21531
 21157
 21106
 21104
 21084
 21071
 21059
 21021
 20950
 20944
 20935
 20852
 20797
 20622
 20510
 20299
 20125
 20112
 20098
 20089
 19854
 19850
 19781
 19569
 19562
 19535
 19514
 19508
 19255
 19244
 19213
 19069
 18879
 18765
 18473
 18307
 17917
 17809
 17707
 17702
 17462
 17227
 17070
 17049
 16949
 16943
 16788
 16504
 16407
 16342
 16156
 16124
 16109
 16078
 15911
 15860
 15568
 15310
 15250
 15207
 14967
 14826
 14702
 14582
 14543
 14467
 14405
 14326
 14316
 14276
 14249
 14074
 13995
 13956
 13788
 13749
 13689
 13590
 13460
 13458
 13393
 13345
 13199
 12559
 12544
 12505
 12286
 12214
 11944
 11925
 11573
 11490
 11430
 11393
 11239
 11038
 10987
 10932
 10886
 10859
 10843
 10721
 10692
 10556
 10551
 10322
 10279
 10276
 10118
 10104
 9723
 9644
 9479
 9460
 9302
 9169
 9059
 9031
 8942
 8670
 8533
 8482
 8391
 8301
 8105
 8102
 8050
 7647
 7623
 7590
 7458
 7417
 7288
 7285
 7260
 7245
 7201
 7176
 7159
 7006
 6951
 6853
 6832
 6687
 6587
 6557
 6443
 6414
 6374
 6351
 6211
 6205
 5889
 5882
 5860
 5739
 5653
 5239
 5158
 5130
 4956
 4896
 4673
 4461
 4278
 4264
 4199
 4075
 3945
 3934
 3798
 3598
 3574
 3501
 3495
 3484
 3347
 3340
 3222
 3097
 3002
 2841
 2823
 2807
 2565
 2541
 2268
 2239
 2192
 2147
 2045
 2043
 2001
 1984
 1901
 1884
 1866
 1861
 1763
 1730
 1708
 1648
 1413
 1237
 1221
 1180
 957
 805
 750
 597
 380
 223
 0
 