99895
 99773
 99652
 99636
 99571
 99363
 99201
 99108
 99084
 98898
 98827
 98827
 98518
 98378
 98327
 98224
 98196
 98180
 98005
 97915
 97522
 97482
 97475
 97309
 97079
 96946
 96942
 96740
 96707
 96624
 96616
 96534
 96432
 96274
 95922
 95484
 95412
 95327
 95092
 95021
 94924
 94879
 94828
 94628
 94571
 94317
 94257
 94115
 93879
 93793
 93713
 93650
 93395
 93060
 92923
 92842
 92520
 92435
 92394
 92344
 92243
 92168
 92010
 91833
 91519
 91512
 91494
 91490
 91333
 91158
 91151
 91131
 91126
 91036
 90912
 90705
 90592
 90579
 90553
 90493
 90461
 90339
 90263
 90228
 90099
 89655
 89224
 89183
 89137
 89101
 89096
 89007
 88940
 88501
 88470
 88273
 88231
 88054
 88018
 87847
 87629
 87408
 87391
 87329
 87286
 87090
 87076
 87037
 87016
 87010
 86991
 86933
 86915
 86910
 86830
 86814
 86666
 86473
 86397
 86360
 86337
 86329
 86320
 86310
 86283
 86217
 86076
 86025
 85824
 85616
 85549
 85497
 85469
 85404
 85297
 85262
 85076
 84932
 84911
 84809
 84764
 84630
 84604
 84435
 84172
 84057
 84053
 84031
 83929
 83814
 83783
 83765
 83559
 83486
 83442
 83390
 83260
 83207
 83094
 83089
 83089
 83056
 82855
 82846
 82839
 82711
 82706
 82654
 82574
 82357
 82342
 82258
 82203
 82123
 82054
 81814
 81599
 81582
 81569
 81551
 81443
 81432
 81390
 81289
 81206
 81156
 80949
 80742
 80545
 80419
 80233
 80102
 80083
 80080
 79870
 79704
 79699
 79652
 79622
 79572
 79518
 79514
 79512
 79333
 79274
 79176
 79157
 78980
 78919
 78890
 78698
 78636
 78543
 78380
 78158
 77726
 77682
 77319
 77291
 77280
 77125
 76883
 76615
 76478
 76408
 76383
 76322
 76088
 76078
 75952
 75855
 75780
 75728
 75501
 75498
 75450
 75420
 75356
 75306
 75082
 74871
 74606
 74555
 74492
 74484
 74387
 74338
 74261
 74217
 74137
 74076
 74044
 73930
 73850
 73637
 73286
 73277
 73239
 73188
 73077
 72956
 72915
 72888
 72874
 72857
 72789
 72716
 72693
 72627
 72614
 72539
 72358
 72262
 72252
 72221
 72122
 72060
 71991
 71985
 71659
 71341
 71276
 71197
 71163
 71036
 70670
 70667
 70640
 70487
 70455
 70380
 70274
 70250
 70121
 70101
 69793
 69729
 69566
 69492
 69301
 69270
 69268
 69099
 68915
 68690
 68545
 68464
 68462
 68343
 68218
 68124
 68104
 67867
 67606
 67572
 67485
 67424
 67366
 67339
 67241
 67145
 67144
 67059
 66877
 66758
 66349
 66269
 66028
 65978
 65880
 65851
 65684
 65395
 65356
 65080
 64628
 64581
 64577
 64295
 64124
 64091
 64002
 63909
 63742
 63453
 63350
 63278
 63105
 63062
 62996
 62911
 62839
 62710
 62690
 62468
 62463
 62327
 62243
 62171
 62141
 62025
 61888
 61663
 61570
 61393
 61301
 61298
 61207
 61149
 61145
 61129
 60875
 60838
 60726
 60717
 60576
 60449
 60371
 60360
 60150
 60074
 59997
 59956
 59756
 59502
 59347
 59345
 59175
 59079
 59015
 58946
 58441
 58424
 58394
 58148
 58148
 58015
 57875
 57844
 57760
 57642
 57318
 57094
 56818
 56775
 56716
 56706
 56512
 56423
 56272
 56248
 56231
 56047
 56021
 56014
 55980
 55962
 55938
 55721
 55538
 55412
 55339
 55228
 55205
 55167
 55167
 54983
 54973
 54633
 54607
 54511
 54322
 53895
 53817
 53741
 53681
 53663
 53527
 53273
 53214
 53084
 52929
 52913
 52851
 52828
 52460
 52383
 52298
 52270
 52200
 52192
 51929
 51914
 51839
 51827
 51756
 51654
 51438
 51225
 51203
 51122
 50779
 50777
 50767
 50624
 50611
 50429
 50400
 50341
 50340
 50324
 50255
 50218
 50071
 50000
 49881
 49688
 49515
 49480
 49437
 49268
 49213
 49030
 48898
 48888
 48855
 48839
 48815
 48804
 48746
 48504
 48493
 48399
 48367
 48277
 48208
 48075
 47969
 47834
 47751
 47745
 47703
 47558
 47532
 47504
 47480
 47405
 47325
 47299
 47078
 46988
 46984
 46962
 46940
 46922
 46717
 46710
 46679
 46661
 46454
 46405
 46400
 46310
 46168
 46142
 45994
 45911
 45681
 45466
 45423
 45416
 45392
 45232
 45207
 45152
 45075
 44908
 44754
 44697
 44620
 44323
 44218
 44012
 43911
 43879
 43838
 43828
 43629
 43613
 43301
 43217
 43053
 43016
 42804
 42789
 42622
 42437
 42436
 42406
 42369
 42284
 41956
 41840
 41662
 41536
 41478
 41447
 41363
 41337
 41292
 41273
 41254
 41238
 41215
 41179
 41139
 41079
 41024
 40923
 40755
 40642
 40595
 40432
 40384
 40294
 40287
 40254
 40192
 40171
 40077
 39999
 39907
 39892
 39879
 39648
 39582
 39425
 39421
 39189
 39036
 39018
 38813
 38742
 38730
 38717
 38690
 38629
 38543
 38364
 38266
 38145
 37768
 37709
 37691
 37329
 37286
 37125
 37086
 36897
 36879
 36787
 36724
 36643
 36493
 36464
 36187
 36166
 36138
 36033
 35926
 35758
 35714
 35678
 35642
 35603
 35597
 35463
 35378
 35180
 35032
 35001
 34982
 34920
 34745
 34684
 34606
 34536
 34463
 34405
 34061
 33937
 33783
 33683
 33645
 33557
 33495
 33367
 33231
 33212
 33000
 32999
 32150
 32117
 31975
 31966
 31811
 31787
 31717
 31414
 31285
 31280
 31254
 31200
 31154
 31141
 30911
 30892
 30815
 30742
 30731
 30560
 30299
 30285
 30285
 30269
 30242
 30120
 30000
 29974
 29895
 29740
 29676
 29608
 29595
 29586
 29325
 29101
 29100
 28880
 28826
 28820
 28724
 28423
 28393
 28315
 28300
 28244
 28190
 28026
 28000
 27877
 27398
 27392
 27322
 27284
 27223
 27194
 27104
 26971
 26950
 26866
 26786
 26655
 26441
 25829
 25759
 25727
 25720
 25707
 25587
 25553
 25531
 25500
 25445
 25405
 25376
 25358
 25295
 25287
 25172
 25134
 24980
 24980
 24934
 24859
 24804
 24793
 24624
 24487
 24407
 24360
 24337
 23849
 23736
 23734
 23643
 23564
 23533
 23532
 23434
 23317
 23261
 23245
 23108
 23103
 22969
 22915
 22881
 22777
 22699
 22559
 22410
 22367
 22277
 22238
 22201
 21957
 21937
 21844
 21510
 21291
 21286
 21272
 21179
 20965
 20702
 20643
 20557
 20552
 20267
 20082
 20036
 20028
 19991
 19883
 19826
 19796
 19640
 19526
 19494
 19418
 19338
 19251
 19052
 19036
 18971
 18833
 18802
 18786
 18753
 18303
 18238
 18046
 17861
 17820
 17733
 17728
 17593
 17580
 17526
 17246
 17228
 17220
 16916
 16739
 16677
 16620
 16606
 16536
 16393
 15993
 15904
 15775
 15657
 15533
 15476
 15450
 15245
 15116
 14985
 14842
 14793
 14754
 14649
 14609
 14479
 14234
 14190
 14118
 14115
 13970
 13673
 13592
 13584
 13464
 13311
 13304
 13265
 13216
 13066
 13054
 12952
 12831
 12794
 12680
 12558
 12506
 12432
 12252
 12166
 11821
 11716
 11624
 11621
 11553
 11352
 11346
 11312
 11269
 11211
 11196
 11188
 11050
 10926
 10868
 10813
 10779
 10597
 10559
 10550
 10259
 10230
 10036
 9858
 9577
 9499
 9177
 9085
 9044
 8965
 8964
 8828
 8744
 8733
 8622
 8601
 8597
 8478
 8458
 8382
 8345
 8283
 8172
 8043
 8022
 7951
 7938
 7820
 7807
 7786
 7765
 7752
 7582
 7308
 7260
 7164
 7160
 7142
 7037
 6869
 6687
 6404
 6354
 6344
 6303
 5926
 5729
 5371
 5355
 5311
 5275
 5243
 5022
 4917
 4886
 4844
 4824
 4805
 4709
 4562
 4498
 4185
 4175
 4164
 4163
 4129
 4113
 3915
 3766
 3755
 3719
 3642
 3424
 3086
 2890
 2875
 2807
 2640
 2518
 2504
 2496
 2349
 2261
 2231
 2187
 2099
 2059
 1761
 1673
 1595
 1472
 1401
 1234
 1096
 1074
 1032
 1002
 693
 648
 591
 492
 472
 285
 268
 170
 71
 0
 0
 0
 0
 