0
 0
 0
 0
 71
 170
 268
 285
 472
 492
 591
 648
 693
 1002
 1032
 1074
 1096
 1234
 1401
 1472
 1595
 1673
 1761
 2059
 2099
 2187
 2231
 2261
 2349
 2496
 2504
 2518
 2640
 2807
 2875
 2890
 3086
 3424
 3642
 3719
 3755
 3766
 3915
 4113
 4129
 4163
 4164
 4175
 4185
 4498
 4562
 4709
 4805
 4824
 4844
 4886
 4917
 5022
 5243
 5275
 5311
 5355
 5371
 5729
 5926
 6303
 6344
 6354
 6404
 6687
 6869
 7037
 7142
 7160
 7164
 7260
 7308
 7582
 7752
 7765
 7786
 7807
 7820
 7938
 7951
 8022
 8043
 8172
 8283
 8345
 8382
 8458
 8478
 8597
 8601
 8622
 8733
 8744
 8828
 8964
 8965
 9044
 9085
 9177
 9499
 9577
 9858
 10036
 10230
 10259
 10550
 10559
 10597
 10779
 10813
 10868
 10926
 11050
 11188
 11196
 11211
 11269
 11312
 11346
 11352
 11553
 11621
 11624
 11716
 11821
 12166
 12252
 12432
 12506
 12558
 12680
 12794
 12831
 12952
 13054
 13066
 13216
 13265
 13304
 13311
 13464
 13584
 13592
 13673
 13970
 14115
 14118
 14190
 14234
 14479
 14609
 14649
 14754
 14793
 14842
 14985
 15116
 15245
 15450
 15476
 15533
 15657
 15775
 15904
 15993
 16393
 16536
 16606
 16620
 16677
 16739
 16916
 17220
 17228
 17246
 17526
 17580
 17593
 17728
 17733
 17820
 17861
 18046
 18238
 18303
 18753
 18786
 18802
 18833
 18971
 19036
 19052
 19251
 19338
 19418
 19494
 19526
 19640
 19796
 19826
 19883
 19991
 20028
 20036
 20082
 20267
 20552
 20557
 20643
 20702
 20965
 21179
 21272
 21286
 21291
 21510
 21844
 21937
 21957
 22201
 22238
 22277
 22367
 22410
 22559
 22699
 22777
 22881
 22915
 22969
 23103
 23108
 23245
 23261
 23317
 23434
 23532
 23533
 23564
 23643
 23734
 23736
 23849
 24337
 24360
 24407
 24487
 24624
 24793
 24804
 24859
 24934
 24980
 24980
 25134
 25172
 25287
 25295
 25358
 25376
 25405
 25445
 25500
 25531
 25553
 25587
 25707
 25720
 25727
 25759
 25829
 26441
 26655
 26786
 26866
 26950
 26971
 27104
 27194
 27223
 27284
 27322
 27392
 27398
 27877
 28000
 28026
 28190
 28244
 28300
 28315
 28393
 28423
 28724
 28820
 28826
 28880
 29100
 29101
 29325
 29586
 29595
 29608
 29676
 29740
 29895
 29974
 30000
 30120
 30242
 30269
 30285
 30285
 30299
 30560
 30731
 30742
 30815
 30892
 30911
 31141
 31154
 31200
 31254
 31280
 31285
 31414
 31717
 31787
 31811
 31966
 31975
 32117
 32150
 32999
 33000
 33212
 33231
 33367
 33495
 33557
 33645
 33683
 33783
 33937
 34061
 34405
 34463
 34536
 34606
 34684
 34745
 34920
 34982
 35001
 35032
 35180
 35378
 35463
 35597
 35603
 35642
 35678
 35714
 35758
 35926
 36033
 36138
 36166
 36187
 36464
 36493
 36643
 36724
 36787
 36879
 36897
 37086
 37125
 37286
 37329
 37691
 37709
 37768
 38145
 38266
 38364
 38543
 38629
 38690
 38717
 38730
 38742
 38813
 39018
 39036
 39189
 39421
 39425
 39582
 39648
 39879
 39892
 39907
 39999
 40077
 40171
 40192
 40254
 40287
 40294
 40384
 40432
 40595
 40642
 40755
 40923
 41024
 41079
 41139
 41179
 41215
 41238
 41254
 41273
 41292
 41337
 41363
 41447
 41478
 41536
 41662
 41840
 41956
 42284
 42369
 42406
 42436
 42437
 42622
 42789
 42804
 43016
 43053
 43217
 43301
 43613
 43629
 43828
 43838
 43879
 43911
 44012
 44218
 44323
 44620
 44697
 44754
 44908
 45075
 45152
 45207
 45232
 45392
 45416
 45423
 45466
 45681
 45911
 45994
 46142
 46168
 46310
 46400
 46405
 46454
 46661
 46679
 46710
 46717
 46922
 46940
 46962
 46984
 46988
 47078
 47299
 47325
 47405
 47480
 47504
 47532
 47558
 47703
 47745
 47751
 47834
 47969
 48075
 48208
 48277
 48367
 48399
 48493
 48504
 48746
 48804
 48815
 48839
 48855
 48888
 48898
 49030
 49213
 49268
 49437
 49480
 49515
 49688
 49881
 50000
 50071
 50218
 50255
 50324
 50340
 50341
 50400
 50429
 50611
 50624
 50767
 50777
 50779
 51122
 51203
 51225
 51438
 51654
 51756
 51827
 51839
 51914
 51929
 52192
 52200
 52270
 52298
 52383
 52460
 52828
 52851
 52913
 52929
 53084
 53214
 53273
 53527
 53663
 53681
 53741
 53817
 53895
 54322
 54511
 54607
 54633
 54973
 54983
 55167
 55167
 55205
 55228
 55339
 55412
 55538
 55721
 55938
 55962
 55980
 56014
 56021
 56047
 56231
 56248
 56272
 56423
 56512
 56706
 56716
 56775
 56818
 57094
 57318
 57642
 57760
 57844
 57875
 58015
 58148
 58148
 58394
 58424
 58441
 58946
 59015
 59079
 59175
 59345
 59347
 59502
 59756
 59956
 59997
 60074
 60150
 60360
 60371
 60449
 60576
 60717
 60726
 60838
 60875
 61129
 61145
 61149
 61207
 61298
 61301
 61393
 61570
 61663
 61888
 62025
 62141
 62171
 62243
 62327
 62463
 62468
 62690
 62710
 62839
 62911
 62996
 63062
 63105
 63278
 63350
 63453
 63742
 63909
 64002
 64091
 64124
 64295
 64577
 64581
 64628
 65080
 65356
 65395
 65684
 65851
 65880
 65978
 66028
 66269
 66349
 66758
 66877
 67059
 67144
 67145
 67241
 67339
 67366
 67424
 67485
 67572
 67606
 67867
 68104
 68124
 68218
 68343
 68462
 68464
 68545
 68690
 68915
 69099
 69268
 69270
 69301
 69492
 69566
 69729
 69793
 70101
 70121
 70250
 70274
 70380
 70455
 70487
 70640
 70667
 70670
 71036
 71163
 71197
 71276
 71341
 71659
 71985
 71991
 72060
 72122
 72221
 72252
 72262
 72358
 72539
 72614
 72627
 72693
 72716
 72789
 72857
 72874
 72888
 72915
 72956
 73077
 73188
 73239
 73277
 73286
 73637
 73850
 73930
 74044
 74076
 74137
 74217
 74261
 74338
 74387
 74484
 74492
 74555
 74606
 74871
 75082
 75306
 75356
 75420
 75450
 75498
 75501
 75728
 75780
 75855
 75952
 76078
 76088
 76322
 76383
 76408
 76478
 76615
 76883
 77125
 77280
 77291
 77319
 77682
 77726
 78158
 78380
 78543
 78636
 78698
 78890
 78919
 78980
 79157
 79176
 79274
 79333
 79512
 79514
 79518
 79572
 79622
 79652
 79699
 79704
 79870
 80080
 80083
 80102
 80233
 80419
 80545
 80742
 80949
 81156
 81206
 81289
 81390
 81432
 81443
 81551
 81569
 81582
 81599
 81814
 82054
 82123
 82203
 82258
 82342
 82357
 82574
 82654
 82706
 82711
 82839
 82846
 82855
 83056
 83089
 83089
 83094
 83207
 83260
 83390
 83442
 83486
 83559
 83765
 83783
 83814
 83929
 84031
 84053
 84057
 84172
 84435
 84604
 84630
 84764
 84809
 84911
 84932
 85076
 85262
 85297
 85404
 85469
 85497
 85549
 85616
 85824
 86025
 86076
 86217
 86283
 86310
 86320
 86329
 86337
 86360
 86397
 86473
 86666
 86814
 86830
 86910
 86915
 86933
 86991
 87010
 87016
 87037
 87076
 87090
 87286
 87329
 87391
 87408
 87629
 87847
 88018
 88054
 88231
 88273
 88470
 88501
 88940
 89007
 89096
 89101
 89137
 89183
 89224
 89655
 90099
 90228
 90263
 90339
 90461
 90493
 90553
 90579
 90592
 90705
 90912
 91036
 91126
 91131
 91151
 91158
 91333
 91490
 91494
 91512
 91519
 91833
 92010
 92168
 92243
 92344
 92394
 92435
 92520
 92842
 92923
 93060
 93395
 93650
 93713
 93793
 93879
 94115
 94257
 94317
 94571
 94628
 94828
 94879
 94924
 95021
 95092
 95327
 95412
 95484
 95922
 96274
 96432
 96534
 96616
 96624
 96707
 96740
 96942
 96946
 97079
 97309
 97475
 97482
 97522
 97915
 98005
 98180
 98196
 98224
 98327
 98378
 98518
 98827
 98827
 98898
 99084
 99108
 99201
 99363
 99571
 99636
 99652
 99773
 99895
 