19
 46
 210
 336
 401
 548
 594
 744
 1007
 1144
 1171
 1242
 1326
 1344
 1358
 1644
 1670
 1731
 1755
 1923
 2324
 2538
 2540
 2603
 2896
 3097
 3098
 3165
 3310
 3436
 3453
 3472
 3615
 3670
 3703
 3723
 3737
 3803
 4118
 4134
 4296
 4317
 4477
 4511
 4545
 4636
 4660
 4701
 4822
 4830
 4834
 4881
 4921
 4948
 5233
 5282
 5441
 5609
 5829
 5927
 5971
 6173
 6879
 6962
 6992
 7011
 7025
 7036
 7315
 7348
 7372
 7399
 7401
 7422
 7601
 7722
 7744
 7780
 7784
 7822
 7841
 7931
 7951
 8044
 8059
 8096
 8396
 8572
 8636
 8741
 8803
 8873
 8967
 9065
 9107
 9257
 9277
 9312
 9507
 9511
 9521
 9875
 9917
 10077
 10158
 10194
 10253
 10344
 10496
 10614
 10700
 10819
 11064
 11091
 11402
 11476
 11723
 11744
 12000
 12003
 12192
 12356
 12373
 12424
 12434
 12528
 12615
 12895
 13002
 13137
 13293
 13342
 13478
 13637
 13705
 13923
 14123
 14282
 14285
 14370
 14506
 14541
 14561
 14604
 14619
 14620
 14778
 15023
 15057
 15144
 15356
 15424
 15443
 15474
 15525
 15663
 15696
 15766
 15960
 16169
 16666
 16815
 16830
 16888
 16908
 16962
 17616
 18027
 18091
 18254
 18303
 18370
 18440
 18504
 18652
 18952
 18989
 19043
 19146
 19330
 19337
 19346
 19452
 19469
 19681
 19725
 19784
 19844
 19922
 19924
 19999
 20504
 20515
 20892
 21146
 21303
 21466
 21582
 21755
 21892
 22088
 22243
 22281
 22368
 22383
 22482
 22519
 22697
 22892
 23057
 23101
 23257
 23293
 23377
 23523
 24276
 24326
 24428
 24443
 24770
 25000
 25133
 25152
 25242
 25249
 25423
 25446
 25614
 25647
 25710
 25802
 25804
 26025
 26264
 26345
 26602
 26655
 26668
 27067
 27183
 27272
 27277
 27288
 27344
 27348
 27435
 27501
 27517
 27530
 27584
 27655
 27673
 27783
 27863
 27902
 28010
 28066
 28165
 28249
 28385
 28439
 28500
 28665
 28961
 29061
 29176
 29192
 29282
 29340
 29502
 29885
 29896
 29969
 29993
 30006
 30133
 30300
 30339
 30471
 30526
 30636
 30836
 31237
 31387
 31411
 31513
 31578
 31704
 31707
 31709
 31715
 31787
 31934
 32129
 32172
 32327
 32347
 32361
 32487
 32554
 32597
 32626
 32641
 32728
 32865
 33083
 33114
 33150
 33247
 33333
 33498
 33504
 33626
 33849
 33852
 33919
 33919
 33976
 34064
 34104
 34107
 34199
 34295
 34316
 34369
 34375
 34388
 34628
 34670
 34796
 34930
 35042
 35058
 35061
 35172
 35238
 35256
 35260
 35351
 35384
 35388
 35396
 35483
 35608
 35747
 35885
 35922
 35933
 36113
 36141
 36143
 36160
 36194
 36270
 36466
 36494
 36825
 36923
 37013
 37148
 37168
 37210
 37242
 37289
 37402
 37419
 37653
 38243
 38287
 38311
 38434
 38580
 38647
 38706
 38855
 38891
 39115
 39192
 39242
 39349
 39357
 39469
 39512
 39515
 39628
 39746
 39932
 39944
 39970
 40092
 40243
 40540
 40660
 40684
 40717
 40738
 40747
 40876
 40898
 40979
 41001
 41088
 41413
 41572
 41652
 41662
 41666
 41704
 41778
 41818
 42179
 42249
 42323
 42392
 42525
 42604
 42657
 42714
 42848
 42871
 42906
 42932
 42969
 43304
 43351
 43513
 43538
 43539
 43661
 43698
 43838
 43950
 44005
 44081
 44364
 44592
 44594
 44617
 44708
 44778
 45167
 45190
 45259
 45267
 45315
 45373
 45385
 45388
 45418
 45548
 45585
 45587
 45649
 45664
 45740
 45947
 46199
 46437
 46475
 46507
 46564
 46653
 46698
 46718
 46735
 46761
 46811
 46945
 47006
 47058
 47091
 47229
 47454
 47538
 47571
 47606
 47630
 47632
 47694
 47794
 47813
 47883
 47889
 47986
 48138
 48191
 48263
 48437
 48497
 48726
 48877
 49010
 49018
 49027
 49243
 49375
 49417
 49525
 49562
 49620
 49627
 49698
 49847
 49883
 50184
 50489
 50514
 50640
 50673
 50721
 50767
 50911
 50953
 51140
 51146
 51178
 51356
 51415
 51509
 51560
 51575
 51599
 51614
 51647
 51685
 51957
 52203
 52218
 52506
 52652
 52676
 52681
 52686
 52692
 52825
 52912
 53044
 53275
 53395
 53475
 53551
 53558
 53620
 53753
 53792
 53931
 54163
 54175
 54193
 54280
 54300
 54353
 54439
 54630
 54732
 54749
 54870
 54947
 54956
 55005
 55110
 55210
 55376
 55602
 55611
 55650
 55809
 55924
 56104
 56260
 56361
 56687
 56735
 56756
 56774
 56788
 56839
 56944
 57075
 57095
 57281
 57775
 57785
 57809
 57912
 57939
 58097
 58099
 58121
 58123
 58165
 58291
 58293
 58510
 58762
 58779
 58823
 58949
 58950
 58958
 58982
 59330
 59430
 59692
 59721
 59768
 59782
 59814
 59878
 60106
 60137
 60296
 60349
 60742
 60922
 61100
 61147
 61180
 61251
 61421
 61456
 61569
 61572
 61799
 61839
 61847
 61912
 61951
 62155
 62165
 62311
 62443
 62446
 62531
 62589
 62687
 62694
 62788
 62962
 63127
 63146
 63269
 63364
 63586
 63629
 63788
 63903
 63923
 63945
 63962
 64129
 64215
 64546
 64619
 64963
 64986
 65131
 65186
 65268
 65279
 65288
 65363
 65411
 65653
 65804
 66249
 66342
 66394
 66547
 66594
 66666
 66721
 66828
 66861
 66892
 66930
 66979
 67126
 67140
 67276
 67321
 67846
 68100
 68299
 68429
 68507
 68602
 68761
 68764
 68784
 68822
 68889
 69157
 69314
 69431
 69584
 69642
 69645
 69807
 69918
 69947
 69988
 70049
 70144
 70274
 70486
 70525
 70629
 70643
 70832
 70854
 70876
 70893
 71116
 71140
 71169
 71204
 71305
 71336
 71395
 71415
 71457
 71534
 71667
 71828
 71913
 72064
 72258
 72278
 72311
 72337
 72507
 72528
 72535
 72654
 72727
 72861
 72972
 73032
 73079
 73147
 73158
 73423
 73684
 73803
 73999
 74023
 74078
 74181
 74193
 74218
 74374
 74596
 74605
 74755
 74809
 75225
 75331
 75733
 76054
 76318
 76396
 76422
 76599
 76628
 76881
 76897
 77039
 77080
 77197
 77227
 77258
 77282
 77437
 77521
 77565
 77655
 77746
 77807
 77919
 77953
 77984
 78110
 78127
 78457
 78510
 78522
 78771
 78961
 79044
 79120
 79187
 79325
 79390
 79921
 79973
 80021
 80128
 80179
 80239
 80253
 80267
 80279
 80384
 80434
 80444
 80654
 81058
 81176
 81456
 81620
 81708
 81744
 81810
 82061
 82144
 82210
 82364
 82395
 82410
 82428
 82600
 82692
 82719
 82857
 82871
 82892
 83014
 83124
 83129
 83136
 83203
 83280
 83333
 83342
 83392
 83727
 83728
 84002
 84019
 84049
 84049
 84301
 84464
 84475
 84588
 84659
 84727
 84732
 84738
 84778
 84816
 84887
 85072
 85107
 85113
 85131
 85253
 85266
 85364
 85410
 85426
 85471
 85522
 85545
 85649
 85765
 85828
 85844
 85877
 85918
 85966
 86042
 86062
 86098
 86116
 86153
 86260
 86328
 86523
 86545
 86571
 86596
 86706
 86763
 86833
 86841
 87129
 87150
 87889
 87897
 88045
 88248
 88308
 88351
 88402
 88635
 88640
 88888
 89319
 89327
 89430
 89451
 89853
 89884
 90034
 90056
 90171
 90250
 90259
 90374
 90508
 90633
 90676
 90724
 90915
 91144
 91174
 91367
 91675
 91746
 91754
 91844
 92183
 92400
 92441
 92479
 92485
 92487
 92522
 92603
 92684
 92731
 92975
 93009
 93169
 93383
 93405
 93484
 93517
 93555
 93566
 93577
 93956
 94018
 94270
 94395
 94414
 94499
 94902
 95123
 95197
 95227
 95523
 95734
 95746
 95849
 95874
 95942
 96075
 96078
 96092
 96170
 96236
 96240
 96266
 96323
 96531
 96626
 96758
 96785
 96847
 96965
 97022
 97025
 97378
 97382
 97383
 97430
 97445
 97510
 97558
 97770
 97872
 97924
 98052
 98159
 98198
 98424
 98483
 98504
 98514
 98860
 98886
 98977
 99106
 99299
 99530
 99600
 99755
 