0
 0
 0
 37
 437
 522
 615
 912
 1160
 1429
 1505
 1569
 1846
 1851
 1927
 2045
 2066
 2104
 2137
 2222
 2458
 2550
 2609
 2655
 2786
 2820
 2836
 2855
 2877
 2974
 3043
 3284
 3506
 3572
 3684
 3838
 3930
 3996
 4137
 4152
 4375
 4492
 4595
 4783
 4823
 4832
 4841
 5005
 5014
 5017
 5070
 5071
 5093
 5344
 5510
 5779
 5783
 5828
 5959
 6012
 6041
 6089
 6141
 6242
 6300
 6311
 6327
 6373
 6457
 6703
 6807
 6883
 6911
 7031
 7040
 7127
 7203
 7207
 7238
 7310
 7459
 7820
 7837
 7896
 7940
 7958
 7990
 8020
 8120
 8131
 8392
 8490
 8504
 8721
 8752
 8799
 8808
 8834
 8883
 9330
 9408
 9472
 9541
 9631
 9804
 9870
 9900
 9971
 10066
 10508
 10710
 10769
 10862
 10905
 10911
 11155
 11159
 11309
 11476
 11493
 11561
 11614
 11634
 11653
 11673
 11735
 11761
 11773
 11879
 11997
 12376
 12393
 12530
 12551
 12568
 12687
 12812
 12856
 13022
 13043
 13095
 13311
 13430
 13449
 13998
 14162
 14167
 14239
 14429
 14484
 14667
 14740
 14754
 14765
 14834
 15154
 15640
 15648
 15648
 15748
 15787
 15895
 15918
 16047
 16153
 16367
 16751
 16779
 16973
 17057
 17181
 17304
 17332
 17335
 17499
 17738
 17797
 17886
 17953
 17991
 18172
 18203
 18343
 18444
 18545
 18733
 18758
 18801
 18950
 19026
 19152
 19217
 19310
 19420
 19422
 19645
 19844
 20012
 20041
 20134
 20253
 21043
 21057
 21077
 21140
 21334
 21340
 21450
 21462
 21477
 21549
 21574
 22088
 22180
 22461
 22463
 22473
 22721
 22748
 22840
 22902
 23049
 23050
 23076
 23082
 23109
 23167
 23342
 23385
 23405
 23458
 23525
 23532
 23628
 23642
 23761
 23799
 23851
 24075
 24315
 24363
 24519
 24582
 24643
 24686
 24720
 24820
 25103
 25344
 25352
 25498
 25508
 25604
 25761
 25847
 25925
 25979
 26041
 26199
 26208
 26436
 26474
 26523
 26600
 26657
 26831
 26847
 27133
 27345
 27385
 27494
 27527
 27593
 27666
 27773
 27791
 27829
 27897
 27966
 28066
 28117
 28157
 28198
 28294
 28737
 28987
 29013
 29031
 29103
 29185
 29252
 29459
 29500
 29551
 29579
 29692
 29900
 30196
 30260
 30600
 30720
 30938
 30968
 30980
 31034
 31184
 31281
 31540
 31596
 31612
 31679
 31970
 32071
 32085
 32142
 32187
 32209
 32229
 32394
 32433
 32503
 32545
 32593
 32721
 32763
 32828
 32903
 32996
 33031
 33177
 33211
 33266
 33310
 33396
 33426
 33486
 33549
 33643
 33792
 33814
 33820
 33902
 33905
 33957
 34007
 34693
 34773
 34864
 34896
 34998
 34999
 35297
 35487
 35575
 35634
 35810
 36195
 36229
 36383
 36480
 36527
 36690
 36754
 36771
 36915
 37117
 37193
 37199
 37230
 37327
 37408
 37411
 37545
 37679
 37761
 37969
 38157
 38361
 38415
 38475
 38515
 38567
 38614
 38620
 38806
 38979
 39018
 39026
 39191
 39197
 39380
 39415
 39674
 39821
 40103
 40240
 40268
 40377
 40552
 40552
 40599
 40652
 40692
 40782
 40925
 41142
 41149
 41582
 41656
 41671
 41688
 41740
 41906
 41981
 42161
 42387
 42700
 42702
 42717
 42780
 42812
 42853
 43018
 43254
 43298
 43712
 43817
 43842
 44063
 44114
 44375
 44628
 44648
 44691
 44862
 44924
 44967
 45040
 45172
 45189
 45323
 45328
 45502
 45532
 45571
 45780
 45833
 46032
 46498
 46525
 46703
 46768
 46790
 46795
 46804
 46825
 47364
 47418
 47431
 47444
 47479
 47657
 47702
 47749
 47790
 47888
 47920
 47947
 47983
 47992
 48044
 48101
 48136
 48256
 48298
 48338
 48342
 48387
 48393
 48434
 48445
 48458
 48464
 48595
 48703
 48772
 48917
 49251
 49261
 49271
 49353
 49475
 49486
 49612
 49671
 50097
 50156
 50173
 50448
 50595
 50866
 50939
 51030
 51258
 51275
 51368
 51451
 51623
 51734
 51758
 51949
 51967
 52000
 52013
 52021
 52217
 52223
 52266
 52298
 52308
 52375
 52473
 52573
 52598
 52801
 53271
 53425
 53439
 53610
 53755
 53907
 53934
 54086
 54098
 54101
 54245
 54342
 54355
 54491
 54631
 54718
 54802
 54935
 55105
 55146
 55261
 55389
 55451
 55486
 55555
 55695
 55708
 55819
 55966
 55979
 55993
 56017
 56073
 56076
 56193
 56582
 56757
 56762
 56830
 56854
 57120
 57191
 57225
 57269
 57375
 57702
 57866
 58039
 58053
 58123
 58148
 58335
 58376
 58421
 58630
 58659
 58815
 58931
 59247
 59389
 59398
 59496
 59538
 59770
 59900
 59949
 59956
 60022
 60042
 60310
 60650
 60656
 60686
 60717
 60906
 60925
 60943
 61020
 61044
 61135
 61218
 61236
 61288
 61322
 61363
 61458
 61470
 61478
 61636
 61705
 61752
 61839
 61849
 61913
 62224
 62436
 62486
 62506
 62515
 62629
 62664
 62768
 62808
 62884
 63043
 63339
 63361
 63417
 63507
 63524
 63558
 63795
 63851
 64063
 64108
 64124
 64176
 64240
 64274
 64295
 64395
 64572
 64618
 64724
 64730
 64805
 64912
 65045
 65103
 65201
 65243
 65249
 65312
 65411
 65433
 65446
 65472
 65603
 65749
 65805
 65806
 65877
 65879
 65894
 65901
 65990
 66082
 66134
 66191
 66344
 66420
 66481
 66581
 66635
 66770
 66795
 66805
 66815
 66899
 67034
 67079
 67211
 67228
 67374
 67544
 67657
 67950
 67973
 68009
 68016
 68169
 68180
 68250
 68421
 68540
 68615
 68674
 68849
 68869
 68929
 69094
 69186
 69230
 69327
 69338
 69583
 69656
 69792
 69954
 70017
 70341
 70501
 70588
 70731
 70735
 70779
 70816
 70834
 70876
 70893
 70902
 70983
 71072
 71517
 71585
 71733
 71818
 71867
 71903
 71946
 71964
 71987
 72224
 72467
 72618
 72618
 72628
 72771
 72870
 73297
 73357
 73370
 73438
 73746
 73757
 73762
 73793
 73888
 73983
 74112
 74190
 74269
 74344
 74630
 74671
 74801
 74839
 74979
 74991
 75167
 75178
 75235
 75337
 75635
 75860
 76165
 76181
 76294
 76363
 76468
 76501
 76531
 76582
 76728
 76836
 77029
 77031
 77037
 77117
 77330
 77673
 77685
 77826
 77913
 77944
 77952
 78079
 78095
 78181
 78226
 78248
 78249
 78312
 78473
 78571
 78605
 78660
 78685
 78730
 79003
 79282
 79730
 79803
 79820
 79885
 80045
 80075
 80119
 80297
 80369
 80446
 80466
 80499
 80523
 80697
 80876
 80898
 80947
 80954
 81039
 81213
 81280
 81324
 81541
 81543
 81567
 81812
 81821
 81857
 82001
 82195
 82321
 82378
 82407
 82428
 82516
 82624
 82626
 82814
 82856
 82918
 83022
 83042
 83068
 83151
 83183
 83284
 83475
 83521
 83617
 83666
 83716
 83749
 83876
 83965
 83971
 83980
 84144
 84268
 84345
 84431
 84536
 84611
 84681
 84762
 85237
 85411
 85468
 85605
 85714
 85793
 86005
 86201
 86235
 86280
 86461
 86469
 86474
 86576
 86584
 86843
 86885
 86925
 86938
 87145
 87368
 87423
 87430
 87448
 87520
 87770
 87794
 87841
 87849
 88027
 88236
 88315
 88358
 88638
 88643
 88747
 88759
 88851
 88930
 88941
 89208
 89378
 89383
 89493
 89541
 89865
 89905
 90095
 90237
 90267
 90440
 90472
 91086
 91451
 91548
 91763
 91764
 91807
 91815
 92092
 92253
 92287
 92532
 92558
 92647
 92918
 92963
 92966
 93061
 93206
 93218
 93228
 93574
 93582
 93656
 93830
 94091
 94285
 94418
 94523
 94652
 94685
 94761
 94816
 94861
 94964
 94999
 95052
 95100
 95339
 95368
 95564
 95592
 95626
 95699
 95780
 95808
 96095
 96135
 96169
 96298
 96436
 96475
 96642
 97049
 97134
 97386
 97537
 97559
 97575
 97596
 97665
 97722
 97748
 97797
 98002
 98163
 98322
 98340
 98456
 98550
 99196
 99290
 99297
 99379
 99424
 99729
 99937
 99947
 99975
 