7
 249
 297
 424
 733
 815
 842
 1052
 1103
 1171
 1286
 1313
 1417
 1485
 1489
 1494
 1500
 1518
 1628
 1687
 1799
 1802
 1869
 2059
 2080
 2127
 2344
 2398
 2498
 2523
 2803
 2900
 2990
 2991
 3100
 3243
 3340
 3369
 3636
 3651
 3671
 3737
 3742
 3840
 3871
 3875
 4107
 4377
 4478
 4735
 4775
 4900
 5026
 5183
 5205
 5455
 5488
 5520
 5613
 5646
 5690
 5730
 5860
 5863
 5937
 6080
 6104
 6144
 6414
 6425
 6809
 6835
 6849
 6997
 7018
 7059
 7118
 7332
 7561
 7631
 7676
 7719
 7775
 7792
 8127
 8137
 8150
 8186
 8194
 8219
 8230
 8279
 8383
 8421
 8443
 8695
 8710
 8870
 8890
 8973
 8981
 9000
 9013
 9041
 9161
 9230
 9426
 9441
 9725
 9874
 9914
 9934
 10080
 10095
 10127
 10216
 10216
 10289
 10318
 10336
 10373
 10468
 10483
 10619
 10763
 10983
 11085
 11111
 11123
 11196
 11204
 11498
 11574
 11596
 11697
 11991
 12007
 12053
 12290
 12470
 12479
 12550
 12669
 12698
 12751
 12846
 12912
 13017
 13327
 13440
 13711
 13724
 13793
 13928
 13941
 13975
 14023
 14048
 14241
 14711
 14725
 14742
 14772
 14859
 14969
 14972
 15166
 15342
 15357
 15516
 15518
 15559
 15609
 15683
 16070
 16226
 16243
 16353
 16478
 16676
 16728
 16881
 16929
 16934
 17091
 17418
 17428
 17475
 17725
 17808
 17939
 17940
 18184
 18285
 18410
 18458
 18511
 18521
 18573
 18599
 18843
 18881
 18970
 18979
 19000
 19213
 19214
 19241
 19388
 19518
 19546
 19561
 19831
 19869
 19895
 19978
 20457
 20683
 20740
 21020
 21171
 21187
 21572
 21686
 21731
 21906
 22405
 22551
 22597
 22747
 22913
 23072
 23102
 23149
 23318
 23344
 23488
 23489
 23739
 23767
 23971
 24014
 24019
 24194
 24249
 24255
 24272
 24301
 24338
 24477
 24587
 24719
 24851
 24927
 25061
 25129
 25190
 25284
 25372
 25531
 25582
 25673
 25676
 25695
 25885
 25989
 26053
 26484
 26504
 26666
 26673
 26859
 27074
 27079
 27166
 27218
 27245
 27338
 27368
 27435
 27537
 27710
 27752
 27854
 28002
 28033
 28093
 28131
 28172
 28175
 28225
 28433
 28437
 28493
 28571
 28607
 28652
 28785
 29124
 29228
 29289
 29402
 29766
 29798
 29814
 29821
 29922
 29954
 29983
 29998
 30266
 30318
 30456
 30491
 30663
 30663
 30672
 30842
 30859
 31022
 31193
 31468
 31572
 31579
 31592
 31622
 31631
 31665
 32087
 32150
 32320
 32323
 32326
 32468
 32498
 32900
 33304
 33397
 33505
 33622
 33878
 33999
 34004
 34056
 34183
 34287
 34318
 34345
 34870
 34929
 35038
 35088
 35214
 35329
 35420
 35639
 35666
 35703
 35797
 35825
 35827
 35853
 36044
 36150
 36182
 36186
 36376
 36427
 36483
 36842
 36980
 37004
 37170
 37265
 37588
 37594
 37747
 37858
 37914
 38105
 38107
 38181
 38222
 38240
 38259
 38293
 38445
 38529
 38621
 38716
 38773
 38903
 39052
 39140
 39141
 39154
 39397
 39483
 39590
 39811
 39839
 39851
 40157
 40182
 40248
 40412
 40452
 40488
 40574
 40671
 40696
 40935
 41098
 41248
 41637
 41685
 41743
 41850
 41997
 42046
 42162
 42260
 42379
 42423
 42424
 42543
 42583
 42610
 43052
 43114
 43195
 43295
 43350
 43429
 43466
 43556
 43573
 43700
 43784
 43879
 43913
 43946
 44123
 44225
 44278
 44281
 44654
 44716
 44863
 44917
 45079
 45087
 45245
 45433
 45481
 45529
 45605
 45894
 45945
 45964
 46010
 46153
 46320
 46379
 46415
 46430
 46471
 46601
 46670
 46832
 46984
 47068
 47166
 47364
 47645
 47659
 47662
 47849
 47946
 48051
 48082
 48092
 48211
 48240
 48274
 48364
 48486
 48533
 48594
 48594
 48679
 49140
 49147
 49266
 49309
 49342
 49343
 49432
 49438
 49442
 49749
 49831
 50160
 50162
 50277
 50509
 50532
 50579
 50592
 50770
 50847
 50850
 51078
 51179
 51269
 51301
 51317
 51324
 51409
 51510
 51629
 51673
 51678
 51694
 51862
 51934
 52243
 52260
 52337
 52430
 52478
 52578
 52805
 52842
 52888
 53113
 53267
 53326
 53393
 53660
 53826
 53982
 54063
 54088
 54240
 54415
 54626
 54702
 54786
 54857
 55165
 55462
 55517
 55561
 55578
 55624
 55636
 55838
 55844
 55984
 56109
 56119
 56273
 56551
 56595
 56822
 56832
 56919
 56959
 57019
 57503
 57519
 57655
 57899
 57938
 57980
 58108
 58309
 58539
 58598
 58882
 58951
 58985
 59029
 59163
 59205
 59500
 59552
 59843
 60083
 60095
 60136
 60380
 60383
 60560
 60561
 60640
 60743
 60752
 60800
 61165
 61365
 61464
 61517
 61538
 61589
 61664
 61698
 61740
 61758
 61863
 61959
 61960
 62000
 62022
 62100
 62165
 62165
 62394
 62490
 62662
 62707
 62709
 62796
 62841
 62964
 62969
 63001
 63186
 63190
 63323
 63399
 63414
 63422
 63429
 63647
 63904
 63919
 63953
 63976
 64015
 64026
 64224
 64371
 64597
 64687
 64952
 65293
 65484
 65528
 65654
 65964
 65983
 66062
 66123
 66166
 66259
 66392
 66597
 66601
 66666
 66929
 66950
 66990
 67040
 67071
 67405
 67451
 67587
 67611
 67941
 68131
 68143
 68156
 68162
 68197
 68198
 68456
 68477
 68493
 68590
 68688
 68847
 69146
 69245
 69264
 69268
 69514
 69684
 69785
 69900
 69980
 70181
 70300
 70462
 70510
 70557
 70614
 70934
 71215
 71290
 71479
 71539
 71598
 71654
 71684
 71686
 71700
 71724
 71748
 71776
 71942
 72193
 72270
 72601
 72876
 72971
 73316
 73356
 73421
 73476
 73539
 73576
 73585
 73779
 73887
 74022
 74037
 74040
 74094
 74147
 74187
 74341
 74389
 74459
 74468
 74597
 74622
 74683
 74813
 74905
 74955
 75030
 75382
 75440
 75478
 75592
 75608
 75903
 76109
 76175
 76251
 76433
 76467
 76557
 76557
 76575
 76575
 76642
 76647
 76810
 76897
 77049
 77151
 77188
 77298
 77326
 77334
 77403
 77416
 77533
 77647
 77695
 77698
 77809
 78040
 78116
 78359
 78558
 78569
 78581
 78749
 78829
 78917
 78947
 78991
 79066
 79220
 79264
 79307
 79346
 79500
 79946
 79961
 79971
 79999
 80021
 80638
 80663
 80874
 81002
 81127
 81168
 81213
 81493
 81566
 81608
 81840
 82048
 82358
 82479
 82545
 82645
 82648
 83223
 83238
 83238
 83248
 83251
 83303
 83344
 83359
 83490
 83500
 83703
 83748
 83752
 83808
 84003
 84105
 84144
 84152
 84232
 84301
 84725
 84807
 84837
 84850
 84904
 84967
 85290
 85301
 85322
 85434
 85675
 85697
 85714
 85725
 85978
 86046
 86153
 86300
 86356
 86493
 86501
 86574
 86644
 86837
 86988
 87038
 87110
 87146
 87272
 87272
 87310
 87744
 87744
 87800
 87908
 88116
 88308
 88451
 88530
 88543
 88548
 88570
 88727
 88836
 88864
 88921
 89002
 89116
 89217
 89220
 89234
 89290
 89313
 89317
 89353
 89437
 89446
 89653
 89677
 89689
 89714
 89745
 89956
 90297
 90360
 90403
 90431
 90670
 90685
 90767
 91184
 91301
 91413
 91670
 91779
 91895
 92049
 92097
 92434
 92541
 92646
 92709
 92931
 93076
 93161
 93191
 93251
 93320
 93389
 93485
 93509
 93520
 93562
 93624
 93654
 93662
 93745
 94043
 94054
 94191
 94194
 94214
 94252
 94363
 94437
 94486
 94553
 94618
 94721
 94741
 94824
 94867
 95045
 95075
 95107
 95177
 95218
 95517
 95754
 95755
 95782
 95861
 95892
 95990
 96040
 96111
 96125
 96322
 96346
 96460
 96475
 96501
 96501
 96520
 96712
 96792
 96922
 96936
 97150
 97315
 97348
 97373
 97577
 98006
 98066
 98102
 98338
 98717
 98769
 98805
 98912
 98965
 99071
 99098
 99147
 99172
 99307
 99457
 99532
 99632
 99690
 99721
 99752
 99807
 99822
 99910
 