0
 0
 35
 49
 408
 515
 660
 764
 863
 1040
 1087
 1327
 1510
 1556
 1589
 1690
 1712
 1863
 1873
 1936
 1941
 2087
 2100
 2313
 2410
 2668
 2738
 2763
 2823
 3146
 3262
 3280
 3307
 3479
 3611
 3616
 3709
 3857
 4131
 4183
 4184
 4288
 4455
 4475
 4612
 4648
 4905
 4933
 4990
 5004
 5356
 5873
 5918
 5956
 5969
 6310
 6328
 6334
 6428
 6449
 6576
 6812
 6816
 6849
 6857
 6887
 6960
 7037
 7106
 7110
 7128
 7339
 7362
 7381
 7507
 7710
 7825
 7991
 8415
 8433
 8585
 8623
 8627
 8641
 8815
 8875
 9190
 9307
 9308
 9390
 9454
 9479
 9509
 9630
 9646
 9922
 9926
 9977
 10006
 10023
 10033
 10091
 10116
 10269
 10347
 10361
 10384
 10447
 10552
 10557
 11073
 11178
 11287
 11447
 11508
 11565
 11607
 11703
 11940
 11958
 12026
 12039
 12073
 12173
 12245
 12253
 12441
 12588
 12772
 12845
 13227
 13450
 13725
 13756
 13955
 14151
 14291
 14600
 14901
 15085
 15269
 15346
 15390
 15490
 15833
 15854
 15926
 16121
 16139
 16226
 16333
 16336
 16410
 16440
 16577
 16757
 16760
 16881
 17061
 17192
 17201
 17206
 17271
 17310
 17412
 17470
 17583
 17607
 17642
 17663
 17692
 17776
 18080
 18146
 18254
 18380
 18522
 18632
 18654
 18701
 18745
 18829
 18907
 19043
 19137
 19166
 19292
 19307
 19314
 19415
 19745
 19819
 19893
 19987
 20053
 20058
 20213
 20689
 20749
 20775
 20839
 20894
 20904
 20912
 21360
 21387
 21401
 21570
 21887
 21948
 22041
 22047
 22293
 22376
 22403
 22408
 22535
 22586
 22702
 22830
 22932
 22980
 22999
 23076
 23200
 23265
 23504
 23574
 23716
 23880
 23953
 24201
 24518
 24535
 24566
 24619
 24959
 25164
 25180
 25247
 25355
 25476
 25573
 25612
 25612
 25687
 26105
 26132
 26564
 26664
 26762
 26850
 27040
 27061
 27113
 27254
 27271
 27361
 27384
 27515
 27812
 27851
 27945
 28141
 28150
 28159
 28277
 28340
 28395
 28416
 28476
 28562
 28602
 28675
 28687
 28695
 28848
 29111
 29140
 29264
 29340
 29547
 29574
 29608
 29665
 29949
 30046
 30220
 30673
 30761
 30949
 31111
 31185
 31237
 31363
 31386
 31548
 31572
 31599
 31602
 31677
 31750
 32019
 32098
 32304
 32348
 32516
 32701
 32766
 33070
 33188
 33295
 33309
 33371
 33433
 33594
 33617
 33716
 33750
 33824
 33865
 34052
 34129
 34278
 34398
 34428
 34561
 34649
 34782
 34802
 34863
 34873
 34979
 35007
 35008
 35035
 35142
 35223
 35389
 35456
 35460
 35496
 35672
 35927
 35961
 36001
 36501
 36541
 36580
 36652
 36664
 36685
 36714
 36727
 36801
 36924
 37001
 37155
 37318
 37417
 37518
 37645
 37656
 37941
 38239
 38464
 38490
 38508
 38568
 38642
 38729
 38730
 39270
 39298
 39385
 39425
 39441
 39554
 39618
 39668
 40077
 40265
 40316
 40755
 40870
 41033
 41100
 41130
 41330
 41364
 41458
 41573
 41614
 41962
 41990
 42008
 42147
 42434
 42567
 42674
 42723
 42857
 42974
 43263
 43291
 43309
 43427
 43436
 43649
 43708
 43717
 43809
 43870
 43915
 44074
 44081
 44115
 44262
 44342
 44347
 44406
 44498
 44636
 44830
 44882
 44935
 45323
 45437
 45496
 45592
 45746
 45813
 45837
 45910
 45942
 45957
 45961
 45998
 46041
 46046
 46294
 46306
 46397
 46449
 46543
 46591
 46600
 46642
 46882
 46995
 47142
 47246
 47275
 47283
 47354
 47388
 47900
 48029
 48117
 48257
 48416
 48663
 48739
 48855
 48956
 48973
 48983
 48992
 49100
 49168
 49241
 49388
 49584
 49681
 49732
 49787
 49841
 49997
 50027
 50384
 50431
 50439
 50450
 50521
 50537
 50540
 50630
 50653
 50977
 51240
 51305
 51336
 51431
 51743
 51969
 52026
 52112
 52148
 52407
 52812
 52903
 52954
 53025
 53323
 53423
 53476
 53482
 53528
 53713
 53741
 53783
 53858
 53873
 53918
 54005
 54545
 54556
 54602
 54610
 54756
 54833
 54892
 54901
 54991
 55058
 55067
 55225
 55346
 55353
 55443
 55585
 55593
 55822
 55905
 55912
 55997
 56005
 56244
 56339
 56470
 56511
 56762
 56913
 56946
 57163
 57217
 57258
 57295
 57481
 57529
 57545
 57694
 57766
 57840
 57926
 57978
 58000
 58119
 58147
 58198
 58245
 58480
 58664
 58704
 58887
 58939
 58990
 59064
 59084
 59183
 59195
 59312
 59671
 59724
 59743
 59824
 59952
 60052
 60074
 60091
 60270
 60303
 60463
 60599
 60685
 60789
 60941
 61039
 61058
 61160
 61344
 61398
 61530
 61727
 61854
 62030
 62072
 62220
 62347
 62581
 62649
 62671
 62779
 62863
 62962
 63068
 63160
 63198
 63242
 63450
 63656
 63668
 63809
 63925
 63945
 64114
 64275
 64329
 64335
 64429
 64569
 64831
 64868
 64879
 64912
 64957
 64977
 64998
 65188
 65198
 65240
 65412
 65471
 65481
 65519
 65558
 65586
 65592
 65641
 65662
 65666
 65827
 65830
 65833
 66129
 66210
 66221
 66242
 66249
 66290
 66388
 66535
 66620
 66666
 66976
 67036
 67108
 67144
 67297
 67467
 67527
 67621
 67775
 67782
 67963
 67982
 68047
 68064
 68206
 68212
 68517
 68568
 68651
 68702
 69055
 69068
 69069
 69423
 69466
 69597
 69704
 69725
 69757
 69898
 70030
 70149
 70176
 70652
 70796
 70870
 70965
 71106
 71213
 71270
 71443
 71587
 71698
 71854
 71946
 72011
 72013
 72058
 72258
 72272
 72376
 72605
 72687
 72727
 72757
 72869
 73035
 73142
 73185
 73278
 73284
 73535
 73560
 73727
 73854
 73883
 73914
 74028
 74038
 74167
 74242
 74326
 74677
 74719
 74741
 74814
 74884
 74948
 75004
 75007
 75030
 75035
 75053
 75064
 75066
 75149
 75181
 75204
 75271
 75276
 75325
 75438
 75688
 75884
 75905
 75938
 75964
 75981
 76074
 76109
 76111
 76166
 76227
 76338
 76382
 76385
 76499
 76514
 76566
 76587
 76704
 76773
 76797
 76826
 77157
 77296
 77703
 77934
 77941
 77942
 77963
 78108
 78117
 78130
 78276
 78278
 78582
 78626
 78670
 78857
 78925
 78965
 79039
 79110
 79187
 79233
 79247
 79487
 79494
 79507
 79614
 79682
 79775
 79803
 79888
 80064
 80168
 80193
 80349
 80380
 80392
 80801
 81046
 81068
 81121
 81222
 81248
 81319
 81920
 82172
 82213
 82309
 82310
 82311
 82608
 82624
 82753
 82805
 82853
 82905
 83007
 83102
 83124
 83181
 83285
 83363
 83799
 83811
 84145
 84210
 84321
 84571
 84761
 84798
 84810
 84998
 85000
 85034
 85152
 85155
 85626
 85631
 85811
 85832
 85938
 85947
 85966
 86290
 86304
 86643
 86760
 86964
 86979
 86990
 87267
 87301
 87413
 87436
 87469
 87538
 87660
 87801
 87861
 88084
 88235
 88237
 88595
 88795
 88841
 88888
 89029
 89233
 89263
 89305
 89389
 89411
 89477
 89511
 89597
 89681
 89823
 89872
 89914
 90101
 90237
 90297
 90575
 90581
 90796
 90860
 90909
 90975
 90982
 90989
 91066
 91171
 91266
 91384
 91402
 91429
 91553
 91624
 91829
 92004
 92041
 92057
 92201
 92244
 92269
 92611
 92670
 92729
 92875
 93352
 93531
 93533
 93573
 93643
 93649
 93715
 93778
 93868
 93912
 94060
 94129
 94159
 94192
 94199
 94319
 94368
 94413
 94540
 94619
 94647
 94669
 94825
 94864
 94884
 94943
 94956
 95028
 95069
 95127
 95170
 95232
 95285
 95395
 95526
 95530
 95585
 95741
 95801
 95948
 95957
 96121
 96184
 96285
 96377
 96396
 96466
 96469
 96551
 96770
 96939
 96943
 96999
 97028
 97248
 97280
 97313
 97458
 97485
 97490
 97570
 97582
 97666
 97770
 97903
 98012
 98064
 98357
 98757
 98801
 98816
 98818
 99117
 99203
 99214
 99248
 99275
 99339
 99392
 99423
 99637
 99703
 99874
 