0
 0
 18
 113
 226
 617
 689
 822
 864
 910
 1084
 1137
 1376
 1451
 1461
 1500
 1559
 2103
 2195
 2303
 2310
 2474
 2528
 2602
 2751
 2808
 2894
 2941
 3046
 3113
 3130
 3223
 3271
 3344
 3353
 3368
 3460
 3528
 3545
 3622
 3634
 3701
 3831
 3892
 4104
 4145
 4321
 4436
 4457
 4543
 4587
 4805
 4839
 4864
 5071
 5081
 5514
 5570
 5588
 5620
 5622
 5824
 5867
 5979
 6271
 6661
 6881
 7004
 7046
 7149
 7190
 7326
 7600
 7665
 7827
 7883
 7954
 7988
 8104
 8249
 8697
 8708
 8722
 8750
 9041
 9086
 9096
 9228
 9249
 9261
 9309
 9358
 9363
 9523
 9541
 9608
 9611
 9725
 9793
 9804
 9849
 9944
 9957
 9963
 10008
 10053
 10318
 10338
 10433
 10487
 10516
 11174
 11627
 11714
 11748
 11765
 11864
 12081
 12304
 12355
 12359
 12387
 12597
 12740
 12740
 13015
 13036
 13108
 13158
 13217
 13269
 13270
 13683
 13715
 13858
 13996
 14005
 14026
 14110
 14134
 14143
 14158
 14185
 14185
 14194
 14325
 14334
 14505
 14717
 14767
 14858
 14879
 14918
 15052
 15088
 15100
 15137
 15222
 15284
 15311
 15323
 15491
 15511
 15607
 15713
 15816
 15824
 15845
 15862
 15872
 15990
 16470
 16566
 16890
 16930
 17039
 17098
 17129
 17365
 17490
 17567
 17647
 17982
 17985
 18042
 18089
 18359
 18404
 18410
 18518
 18591
 18815
 18817
 18869
 19013
 19085
 19560
 19675
 19694
 19836
 19837
 19941
 19999
 20016
 20148
 20169
 20254
 20269
 20298
 20327
 20328
 20379
 20502
 20663
 20754
 20766
 20953
 21036
 21213
 21229
 21243
 21254
 21311
 21348
 21412
 21587
 21659
 21849
 21885
 21962
 22046
 22228
 22242
 22324
 22398
 22459
 22521
 22617
 22642
 22740
 22807
 22877
 22904
 22939
 22998
 23068
 23290
 23304
 23343
 23394
 23477
 23549
 23731
 23735
 23740
 24015
 24220
 24396
 24634
 24787
 24888
 24948
 24969
 25203
 25217
 25696
 25793
 25911
 25977
 26031
 26079
 26110
 26230
 26259
 26290
 26456
 26934
 27152
 27211
 27214
 27360
 27380
 27408
 27601
 27857
 27879
 27898
 28007
 28096
 28278
 28506
 28528
 28552
 28561
 28744
 28784
 28809
 28817
 28988
 29048
 29125
 29126
 29241
 29777
 30051
 30054
 30324
 30441
 30526
 30561
 30564
 30602
 30642
 30703
 30779
 31029
 31089
 31090
 31126
 31176
 31213
 31215
 31587
 31649
 31759
 32017
 32069
 32223
 32290
 32334
 32418
 32517
 32648
 32775
 32824
 32870
 32925
 32989
 33103
 33165
 33243
 33269
 33333
 33385
 33502
 33576
 33665
 33895
 33926
 33930
 33939
 34044
 34225
 34298
 34394
 34466
 34683
 34870
 35178
 35195
 35205
 35307
 35330
 35350
 35473
 35754
 35950
 35986
 36161
 36213
 36343
 36392
 36436
 36455
 36460
 36532
 36608
 36691
 36789
 36864
 37018
 37476
 37760
 37810
 37849
 37904
 37905
 37998
 38158
 38222
 38289
 38374
 38493
 38704
 38939
 39109
 39179
 39235
 39268
 39410
 39491
 39514
 39533
 39691
 39743
 40204
 40344
 40448
 40461
 40554
 40591
 40621
 40659
 40740
 40780
 40780
 40828
 40871
 41053
 41118
 41121
 41177
 41272
 41590
 41632
 41691
 42036
 42051
 42147
 42163
 42284
 42352
 42520
 42606
 42682
 42745
 42768
 42780
 42890
 43211
 43242
 43438
 43877
 44186
 44328
 44662
 44878
 44909
 44948
 45000
 45054
 45172
 45462
 45521
 45558
 45616
 45680
 46238
 46297
 46372
 46463
 46487
 46676
 46808
 46852
 46904
 46919
 46938
 46957
 47002
 47012
 47021
 47243
 47324
 47468
 47719
 47781
 47969
 48007
 48015
 48649
 48666
 48691
 48764
 48831
 48847
 48924
 48933
 49076
 49140
 49156
 49291
 49297
 49299
 49317
 49485
 49595
 49615
 49835
 49858
 49885
 49885
 49970
 50198
 50262
 50264
 50287
 50554
 50779
 50946
 51035
 51095
 51167
 51225
 51253
 51521
 51555
 51587
 51592
 51612
 51656
 51796
 51933
 51948
 52047
 52074
 52108
 52131
 52147
 52151
 52160
 52348
 52455
 52470
 52754
 52857
 52963
 53031
 53042
 53166
 53230
 53404
 53466
 53545
 53666
 53727
 53846
 53905
 53932
 53941
 54005
 54024
 54209
 54235
 54354
 54389
 54648
 54691
 54998
 55039
 55041
 55115
 55206
 55251
 55347
 55352
 55450
 55513
 55639
 55838
 56212
 56258
 56325
 56332
 56386
 56414
 56512
 56603
 56643
 56657
 56751
 56754
 56756
 56811
 56955
 56979
 57005
 57045
 57191
 57225
 57321
 57434
 57437
 57853
 58024
 58076
 58181
 58224
 58424
 58478
 58505
 58531
 58758
 58832
 58850
 58919
 58988
 59035
 59436
 59441
 59484
 59715
 59734
 59839
 59873
 60054
 60083
 60528
 60677
 60681
 60797
 60830
 60834
 60946
 61105
 61112
 61140
 61167
 61264
 61333
 61351
 61520
 61538
 61638
 61723
 61760
 61784
 61990
 62243
 62277
 62639
 62663
 62718
 62721
 62795
 62865
 63043
 63172
 63284
 63376
 63507
 63656
 63715
 63726
 63776
 64123
 64126
 64141
 64171
 64306
 64359
 64473
 64707
 64778
 64867
 64896
 64899
 64910
 64959
 65010
 65113
 65235
 65342
 65405
 65430
 65531
 65626
 65656
 65932
 66211
 66542
 66552
 66711
 66727
 66832
 67040
 67134
 67134
 67181
 67395
 67407
 67447
 67541
 67620
 67957
 68083
 68256
 68348
 68354
 68390
 68675
 68719
 68784
 68939
 68983
 69015
 69192
 69438
 69609
 69638
 69650
 69655
 69689
 69705
 69800
 69882
 69894
 69904
 69938
 69973
 70114
 70212
 70213
 70355
 70406
 70545
 70591
 70890
 70917
 71247
 71254
 71322
 71575
 71724
 71821
 71866
 71895
 72008
 72075
 72165
 72201
 72384
 72406
 72446
 72469
 72529
 72565
 72580
 72584
 72857
 72989
 73065
 73114
 73305
 73315
 73365
 73405
 73452
 73479
 73522
 73578
 73609
 73837
 74024
 74080
 74083
 74212
 74271
 74406
 74407
 74468
 74480
 74579
 74659
 74698
 74732
 74814
 74962
 75000
 75107
 75255
 75398
 75530
 75959
 76117
 76171
 76359
 76525
 76525
 76563
 77018
 77212
 77258
 77271
 77528
 77550
 77620
 77651
 77699
 77736
 77968
 78028
 78141
 78428
 78574
 78897
 79200
 79208
 79450
 79878
 80000
 80225
 80474
 80511
 80625
 80629
 80733
 80962
 81000
 81062
 81160
 81189
 81284
 81352
 81359
 81362
 81467
 81899
 81922
 81995
 82012
 82056
 82228
 82475
 82489
 82531
 82604
 82763
 82807
 82925
 82931
 82947
 83029
 83168
 83426
 83493
 83647
 83650
 84057
 84070
 84126
 84474
 84509
 84531
 84703
 84736
 84814
 84890
 84978
 85058
 85136
 85221
 85333
 85359
 85393
 85458
 85531
 85569
 85614
 85873
 85906
 86108
 86282
 86323
 86500
 86572
 86636
 86637
 86662
 86710
 86818
 86851
 86899
 87222
 87285
 87492
 87536
 87573
 87586
 87627
 87692
 88070
 88114
 88185
 88233
 88265
 88294
 88372
 88520
 88536
 88927
 89051
 89096
 89099
 89102
 89192
 89464
 89607
 89635
 89646
 89741
 89750
 89775
 89853
 90245
 90254
 90261
 90341
 90619
 90704
 90728
 90807
 90822
 91087
 91247
 91302
 91473
 91512
 91597
 92078
 92117
 92228
 92272
 92358
 92377
 92398
 92629
 92853
 92860
 92955
 93079
 93102
 93374
 93461
 93480
 93643
 93793
 93932
 94187
 94255
 94354
 94539
 94570
 94720
 94794
 94967
 95037
 95042
 95171
 95175
 95299
 95334
 95467
 95607
 95724
 95737
 96198
 96337
 96427
 96567
 97016
 97027
 97160
 97171
 97297
 97391
 97408
 97752
 97933
 98057
 98117
 98120
 98281
 98383
 98420
 98555
 98603
 98821
 98942
 99267
 99271
 99285
 99306
 99463
 99483
 99500
 99502
 99543
 99597
 99651
 