0
 0
 54
 138
 245
 357
 417
 435
 445
 445
 671
 695
 893
 955
 994
 1059
 1107
 1109
 1161
 1257
 1298
 1333
 1393
 1406
 1514
 1684
 1832
 1929
 2006
 2085
 2093
 2181
 2183
 2199
 2235
 2385
 2624
 2691
 2792
 2842
 2903
 2996
 3128
 3183
 3231
 3340
 3420
 3695
 3744
 3809
 4004
 4131
 4149
 4366
 4398
 4449
 4992
 5013
 5227
 5743
 5882
 5935
 6000
 6112
 6167
 6207
 6404
 6907
 7192
 7220
 7223
 7324
 7327
 7464
 7497
 7627
 8036
 8099
 8212
 8240
 8355
 8414
 8516
 8525
 8610
 8630
 8751
 8791
 8841
 8934
 8993
 9086
 9090
 9090
 9333
 9576
 9807
 9926
 9979
 10056
 10127
 10312
 10337
 10356
 10522
 10522
 10564
 10998
 11000
 11012
 11259
 11434
 11501
 11710
 11826
 11892
 11904
 11956
 11976
 12007
 12010
 12149
 12473
 12567
 12657
 12690
 12700
 13016
 13094
 13109
 13176
 13515
 13588
 13663
 13829
 13882
 13994
 14112
 14114
 14152
 14240
 14251
 14337
 14633
 14705
 15091
 15099
 15126
 15132
 15358
 15608
 15803
 15899
 15996
 16078
 16146
 16161
 16189
 16532
 16744
 16769
 16778
 16831
 16959
 16994
 17140
 17158
 17179
 17260
 17262
 17352
 17483
 17546
 17565
 17596
 17699
 17736
 18166
 18236
 18283
 18314
 18316
 18457
 18561
 18569
 18576
 18598
 18857
 18999
 19043
 19423
 19717
 19971
 20340
 20358
 20661
 20948
 20999
 21026
 21076
 21083
 21333
 21576
 21643
 21645
 21793
 21827
 21955
 21958
 21997
 22013
 22060
 22138
 22619
 22666
 22691
 22718
 22728
 22780
 22798
 22823
 22829
 22992
 23094
 23157
 23302
 23410
 23462
 23496
 23538
 23581
 24075
 24259
 24298
 24314
 24363
 24377
 24765
 24836
 24873
 25056
 25086
 25152
 25371
 25390
 25395
 25466
 25603
 25610
 25726
 25782
 25840
 25877
 26021
 26125
 26229
 26472
 26583
 26623
 27022
 27102
 27208
 27228
 27245
 27306
 27380
 27507
 27551
 27667
 27771
 27802
 27972
 28151
 28190
 28254
 28257
 28286
 28362
 28471
 28515
 28618
 28719
 28786
 28797
 28842
 29100
 29171
 29368
 29481
 29487
 29530
 29557
 29798
 29847
 29883
 29903
 29921
 29934
 30395
 30508
 30558
 30721
 30769
 30862
 30892
 30917
 31152
 31173
 31378
 31402
 31435
 31557
 31627
 31692
 31903
 31960
 32190
 32256
 32268
 32288
 32291
 32349
 32462
 32463
 32594
 32862
 33181
 33301
 33307
 33404
 33422
 33465
 33483
 33490
 33495
 33556
 33703
 33705
 33724
 33905
 33992
 34011
 34095
 34359
 34405
 34408
 34473
 34511
 34559
 34753
 34771
 34813
 34970
 35034
 35050
 35060
 35085
 35112
 35765
 35871
 35942
 35981
 36045
 36245
 36598
 36655
 36692
 36783
 36990
 37062
 37162
 37188
 37195
 37225
 37280
 37304
 37331
 37496
 37514
 37617
 37691
 37802
 38059
 38098
 38120
 38348
 38548
 38636
 38683
 38703
 38704
 38940
 39044
 39226
 39543
 39633
 39639
 39712
 39860
 39999
 40165
 40303
 40767
 40774
 40794
 41022
 41100
 41227
 41587
 41820
 41838
 42035
 42101
 42244
 42294
 42509
 42534
 42663
 42785
 42786
 42827
 42906
 42951
 43029
 43288
 43474
 43478
 43478
 43525
 43552
 43751
 43797
 43930
 44319
 44340
 44528
 44539
 44584
 44709
 44746
 45052
 45091
 45151
 45188
 45284
 45342
 45351
 45381
 45401
 45574
 45799
 46013
 46058
 46347
 46680
 46825
 46996
 47018
 47026
 47222
 47303
 47382
 47493
 47610
 47812
 47893
 47992
 48163
 48168
 48713
 48759
 48837
 48971
 49180
 49247
 49265
 49655
 49659
 49716
 49765
 49852
 49908
 50095
 50221
 50226
 50233
 50278
 50307
 50410
 50493
 50553
 50787
 50890
 51024
 51041
 51427
 51450
 51460
 51468
 51513
 51613
 51618
 51792
 52172
 52196
 52387
 52481
 52486
 52669
 52758
 52770
 52879
 52914
 53135
 53187
 53325
 53337
 53510
 53551
 53677
 53964
 53992
 54311
 54332
 54578
 54613
 54944
 54977
 55122
 55168
 55172
 55395
 55480
 55588
 55629
 55718
 55841
 55868
 55919
 55966
 56006
 56024
 56033
 56036
 56177
 56213
 56275
 56302
 56305
 56454
 56459
 56501
 56684
 57239
 57307
 57405
 57446
 57554
 57655
 57679
 57692
 57707
 57746
 57796
 57847
 58035
 58193
 58208
 58224
 58295
 58321
 58458
 58582
 58737
 58790
 58915
 59071
 59134
 59145
 59168
 59244
 59343
 59393
 59434
 59504
 59753
 59798
 59807
 59813
 59835
 59978
 59987
 60067
 60091
 60162
 60656
 60860
 60959
 61048
 61143
 61273
 61421
 61563
 61573
 61695
 61698
 61725
 62128
 62244
 62245
 62282
 62296
 62353
 62379
 62389
 62554
 62574
 62575
 62669
 62726
 62788
 62956
 63025
 63032
 63228
 63305
 63437
 63552
 63561
 63673
 63870
 64007
 64049
 64393
 64413
 64707
 64738
 64748
 64814
 65230
 65296
 65509
 65770
 65781
 65894
 65938
 66014
 66025
 66035
 66130
 66143
 66426
 66578
 66606
 66669
 66892
 67036
 67050
 67068
 67079
 67342
 67400
 67424
 67816
 67829
 67860
 67865
 67878
 67995
 68034
 68114
 68158
 68293
 68422
 68444
 68485
 68537
 68666
 68751
 68847
 68858
 68860
 68892
 69112
 69135
 69183
 69192
 69195
 69208
 69293
 69308
 69493
 69754
 69802
 69982
 70151
 70182
 70237
 70265
 70270
 70375
 70393
 70402
 70926
 70967
 71021
 71035
 71116
 71183
 71213
 71308
 71360
 71854
 71949
 72100
 72228
 72438
 72670
 72828
 72839
 72859
 73143
 73190
 73207
 73393
 73450
 73462
 73595
 73783
 73825
 73935
 74028
 74158
 74178
 74252
 74344
 74431
 74486
 74492
 74521
 74599
 74640
 75139
 75161
 75325
 75373
 75622
 75669
 75820
 75992
 76192
 76211
 76261
 76328
 76338
 76574
 76716
 76741
 76748
 76764
 76785
 76851
 76991
 77027
 77242
 77334
 77343
 77355
 77355
 77388
 77388
 77631
 77727
 78096
 78175
 78191
 78374
 78440
 78449
 78485
 78496
 78566
 78638
 78691
 78780
 78831
 78853
 78895
 79013
 79671
 79694
 79806
 80024
 80103
 80135
 80272
 80375
 80686
 80804
 80995
 81070
 81097
 81173
 81303
 81459
 81679
 81726
 81813
 81886
 81931
 82156
 82299
 82459
 82600
 82834
 83062
 83076
 83094
 83100
 83119
 83152
 83230
 83416
 83416
 83416
 83506
 83544
 83584
 83593
 83792
 83928
 83970
 84172
 84309
 84485
 84578
 84657
 85102
 85213
 85252
 85320
 85321
 85333
 85435
 85499
 85739
 85783
 85845
 85982
 86018
 86073
 86227
 86268
 86314
 86338
 86406
 86594
 86820
 86823
 86953
 86967
 87312
 87319
 87560
 87604
 87627
 87636
 87683
 87687
 87736
 87760
 87786
 87833
 87986
 88029
 88234
 88357
 88432
 88449
 88564
 88799
 88912
 88925
 89047
 89056
 89062
 89118
 89207
 89388
 89420
 89714
 89740
 89887
 89888
 89978
 90315
 90317
 90482
 90505
 90553
 90652
 90673
 90683
 90772
 90777
 90794
 90854
 90907
 91112
 91196
 91251
 91451
 91455
 91811
 91914
 91999
 92000
 92047
 92098
 92169
 92237
 92301
 92349
 92631
 92712
 92762
 92996
 93007
 93013
 93201
 93249
 93314
 93529
 93598
 93629
 93631
 93636
 93667
 93793
 93900
 93905
 94045
 94087
 94185
 94188
 94304
 94468
 94470
 94569
 94633
 94726
 95062
 95121
 95360
 95531
 95611
 95817
 96003
 96097
 96099
 96228
 96353
 96447
 96465
 96528
 96710
 96742
 96769
 96959
 97407
 97463
 97482
 97637
 97649
 97717
 97807
 97881
 97911
 97956
 97956
 97982
 98023
 98285
 98287
 98358
 98387
 98408
 98717
 98747
 98880
 98892
 98901
 98945
 99053
 99381
 99426
 99451
 99479
 99708
 99995
 