210
 387
 481
 728
 1097
 1923
 2059
 2111
 2166
 2326
 2356
 2495
 2887
 3087
 3224
 3604
 3723
 3910
 3958
 4133
 4151
 4209
 4248
 4716
 4751
 4780
 4915
 5486
 5805
 6154
 6344
 6603
 6627
 7181
 7380
 7786
 8324
 8346
 8736
 8842
 9010
 9106
 9151
 9335
 9483
 9729
 10029
 10043
 10303
 10529
 10663
 10784
 10887
 11139
 11193
 11546
 11756
 11847
 12174
 12539
 12575
 12903
 13055
 13177
 13295
 13366
 13420
 13487
 13632
 14000
 14394
 14496
 14601
 14653
 14867
 15158
 15202
 15341
 15617
 15902
 16124
 16362
 16515
 16550
 16819
 17196
 17250
 17503
 17828
 17931
 18028
 18348
 18553
 18698
 18988
 19470
 19801
 19999
 20178
 20355
 20517
 20870
 21035
 21068
 21459
 21632
 22094
 22171
 22340
 22952
 23006
 23064
 23682
 23791
 24107
 24169
 24586
 24677
 25000
 25173
 25475
 25579
 25606
 25930
 26206
 26211
 26410
 26551
 26573
 26945
 26972
 27041
 27100
 27350
 27508
 27720
 27903
 28052
 28348
 28459
 28571
 28775
 28923
 29060
 29107
 29227
 29564
 29673
 29816
 30289
 30364
 30458
 30474
 30826
 30855
 30950
 31507
 31916
 32008
 32103
 32154
 32430
 32598
 32715
 33061
 33197
 33324
 33392
 33712
 33859
 33914
 34254
 34381
 34434
 34661
 34855
 34915
 35103
 35458
 35642
 36288
 36501
 36524
 37160
 37206
 37678
 37876
 38080
 38237
 38456
 38603
 38666
 39035
 39315
 39562
 39728
 39882
 40194
 40360
 40493
 40660
 40724
 41297
 41427
 42084
 42636
 42966
 43301
 43395
 43519
 43760
 43946
 44261
 44562
 44624
 44757
 44842
 45496
 45615
 45986
 46416
 46570
 46716
 46902
 46944
 47297
 47542
 47760
 48007
 48223
 48438
 48587
 48610
 48854
 49095
 49358
 49537
 49585
 49927
 50126
 50993
 50997
 51229
 51356
 51478
 51646
 51828
 51922
 52068
 52338
 52449
 52821
 53024
 53381
 53604
 53727
 53899
 54093
 54479
 54666
 54784
 55172
 55264
 55299
 55404
 55574
 55721
 55884
 56467
 56536
 56871
 56937
 57333
 57575
 57853
 58204
 58405
 58723
 58777
 59214
 59511
 59534
 59544
 59639
 59948
 60000
 60099
 60360
 60653
 60812
 60893
 61049
 61376
 61724
 61880
 61984
 62152
 62269
 62434
 62654
 62763
 62783
 62810
 62866
 63425
 63659
 63909
 64145
 64164
 64293
 64609
 64987
 65034
 65165
 65306
 65412
 65493
 65520
 65747
 66000
 66125
 67163
 67231
 67310
 67653
 67898
 68220
 68475
 68959
 69008
 69224
 69350
 69411
 69793
 69866
 70182
 70456
 70528
 70576
 70652
 71030
 71424
 71520
 71784
 71854
 71942
 72061
 72231
 72384
 72701
 72728
 72755
 72967
 73333
 73447
 73547
 73626
 73756
 73852
 74070
 74191
 74673
 74954
 75342
 75422
 75616
 75750
 76059
 76373
 76673
 76796
 76852
 76956
 77061
 77203
 77280
 77536
 77776
 78030
 78102
 78182
 78348
 78381
 78435
 78677
 78975
 79052
 79144
 79466
 79543
 79947
 80087
 80143
 80307
 80392
 80527
 80942
 81084
 81312
 81544
 81573
 81653
 81805
 82294
 82500
 82601
 83061
 83361
 83510
 83742
 84070
 84237
 84539
 84639
 84896
 84939
 84974
 85422
 85530
 85763
 85961
 86077
 86188
 86499
 86584
 86639
 86743
 86769
 86797
 86870
 87040
 87136
 87190
 87411
 87760
 87878
 88209
 88310
 88386
 88447
 88569
 89381
 89620
 89747
 89908
 90145
 90341
 90514
 90851
 91005
 91101
 91115
 91322
 91373
 91495
 92489
 92575
 92655
 92801
 92901
 92903
 93072
 93097
 93228
 93289
 93432
 93505
 93727
 94173
 94264
 94423
 94522
 94658
 94686
 94730
 95026
 95475
 95980
 96118
 96218
 96262
 96602
 96676
 96705
 96931
 97167
 97436
 97576
 97834
 97990
 98255
 98438
 98636
 98976
 99111
 99389
 99495
 99571
 99881
 99951
 99673
 99518
 99392
 99313
 98979
 98953
 98554
 98292
 98180
 97988
 97688
 97507
 97245
 97012
 96711
 96697
 96671
 96360
 96239
 96180
 96033
 95672
 95102
 94800
 94714
 94679
 94545
 94443
 94366
 94223
 94046
 93638
 93449
 93374
 93242
 93197
 93087
 92953
 92902
 92895
 92684
 92647
 92500
 91979
 91474
 91351
 91233
 91103
 91052
 90909
 90759
 90497
 90296
 89994
 89805
 89673
 89547
 88731
 88526
 88417
 88347
 88263
 87930
 87837
 87715
 87401
 87174
 87121
 87010
 86829
 86774
 86754
 86669
 86620
 86512
 86453
 86110
 86007
 85926
 85584
 85505
 85156
 84942
 84919
 84745
 84615
 84515
 84114
 84029
 83526
 83460
 83323
 82730
 82530
 82452
 81903
 81786
 81613
 81558
 81521
 81127
 80975
 80615
 80522
 80370
 80235
 80098
 79999
 79897
 79522
 79433
 79068
 79031
 78700
 78448
 78424
 78367
 78245
 78174
 78045
 77818
 77770
 77389
 77266
 77171
 76959
 76955
 76834
 76771
 76397
 76261
 75964
 75661
 75432
 75387
 75091
 74688
 74560
 74165
 73926
 73813
 73706
 73623
 73501
 73428
 73253
 72758
 72754
 72707
 72432
 72258
 72140
 72058
 71881
 71800
 71698
 71449
 71128
 70669
 70588
 70533
 70481
 70346
 70064
 69852
 69598
 69378
 69309
 69105
 68977
 68538
 68299
 68200
 67664
 67426
 67262
 67216
 66666
 66109
 65791
 65742
 65495
 65474
 65370
 65250
 65061
 65009
 64659
 64391
 64197
 64157
 63970
 63672
 63647
 63143
 62853
 62786
 62773
 62687
 62510
 62375
 62174
 62098
 61958
 61739
 61678
 61158
 61045
 60813
 60674
 60605
 60206
 60015
 59970
 59717
 59637
 59542
 59518
 59422
 58910
 58734
 58620
 58357
 58121
 57848
 57504
 57323
 56917
 56648
 56477
 56275
 55871
 55713
 55516
 55354
 55267
 55254
 55126
 54734
 54481
 54204
 53953
 53764
 53654
 53456
 53147
 52895
 52721
 52383
 52073
 51957
 51858
 51694
 51552
 51429
 51296
 51032
 50996
 50877
 50062
 49587
 49578
 49477
 49175
 49028
 48827
 48598
 48461
 48431
 48197
 47942
 47696
 47357
 47197
 46928
 46800
 46660
 46417
 46284
 45756
 45590
 45122
 44802
 44734
 44564
 44532
 44159
 43902
 43675
 43499
 43369
 43188
 42646
 42435
 41653
 41315
 40832
 40679
 40617
 40372
 40260
 40114
 39778
 39715
 39356
 39056
 38691
 38635
 38551
 38446
 38176
 37994
 37786
 37273
 37189
 36707
 36506
 36466
 35964
 35568
 35253
 34925
 34868
 34670
 34612
 34415
 34309
 34011
 33875
 33848
 33615
 33333
 33246
 33072
 32838
 32692
 32440
 32177
 32117
 32080
 32006
 31566
 31406
 30911
 30828
 30602
 30467
 30387
 30318
 30055
 29685
 29643
 29296
 29179
 29084
 28937
 28805
 28687
 28516
 28430
 28146
 27981
 27749
 27591
 27495
 27254
 27078
 26993
 26966
 26720
 26564
 26417
 26335
 26208
 26079
 25728
 25601
 25493
 25266
 25087
 24895
 24629
 24344
 24158
 24028
 23780
 23417
 23029
 22972
 22785
 22207
 22122
 21843
 21523
 21179
 21052
 20920
 20520
 20506
 20338
 20000
 19905
 19656
 19434
 18902
 18681
 18399
 18049
 17936
 17860
 17756
 17253
 17235
 17185
 16769
 16538
 16389
 16288
 15956
 15693
 15594
 15335
 15182
 15059
 14861
 14615
 14512
 14400
 14250
 13982
 13580
 13434
 13397
 13355
 13212
 13134
 12977
 12841
 12547
 12372
 11901
 11771
 11614
 11435
 11187
 10892
 10842
 10751
 10559
 10379
 10169
 10031
 9804
 9605
 9451
 9311
 9138
 9082
 8944
 8840
 8692
 8333
 8286
 7723
 7255
 7159
 6625
 6357
 6219
 5880
 5583
 5219
 4866
 4770
 4745
 4652
 4217
 4185
 4150
 4026
 3951
 3840
 3691
 3273
 3197
 2903
 2506
 2493
 2331
 2181
 2112
 2097
 2046
 1530
 804
 703
 442
 308
 185
 0
 