149
 225
 460
 640
 1087
 1169
 1404
 1449
 1507
 1733
 1984
 2181
 2347
 2647
 3270
 3365
 3870
 3959
 4158
 4320
 4399
 4587
 5069
 5393
 5460
 5602
 5692
 5833
 5943
 6126
 6425
 6494
 6818
 6904
 6997
 7021
 7598
 7740
 7947
 8052
 8324
 8586
 8695
 9054
 9131
 9218
 9321
 9487
 9672
 9956
 10286
 10382
 10464
 10652
 10778
 11139
 11205
 11375
 11414
 11723
 11996
 12152
 12684
 13162
 13253
 13394
 13434
 13554
 13590
 13990
 14047
 14321
 14514
 14861
 15049
 15414
 15473
 15523
 15834
 16006
 16057
 16256
 16675
 16930
 16997
 17263
 17436
 17672
 17797
 17820
 18016
 18080
 18361
 18734
 18973
 19034
 19043
 19166
 19253
 19365
 19554
 19790
 20009
 20563
 20646
 20752
 21184
 21430
 21742
 21858
 22130
 22312
 22575
 22696
 22803
 22889
 22995
 23537
 23569
 23611
 23747
 23855
 23936
 24079
 24307
 24806
 25141
 25247
 25310
 25370
 25513
 25973
 26168
 26262
 26384
 26580
 26817
 26953
 27171
 27453
 27773
 27831
 28235
 28419
 28750
 29364
 29857
 29927
 30018
 30204
 30288
 30390
 30810
 30985
 30998
 31164
 31222
 31385
 31887
 32056
 32119
 32230
 32604
 32684
 32898
 33080
 33265
 33469
 33664
 33925
 34144
 34380
 34627
 34966
 35210
 35516
 35740
 35944
 36180
 36542
 37237
 37457
 37547
 37637
 37784
 38088
 38382
 38461
 38576
 38611
 39036
 39088
 39374
 39838
 39914
 40306
 40498
 40557
 40700
 40919
 40934
 40993
 41475
 41716
 41814
 41991
 42519
 42789
 43152
 43435
 43510
 43870
 43941
 44089
 44143
 44250
 44336
 44407
 44485
 44831
 44920
 45309
 45650
 45847
 46234
 46585
 46759
 46992
 47040
 47154
 47221
 47412
 47670
 47713
 47862
 47912
 48018
 48129
 48783
 48917
 49171
 49472
 49662
 49734
 49816
 50161
 50362
 50371
 50531
 50707
 50770
 51025
 51398
 51571
 51766
 51885
 52429
 52530
 52613
 52724
 52861
 53280
 53536
 53932
 54117
 54370
 54777
 54931
 55157
 55208
 55284
 55562
 56019
 56083
 56378
 56452
 56694
 56847
 57004
 57092
 57429
 57523
 57541
 57708
 57862
 58024
 58121
 58318
 58373
 58431
 58484
 59113
 59123
 59197
 59484
 59961
 60282
 60864
 60926
 61305
 61469
 61643
 61830
 61902
 62026
 62040
 62060
 62131
 62239
 62302
 62385
 62414
 62648
 62685
 62753
 63077
 63232
 63385
 63601
 63929
 63983
 64137
 64309
 64616
 65047
 65280
 65720
 65827
 65892
 65964
 66183
 66666
 66686
 66963
 67422
 67532
 67964
 68012
 68173
 68385
 68567
 68776
 68957
 69037
 69074
 69399
 69520
 69782
 69963
 70432
 70816
 71059
 71186
 71373
 71530
 71704
 71865
 71938
 72154
 72287
 72858
 73078
 73327
 73411
 73469
 73586
 73647
 73739
 73907
 74158
 74734
 74907
 75046
 75317
 75621
 75831
 76015
 76099
 76235
 76285
 76371
 76583
 76672
 76997
 77447
 77908
 77988
 78075
 78138
 78208
 78513
 78796
 78865
 79293
 79527
 79652
 79838
 79888
 80080
 80102
 80341
 80507
 80587
 80753
 80896
 81110
 81307
 81748
 81826
 81963
 81971
 82189
 82447
 82945
 83184
 83309
 83716
 84177
 84247
 84371
 84871
 85048
 85113
 85261
 85533
 85594
 85711
 85830
 86360
 86670
 87001
 87085
 87179
 87274
 87468
 87504
 87629
 88074
 88143
 88347
 88519
 88861
 89051
 89211
 89469
 89660
 89752
 89831
 89850
 90005
 90195
 90347
 90757
 91232
 91443
 91783
 91914
 92084
 92141
 92221
 92289
 92537
 92626
 92912
 92984
 93117
 93663
 93782
 93796
 94061
 94235
 94454
 94550
 94577
 94843
 94937
 95101
 95381
 95589
 95724
 95903
 96159
 96211
 96450
 96684
 96801
 97036
 97064
 97118
 97487
 97739
 97945
 98582
 98818
 99188
 99280
 99390
 99632
 99743
 99961
 99642
 99593
 99389
 99247
 98819
 98684
 98271
 97769
 97509
 97343
 97072
 97049
 96897
 96737
 96595
 96232
 96207
 96064
 95755
 95642
 95474
 95126
 94954
 94917
 94709
 94554
 94517
 94437
 94098
 93994
 93789
 93734
 93323
 93045
 92963
 92841
 92614
 92317
 92226
 92205
 92086
 92034
 91900
 91690
 91419
 91185
 90677
 90251
 90116
 89940
 89835
 89768
 89672
 89507
 89325
 89204
 88970
 88719
 88515
 88156
 88114
 87723
 87532
 87492
 87289
 87225
 87089
 87082
 86837
 86569
 85956
 85746
 85609
 85547
 85436
 85214
 85071
 84947
 84800
 84282
 84241
 83959
 83555
 83275
 83029
 82859
 82232
 82070
 81968
 81844
 81756
 81428
 81148
 80915
 80825
 80716
 80516
 80358
 80208
 80101
 80000
 79840
 79797
 79552
 79505
 79040
 78822
 78545
 78260
 78201
 78091
 77999
 77931
 77902
 77310
 76861
 76623
 76454
 76305
 76241
 76162
 76071
 75903
 75700
 75599
 75313
 75033
 74901
 74534
 73943
 73893
 73669
 73636
 73488
 73423
 73398
 73239
 72894
 72697
 72169
 72093
 71904
 71757
 71625
 71481
 71200
 71078
 70940
 70723
 70354
 69833
 69698
 69409
 69113
 69043
 68970
 68865
 68666
 68474
 68220
 68035
 68000
 67548
 67436
 67147
 66868
 66682
 66526
 66094
 65938
 65840
 65805
 65548
 65075
 64956
 64493
 64220
 64111
 63934
 63907
 63517
 63239
 63094
 62815
 62704
 62664
 62552
 62410
 62306
 62272
 62230
 62071
 62057
 62031
 61969
 61857
 61671
 61544
 61421
 61081
 60883
 60401
 60161
 59701
 59341
 59128
 59114
 58651
 58472
 58406
 58350
 58158
 58096
 57942
 57759
 57542
 57531
 57492
 57216
 57017
 56871
 56830
 56530
 56418
 56309
 56069
 55781
 55427
 55274
 55187
 55043
 54866
 54754
 54331
 54053
 53552
 53370
 52906
 52793
 52645
 52551
 52472
 52348
 51868
 51699
 51432
 51100
 50982
 50762
 50647
 50418
 50366
 50199
 49818
 49795
 49695
 49550
 49255
 49095
 48876
 48539
 48087
 48014
 47902
 47817
 47685
 47588
 47292
 47168
 47089
 47003
 46784
 46665
 46553
 46004
 45791
 45636
 45189
 44867
 44645
 44408
 44355
 44294
 44231
 44138
 44004
 43922
 43523
 43449
 43217
 42929
 42621
 42203
 41815
 41723
 41555
 41168
 40953
 40930
 40717
 40668
 40556
 40455
 40284
 39840
 39587
 39306
 39048
 38910
 38589
 38569
 38390
 38279
 37976
 37666
 37558
 37483
 37328
 37214
 36221
 36100
 35829
 35530
 35426
 35061
 34727
 34474
 34356
 34124
 33921
 33568
 33347
 33203
 32999
 32835
 32678
 32424
 32211
 32080
 31946
 31615
 31327
 31205
 31117
 30993
 30883
 30535
 30326
 30277
 30155
 29936
 29862
 29617
 29056
 28629
 28394
 28089
 27810
 27666
 27179
 27110
 26858
 26674
 26533
 26295
 26202
 26147
 25724
 25474
 25368
 25304
 25194
 25103
 24631
 24302
 23941
 23898
 23788
 23669
 23596
 23562
 23487
 22990
 22851
 22708
 22607
 22392
 22246
 22039
 21857
 21497
 21284
 21079
 20732
 20636
 20218
 19893
 19776
 19425
 19356
 19179
 19076
 19038
 19000
 18783
 18630
 18277
 18053
 17862
 17816
 17745
 17554
 17420
 17250
 16992
 16822
 16669
 16090
 16043
 15906
 15822
 15509
 15435
 15373
 14922
 14818
 14409
 14120
 14035
 13823
 13566
 13459
 13414
 13369
 13252
 13120
 12468
 12053
 11902
 11714
 11390
 11238
 11147
 11065
 10668
 10484
 10455
 10344
 10219
 9924
 9590
 9392
 9245
 9162
 9084
 9051
 8641
 8552
 8111
 8017
 7799
 7737
 7593
 7002
 6976
 6872
 6718
 6461
 6393
 6065
 5889
 5706
 5656
 5480
 5422
 5361
 4620
 4496
 4385
 4280
 4031
 3914
 3396
 3332
 3159
 2576
 2266
 2093
 1826
 1580
 1506
 1426
 1394
 1116
 667
 464
 233
 176
 23
 0
 