0
 0
 0
 0
 0
 0
 0
 0
 0
 0
 50
 307
 330
 461
 520
 556
 660
 828
 879
 1090
 1102
 1267
 1409
 1448
 1731
 1779
 2119
 2150
 2320
 2578
 2610
 2620
 2676
 2822
 2873
 2966
 3111
 3263
 3367
 3416
 3604
 3665
 3717
 3752
 3758
 3775
 3992
 4054
 4062
 4213
 4489
 4579
 4808
 4892
 5164
 5190
 5442
 5581
 5649
 5664
 5809
 5918
 5931
 5988
 6112
 6125
 6211
 6233
 6306
 6325
 6485
 6551
 6855
 6864
 6899
 6966
 6968
 7143
 7435
 7454
 7488
 7524
 7562
 7581
 7763
 7820
 7848
 7904
 8037
 8261
 8317
 8465
 8902
 8933
 9118
 9181
 9230
 9265
 9412
 9453
 9483
 9519
 9523
 9550
 9716
 9753
 9900
 9948
 9993
 10166
 10240
 10368
 10501
 10533
 10596
 10609
 10810
 10820
 10936
 11228
 11304
 11348
 11382
 11408
 11466
 11484
 11523
 11576
 11667
 11673
 11960
 12093
 12150
 12232
 12377
 12558
 13113
 13118
 13122
 13289
 13363
 13371
 13389
 13407
 13429
 13436
 13477
 13653
 13750
 13824
 13897
 14008
 14145
 14222
 14237
 14247
 14322
 14371
 14519
 14835
 15175
 15333
 15384
 15434
 15461
 15462
 15498
 15544
 15585
 15697
 15772
 15861
 15979
 16008
 16057
 16093
 16329
 16349
 16524
 16597
 16663
 16696
 16752
 16853
 16867
 16895
 16931
 17057
 17085
 17366
 17439
 17491
 17638
 17639
 17725
 17821
 18223
 18358
 18587
 18621
 18645
 18711
 18945
 19071
 19329
 19330
 19375
 19529
 19592
 19816
 19855
 19937
 19952
 19967
 20028
 20062
 20084
 20244
 20438
 20502
 20549
 20587
 20710
 20761
 20971
 21247
 21276
 21312
 21452
 21555
 21562
 21627
 22013
 22021
 22117
 22380
 22439
 22457
 22511
 22941
 23014
 23113
 23225
 23498
 23553
 23583
 23671
 23691
 23778
 23791
 23930
 23952
 24130
 24320
 24399
 24417
 24442
 24519
 24625
 24626
 24772
 24828
 24930
 25090
 25126
 25202
 25212
 25228
 25340
 25380
 25470
 25496
 25636
 25704
 25725
 25740
 25936
 26004
 26017
 26073
 26111
 26424
 26467
 26468
 26546
 26612
 26658
 26784
 26895
 27042
 27190
 27201
 27210
 27244
 27331
 27464
 27643
 27718
 27722
 28128
 28208
 28251
 28304
 28603
 28644
 28679
 29212
 29285
 29345
 29363
 29402
 29546
 29803
 29901
 29950
 30079
 30120
 30312
 30345
 30369
 30493
 30498
 30646
 30721
 30769
 30902
 30964
 30987
 31111
 31197
 31216
 31256
 31315
 31427
 31497
 31511
 31595
 31746
 31911
 32074
 32085
 32518
 32612
 32688
 32694
 32720
 32757
 32786
 32863
 32963
 33020
 33135
 33350
 33740
 33747
 34100
 34107
 34223
 34281
 34400
 34457
 34466
 34476
 34482
 34503
 34572
 34600
 34601
 34605
 34809
 34913
 34982
 35236
 35320
 35443
 35550
 35577
 35667
 35817
 35825
 35914
 35974
 36036
 36045
 36157
 36302
 36446
 36478
 36479
 36669
 36914
 36923
 36948
 37043
 37205
 37345
 37411
 37837
 38034
 38095
 38187
 38278
 38420
 38421
 38426
 38444
 38516
 38529
 38709
 38787
 38910
 38997
 39201
 39454
 39474
 39559
 39757
 40044
 40200
 40850
 40944
 41359
 41361
 41490
 41692
 41884
 41887
 42000
 42030
 42059
 42118
 42258
 42285
 42343
 42355
 42541
 42565
 42692
 42975
 43154
 43193
 43220
 43251
 43272
 43279
 43329
 43340
 43451
 43602
 43669
 43720
 43783
 43956
 44012
 44164
 44305
 44316
 44340
 44517
 44703
 44746
 45132
 45352
 45353
 45354
 45464
 45576
 45622
 45647
 45871
 45955
 45991
 46153
 46388
 46647
 46665
 46722
 46909
 46966
 47049
 47157
 47373
 47440
 47443
 47448
 47487
 47496
 47625
 47779
 47872
 47930
 48134
 48178
 48327
 48481
 48516
 48689
 48757
 49037
 49103
 49252
 49408
 49471
 49614
 49627
 49725
 49808
 49846
 49985
 50197
 50202
 50205
 50245
 50250
 50255
 50347
 50405
 50494
 50505
 50526
 50607
 50628
 50642
 50949
 50995
 51044
 51201
 51247
 51267
 51319
 51361
 51447
 51461
 51630
 51704
 51804
 51859
 51871
 51915
 52106
 52171
 52189
 52208
 52224
 52230
 52453
 52516
 52631
 52662
 52699
 52809
 52945
 53005
 53330
 53384
 53396
 53542
 53666
 53677
 53802
 53892
 53998
 54225
 54317
 54499
 54599
 54908
 54995
 55039
 55045
 55060
 55168
 55404
 55523
 55588
 55595
 55825
 55997
 56199
 56379
 56410
 56460
 56482
 56614
 56792
 57135
 57142
 57245
 57309
 57507
 57529
 57591
 57644
 57652
 57679
 57726
 57901
 58284
 58350
 58517
 58646
 58659
 58721
 58986
 58986
 58989
 59285
 59496
 59725
 59742
 59931
 59953
 59978
 60356
 60389
 60424
 60487
 60712
 60936
 61036
 61081
 61159
 61202
 61224
 61224
 61235
 61335
 61389
 61482
 61596
 61626
 61673
 61713
 61806
 61833
 61893
 61950
 61981
 62332
 62360
 62765
 62838
 62858
 62940
 62965
 63063
 63088
 63130
 63155
 63159
 63264
 63264
 63308
 63522
 63552
 63556
 63585
 63615
 63619
 63678
 63701
 63708
 63881
 63972
 63993
 64013
 64505
 64642
 64690
 64843
 65073
 65141
 65152
 65209
 65224
 65300
 65573
 65820
 65933
 65948
 66056
 66067
 66090
 66329
 66436
 66523
 66571
 66666
 66666
 66698
 66723
 67037
 67066
 67128
 67172
 67179
 67291
 67341
 67540
 67549
 67581
 67631
 67732
 67740
 67951
 67978
 68131
 68204
 68324
 68376
 68413
 68431
 68640
 69320
 69387
 69514
 69719
 69730
 69771
 69896
 69909
 70054
 70175
 70269
 70358
 70439
 70483
 70649
 70710
 70744
 70824
 70875
 70880
 70891
 71152
 71261
 71428
 71593
 71601
 71653
 71753
 71789
 71907
 71916
 71932
 72007
 72038
 72088
 72162
 72305
 72494
 72511
 72540
 72552
 72582
 72602
 72644
 72677
 72796
 72836
 72871
 73106
 73359
 73377
 73378
 73394
 73396
 73511
 73691
 73718
 73795
 73797
 73880
 73994
 74090
 74092
 74443
 74526
 74531
 74538
 74752
 74935
 74941
 74968
 75244
 75282
 75320
 75352
 75431
 75438
 75590
 75612
 75899
 75910
 75987
 76012
 76069
 76079
 76144
 76384
 76510
 76548
 76622
 76883
 76923
 76923
 76923
 77119
 77211
 77401
 77506
 77593
 77685
 77802
 77922
 77944
 78562
 78637
 78764
 78864
 78951
 78982
 79087
 79144
 79179
 79245
 79247
 79279
 79419
 79536
 79593
 79809
 79940
 80004
 80021
 80035
 80085
 80180
 80344
 80368
 80402
 80446
 80514
 80554
 80818
 81097
 81178
 81341
 81413
 81421
 81632
 81639
 81688
 81769
 81813
 81837
 81859
 82036
 82202
 82205
 82235
 82239
 82249
 82366
 82481
 82586
 82736
 82977
 83029
 83038
 83371
 83612
 83688
 83735
 83746
 83761
 83795
 83798
 83877
 83945
 83960
 84044
 84172
 84336
 84417
 84475
 84807
 85039
 85043
 85327
 85358
 85492
 85514
 85514
 85590
 85647
 85819
 85823
 85854
 85957
 86104
 86274
 86311
 86342
 86459
 86541
 86709
 86731
 86837
 86845
 86959
 87143
 87201
 87263
 87330
 87337
 87464
 87478
 87682
 87824
 88025
 88098
 88132
 88347
 88359
 88604
 88630
 88726
 89058
 89316
 89552
 89579
 89733
 89829
 89911
 90161
 90192
 90225
 90451
 90657
 90666
 90743
 90759
 90778
 90909
 90959
 90978
 90982
 91161
 91484
 91505
 91517
 91562
 91803
 92091
 92142
 92188
 92276
 92667
 92704
 92936
 92952
 93061
 93135
 93220
 93221
 93286
 93298
 93359
 93501
 93631
 93645
 93654
 93723
 93913
 94039
 94188
 94355
 94467
 94485
 94545
 94601
 94743
 94897
 94951
 94951
 94965
 95037
 95127
 95210
 95244
 95308
 95458
 95710
 95801
 96016
 96181
 96246
 96343
 96360
 96491
 96508
 96558
 96675
 96696
 96864
 97009
 97059
 97066
 97157
 97173
 97183
 97249
 97285
 97427
 97468
 97768
 97781
 97999
 98310
 98311
 98344
 98388
 98500
 98593
 98631
 98667
 98754
 98765
 98857
 98955
 99029
 99041
 99125
 99333
 99564
 99610
 99618
 99644
 99706
 99748
 99794
 99957
 100122
 100189
 100250
 100309
 100424
 100538
 100737
 100803
 100865
 100937
 100950
 101228
 101238
 101372
 101459
 101489
 101579
 101687
 101729
 101829
 101855
 101923
 102144
 102361
 102517
 102831
 103091
 103124
 103214
 103249
 103262
 103312
 103392
 103399
 103457
 103642
 103957
 103986
 104131
 104145
 104151
 104176
 104220
 104321
 104447
 104496
 104547
 104633
 104744
 104784
 104988
 104994
 105043
 105135
 105146
 105254
 105396
 105435
 105503
 105657
 105688
 105992
 106176
 106280
 106291
 106382
 106382
 106471
 106669
 106951
 107226
 107420
 107574
 107685
 107776
 107946
 107985
 108129
 108143
 108474
 108480
 108579
 108603
 108807
 108817
 108906
 108979
 109284
 109311
 109869
 109979
 110116
 110199
 110261
 110285
 110355
 110371
 110588
 110592
 110681
 110735
 110867
 111111
 111194
 111423
 111429
 111633
 111769
 111795
 111889
 112172
 112185
 112223
 112290
 112338
 112627
 112741
 112996
 113128
 113207
 113213
 113240
 113342
 113559
 113704
 113804
 113878
 113880
 114105
 114168
 114595
 114821
 115012
 115099
 115152
 115180
 115373
 115459
 115799
 115858
 115957
 116000
 116001
 116102
 116350
 116579
 116812
 116819
 117226
 117258
 117333
 117572
 117655
 117786
 117855
 117919
 117969
 118047
 118332
 118340
 118365
 118613
 118633
 118637
 118764
 118813
 118964
 119148
 119228
 119250
 119508
 119527
 119732
 119953
 119978
 120049
 120133
 120156
 120202
 120321
 120369
 120395
 120509
 120619
 120729
 120766
 120925
 120960
 120994
 121212
 121234
 121283
 121315
 121472
 121518
 121525
 121595
 121794
 121901
 121906
 121951
 122005
 122009
 122459
 122740
 122807
 122816
 123044
 123195
 123251
 123344
 123363
 123591
 123753
 123919
 123934
 123960
 124037
 124081
 124314
 124453
 124553
 124566
 124594
 124678
 124842
 125000
 125072
 125122
 125289
 125461
 125503
 125567
 125660
 125734
 125768
 125779
 125803
 125902
 125952
 125981
 126082
 126103
 126109
 126139
 126150
 126171
 126177
 126521
 126544
 126751
 126801
 126829
 126857
 126903
 126914
 126943
 126979
 127031
 127040
 127052
 127142
 127205
 127263
 127379
 127417
 127417
 127434
 127477
 127536
 127659
 127666
 127877
 127889
 127923
 127957
 128229
 128423
 128459
 128523
 128663
 128831
 128850
 129032
 129044
 129229
 129250
 129282
 129557
 129683
 129830
 130022
 130164
 130170
 130262
 130264
 130395
 130563
 130672
 130751
 130829
 130901
 130941
 131101
 131178
 131259
 131313
 131342
 131456
 131533
 131543
 131876
 132044
 132165
 132247
 132281
 132476
 132530
 132605
 132995
 133097
 133141
 133159
 133318
 133358
 133402
 133421
 133582
 133734
 133896
 134020
 134134
 134194
 134513
 134527
 134547
 134625
 134769
 134788
 134907
 135021
 135057
 135082
 135174
 135360
 135414
 135480
 135483
 135598
 135639
 136205
 136316
 136568
 136645
 136655
 136659
 136690
 136730
 136917
 137055
 137234
 137501
 137503
 137552
 137614
 137789
 137943
 137954
 138050
 138079
 138184
 138197
 138662
 138836
 138952
 138973
 139278
 139318
 139331
 139398
 139406
 140071
 140097
 140186
 140186
 140309
 140338
 140350
 140358
 140473
 140489
 140556
 140562
 140611
 140654
 140685
 140812
 140845
 141068
 141130
 141139
 141208
 141476
 141531
 141639
 141660
 141805
 141874
 141888
 141977
 142083
 142194
 142201
 142233
 142294
 142306
 142382
 142427
 142707
 142833
 142857
 143058
 143070
 143155
 143282
 143383
 143546
 143583
 143738
 143891
 143925
 143956
 144132
 144156
 144331
 144418
 144518
 144790
 144828
 144857
 145170
 145297
 145309
 145380
 145457
 145549
 145584
 145679
 145781
 145829
 145874
 145953
 146048
 146198
 146237
 146544
 146757
 146845
 146868
 147087
 147230
 147231
 147277
 147388
 147553
 147707
 147727
 147884
 148101
 148260
 148362
 148410
 148430
 148496
 148552
 148594
 148610
 148751
 148767
 149107
 149109
 149192
 149262
 149307
 149395
 149401
 149579
 149727
 150059
 150185
 150239
 150289
 150375
 150595
 150596
 150663
 150769
 150828
 150872
 151084
 151119
 151134
 151761
 151851
 151870
 151899
 152096
 152105
 152170
 152170
 152197
 152268
 152491
 153181
 153191
 153256
 153550
 153667
 153757
 154041
 154086
 154205
 154294
 154328
 154536
 154940
 155005
 155186
 155365
 155403
 155555
 155598
 155632
 155648
 155650
 155693
 155963
 156035
 156247
 156263
 156355
 156552
 156558
 156577
 156609
 156827
 156989
 156992
 157016
 157184
 157223
 157274
 157307
 157366
 157637
 157719
 157735
 157768
 157787
 157920
 158109
 158184
 158185
 158230
 158390
 158415
 158490
 158721
 158757
 158789
 158897
 158985
 159018
 159281
 159368
 159539
 159763
 159814
 159873
 159925
 159998
 160198
 160287
 160611
 160704
 160724
 160735
 160793
 160821
 160835
 160840
 160919
 161271
 161371
 161539
 161565
 161623
 161793
 161826
 161840
 161987
 162364
 162517
 162518
 162799
 162919
 162924
 162935
 163008
 163201
 163315
 163444
 163492
 163836
 163839
 164021
 164033
 164097
 164305
 164394
 164397
 164527
 164606
 164633
 165333
 165407
 165537
 165629
 165640
 165725
 165810
 166074
 166170
 166189
 166514
 166541
 166556
 166781
 166952
 166955
 166980
 166992
 167169
 167275
 167497
 167572
 167748
 167764
 167798
 167842
 167913
 168154
 168315
 168338
 168505
 168567
 168776
 168908
 168919
 168929
 168955
 169048
 169077
 169159
 169348
 169435
 169595
 169862
 169921
 170041
 170083
 170097
 170156
 170457
 170479
 170513
 170876
 171012
 171182
 171404
 171465
 171488
 171507
 171558
 172099
 172300
 172379
 172388
 172453
 172701
 172737
 172823
 173061
 173078
 173160
 173169
 173214
 173228
 173334
 173579
 173770
 174025
 174059
 174069
 174150
 174545
 174650
 174710
 174832
 175018
 175085
 175117
 175236
 175273
 175283
 175387
 175412
 175423
 175666
 175733
 175750
 175804
 175815
 175921
 176125
 176266
 176329
 176354
 176921
 176940
 176942
 176960
 177090
 177099
 177157
 177172
 177182
 177349
 177387
 177659
 177784
 177922
 177974
 177985
 178051
 178077
 178174
 178209
 178508
 178535
 178718
 178768
 179019
 179210
 179372
 179438
 179502
 179860
 180176
 180365
 180485
 180510
 180898
 181250
 181331
 181374
 181574
 181702
 181707
 181818
 182156
 182173
 182315
 182331
 182336
 182346
 182477
 182655
 182812
 182857
 182961
 183007
 183083
 183278
 183316
 183689
 183793
 183861
 183898
 183953
 184144
 184297
 184305
 184347
 184557
 184615
 184646
 184703
 184713
 184834
 184834
 185125
 185463
 185781
 185896
 186015
 186102
 186197
 186370
 186389
 186447
 186503
 186607
 186758
 186890
 186900
 187434
 187534
 187619
 187982
 188075
 188087
 188123
 188168
 188174
 188203
 188355
 188387
 188505
 188519
 188691
 188741
 188878
 188885
 188888
 188928
 188990
 189027
 189052
 189195
 189313
 189443
 189498
 189633
 189662
 190104
 190251
 190660
 190668
 190677
 190775
 190847
 190867
 190905
 190975
 191002
 191021
 191126
 191187
 191294
 191312
 191369
 191418
 191627
 191664
 191741
 191770
 191778
 191827
 192238
 192424
 192505
 192859
 192861
 192923
 192940
 192990
 193024
 193031
 193161
 193206
 193308
 193397
 193411
 193465
 193499
 193538
 193572
 193637
 193765
 193807
 193860
 193939
 193953
 194115
 194505
 194507
 194607
 194690
 194788
 194857
 194986
 195174
 195488
 195856
 195897
 195917
 195924
 195973
 196231
 196312
 196413
 196564
 196660
 196669
 196674
 196798
 196844
 196988
 197009
 197082
 197232
 197551
 197610
 197642
 197643
 197752
 197898
 197995
 198351
 198367
 198405
 198438
 198763
 198816
 198880
 198905
 199235
 199321
 199353
 199416
 199512
 199608
 199935
 199999
 200000
 200000
 200000
 200000
 200015
 200553
 200716
 200866
 200899
 200967
 200969
 201019
 201188
 201194
 201257
 201266
 201427
 201653
 201683
 201818
 201858
 201974
 202049
 202089
 202287
 202366
 202407
 202432
 202453
 202472
 202521
 202567
 202647
 202732
 203160
 203368
 203401
 203458
 203580
 203595
 203606
 203927
 204001
 204080
 204118
 204347
 204513
 204557
 204612
 204656
 204819
 204928
 205388
 205513
 205548
 205616
 205718
 205819
 205911
 205911
 205947
 205948
 206014
 206140
 206225
 206241
 206434
 206525
 206636
 206641
 206654
 206662
 206832
 206833
 206896
 206921
 206922
 207017
 207041
 207044
 207059
 207105
 207204
 207479
 207538
 207595
 207627
 207638
 207797
 207855
 207954
 208272
 208510
 208776
 208953
 209032
 209109
 209121
 209183
 209220
 209387
 209486
 209837
 210156
 210167
 210266
 210328
 210342
 210407
 210813
 210873
 210893
 210935
 210974
 210998
 211110
 211174
 211230
 211267
 211316
 211365
 211409
 211563
 211612
 211838
 211944
 211966
 211981
 212194
 212275
 212351
 212546
 212619
 212692
 212868
 212875
 212964
 213161
 213498
 213532
 213578
 214167
 214302
 214336
 214389
 214611
 214784
 214935
 215114
 215339
 215346
 215437
 215566
 215619
 215656
 215838
 215886
 215935
 216032
 216182
 216292
 216419
 216564
 216570
 216612
 216634
 216942
 217023
 217046
 217117
 217149
 217434
 217436
 217490
 217630
 217675
 217687
 217739
 217757
 217813
 217910
 217920
 218265
 218284
 218314
 218404
 218640
 218673
 218765
 219167
 219169
 219783
 219794
 219824
 220115
 220153
 220179
 220189
 220232
 220259
 220321
 220588
 220623
 220684
 220734
 220739
 220811
 220849
 220866
 220935
 220997
 221002
 221108
 221229
 221269
 221280
 221487
 221567
 221595
 221667
 221730
 221735
 221837
 221867
 222097
 222099
 222457
 222648
 222656
 222828
 223007
 223039
 223341
 223493
 223534
 223543
 223622
 223623
 223776
 223795
 223843
 223891
 224287
 224409
 224456
 224485
 224534
 224645
 224728
 224879
 225062
 225118
 225497
 225574
 225612
 225869
 225872
 225971
 226428
 226545
 226578
 226787
 227053
 227111
 227226
 227312
 227530
 227568
 227613
 227628
 227705
 227805
 228013
 228175
 228183
 228194
 228380
 228382
 228454
 228463
 228474
 228529
 228663
 228785
 228914
 228937
 229085
 229193
 229213
 229276
 229277
 229350
 229459
 229508
 229622
 229686
 229812
 229863
 230102
 230230
 230769
 230783
 230834
 231020
 231083
 231093
 231120
 231192
 231263
 231265
 231505
 231613
 231613
 231796
 231830
 231853
 231964
 231971
 231999
 232017
 232198
 232299
 232381
 232471
 232588
 232775
 232848
 232891
 232949
 233124
 233125
 233141
 233222
 233295
 233435
 233502
 233578
 233900
 234188
 234215
 234223
 234288
 234303
 234456
 234459
 234483
 234484
 234505
 234607
 234648
 234726
 234784
 234966
 234986
 235080
 235191
 235440
 235539
 235548
 235592
 235748
 235814
 236114
 236163
 236205
 236306
 236429
 236443
 236541
 236544
 236556
 236714
 236728
 236789
 236792
 236974
 236995
 237113
 237249
 237300
 237444
 237688
 237759
 237787
 237930
 237935
 238272
 238557
 238673
 238784
 238825
 239292
 239520
 239594
 239806
 239824
 240018
 240092
 240102
 240103
 240161
 240403
 240499
 240568
 240615
 240725
 240730
 240931
 240949
 240962
 240980
 241088
 241092
 241243
 241331
 241379
 241399
 241448
 241669
 241692
 241695
 241782
 241808
 241820
 241914
 242050
 242175
 242186
 242195
 242236
 242650
 242675
 242709
 242940
 243007
 243153
 243157
 243320
 243336
 243374
 243405
 243418
 243438
 243633
 243688
 243701
 243839
 243866
 243925
 243997
 244525
 244733
 245283
 245302
 245442
 245545
 245823
 245971
 246041
 246096
 246180
 246284
 246922
 247021
 247040
 247259
 247295
 247381
 247472
 247483
 247539
 247625
 247671
 247793
 247835
 247903
 247936
 248073
 248075
 248169
 248194
 248278
 248339
 248360
 248400
 248587
 248619
 248680
 248741
 248812
 248872
 248905
 248962
 248986
 249025
 249070
 249094
 249112
 249241
 249373
 249489
 249673
 249822
 249833
 249933
 249939
 250046
 250144
 250172
 250248
 250578
 250656
 250670
 250776
 250913
 250978
 250990
 251012
 251207
 251207
 251358
 251367
 251440
 251524
 251655
 251821
 252291
 252534
 252664
 252866
 253012
 253197
 253339
 253421
 253443
 253461
 253504
 253539
 253786
 253874
 253907
 254048
 254114
 254129
 254282
 254326
 254417
 254440
 254468
 254504
 254673
 254810
 254828
 254890
 255189
 255261
 255304
 255376
 255620
 255802
 255813
 255859
 255867
 255884
 255986
 256111
 256144
 256232
 256256
 256525
 256692
 256722
 256749
 256768
 256852
 257129
 257191
 257300
 257518
 257620
 257629
 257844
 258253
 258382
 258400
 258679
 258832
 258958
 259019
 259034
 259618
 259633
 259701
 260052
 260063
 260172
 260215
 260218
 260949
 260987
 261015
 261016
 261143
 261170
 261261
 261310
 261325
 261408
 261454
 261638
 262046
 262074
 262189
 262363
 262387
 262475
 262672
 262784
 262839
 262890
 262898
 263308
 263323
 263349
 263566
 263684
 263970
 264037
 264194
 264269
 264322
 264369
 264694
 264970
 265044
 265056
 265129
 265213
 265222
 265336
 265439
 265588
 265686
 265938
 266022
 266062
 266089
 266099
 266147
 266150
 266427
 266787
 266816
 266939
 266944
 266968
 267047
 267142
 267219
 267222
 267330
 267429
 267719
 267818
 267862
 267948
 268036
 268065
 268106
 268142
 268144
 268277
 268506
 268512
 268529
 268792
 268861
 269021
 269057
 269094
 269162
 269275
 269396
 269875
 270042
 270173
 270175
 270211
 270290
 270388
 270545
 270637
 270641
 270747
 270770
 270803
 270934
 271315
 271323
 271496
 271510
 271582
 271705
 271863
 272149
 272510
 272650
 272755
 272758
 272807
 273018
 273210
 273328
 273557
 273621
 273684
 273731
 273770
 273790
 273902
 274028
 274032
 274111
 274127
 274264
 274395
 274398
 274481
 274487
 274510
 274570
 274678
 274709
 274758
 274829
 275070
 275226
 275434
 275643
 275678
 275938
 275958
 276023
 276088
 276133
 276190
 276295
 276343
 276344
 276406
 276412
 276552
 276714
 276848
 276940
 277044
 277169
 277237
 277327
 277333
 277357
 277430
 277482
 277725
 277772
 277821
 277857
 278014
 278336
 278384
 278436
 278538
 278622
 278632
 278691
 278759
 278776
 278828
 278941
 278947
 279038
 279301
 279394
 279402
 279411
 279661
 279864
 279919
 280111
 280147
 280613
 280914
 280936
 281001
 281067
 281179
 281195
 281333
 281360
 281724
 281907
 281967
 282025
 282182
 282215
 282538
 282591
 282716
 282774
 282857
 282923
 283034
 283052
 283291
 283360
 283505
 283602
 283823
 283899
 283905
 284004
 284033
 284253
 284326
 284416
 284431
 284433
 284475
 284522
 284716
 284755
 284995
 285105
 285120
 285145
 285146
 285275
 285392
 285517
 285738
 285741
 285866
 285968
 286108
 286275
 286401
 286423
 286478
 286510
 286659
 286792
 286799
 287083
 287217
 287224
 287574
 287781
 287826
 287930
 288063
 288090
 288251
 288326
 288483
 288543
 288786
 288888
 288924
 289017
 289066
 289109
 289330
 289393
 289435
 289463
 289624
 289645
 289733
 289941
 290129
 290203
 290212
 290277
 290297
 290304
 290310
 290941
 290945
 291319
 291355
 291587
 291663
 291856
 292035
 292051
 292215
 292301
 292358
 292398
 292553
 292645
 292668
 292693
 292833
 292847
 292867
 293344
 293354
 293500
 293577
 293594
 293729
 293785
 293824
 293904
 293984
 294224
 294313
 294416
 294751
 294867
 294932
 294940
 295064
 295066
 295163
 295173
 295196
 295459
 295577
 295602
 295671
 295828
 295845
 296063
 296095
 296104
 296121
 296211
 296277
 296303
 296416
 296476
 296660
 296764
 296817
 296847
 296925
 296986
 297105
 297118
 297254
 297288
 297444
 297536
 297797
 298024
 298039
 298136
 298539
 298601
 298799
 298847
 298921
 299032
 299128
 299177
 299199
 299348
 299647
 299926
 300192
 300416
 300567
 300598
 300610
 300626
 300704
 300844
 300884
 300898
 300902
 301110
 301606
 301683
 301837
 301995
 301999
 302073
 302076
 302640
 302665
 302741
 302788
 302793
 302865
 302949
 303048
 303132
 303167
 303282
 303318
 303427
 303474
 303594
 303802
 303822
 303934
 303938
 304012
 304022
 304024
 304057
 304137
 304156
 304200
 304687
 304759
 304947
 305027
 305035
 305279
 305372
 305389
 305409
 305553
 305940
 305997
 306006
 306291
 306323
 306368
 306396
 306402
 306523
 306734
 306776
 306788
 306945
 307055
 307147
 307191
 307266
 307348
 307377
 307501
 307501
 307692
 307692
 307814
 307911
 308047
 308090
 308217
 308288
 308358
 308401
 308429
 308542
 308545
 308578
 308595
 308647
 308669
 308885
 309090
 309174
 309182
 309197
 309306
 309327
 309372
 309572
 309627
 309718
 309779
 310061
 310136
 310309
 310843
 311043
 311051
 311105
 311111
 311111
 311176
 311183
 311198
 311349
 311560
 311677
 311840
 311847
 311850
 311855
 311926
 311981
 311999
 312035
 312115
 312350
 312367
 312528
 312820
 312925
 313003
 313086
 313098
 313105
 313244
 313248
 313320
 313399
 313531
 313967
 314123
 314348
 314378
 314390
 314465
 314641
 314694
 314744
 314786
 314826
 314826
 314868
 314874
 314895
 315231
 315248
 315570
 315576
 315584
 315670
 315962
 316015
 316397
 316541
 316570
 316712
 316779
 316814
 316948
 316998
 317372
 317407
 317471
 317592
 317727
 317874
 317913
 318025
 318086
 318091
 318250
 318319
 318681
 318782
 318982
 319077
 319085
 319148
 319194
 319250
 319288
 319371
 319415
 319467
 319663
 319716
 319723
 319801
 319922
 320064
 320336
 320615
 320732
 320782
 320824
 321093
 321243
 321321
 321375
 321460
 321473
 321556
 321604
 321678
 321829
 322151
 322207
 322373
 322812
 322848
 323191
 323210
 323288
 323325
 323404
 323404
 323540
 323707
 323712
 323748
 323893
 323907
 323973
 324086
 324196
 324224
 324257
 324281
 324287
 324419
 324519
 324683
 324773
 324847
 324897
 324904
 324908
 325203
 325377
 325448
 325721
 325916
 326013
 326114
 326128
 326164
 326347
 326544
 326572
 326637
 326723
 326777
 326826
 326833
 326997
 327000
 327010
 327253
 327391
 327547
 327592
 327655
 327967
 328027
 328256
 328349
 328566
 328747
 328767
 328788
 328997
 328997
 329106
 329131
 329137
 329282
 329293
 329303
 329418
 329460
 329479
 329531
 329653
 329684
 329822
 329895
 330232
 330240
 330258
 330330
 330467
 330505
 330541
 330631
 330657
 330785
 330837
 330939
 331489
 331563
 331608
 331703
 331747
 332126
 332225
 332309
 332310
 332322
 332357
 332378
 332391
 332453
 332662
 332692
 332791
 332873
 332906
 332917
 333333
 333333
 333333
 333793
 333930
 334031
 334082
 334203
 334251
 334430
 334645
 334659
 334847
 334967
 335050
 335276
 335322
 335334
 335370
 335446
 335640
 335777
 335873
 335949
 335995
 336032
 336077
 336108
 336319
 336540
 336557
 336735
 336884
 337028
 337039
 337105
 337256
 337372
 337416
 337446
 337459
 337534
 337560
 337760
 337941
 338134
 338135
 338184
 338664
 338856
 338927
 339050
 339066
 339066
 339172
 339294
 339805
 339930
 340005
 340194
 340312
 340620
 340647
 340651
 340766
 340942
 340983
 341126
 341257
 341382
 341566
 341613
 341653
 341675
 341788
 342049
 342070
 342307
 342319
 342342
 342472
 342498
 342569
 342654
 342893
 343096
 343162
 343225
 343234
 343475
 343502
 343527
 343683
 343698
 343803
 343816
 343834
 343834
 343915
 343963
 343965
 344082
 344086
 344103
 344262
 344262
 344386
 344544
 344674
 344701
 344790
 344830
 344837
 344852
 344920
 344929
 345126
 345155
 345218
 345276
 345454
 345472
 345526
 345572
 345679
 345762
 345822
 346042
 346060
 346414
 346587
 346650
 346683
 346694
 346704
 346853
 346934
 347002
 347003
 347063
 347140
 347201
 347236
 347264
 347282
 347629
 347859
 347952
 347971
 348220
 348351
 348612
 348766
 348817
 348890
 349026
 349124
 349448
 349529
 349695
 349754
 349813
 349840
 349951
 350059
 350153
 350230
 350492
 350634
 350781
 351344
 351351
 351378
 351598
 351614
 351633
 351788
 351939
 352002
 352009
 352043
 352147
 352375
 352465
 352673
 352805
 352898
 353016
 353032
 353324
 353424
 353427
 353574
 353576
 353694
 353707
 353846
 353852
 353865
 353934
 354006
 354158
 354166
 354285
 354523
 354801
 354886
 354997
 355119
 355141
 355415
 355514
 355555
 355774
 355810
 355817
 355838
 355942
 356164
 356210
 356245
 356410
 356591
 356659
 356831
 356878
 357019
 357188
 357254
 357429
 357741
 357888
 357957
 358308
 358319
 358324
 358370
 358371
 358378
 358460
 358531
 358555
 358686
 358987
 359245
 359297
 359357
 359407
 359438
 359561
 359580
 359675
 359751
 359882
 359919
 359930
 360021
 360227
 360293
 360407
 360588
 360671
 360758
 360950
 360956
 360977
 361240
 361449
 361458
 361533
 361554
 361581
 361649
 362239
 362317
 362318
 362324
 362386
 362415
 362554
 362573
 362710
 362986
 362991
 363180
 363260
 363299
 363364
 363380
 363529
 363650
 363653
 363724
 364204
 364256
 364371
 364548
 364982
 364985
 364991
 365145
 365180
 365473
 365561
 365607
 365688
 365977
 366053
 366060
 366125
 366171
 366375
 366404
 366430
 366712
 366739
 366748
 366768
 366815
 366833
 367137
 367144
 367434
 367602
 367655
 367931
 368028
 368078
 368090
 368236
 368267
 368333
 368470
 368646
 368695
 368699
 368737
 369553
 369661
 369687
 369692
 369727
 369767
 369857
 370044
 370285
 370358
 370498
 370592
 370839
 370928
 370940
 370985
 371312
 371731
 372012
 372217
 372392
 372461
 372831
 373056
 373196
 373213
 373767
 373783
 373862
 373890
 373937
 373978
 374005
 374121
 374211
 374218
 374323
 374581
 374825
 374838
 374914
 375092
 375116
 375158
 375335
 375455
 375481
 375771
 375829
 375860
 376186
 376242
 376314
 376346
 376417
 376636
 376670
 376703
 376792
 376805
 376836
 376937
 376999
 377049
 377091
 377166
 377468
 377505
 377952
 378040
 378068
 378113
 378206
 378281
 378381
 378457
 378502
 378564
 378633
 378667
 378739
 378762
 378795
 378880
 379108
 379133
 379141
 379163
 379164
 379298
 379352
 379404
 379448
 379502
 379535
 379562
 379600
 379746
 379821
 379880
 379894
 380044
 380112
 380182
 380345
 380348
 380733
 380752
 380808
 380857
 381107
 381118
 381154
 381165
 381173
 381332
 381395
 381446
 381818
 381879
 381980
 382137
 382312
 382428
 382497
 382502
 382541
 382589
 382850
 382988
 383172
 383458
 383537
 383561
 383904
 384023
 384030
 384105
 384109
 384164
 384286
 384353
 384637
 384713
 384785
 384853
 384883
 384957
 385167
 385189
 385355
 385416
 385492
 385523
 385552
 385792
 385839
 385885
 385908
 385950
 386013
 386268
 386334
 386386
 386547
 386581
 386615
 386785
 386846
 387018
 387253
 387253
 387378
 387422
 387448
 387461
 387484
 387521
 387564
 387603
 387629
 387691
 387841
 387964
 387969
 387981
 388059
 388127
 388167
 388194
 388488
 388524
 388698
 388766
 388935
 388963
 389016
 389059
 389070
 389131
 389134
 389221
 389261
 389390
 389415
 389428
 389513
 389543
 389566
 389618
 389707
 389954
 390051
 390058
 390181
 390252
 390371
 390441
 390491
 390499
 390578
 390733
 390739
 390749
 390752
 390804
 390928
 391158
 391214
 391265
 391334
 391409
 391440
 391528
 391602
 391677
 391774
 391938
 392097
 392205
 392504
 392519
 392560
 392578
 392623
 392645
 392774
 392820
 393082
 393215
 393226
 393275
 393299
 393316
 393348
 393483
 393730
 393865
 394264
 394267
 394422
 394501
 394607
 394736
 394759
 394761
 394930
 394936
 395043
 395065
 395083
 395121
 395141
 395145
 395256
 395338
 395360
 395412
 395508
 395509
 395523
 395563
 395913
 395919
 395919
 396085
 396135
 396158
 396607
 396780
 396984
 396990
 397174
 397254
 397294
 397295
 397298
 397339
 397515
 397532
 397643
 397674
 397710
 397721
 397738
 397849
 397911
 397993
 398024
 398058
 398181
 398244
 398250
 398323
 398415
 398448
 398629
 398745
 398960
 398962
 399146
 399262
 399412
 399486
 399719
 399832
 399925
 400000
 400000
 400261
 400274
 400299
 400321
 400348
 400567
 400570
 400607
 400778
 400841
 400958
 400980
 400991
 401038
 401138
 401139
 401270
 401273
 401480
 401649
 401695
 402046
 402095
 402109
 402182
 402197
 402300
 402459
 402616
 402650
 402661
 402684
 402730
 402831
 402841
 402890
 403008
 403100
 403142
 403163
 403259
 403293
 403362
 403386
 403408
 403568
 403693
 403726
 403857
 404070
 404452
 404677
 404729
 404742
 405080
 405323
 405337
 405415
 405533
 405564
 405607
 405751
 405759
 405782
 406053
 406234
 406302
 406593
 406776
 406835
 406918
 407009
 407067
 407128
 407137
 407161
 407224
 407497
 407653
 407665
 407905
 407915
 407990
 407995
 408154
 408271
 408331
 408456
 408479
 408662
 408772
 408944
 409436
 409504
 409597
 409657
 409675
 409889
 409961
 410039
 410230
 410468
 410584
 410604
 410658
 410828
 411133
 411162
 411170
 411175
 411320
 411444
 411566
 411587
 411657
 411902
 411905
 411941
 411970
 412048
 412111
 412269
 412371
 412426
 412458
 412462
 412536
 412564
 412786
 412805
 412849
 412865
 412911
 412959
 413013
 413044
 413129
 413312
 413377
 413552
 413803
 413847
 414125
 414243
 414443
 414458
 414473
 414521
 414904
 415147
 415235
 415241
 415405
 415579
 415704
 415736
 415798
 415995
 416158
 416192
 416316
 416344
 416366
 416787
 416805
 416891
 417051
 417360
 417369
 417500
 417531
 417610
 417664
 417949
 417976
 418098
 418150
 418163
 418326
 418365
 418498
 418588
 418590
 418602
 418876
 418893
 419034
 419367
 419445
 419540
 419621
 419627
 419714
 419889
 419914
 420019
 420050
 420089
 420185
 420341
 420380
 420448
 420537
 420615
 420685
 420857
 421052
 421064
 421351
 421554
 421583
 421604
 421604
 421678
 421739
 421895
 422056
 422106
 422134
 422244
 422249
 422388
 422484
 422574
 422623
 422623
 422733
 422875
 423093
 423158
 423288
 423303
 423321
 423424
 423571
 423640
 423812
 423867
 423910
 423947
 423963
 423999
 424060
 424148
 424253
 424371
 424470
 424547
 424627
 424732
 424765
 424954
 424956
 424969
 425008
 425166
 425170
 425259
 425361
 425390
 425445
 425787
 425886
 426119
 426183
 426345
 426423
 426486
 426841
 427013
 427029
 427065
 427229
 427279
 427333
 427337
 427605
 427943
 428120
 428190
 428276
 428294
 428362
 428571
 428571
 428612
 428721
 428729
 428769
 428808
 428858
 428864
 428865
 429003
 429005
 429086
 429167
 429237
 429270
 429371
 429578
 429990
 430092
 430151
 430286
 430339
 430366
 430423
 430438
 430502
 430629
 430770
 430809
 430861
 431016
 431046
 431315
 431393
 431432
 431494
 431552
 431662
 431757
 431821
 431839
 431893
 431907
 432049
 432292
 432635
 432817
 433033
 433132
 433197
 433392
 433440
 433476
 433481
 433503
 433526
 433559
 433766
 433768
 433773
 433812
 433937
 434002
 434035
 434153
 434399
 434402
 434474
 434523
 434601
 434648
 434782
 435068
 435123
 435147
 435186
 435278
 435332
 435440
 435483
 435483
 435830
 435865
 435920
 436006
 436040
 436097
 436149
 436168
 436302
 436570
 436670
 436745
 436862
 436916
 436927
 437195
 437216
 437217
 437375
 437398
 437446
 437500
 437561
 437561
 437584
 437641
 437974
 438005
 438149
 438290
 438577
 438611
 438656
 438793
 438844
 438912
 438991
 439027
 439041
 439103
 439165
 439192
 439252
 439399
 439678
 439773
 439852
 439891
 440000
 440104
 440112
 440363
 440629
 440882
 440935
 441080
 441238
 441351
 441416
 441474
 441564
 441597
 441784
 442014
 442043
 442061
 442155
 442426
 442527
 442605
 442765
 442767
 442800
 442818
 443055
 443107
 443140
 443162
 443168
 443285
 443439
 443559
 443708
 443774
 443803
 443804
 443824
 443848
 444021
 444048
 444084
 444155
 444228
 444444
 444579
 444665
 444830
 445052
 445157
 445233
 445456
 445505
 445595
 445765
 445766
 445891
 445925
 445972
 446102
 446116
 446629
 446650
 446721
 446855
 446890
 446903
 446970
 447005
 447179
 447192
 447400
 447502
 447574
 447619
 447669
 447670
 447822
 447863
 447944
 448142
 448313
 448545
 448635
 448722
 448787
 448941
 449017
 449023
 449030
 449095
 449196
 449245
 449281
 449426
 449436
 449504
 449566
 449567
 449666
 449679
 449731
 449822
 449830
 449864
 449973
 449992
 450038
 450165
 450240
 450308
 450311
 450318
 450349
 450506
 450644
 450720
 450851
 450980
 451122
 451137
 451177
 451180
 451270
 451322
 451376
 451503
 451659
 451661
 451718
 451799
 451812
 452014
 452060
 452196
 452256
 452262
 452286
 452413
 452417
 452432
 452444
 452449
 452619
 452732
 452780
 452824
 452830
 453116
 453199
 453222
 453376
 453381
 453413
 453662
 453736
 453759
 453822
 453868
 453917
 454219
 454687
 454924
 454990
 455090
 455138
 455184
 455197
 455238
 455294
 455386
 455405
 455415
 455516
 455795
 455882
 455992
 456025
 456102
 456177
 456192
 456465
 456499
 456586
 456621
 456910
 456931
 456998
 457023
 457235
 457263
 457326
 457607
 457657
 457688
 457729
 457879
 457917
 457925
 458035
 458143
 458427
 458478
 458663
 458838
 458864
 459080
 459212
 459217
 459674
 459701
 459949
 460227
 460245
 460296
 460337
 460726
 460844
 461092
 461121
 461178
 461272
 461538
 461579
 461593
 461611
 461829
 461869
 461874
 462091
 462101
 462183
 462193
 462245
 462459
 462652
 462691
 462729
 462732
 462769
 462872
 462923
 463080
 463099
 463136
 463169
 463266
 463274
 463276
 463295
 463383
 463523
 463623
 463819
 463955
 464228
 464354
 464379
 464424
 464539
 464673
 464864
 464892
 464977
 465303
 465363
 465524
 465675
 465701
 465753
 465762
 466044
 466047
 466150
 466406
 466580
 466584
 466666
 466671
 466732
 466787
 466873
 466911
 466947
 466987
 467049
 467179
 467206
 467305
 467329
 467350
 467398
 467774
 467835
 468231
 468521
 468669
 469036
 469421
 469517
 469662
 469696
 469711
 469776
 469879
 470000
 470017
 470019
 470180
 470410
 470588
 470628
 470774
 470834
 470987
 471005
 471075
 471119
 471131
 471162
 471164
 471444
 471514
 471590
 471651
 471806
 471872
 471987
 472075
 472195
 472214
 472286
 472349
 472415
 472419
 472690
 472832
 472932
 473003
 473134
 473150
 473154
 473192
 473258
 473431
 473438
 473640
 473743
 473788
 473837
 473938
 473972
 473984
 474039
 474130
 474461
 474501
 474526
 474626
 474774
 474825
 474913
 474926
 474926
 474939
 474940
 475050
 475409
 475631
 475669
 475735
 475777
 475833
 475862
 476123
 476315
 476362
 476395
 476463
 476477
 476477
 476610
 476653
 476702
 476897
 476956
 477090
 477131
 477144
 477145
 477466
 477668
 477808
 477929
 478066
 478248
 478295
 478382
 478488
 478489
 478686
 478911
 479177
 479305
 479327
 479338
 479462
 479678
 479921
 480158
 480167
 480201
 480359
 480365
 480369
 480549
 480658
 481020
 481127
 481210
 481244
 481373
 481397
 481999
 482171
 482176
 482248
 482255
 482277
 482326
 482370
 482500
 482525
 482596
 482624
 482758
 482837
 483124
 483357
 483389
 483441
 483542
 483570
 483571
 483593
 483601
 483648
 483675
 483720
 483978
 483993
 484077
 484125
 484139
 484273
 484320
 484433
 484461
 484464
 484631
 484759
 484857
 485016
 485059
 485074
 485125
 485151
 485225
 485248
 485373
 485433
 485699
 485714
 485754
 485837
 486099
 486238
 486315
 486382
 486486
 486623
 486761
 486875
 487170
 487223
 487510
 487562
 487564
 487582
 487593
 488038
 488113
 488145
 488224
 488235
 488557
 488891
 489042
 489062
 489072
 489093
 489208
 489230
 489326
 489584
 489711
 489960
 489978
 490012
 490029
 490074
 490097
 490176
 490290
 490328
 490521
 490581
 490733
 490792
 490891
 491025
 491043
 491129
 491277
 491290
 491415
 491590
 491756
 491758
 491891
 491978
 491989
 492063
 492130
 492139
 492166
 492394
 492614
 492978
 493049
 493157
 493204
 493272
 493290
 493300
 493483
 493593
 493655
 493688
 493731
 493764
 493806
 493867
 494103
 494117
 494199
 494259
 494505
 494535
 494541
 494714
 494834
 494880
 495168
 495251
 495322
 495428
 495566
 495748
 495754
 495876
 496124
 496138
 496158
 496356
 496356
 496402
 496437
 496593
 496619
 496687
 496864
 496962
 497010
 497095
 497112
 497226
 497378
 497461
 497524
 497562
 497609
 497674
 497700
 497945
 497971
 498047
 498190
 498278
 498405
 498467
 498566
 498652
 498664
 498687
 498738
 498811
 498819
 498904
 498916
 498947
 498968
 499015
 499136
 499181
 499425
 499448
 499583
 499630
 499643
 499836
 499878
 499886
 499907
 499953
 500000
 500107
 500204
 500592
 500628
 500635
 500831
 500912
 500931
 501218
 501245
 501429
 501711
 501718
 501816
 501974
 502023
 502248
 502700
 502890
 502970
 503115
 503219
 503422
 503444
 503455
 503545
 503575
 503743
 503955
 503955
 504014
 504142
 504143
 504180
 504467
 504625
 504700
 504731
 504758
 504882
 505279
 505312
 505340
 505506
 505518
 505736
 505747
 505872
 505901
 505965
 505979
 506016
 506270
 506385
 506499
 506561
 506625
 506808
 506849
 506860
 506869
 506889
 507260
 507311
 507846
 508112
 508433
 508543
 508663
 508688
 508760
 508761
 508786
 509001
 509304
 509390
 509781
 510079
 510137
 510427
 510693
 510946
 511013
 511025
 511270
 511307
 511480
 511500
 511639
 511723
 511875
 511888
 511899
 511977
 512073
 512088
 512361
 512385
 512544
 512664
 512690
 512727
 512743
 512790
 512955
 512956
 513002
 513054
 513149
 513202
 513371
 513535
 513822
 513827
 513940
 513986
 514050
 514299
 514457
 514682
 514706
 514990
 515205
 515238
 515389
 515504
 515851
 516047
 516109
 516772
 516856
 516893
 516970
 516973
 517015
 517084
 517222
 517255
 517338
 517351
 517608
 517815
 517854
 517876
 517945
 518013
 518054
 518188
 518286
 518291
 518296
 518607
 518666
 518875
 518969
 519004
 519174
 519218
 519372
 519416
 519442
 519512
 519603
 519609
 519623
 519636
 519658
 519678
 519735
 519799
 519914
 519990
 520042
 520087
 520113
 520182
 520260
 520317
 520577
 520612
 520642
 520675
 521014
 521025
 521072
 521102
 521120
 521160
 521252
 521396
 521398
 521441
 521602
 521826
 521864
 522074
 522165
 522202
 522396
 522428
 522598
 522676
 522735
 523122
 523139
 523169
 523320
 523657
 523719
 523740
 523778
 523811
 523840
 523886
 524086
 524174
 524344
 524386
 524421
 524795
 525083
 525096
 525254
 525332
 525423
 525600
 525617
 525628
 525696
 525902
 525910
 525928
 525958
 526105
 526312
 526452
 526477
 526481
 526536
 526727
 526818
 526955
 527008
 527437
 527583
 527668
 527694
 527721
 527730
 527758
 527765
 527846
 527849
 527904
 528243
 528273
 528473
 528538
 528704
 528802
 528834
 528872
 528970
 529053
 529179
 529218
 529317
 529487
 529513
 529570
 529717
 529868
 529868
 530106
 530157
 530253
 530482
 530528
 530564
 530681
 530777
 530848
 531033
 531125
 531171
 531259
 531433
 531586
 531626
 531674
 531692
 531713
 531922
 531975
 532009
 532138
 532204
 532315
 532371
 532540
 532575
 532651
 532669
 532696
 532893
 533008
 533055
 533075
 533230
 533333
 533451
 533498
 533888
 533985
 533997
 534037
 534237
 534395
 534535
 534626
 534654
 534714
 534743
 534770
 534841
 535003
 535091
 535108
 535253
 535768
 535822
 535885
 535913
 535939
 535988
 536050
 536185
 536225
 536370
 536468
 536756
 537076
 537104
 537175
 537258
 537486
 537528
 537729
 537832
 537900
 538298
 538320
 538325
 538326
 538514
 538518
 538606
 538807
 538982
 539142
 539183
 539184
 539652
 539778
 539996
 540080
 540147
 540155
 540163
 540463
 540559
 540614
 540935
 541239
 541480
 541507
 541658
 541671
 541732
 541804
 541806
 542222
 542262
 542649
 542649
 542722
 542885
 542975
 543171
 543174
 543307
 543315
 543405
 543475
 543811
 543901
 544071
 544657
 544757
 544758
 544833
 545041
 545142
 545290
 545398
 545454
 545623
 546099
 546141
 546220
 546296
 546425
 546561
 546596
 546747
 546786
 546843
 546946
 547218
 547222
 547241
 547245
 547268
 547277
 547313
 547448
 547460
 547712
 547743
 547762
 547871
 547934
 548059
 548170
 548190
 548228
 548331
 548331
 548334
 548387
 548467
 548665
 548738
 548872
 549206
 549358
 549429
 549558
 549642
 549770
 549811
 549839
 550072
 550299
 550716
 551227
 551938
 551967
 551971
 551997
 552007
 552132
 552205
 552280
 552308
 552382
 552486
 552593
 552631
 552715
 552784
 552866
 553064
 553099
 553183
 553294
 553321
 553345
 553465
 553735
 553812
 554224
 554302
 554351
 554455
 554646
 554662
 554693
 554719
 554770
 554799
 554989
 555338
 555389
 555477
 555562
 555829
 556046
 556058
 556099
 556236
 556357
 556390
 556529
 556553
 556557
 556660
 556668
 556815
 557030
 557046
 557128
 557136
 557215
 557300
 557315
 557461
 557542
 557585
 557868
 557873
 557886
 557992
 558053
 558265
 558339
 558501
 558506
 558685
 558797
 558815
 559036
 559047
 559049
 559511
 559517
 559679
 559864
 559884
 559897
 560108
 560313
 560326
 560572
 560582
 560756
 561221
 561313
 561317
 561417
 561497
 561547
 561742
 561823
 561853
 561909
 562142
 562286
 562294
 562520
 562730
 562846
 562852
 562857
 562877
 562898
 562951
 562998
 563039
 563173
 563243
 563246
 563289
 563567
 563633
 563700
 563741
 563932
 564060
 564296
 564374
 564463
 564547
 564756
 564867
 565059
 565348
 565445
 565572
 565949
 566009
 566068
 566094
 566176
 566334
 566366
 566375
 566830
 566860
 566949
 567027
 567224
 567266
 567688
 567808
 567825
 567878
 567901
 567980
 568012
 568111
 568122
 568163
 568295
 568300
 568419
 568563
 568592
 568675
 568731
 568929
 568981
 569025
 569111
 569143
 569223
 569270
 569444
 569600
 569834
 569863
 569962
 569987
 570025
 570093
 570107
 570118
 570165
 570339
 570422
 570500
 570671
 570742
 570759
 570829
 570850
 571150
 571278
 571333
 571428
 571428
 571506
 571684
 571718
 571822
 571991
 571993
 572332
 572443
 572499
 572524
 572556
 572593
 572619
 572808
 572816
 572877
 572960
 573065
 573195
 573346
 573436
 573439
 573552
 573679
 573704
 573786
 573827
 573853
 573859
 573874
 574207
 574590
 574654
 574688
 574808
 574837
 574946
 574962
 574991
 575032
 575146
 575155
 575165
 575292
 575414
 575435
 575529
 575583
 575991
 576012
 576038
 576126
 576139
 576146
 576162
 576177
 576190
 576230
 576241
 576254
 576271
 576419
 576489
 576594
 576725
 576820
 576833
 576865
 577070
 577280
 577432
 577589
 577600
 577724
 577754
 577842
 577947
 578182
 578309
 578333
 578334
 578378
 578408
 578483
 578486
 578512
 578558
 578579
 578616
 578709
 578765
 578858
 579031
 579050
 579847
 580053
 580230
 580288
 580291
 580504
 580625
 580630
 580676
 580838
 580856
 580859
 580961
 581163
 581213
 581269
 581311
 581414
 581759
 581920
 582053
 582073
 582089
 582140
 582346
 582349
 582354
 582536
 582574
 582598
 582627
 582703
 582800
 582804
 582889
 582909
 582970
 583072
 583153
 583196
 583315
 583486
 583556
 583621
 583640
 583665
 583679
 583689
 583704
 583734
 583916
 583962
 584235
 584253
 584328
 584350
 584511
 584545
 584715
 584763
 584905
 584918
 584994
 585142
 585235
 585317
 585504
 585597
 585767
 585816
 585823
 585912
 585980
 586025
 586206
 586245
 586281
 586336
 586546
 586552
 586554
 586594
 586682
 586708
 586812
 587038
 587154
 587182
 587465
 587555
 587648
 587708
 587778
 587779
 587973
 588452
 588745
 588773
 588773
 588838
 589043
 589105
 589364
 589567
 589579
 589658
 589681
 589714
 589737
 589898
 589972
 590026
 590081
 590156
 590190
 590230
 590274
 590328
 590361
 590457
 590521
 590535
 590573
 590633
 590634
 590770
 590818
 590820
 591248
 591278
 591471
 591577
 591605
 591715
 591737
 591836
 592083
 592128
 592216
 592255
 592265
 592386
 592438
 592445
 592598
 592673
 592806
 592955
 593312
 593320
 593358
 593478
 593487
 593493
 593624
 593659
 593867
 593891
 594024
 594282
 594500
 594563
 594660
 594859
 594921
 595062
 595280
 595291
 595360
 595486
 595638
 595700
 595703
 596036
 596245
 596416
 596531
 596534
 596566
 596604
 596703
 596822
 597081
 597241
 597333
 597464
 597537
 597594
 597695
 597883
 598309
 598327
 598466
 598688
 598790
 598922
 598937
 598957
 599357
 599409
 599450
 599469
 599533
 599575
 600147
 600171
 600392
 600480
 600507
 600529
 600575
 600600
 600673
 600766
 601107
 601156
 601532
 601575
 601629
 601722
 601737
 601749
 601804
 601897
 602085
 602128
 602189
 602193
 602237
 602324
 602325
 602334
 602591
 602603
 602659
 602670
 602673
 602739
 602800
 602821
 602846
 603146
 603498
 603506
 603588
 603598
 603646
 603796
 603814
 603878
 603936
 603997
 604023
 604177
 604285
 604343
 604487
 604501
 604977
 605079
 605269
 605297
 605298
 605316
 605630
 605659
 605734
 605776
 605896
 606021
 606021
 606181
 606212
 606254
 606287
 606346
 606373
 606403
 606580
 606668
 606741
 606936
 606961
 607064
 607193
 607318
 607356
 607387
 607451
 607619
 607823
 607855
 607980
 608140
 608140
 608289
 608336
 608337
 608387
 608448
 608680
 608826
 608915
 608985
 609234
 609313
 609380
 609453
 609494
 609539
 609653
 609798
 609812
 609861
 609921
 609924
 609977
 609982
 610415
 610436
 610571
 611145
 611336
 611406
 611464
 611591
 611700
 611706
 611777
 611800
 611803
 611886
 611890
 612068
 612133
 612168
 612280
 612429
 612561
 612574
 612719
 612806
 612816
 612977
 613100
 613153
 613173
 613182
 613203
 613251
 613678
 613688
 613842
 613915
 613964
 614439
 614472
 614505
 614545
 614550
 614598
 614835
 615135
 615175
 615287
 615468
 615517
 615517
 615572
 615682
 615737
 615998
 616012
 616027
 616101
 616298
 616554
 616595
 616609
 616614
 616683
 616687
 616884
 616907
 616910
 616930
 617011
 617140
 617227
 617349
 617366
 617519
 617595
 617701
 618057
 618060
 618119
 618518
 618817
 619111
 619149
 619207
 619225
 619435
 619524
 619553
 619749
 619876
 619906
 619991
 620435
 620484
 620541
 620553
 620580
 620585
 620644
 620701
 620713
 620778
 620943
 621126
 621185
 621367
 621405
 621418
 621518
 621644
 621879
 621978
 622068
 622070
 622099
 622222
 622282
 622333
 622594
 622642
 622857
 623103
 623183
 623225
 623458
 623518
 623612
 623679
 623689
 623724
 623729
 623740
 623910
 623925
 624128
 624197
 624204
 624245
 624267
 624283
 624429
 624472
 624615
 624916
 624946
 624968
 625000
 625126
 625153
 625241
 625369
 625372
 625375
 625385
 625576
 625636
 625790
 626171
 626373
 626396
 626431
 626463
 626514
 626627
 626748
 626852
 626859
 627138
 627232
 627565
 627666
 627688
 627803
 628014
 628144
 628158
 628177
 628178
 628491
 628774
 628805
 628859
 628997
 629092
 629135
 629388
 629629
 629731
 629753
 629765
 629968
 630145
 630230
 630352
 630455
 630480
 630610
 630612
 630650
 630735
 631039
 631057
 631063
 631230
 631281
 631312
 631343
 631696
 631785
 631877
 631889
 631891
 631910
 631977
 632059
 632069
 632206
 632345
 632468
 632477
 632478
 632626
 632849
 633056
 633158
 633330
 633401
 633440
 633454
 633584
 633596
 633664
 634042
 634191
 634265
 634272
 634572
 634608
 634641
 634649
 634844
 634870
 634971
 635125
 635167
 635205
 635313
 635387
 635427
 635432
 635611
 635664
 635675
 635847
 636099
 636103
 636195
 636324
 636363
 636542
 636609
 636923
 636930
 637177
 637279
 637370
 637669
 637751
 637904
 638003
 638154
 638216
 638255
 638379
 638432
 638506
 638555
 638707
 638719
 638861
 639097
 639566
 639818
 640000
 640041
 640108
 640119
 640129
 640227
 640464
 640580
 640598
 640677
 640724
 640748
 640766
 640806
 641138
 641249
 641386
 641419
 641425
 641438
 641456
 641522
 641711
 641718
 641727
 641777
 641807
 642105
 642225
 642452
 642628
 642634
 642724
 642764
 642870
 642873
 642890
 642951
 643002
 643025
 643060
 643116
 643521
 643649
 643684
 643688
 643826
 643835
 643852
 644096
 644112
 644128
 644141
 644228
 644313
 644724
 644844
 644976
 645206
 645569
 645638
 645667
 645776
 645875
 645899
 645915
 646064
 646408
 646408
 646511
 646677
 646770
 646967
 647013
 647058
 647536
 647544
 647569
 647739
 647844
 647870
 647917
 648002
 648056
 648151
 648208
 648397
 648409
 648510
 648685
 648791
 648916
 649055
 649109
 649132
 649164
 649287
 649488
 649578
 649756
 649792
 649842
 649968
 649980
 649992
 650008
 650196
 650295
 650669
 650781
 651090
 651354
 651567
 651570
 651606
 651999
 652000
 652263
 652468
 652658
 653120
 653160
 653205
 653220
 653288
 653301
 653325
 653443
 653670
 653754
 653769
 653860
 653863
 654008
 654144
 654179
 654243
 654352
 654433
 654547
 654661
 654665
 654674
 654738
 654780
 654805
 654885
 654903
 654909
 655075
 655345
 655437
 655540
 656024
 656375
 656533
 656560
 656743
 656811
 656811
 656828
 656972
 656985
 657216
 657252
 657259
 657307
 657400
 657411
 657682
 657737
 657789
 657791
 657967
 658217
 658254
 658314
 658479
 658646
 658707
 658732
 658943
 659347
 659793
 659899
 659943
 659979
 659979
 659980
 660070
 660115
 660172
 660212
 660374
 660453
 660477
 660496
 660498
 660504
 660575
 660617
 661166
 661212
 661255
 661311
 661315
 661344
 661434
 661576
 661587
 661705
 661797
 661808
 662107
 662374
 662428
 662494
 662534
 662687
 662689
 662759
 662771
 662835
 662858
 662889
 662902
 662927
 662993
 663047
 663076
 663088
 663090
 663179
 663187
 663234
 663244
 663366
 663420
 663573
 663683
 663761
 663859
 664014
 664186
 664263
 664296
 664559
 664670
 664741
 664776
 664785
 664804
 665089
 665114
 665201
 665258
 665365
 665366
 665376
 665521
 665611
 665862
 665998
 666022
 666024
 666042
 666316
 666376
 666666
 666666
 666666
 666833
 666839
 666920
 667001
 667080
 667139
 667216
 667281
 667462
 667555
 667587
 667621
 667739
 667742
 667904
 667970
 667978
 668123
 668249
 668284
 668339
 668390
 668459
 668479
 668549
 668614
 668700
 668866
 668880
 668985
 669008
 669052
 669055
 669121
 669133
 669574
 669751
 669826
 669851
 669872
 669942
 670095
 670141
 670429
 670468
 670504
 670544
 670578
 670579
 670645
 670664
 670961
 671065
 671298
 671521
 671647
 671702
 671747
 671758
 671942
 672393
 672447
 672583
 672789
 672819
 672888
 672943
 672955
 672961
 673113
 673176
 673326
 673485
 673531
 673633
 673999
 674038
 674074
 674155
 674262
 674374
 674447
 674556
 674885
 675085
 675121
 675171
 675280
 675421
 675461
 675575
 675621
 675727
 675772
 676054
 676106
 676382
 676467
 676499
 676686
 676691
 676772
 676909
 677149
 677155
 677226
 677244
 677285
 677391
 677419
 677543
 677674
 677712
 677966
 678125
 678215
 678260
 678265
 678610
 678646
 678659
 678675
 678760
 678769
 678802
 678833
 678925
 678933
 678943
 679015
 679123
 679188
 679225
 679579
 679721
 679757
 679999
 680000
 680245
 680331
 680340
 680520
 680645
 680720
 680831
 680866
 680883
 680999
 681091
 681140
 681221
 681246
 681488
 681556
 681569
 681610
 681840
 682041
 682061
 682097
 682168
 682274
 682321
 682329
 682424
 682577
 682839
 682947
 683020
 683141
 683165
 683168
 683233
 683276
 683334
 683453
 683472
 683564
 683689
 683725
 683795
 683962
 683980
 683985
 684190
 684246
 684264
 684269
 684292
 684495
 684596
 684666
 684767
 684826
 684857
 684991
 684998
 685152
 685393
 685414
 685473
 685755
 685762
 685873
 685969
 686040
 686213
 686219
 686228
 686236
 686339
 686387
 686602
 686719
 686976
 687127
 687137
 687210
 687224
 687266
 687388
 687414
 687466
 687472
 687601
 687734
 687798
 687800
 687888
 687950
 687988
 688199
 688206
 688212
 688622
 688660
 688702
 688878
 688882
 689119
 689122
 689242
 689245
 689285
 689349
 689466
 689609
 689623
 689655
 689655
 689797
 689848
 689916
 689971
 690003
 690022
 690108
 690112
 690140
 690210
 690217
 690364
 690449
 690466
 690519
 690613
 690733
 690938
 691090
 691151
 691168
 691212
 691309
 691577
 691600
 691660
 691783
 691828
 691887
 691904
 692125
 692154
 692324
 693038
 693104
 693105
 693214
 693375
 693864
 694081
 694527
 694739
 694791
 694986
 695025
 695027
 695041
 695058
 695096
 695177
 695474
 695539
 695623
 695676
 695764
 695885
 695920
 696073
 696101
 696244
 696275
 696460
 696616
 696729
 696969
 697036
 697056
 697203
 697223
 697253
 697285
 697380
 697453
 697546
 697637
 697741
 697753
 697798
 697866
 697973
 698040
 698114
 698171
 698196
 698297
 698316
 698334
 698567
 698818
 698944
 699261
 699280
 699337
 699525
 699545
 699575
 699945
 699999
 700232
 700242
 700267
 700559
 700588
 700594
 700748
 700934
 701034
 701061
 701122
 701150
 701406
 701428
 701694
 701709
 701795
 701945
 702173
 702219
 702222
 702263
 702440
 702638
 702676
 703013
 703212
 703242
 703537
 703557
 703574
 703803
 704314
 704316
 704360
 704361
 704370
 704438
 704678
 704782
 704821
 704875
 705050
 705201
 705366
 705539
 705574
 705845
 705868
 705882
 705896
 706086
 706100
 706240
 706520
 706654
 706665
 706711
 706766
 706836
 706908
 707442
 707526
 707605
 707723
 707776
 707782
 707788
 708005
 708010
 708032
 708185
 708215
 708291
 708341
 708398
 708805
 708839
 708845
 708963
 709111
 709212
 709272
 709503
 709651
 709807
 709811
 710041
 710082
 710202
 710226
 710282
 710313
 710391
 710455
 710760
 710831
 710843
 710895
 711010
 711026
 711090
 711135
 711573
 711614
 711639
 711687
 711805
 711822
 711892
 711922
 712177
 712236
 712300
 712370
 712436
 712580
 712604
 712619
 712638
 712707
 712727
 712749
 712824
 712956
 713030
 713047
 713374
 713380
 713455
 713538
 713708
 713737
 713751
 713758
 713775
 713809
 713827
 713954
 713964
 714050
 714084
 714111
 714285
 714404
 714718
 714721
 714776
 714809
 714841
 714872
 714877
 714906
 714946
 715058
 715201
 715244
 715251
 715629
 715636
 715639
 715711
 715721
 715805
 715836
 716037
 716063
 716115
 716124
 716211
 716253
 716299
 716410
 716599
 716713
 716861
 716868
 717007
 717041
 717117
 717474
 717557
 717600
 717884
 718165
 718204
 718219
 718383
 718469
 718521
 718712
 718782
 718810
 718887
 718961
 719126
 719422
 719540
 719574
 719614
 719745
 719760
 719813
 719928
 719984
 719999
 720009
 720090
 720148
 720201
 720226
 720339
 720379
 720547
 720961
 720995
 721195
 721492
 721748
 721839
 721902
 722034
 722172
 722210
 722503
 722609
 722826
 722939
 722987
 723090
 723196
 723201
 723203
 723229
 723322
 723359
 723363
 723458
 723550
 723650
 723721
 723760
 723802
 723827
 723865
 723880
 723967
 724088
 724194
 724231
 724233
 724480
 724481
 724486
 724495
 724578
 724692
 724802
 724855
 724952
 725026
 725192
 725277
 725286
 725409
 725497
 725575
 725773
 725791
 725888
 726003
 726052
 726057
 726083
 726173
 726199
 726381
 726523
 726608
 726612
 726648
 726656
 726691
 726702
 726735
 726821
 726848
 727140
 727272
 727272
 727391
 727741
 727856
 727901
 728045
 728115
 728237
 728301
 728423
 728445
 728544
 728620
 728647
 728657
 728718
 728919
 729128
 729169
 729257
 729307
 729345
 729465
 729613
 729666
 729743
 729847
 730313
 730353
 730367
 730415
 730434
 730638
 730638
 730769
 730818
 730842
 730888
 730989
 731029
 731049
 731074
 731478
 731484
 731707
 731727
 731972
 731973
 732075
 732324
 732331
 732520
 732660
 732719
 732745
 732773
 732830
 732894
 733102
 733192
 733297
 733333
 733333
 733470
 733808
 733866
 733890
 733939
 734084
 734100
 734463
 734513
 734520
 734615
 734724
 734758
 734762
 735052
 735054
 735062
 735127
 735226
 735269
 735437
 735443
 735638
 735829
 735830
 736049
 736062
 736208
 736225
 736353
 736504
 736545
 736627
 736811
 736842
 736915
 736932
 737015
 737215
 737698
 737731
 737841
 737881
 737890
 737973
 738049
 738173
 738411
 738566
 738625
 738639
 738757
 739692
 739707
 739982
 740079
 740264
 740376
 740740
 740780
 740995
 741013
 741530
 741620
 741863
 741905
 742043
 742043
 742067
 742163
 742223
 742489
 742610
 742622
 742629
 742740
 742762
 742795
 742818
 742857
 743057
 743091
 743295
 743368
 743411
 743426
 743440
 743691
 743711
 743720
 743752
 743800
 743888
 744047
 744048
 744095
 744140
 744329
 744417
 744527
 744638
 744707
 745041
 745042
 745163
 745199
 745517
 745563
 745653
 745714
 745751
 745762
 745795
 745816
 745877
 746003
 746049
 746104
 746255
 746296
 746355
 746368
 746388
 746407
 746508
 746674
 746709
 746835
 746846
 746894
 746924
 746989
 747036
 747225
 747301
 747404
 747527
 747605
 747730
 747776
 747832
 747913
 747945
 748000
 748058
 748139
 748319
 748643
 748768
 748868
 748923
 749046
 749220
 749365
 749440
 749581
 749682
 749770
 749809
 749907
 750000
 750067
 750145
 750528
 750733
 750878
 750926
 751017
 751064
 751186
 751191
 751322
 751342
 751451
 751517
 751528
 751672
 751725
 751856
 751865
 751929
 752026
 752138
 752166
 752170
 752482
 752960
 753044
 753073
 753130
 753196
 753209
 753230
 753337
 753408
 753596
 753623
 753739
 753749
 753943
 754061
 754126
 754157
 754172
 754253
 754455
 754498
 754604
 754614
 754739
 754835
 754973
 755020
 755047
 755069
 755319
 755375
 755855
 755883
 755929
 755998
 756002
 756192
 756271
 756314
 756395
 756465
 756553
 756559
 756569
 756614
 756712
 756756
 756941
 756985
 757103
 757367
 757425
 757623
 757709
 757746
 757752
 757824
 758199
 758295
 758534
 758540
 758626
 758793
 758919
 758977
 759028
 759154
 759155
 759179
 759422
 759685
 759715
 759774
 759971
 760471
 760535
 760834
 760895
 761141
 761198
 761341
 761403
 761471
 761545
 761676
 761722
 761792
 761814
 761933
 762039
 762175
 762236
 762338
 762373
 762550
 762596
 762668
 762708
 762805
 762917
 762937
 763062
 763238
 763282
 763384
 763689
 763765
 763835
 763879
 763904
 764004
 764357
 764416
 764464
 765123
 765133
 765160
 765279
 765395
 765401
 765550
 765551
 765647
 765696
 765697
 765834
 766070
 766226
 766320
 766323
 766328
 766419
 766475
 766599
 766872
 766917
 766928
 766932
 767334
 767860
 767918
 768029
 768144
 768163
 768247
 768317
 768347
 768421
 768443
 768461
 768722
 768957
 768970
 769001
 769048
 769056
 769145
 769204
 769230
 769230
 769243
 769264
 769476
 769499
 769508
 769523
 769667
 769739
 769784
 769810
 769896
 770008
 770061
 770225
 770271
 770367
 770531
 770535
 770548
 770549
 770697
 770777
 770856
 770872
 770957
 771127
 771285
 771293
 771320
 771368
 771656
 771699
 772157
 772208
 772287
 772666
 772982
 773094
 773182
 773286
 773448
 773630
 773678
 773779
 773816
 773828
 773887
 774008
 774071
 774086
 774182
 774405
 774522
 774582
 774731
 774930
 775062
 775070
 775280
 775439
 775440
 775510
 775520
 775528
 775606
 775741
 775757
 775838
 775864
 776119
 776273
 776367
 776381
 776409
 776415
 776485
 776487
 776550
 776591
 776626
 776726
 776842
 776850
 776916
 776944
 777385
 777777
 777777
 777796
 777820
 777913
 777924
 777945
 778053
 778103
 778147
 778228
 778261
 778429
 778448
 778464
 778520
 778631
 778712
 778789
 778810
 778816
 778911
 779122
 779152
 779393
 779519
 779624
 779635
 779809
 780024
 780072
 780075
 780136
 780192
 780259
 780295
 780333
 780616
 780646
 780654
 780743
 780777
 780789
 780827
 780929
 781011
 781282
 781299
 781303
 781408
 781472
 781473
 781507
 781560
 781563
 781598
 781725
 781733
 781746
 781777
 781789
 781801
 781802
 781824
 781957
 782004
 782077
 782229
 782324
 782482
 782489
 782899
 782949
 783074
 783081
 783270
 783299
 783417
 783424
 783620
 783783
 783806
 783834
 783977
 784102
 784188
 784203
 784274
 784278
 784318
 784641
 784641
 784728
 784961
 785074
 785176
 785209
 785288
 785316
 785324
 785350
 785583
 786008
 786183
 786261
 786515
 787025
 787094
 787554
 787644
 787651
 787799
 787852
 787946
 787981
 788035
 788070
 788130
 788200
 788256
 788321
 788350
 788575
 788713
 788823
 788898
 788927
 788928
 788937
 789035
 789262
 789324
 789428
 789638
 789833
 789911
 789934
 789953
 790220
 790410
 790414
 790484
 790502
 790523
 790552
 790758
 790865
 790964
 790982
 791018
 791188
 791427
 791530
 791622
 791930
 792000
 792176
 792189
 792324
 792341
 792466
 792596
 792619
 792679
 792723
 792861
 792963
 792969
 793083
 793134
 793170
 793361
 793611
 793696
 793885
 793933
 793972
 794056
 794122
 794439
 794475
 794527
 794591
 794611
 794711
 794839
 794875
 795010
 795120
 795418
 795487
 795544
 795645
 795726
 795734
 795974
 795987
 796455
 796579
 796649
 796670
 796673
 796712
 796742
 796897
 796929
 797189
 797360
 797539
 797569
 797616
 797759
 797806
 797811
 797932
 798061
 798124
 798301
 798358
 798362
 798398
 798679
 798821
 798960
 799004
 799089
 799129
 799215
 799554
 799641
 799867
 799999
 800000
 800000
 800113
 800199
 800201
 800257
 800354
 800402
 800970
 800995
 800998
 801047
 801050
 801103
 801155
 801218
 801240
 801242
 801271
 801463
 801575
 801582
 801679
 801938
 802017
 802099
 802377
 802398
 802501
 802772
 802922
 802938
 802940
 803028
 803249
 803363
 803448
 803462
 803779
 803799
 803826
 803849
 803946
 804096
 804223
 804273
 804624
 804648
 804670
 804863
 804878
 804995
 805059
 805061
 805301
 805385
 805596
 805651
 805920
 805953
 805979
 805992
 806010
 806061
 806100
 806219
 806493
 806899
 807218
 807324
 807639
 807659
 807692
 807698
 807776
 807794
 807972
 808139
 808217
 808220
 808241
 808755
 808770
 808965
 809027
 809211
 809314
 809345
 809648
 809707
 809712
 809713
 809819
 809906
 809917
 809934
 810166
 810177
 810404
 810420
 810510
 810526
 810621
 810623
 810673
 810753
 810920
 811137
 811254
 811275
 811290
 811314
 811403
 811725
 811764
 812232
 812441
 812541
 812641
 812689
 812746
 812833
 812840
 813057
 813103
 813207
 813259
 813284
 813318
 813393
 813532
 813639
 813664
 813758
 813825
 813882
 813996
 814065
 814122
 814228
 814265
 814363
 814470
 814714
 814723
 814763
 814804
 814824
 815107
 815138
 815157
 815247
 815274
 815458
 815595
 815660
 815948
 816095
 816239
 816260
 816280
 816425
 816479
 816501
 816635
 816650
 816752
 816779
 816799
 816970
 817082
 817097
 817106
 817154
 817171
 817246
 817309
 817459
 817586
 817671
 818015
 818042
 818181
 818206
 818317
 818446
 818490
 819012
 819034
 819038
 819197
 819333
 819357
 819487
 819644
 819743
 819772
 819787
 819819
 819946
 819947
 819951
 819978
 820161
 820282
 820453
 820714
 820742
 820751
 820875
 821059
 821148
 821279
 821303
 821481
 821657
 821948
 821978
 821998
 822039
 822089
 822222
 822349
 822426
 822575
 822907
 822920
 822974
 822978
 823047
 823403
 823502
 823559
 823627
 823712
 823828
 823970
 824118
 824152
 824363
 824667
 824810
 824915
 825053
 825070
 825121
 825159
 825183
 825234
 825262
 825317
 825317
 825328
 825497
 825580
 825802
 825822
 825824
 825833
 825870
 826028
 826166
 826501
 826568
 826678
 826861
 827160
 827199
 827269
 827361
 827433
 827480
 827956
 827965
 827967
 828265
 828282
 828551
 828565
 828726
 829031
 829085
 829204
 829298
 829321
 829396
 829410
 829456
 829545
 829652
 829675
 829949
 829986
 829989
 830197
 830268
 830314
 830369
 830391
 830453
 830462
 830567
 830612
 830621
 830785
 830979
 830985
 831036
 831047
 831528
 831691
 831703
 831876
 832116
 832147
 832258
 832279
 832295
 832395
 832509
 832681
 832809
 832954
 833027
 833333
 833470
 833553
 833724
 833781
 833791
 833829
 833842
 833885
 833940
 834045
 834170
 834286
 834345
 834379
 834467
 834688
 834741
 834826
 834881
 834926
 834972
 835065
 835067
 835074
 835074
 835147
 835428
 835573
 835680
 835702
 835824
 835897
 835963
 836045
 836228
 836250
 836300
 836686
 836724
 836909
 836927
 836996
 837073
 837154
 837161
 837174
 837255
 837383
 837384
 837393
 837505
 837524
 837553
 837633
 837655
 837910
 838051
 838217
 838221
 838574
 838680
 838882
 838897
 839020
 839049
 839163
 839243
 839273
 839301
 839351
 839470
 839471
 839474
 839693
 839783
 839861
 839910
 840010
 840320
 840375
 840562
 840624
 840667
 840669
 840754
 840773
 840817
 840948
 840981
 841035
 841121
 841149
 841172
 841340
 841423
 841595
 841625
 841693
 841723
 841768
 841812
 841909
 841984
 842014
 842058
 842181
 842227
 842248
 842308
 842355
 842457
 842468
 842523
 842641
 842647
 842870
 843176
 843383
 843473
 843514
 843537
 843547
 843612
 843674
 843719
 843750
 843787
 843890
 843927
 843930
 843973
 844062
 844086
 844179
 844225
 844256
 844294
 844320
 844363
 844366
 844375
 844391
 844436
 844670
 844688
 844770
 844815
 844964
 845103
 845252
 845448
 845691
 845785
 846052
 846304
 846496
 846497
 846933
 846949
 847048
 847050
 847051
 847265
 847269
 847282
 847329
 847364
 847370
 847534
 847761
 847767
 847775
 847953
 847957
 848143
 848234
 848251
 848254
 848292
 848318
 848411
 848664
 848795
 848886
 849118
 849158
 849253
 849463
 849478
 849566
 849774
 849832
 849972
 850077
 850096
 850237
 850507
 850736
 851176
 851617
 851780
 851782
 851815
 852008
 852088
 852142
 852227
 852251
 852342
 852506
 852691
 852763
 853036
 853044
 853160
 853198
 853292
 853310
 853319
 853333
 853346
 854084
 854085
 854096
 854333
 854368
 854560
 854566
 854602
 854675
 854744
 854805
 854901
 854953
 855009
 855015
 855269
 855357
 855472
 855592
 855709
 856048
 856105
 856429
 856874
 856913
 857005
 857142
 857142
 857142
 857575
 857622
 857944
 858128
 858258
 858380
 858460
 858535
 858627
 858632
 858951
 859040
 859047
 859060
 859160
 859627
 859637
 859805
 859940
 860184
 860198
 860209
 860273
 860308
 860348
 860421
 860525
 860557
 860643
 860649
 860698
 860717
 860788
 860790
 860877
 860970
 861152
 861271
 861338
 861605
 861703
 861722
 861813
 861816
 862079
 862093
 862169
 862457
 862557
 862561
 862669
 862815
 863032
 863040
 863044
 863082
 863527
 863623
 863629
 863697
 863726
 863755
 863965
 864096
 864258
 864346
 864385
 864398
 864424
 864456
 864628
 864692
 864837
 865026
 865110
 865275
 865551
 865702
 865828
 865932
 865958
 866045
 866301
 866326
 866508
 866529
 866606
 866918
 867103
 867135
 867387
 867444
 867650
 867656
 867750
 867823
 867924
 868106
 868123
 868143
 868197
 868231
 868271
 868421
 868686
 868735
 868792
 868834
 868864
 868933
 869304
 869368
 869372
 869402
 869626
 869648
 869762
 869821
 870044
 870205
 870222
 870326
 870554
 870726
 870748
 870767
 870893
 870967
 871009
 871012
 871051
 871214
 871238
 871241
 871281
 871292
 871420
 871485
 871662
 871670
 871780
 871921
 872081
 872084
 872095
 872111
 872114
 872201
 872276
 872340
 872463
 872483
 872483
 872485
 872634
 872769
 872802
 872852
 873247
 873269
 873417
 873759
 873883
 874015
 874035
 874236
 874481
 874524
 874740
 874755
 874756
 874764
 874847
 874923
 874954
 874972
 875032
 875048
 875103
 875239
 875322
 875331
 875346
 875395
 875439
 875450
 875688
 875804
 876117
 876139
 876224
 876339
 876354
 876374
 876459
 876477
 876551
 876600
 876803
 876837
 876977
 877038
 877103
 877127
 877173
 877238
 877374
 877439
 877580
 877608
 877684
 877765
 877869
 877907
 878314
 878373
 878418
 878450
 878700
 878934
 878978
 879014
 879187
 879238
 879249
 879253
 879271
 879322
 879440
 879552
 879693
 879744
 879792
 879815
 879864
 880288
 880341
 880537
 880657
 880886
 881002
 881060
 881091
 881133
 881387
 881452
 881617
 881624
 881625
 881668
 882132
 882265
 882316
 882352
 882495
 882558
 882595
 882668
 882759
 882852
 882889
 882947
 883075
 883190
 883372
 883454
 883807
 883817
 883838
 883852
 883945
 883956
 884230
 884250
 884353
 884483
 884608
 884695
 884859
 884894
 884955
 884972
 885029
 885034
 885355
 885618
 885622
 885677
 885781
 885804
 885915
 885915
 885937
 886091
 886113
 886169
 886209
 886273
 886518
 886522
 886750
 886777
 886780
 886823
 887390
 887399
 887656
 887804
 887811
 887816
 887842
 887937
 887950
 887999
 888065
 888065
 888170
 888308
 888620
 888822
 888956
 888970
 889064
 889094
 889111
 889361
 889417
 889460
 889917
 890092
 890131
 890196
 890278
 890323
 890437
 890440
 890630
 890726
 890770
 890783
 890884
 890935
 891036
 891168
 891170
 891203
 891266
 891327
 891488
 891668
 891686
 891695
 891880
 891891
 891895
 891931
 891946
 891972
 892018
 892266
 892312
 892313
 892394
 892415
 892416
 892442
 892485
 892494
 892498
 892537
 892649
 892677
 892774
 892944
 892945
 892959
 893044
 893169
 893249
 893308
 893311
 893322
 893352
 893432
 893437
 893532
 893623
 893661
 893884
 893904
 893909
 894147
 894308
 894708
 894837
 895001
 895114
 895160
 895423
 895615
 895674
 895782
 895999
 896008
 896084
 896279
 896478
 896541
 896606
 896728
 896744
 897043
 897169
 897386
 897484
 897737
 897919
 898065
 898103
 898305
 898393
 898427
 898532
 898583
 898642
 898815
 898966
 898978
 899004
 899152
 899305
 899505
 899554
 899597
 899678
 899738
 899816
 899856
 899857
 899883
 899955
 900178
 900242
 900763
 900860
 900878
 900954
 900981
 901560
 901618
 901621
 901901
 902078
 902092
 902104
 902274
 902323
 902400
 902484
 902867
 902964
 902973
 903140
 903214
 903217
 903249
 903349
 903389
 903860
 903980
 903994
 904109
 904324
 904631
 904677
 904761
 904868
 904915
 904919
 904934
 905047
 905070
 905179
 905189
 905361
 905456
 905479
 905501
 905546
 905547
 905553
 905562
 905566
 905731
 905942
 906073
 906098
 906232
 906423
 906488
 906535
 906573
 906574
 906579
 906713
 906984
 907091
 907120
 907250
 907296
 907317
 907346
 907609
 907619
 907667
 907716
 907820
 907924
 907974
 908045
 908235
 908283
 908410
 908449
 908476
 908558
 908590
 908620
 909228
 909233
 909386
 909394
 909404
 909461
 909484
 909486
 909641
 909738
 909915
 910004
 910076
 910097
 910186
 910235
 910256
 910460
 910513
 910574
 910739
 910831
 910981
 911242
 911254
 911265
 911325
 911543
 911586
 911730
 911752
 911897
 911995
 912000
 912081
 912090
 912094
 912302
 912312
 912331
 912603
 913180
 913476
 913513
 913532
 913670
 914150
 914288
 914307
 914381
 914568
 914700
 914725
 914798
 914945
 915201
 915208
 915233
 915362
 915380
 915474
 915484
 915492
 915552
 915683
 915804
 915913
 915927
 916242
 916326
 916344
 916428
 916539
 916594
 916632
 916645
 916666
 916666
 916706
 916837
 916964
 917094
 917154
 917165
 917249
 917393
 917421
 917444
 917582
 917589
 917874
 918423
 918436
 918474
 918483
 918510
 918518
 918635
 918707
 918709
 918727
 918799
 918803
 918875
 919045
 919060
 919110
 919282
 919354
 919446
 919666
 919678
 919796
 920010
 920152
 920184
 920211
 920477
 920574
 920634
 920652
 920689
 920900
 920931
 921034
 921118
 921283
 921338
 921369
 921558
 921619
 921637
 921641
 921645
 921655
 921702
 921753
 921826
 921973
 921990
 922047
 922123
 922252
 922270
 922409
 922469
 922486
 922643
 922681
 922694
 922800
 922834
 922916
 922944
 922959
 922961
 922985
 923183
 923242
 923340
 923401
 923433
 923443
 923446
 923462
 923478
 923533
 923600
 923605
 923611
 923643
 923831
 923867
 923956
 923960
 924118
 924279
 924462
 924472
 924596
 924689
 924786
 924919
 924922
 925547
 925625
 925678
 925701
 926012
 926078
 926359
 926389
 926440
 926448
 926490
 926589
 926863
 926872
 926892
 926979
 927125
 927272
 927371
 927472
 927547
 927602
 927650
 927680
 927927
 927970
 928104
 928112
 928219
 928644
 928677
 928926
 929018
 929205
 929232
 929347
 929356
 929518
 929765
 929941
 929973
 930248
 930324
 930386
 930458
 930464
 930694
 930821
 930966
 931368
 931620
 931688
 931705
 931720
 931741
 931799
 931987
 932096
 932292
 932471
 932503
 932531
 932596
 932761
 932773
 932777
 932868
 933014
 933029
 933094
 933333
 933403
 933426
 933473
 933597
 933798
 934186
 934200
 934230
 934359
 934418
 934460
 934613
 934684
 934697
 934725
 934902
 934999
 935166
 935195
 935483
 935535
 935989
 935997
 936040
 936056
 936154
 936243
 936250
 936415
 936620
 936623
 936723
 936758
 936903
 936926
 936933
 937100
 937143
 937356
 937491
 937542
 937767
 937774
 937914
 938039
 938057
 938271
 938634
 938700
 938782
 938854
 938897
 938906
 938938
 938966
 938984
 939099
 939313
 939575
 939650
 939670
 939930
 940069
 940076
 940274
 940290
 940314
 940371
 940523
 940547
 940587
 940765
 940842
 940889
 940912
 940944
 941074
 941644
 941657
 941710
 941769
 941783
 941920
 941954
 942120
 942199
 942534
 942760
 942867
 942938
 943022
 943178
 943181
 943226
 943332
 943400
 943443
 943460
 943495
 943820
 943842
 943874
 943881
 943894
 943933
 944065
 944118
 944145
 944228
 944294
 944483
 944519
 944753
 944881
 945021
 945166
 945215
 945547
 945578
 945633
 945690
 945811
 945853
 945927
 945945
 946171
 946204
 946322
 946430
 946444
 946555
 946597
 946619
 946648
 946702
 946772
 946783
 946866
 946939
 947288
 947416
 947564
 947615
 947642
 947649
 947712
 947890
 947961
 947963
 948061
 948264
 948344
 948402
 948453
 948518
 948670
 948750
 948838
 948845
 948957
 949123
 949214
 949227
 949526
 949702
 949707
 949743
 949884
 950135
 950229
 950268
 950295
 950343
 950441
 950769
 950779
 950886
 951020
 951028
 951055
 951228
 951274
 951281
 951420
 951667
 951772
 951820
 951855
 952002
 952017
 952027
 952052
 952502
 952877
 952877
 953061
 953106
 953124
 953147
 953231
 953288
 953376
 953464
 953496
 953602
 953752
 953793
 953880
 953892
 954043
 954061
 954166
 954289
 954397
 954470
 954576
 954625
 954684
 954824
 954824
 954824
 955178
 955201
 955236
 955287
 955325
 955510
 955609
 955678
 955824
 955862
 955910
 955930
 955957
 956146
 956521
 956653
 956699
 956803
 956859
 956902
 957035
 957200
 957203
 957311
 957401
 957699
 957746
 957759
 958089
 958252
 958257
 958317
 958366
 958499
 958500
 958768
 958772
 958833
 959216
 959276
 959497
 959675
 959680
 959708
 959915
 959916
 960253
 960372
 960389
 960413
 960591
 960591
 960814
 961116
 961246
 961426
 961663
 961669
 961876
 961910
 961939
 962137
 962275
 962459
 962468
 962621
 962699
 962721
 962724
 962836
 962870
 962962
 963123
 963569
 963652
 963709
 963802
 963867
 963973
 964060
 964235
 964293
 964377
 964550
 964581
 964705
 964710
 964746
 964787
 964801
 964802
 964936
 965114
 965157
 965256
 965347
 965423
 965466
 965514
 965524
 965616
 965630
 965644
 965648
 965920
 966000
 966111
 966146
 966215
 966269
 966435
 966513
 966584
 966677
 966691
 966754
 966777
 966837
 966934
 966959
 967069
 967179
 967200
 967323
 967422
 967479
 967526
 967545
 967847
 967877
 967955
 968294
 968313
 968362
 968713
 968722
 968779
 968924
 969021
 969032
 969041
 969046
 969057
 969070
 969135
 969174
 969266
 969287
 969299
 969347
 969471
 969506
 969652
 969712
 969759
 969818
 969842
 969940
 969976
 970061
 970126
 970275
 970365
 970693
 970755
 970776
 970847
 971019
 971051
 971128
 971204
 971243
 971271
 971325
 971349
 971631
 971868
 971975
 971984
 972113
 972125
 972142
 972475
 972477
 972633
 972861
 972869
 972932
 972954
 973133
 973316
 973346
 973755
 973820
 973870
 973879
 973951
 973973
 974008
 974013
 974068
 974092
 974205
 974212
 974265
 974573
 974597
 974601
 974641
 974870
 974899
 974960
 975135
 975213
 975263
 975426
 975584
 975778
 975900
 975989
 976034
 976272
 976302
 976434
 976478
 976612
 976812
 976855
 976915
 977082
 977286
 977485
 977640
 977728
 977809
 977866
 977891
 977895
 977928
 977990
 978036
 978086
 978103
 978139
 978556
 978676
 978910
 978920
 979020
 979167
 979477
 979625
 979636
 979737
 980148
 980162
 980392
 980459
 980502
 980529
 980742
 980814
 980888
 981201
 981278
 981409
 981493
 981563
 981689
 981704
 981794
 982129
 982223
 982556
 982719
 982901
 982939
 982948
 983066
 983103
 983203
 983273
 983280
 983311
 983524
 983533
 983687
 984067
 984157
 984263
 984347
 984525
 984935
 985095
 985207
 985214
 985315
 985382
 985462
 985539
 985581
 985614
 985664
 985748
 985764
 985767
 985865
 985875
 986046
 986212
 986387
 986407
 986408
 986439
 986636
 986863
 987387
 987431
 987474
 987517
 988019
 988057
 988072
 988104
 988148
 988245
 988398
 988538
 988626
 988711
 988720
 988764
 988835
 988994
 989100
 989227
 989289
 989760
 989761
 989775
 989845
 989878
 989958
 990203
 990352
 990615
 990624
 990705
 990838
 990910
 991089
 991101
 991170
 991500
 991583
 991584
 991639
 991701
 991705
 991771
 991882
 992048
 992198
 992335
 992458
 992644
 992729
 992751
 992876
 993080
 993113
 993339
 993439
 993612
 993661
 993932
 993948
 994059
 994068
 994096
 994200
 994266
 994427
 994451
 994459
 994474
 994664
 994965
 995028
 995095
 995114
 995210
 995272
 995368
 995633
 995710
 995748
 995791
 995947
 996092
 996299
 996345
 996362
 996422
 996726
 996832
 996862
 996906
 996996
 997069
 997214
 997379
 997566
 997568
 997582
 997624
 997662
 997663
 997736
 997802
 998012
 998019
 998074
 998106
 998216
 998343
 998348
 998425
 998464
 998580
 998619
 998671
 998680
 998860
 998927
 999218
 999318
 999550
 999641
 999682
 999708
 999806
 999904
 