0
 0
 0
 0
 0
 0
 0
 0
 0
 0
 0
 0
 211
 415
 531
 611
 651
 831
 884
 1190
 1298
 1391
 1406
 1437
 1439
 1445
 1512
 1671
 1738
 1784
 1798
 2011
 2359
 2416
 2911
 2924
 2956
 2992
 3014
 3157
 3158
 3178
 3186
 3553
 3587
 3593
 3734
 3759
 3786
 3789
 3790
 3805
 4060
 4073
 4075
 4426
 4576
 4657
 4748
 4846
 4919
 4921
 5001
 5237
 5267
 5339
 5347
 5347
 5350
 5412
 5821
 6022
 6143
 6248
 6337
 6440
 6518
 6607
 6654
 6678
 6760
 6931
 7169
 7328
 7487
 7490
 7619
 7636
 7722
 7736
 8071
 8125
 8133
 8365
 8643
 8779
 8804
 8847
 8869
 9199
 9818
 9900
 10040
 10067
 10277
 10280
 10317
 10407
 10538
 10552
 10859
 10917
 11023
 11135
 11137
 11176
 11271
 11341
 11342
 11459
 11615
 11648
 11831
 12065
 12137
 12156
 12314
 12344
 12658
 12810
 12836
 12848
 13059
 13157
 13346
 13352
 13353
 14060
 14108
 14462
 14629
 14673
 14675
 14744
 14851
 14985
 15044
 15059
 15133
 15232
 15415
 15483
 15516
 15517
 15611
 15690
 15721
 15810
 15936
 16001
 16098
 16216
 16604
 16678
 16698
 16720
 17006
 17199
 17254
 17263
 17310
 17388
 17451
 17535
 17581
 17645
 17786
 17806
 17818
 17907
 17964
 18101
 18296
 18299
 18579
 18732
 18734
 18739
 19127
 19212
 19241
 19266
 19269
 19379
 19437
 19509
 19680
 19935
 20009
 20104
 20139
 20146
 20156
 20189
 20202
 20358
 20441
 20452
 20459
 20749
 20953
 21120
 21134
 21446
 21505
 21645
 21837
 21868
 21980
 22046
 22409
 22452
 22528
 22573
 22621
 22675
 22873
 22978
 23016
 23035
 23069
 23283
 23372
 23376
 23656
 23836
 23841
 23846
 23899
 23907
 24029
 24309
 24390
 24483
 24507
 24536
 24560
 24609
 24644
 24687
 24873
 25153
 25339
 25478
 25501
 25581
 25633
 25658
 25958
 26086
 26222
 26244
 26466
 26867
 26869
 26958
 27154
 27215
 27250
 27264
 27323
 27344
 27522
 27565
 27672
 27724
 27850
 27886
 27969
 28052
 28170
 28328
 28354
 28505
 28542
 28561
 28622
 28662
 28702
 28985
 29083
 29152
 29238
 29462
 29511
 29789
 29853
 29869
 29886
 29899
 30034
 30163
 30175
 30177
 30182
 30187
 30204
 30406
 30591
 30744
 30849
 31349
 31418
 31620
 31690
 31881
 31919
 31925
 32124
 32371
 32579
 32663
 32960
 33140
 33178
 33230
 33272
 33323
 33592
 33618
 33952
 34041
 34261
 34323
 34374
 34513
 34582
 34765
 34825
 34886
 34898
 34975
 35022
 35099
 35174
 35229
 35236
 35268
 35294
 35403
 35490
 35528
 35633
 35799
 35859
 35862
 36041
 36130
 36154
 36229
 36262
 36421
 36652
 36676
 36793
 36794
 37001
 37037
 37236
 37250
 37338
 37465
 37683
 37697
 37817
 38076
 38114
 38149
 38240
 38256
 38270
 38469
 38539
 38606
 38640
 38698
 38707
 38717
 38777
 38924
 39113
 39140
 39314
 39366
 39580
 39683
 39692
 39862
 39893
 40047
 40119
 40162
 40167
 40280
 40352
 40523
 40568
 40752
 41022
 41602
 41700
 41945
 42224
 42269
 42271
 42449
 42911
 43059
 43087
 43129
 43336
 43383
 43595
 43730
 43840
 43984
 44066
 44069
 44097
 44382
 44579
 44637
 44899
 44943
 45076
 45290
 45325
 45565
 45811
 45834
 45925
 45977
 46055
 46133
 46146
 46166
 46219
 46359
 46425
 46444
 46464
 46563
 46916
 47080
 47244
 47338
 47367
 47409
 47580
 47667
 47725
 47888
 47941
 48025
 48097
 48145
 48211
 48288
 48484
 48854
 48893
 49059
 49174
 49302
 49334
 49335
 49366
 49377
 49661
 49748
 49780
 49936
 49938
 49982
 50000
 50107
 50183
 50406
 50482
 50561
 50632
 50824
 50833
 50839
 50847
 50847
 50939
 51100
 51222
 51246
 51287
 51375
 51460
 51490
 51510
 51646
 51673
 51717
 51747
 51833
 52277
 52490
 52568
 52593
 52631
 52744
 52835
 53032
 53051
 53055
 53078
 53082
 53116
 53127
 53231
 53456
 53495
 53536
 53572
 53616
 53919
 54006
 54045
 54286
 54393
 54460
 54547
 54836
 54992
 55255
 55296
 55355
 55384
 55416
 55512
 55559
 55739
 55879
 56000
 56005
 56125
 56206
 56307
 56320
 56428
 56642
 56990
 57012
 57020
 57048
 57118
 57310
 57328
 57365
 57403
 57464
 57532
 57609
 57695
 57762
 57978
 58113
 58153
 58158
 58265
 58620
 58626
 58643
 58763
 58823
 58823
 59052
 59223
 59250
 59395
 59502
 59583
 59686
 59889
 60042
 60334
 60353
 60369
 60422
 60521
 60573
 60815
 60943
 61252
 61273
 61337
 61337
 61415
 61566
 61612
 61810
 61897
 61923
 62146
 62306
 62722
 62741
 62819
 62857
 62909
 62995
 63291
 63309
 63872
 64056
 64082
 64340
 64516
 64516
 64546
 64702
 65113
 65405
 65520
 65559
 65590
 65903
 66012
 66033
 66303
 66492
 66666
 66701
 66747
 66937
 66976
 67136
 67452
 67545
 67599
 67624
 67699
 67776
 67923
 67924
 68095
 68263
 68347
 68439
 68670
 68761
 69028
 69082
 69252
 69359
 69457
 69544
 69568
 69572
 69598
 69655
 69710
 69949
 70073
 70258
 70303
 70418
 71235
 71301
 71345
 71490
 71666
 71680
 71729
 71831
 71906
 72092
 72453
 72538
 72545
 72625
 72644
 72670
 72721
 72744
 72745
 72814
 72935
 72943
 73030
 73044
 73159
 73216
 73222
 73426
 73437
 73806
 73941
 73973
 73985
 74007
 74016
 74111
 74408
 74501
 74615
 74626
 74877
 74926
 75141
 75173
 75635
 75908
 75973
 75998
 76010
 76035
 76068
 76185
 76202
 76284
 76343
 76362
 76382
 76404
 76465
 76484
 76523
 76593
 76793
 76825
 76845
 76866
 77160
 77167
 77209
 77232
 77269
 77280
 77463
 77546
 77561
 77922
 78163
 78255
 78538
 78547
 78805
 78864
 78921
 78963
 79287
 79315
 79388
 79448
 79575
 79608
 79683
 79933
 79948
 79952
 79999
 80000
 80046
 80060
 80145
 80150
 80202
 80226
 80296
 80301
 80453
 80750
 80778
 81065
 81081
 81145
 81156
 81351
 81500
 81509
 81638
 81664
 81797
 81812
 82033
 82041
 82048
 82214
 82308
 82468
 82630
 82726
 82866
 83195
 83285
 83350
 83462
 83463
 83466
 83474
 83499
 83545
 83630
 83670
 83724
 83761
 84021
 84064
 84316
 84397
 84415
 84503
 84777
 84829
 84979
 85022
 85046
 85083
 85203
 85259
 85311
 85318
 85594
 85630
 85661
 85714
 86277
 86492
 86705
 86778
 86829
 86868
 87160
 87207
 87286
 87603
 87706
 87723
 87745
 87761
 87885
 87912
 87952
 87971
 88108
 88113
 88123
 88385
 88393
 88428
 88450
 88572
 88643
 88745
 89048
 89084
 89087
 89093
 89095
 89152
 89160
 89190
 89260
 89558
 89633
 89664
 89698
 89784
 89788
 89858
 89887
 90090
 90458
 90829
 90909
 90946
 91062
 91071
 91080
 91084
 91105
 91241
 91342
 91564
 91864
 91988
 92050
 92316
 92360
 92366
 92388
 92409
 92432
 92434
 92624
 92729
 92783
 92791
 93001
 93037
 93046
 93248
 93345
 93379
 93463
 93468
 93469
 93607
 93619
 93689
 93782
 93921
 93944
 93976
 94148
 94306
 94325
 94339
 94442
 94688
 94729
 95238
 95345
 95360
 95702
 95848
 95905
 95956
 95990
 96120
 96321
 96357
 96490
 96515
 96623
 96704
 96740
 96785
 96918
 96980
 97101
 97134
 97218
 97302
 97353
 97560
 97577
 98563
 98735
 98922
 98967
 99065
 99270
 99396
 99456
 99518
 99566
 99638
 99691
 99715
 99716
 99979
 100172
 100386
 100688
 100731
 100817
 101033
 101062
 101107
 101123
 101385
 101510
 101562
 101810
 102431
 102502
 102535
 102821
 102855
 102915
 102980
 103093
 103213
 103419
 103425
 103585
 103626
 103778
 103858
 104008
 104023
 104048
 104064
 104101
 104319
 104346
 104498
 104632
 104728
 104763
 104810
 104867
 104972
 105196
 105397
 105656
 105769
 105852
 105892
 105909
 105989
 106113
 106256
 106494
 106564
 106573
 106662
 106797
 107068
 107706
 108122
 108196
 108255
 108389
 108407
 108470
 108486
 108508
 108518
 108653
 108664
 108702
 108855
 108948
 109027
 109033
 109056
 109178
 109366
 109441
 109564
 109725
 109915
 110004
 110090
 110326
 110347
 110398
 110445
 110600
 110694
 110905
 110948
 111184
 111214
 111223
 111324
 111426
 111686
 111797
 111917
 112012
 112142
 112299
 112324
 112543
 112781
 112891
 113008
 113094
 113264
 113754
 113779
 113818
 113954
 113994
 113995
 114084
 114127
 114150
 114212
 114233
 114312
 114418
 114436
 114537
 114644
 114650
 114724
 114997
 115058
 115072
 115316
 115381
 115393
 115430
 115495
 115626
 115944
 116056
 116233
 116234
 116695
 116819
 116827
 117121
 117125
 117220
 117241
 117296
 117507
 117667
 117683
 117750
 117825
 117903
 118078
 118130
 118165
 118386
 118397
 118613
 118617
 118849
 118930
 119106
 119287
 119346
 119375
 119505
 119517
 119858
 119989
 120096
 120104
 120202
 120300
 120468
 120578
 120719
 120756
 120825
 120834
 120917
 120990
 121086
 121161
 121354
 121356
 121380
 121435
 121562
 121878
 122062
 122264
 122366
 122534
 122753
 122762
 122807
 122821
 122923
 123344
 123391
 123399
 123449
 123609
 123646
 123783
 123910
 123943
 123966
 124035
 124063
 124075
 124125
 124230
 124419
 124450
 124659
 124741
 124824
 124905
 124917
 125000
 125018
 125052
 125066
 125080
 125101
 125220
 125449
 125546
 125559
 125685
 125698
 125789
 125801
 125847
 125854
 125936
 126104
 126344
 126436
 126546
 126594
 126751
 126863
 126870
 126891
 127037
 127124
 127141
 127247
 127272
 127504
 127516
 127558
 127608
 127631
 127664
 127670
 127682
 127786
 127803
 127861
 127890
 127952
 127999
 128018
 128436
 128451
 128502
 128533
 128562
 128623
 128664
 128665
 128716
 128742
 128796
 128940
 129032
 129174
 129597
 129703
 129730
 129890
 130037
 130064
 130137
 130248
 130410
 130419
 130488
 130988
 131001
 131127
 131204
 131587
 131672
 131695
 131715
 131899
 131965
 132196
 132374
 132409
 132414
 132571
 132797
 132882
 132894
 133472
 133481
 133647
 133866
 133893
 134135
 134172
 134195
 134418
 134631
 134831
 134869
 134907
 135008
 135058
 135395
 135662
 135679
 136009
 136248
 136342
 136363
 136429
 136602
 136722
 136772
 136818
 136914
 137014
 137050
 137221
 137377
 137396
 137825
 137859
 138119
 138321
 138410
 138434
 138498
 138521
 138577
 138610
 138613
 138637
 138674
 139066
 139118
 139377
 139465
 139611
 139617
 139662
 139744
 139796
 139853
 139900
 139934
 139952
 140017
 140024
 140065
 140068
 140437
 140452
 140512
 140725
 140780
 140888
 141049
 141098
 141118
 141242
 141251
 141430
 141844
 141864
 141875
 141883
 141945
 142062
 142076
 142204
 142275
 142389
 142606
 142646
 142650
 142819
 142857
 142857
 142857
 143065
 143110
 143251
 143348
 143475
 143678
 143686
 143708
 143749
 143783
 143887
 143951
 144006
 144195
 144275
 144420
 144554
 144627
 144710
 144719
 144743
 144838
 144874
 144974
 145021
 145180
 145397
 145536
 145978
 146067
 146099
 146445
 146474
 146532
 146592
 146631
 146774
 146881
 147289
 147306
 147431
 147458
 147487
 147640
 147657
 147725
 147759
 147837
 147839
 147880
 148035
 148064
 148076
 148264
 148478
 148507
 148710
 148877
 148981
 149365
 149388
 149502
 149858
 149940
 150025
 150110
 150142
 150227
 150270
 150313
 150345
 150448
 150647
 150660
 150707
 150810
 150931
 150944
 151015
 151123
 151440
 151440
 151531
 151751
 151808
 151843
 151883
 151898
 152006
 152031
 152139
 152143
 152192
 152509
 152747
 152817
 152935
 153043
 153071
 153337
 153386
 153387
 153398
 153434
 153445
 153451
 153587
 153634
 153682
 153846
 153971
 154074
 154124
 154237
 154245
 154296
 154580
 154862
 154862
 155130
 155419
 155449
 155486
 155540
 155706
 155765
 155802
 155858
 155944
 156173
 156265
 156270
 156313
 156390
 156402
 156511
 156661
 156698
 156751
 156825
 157007
 157030
 157048
 157056
 157107
 157198
 157232
 157252
 157307
 157377
 157437
 157449
 157506
 157512
 157622
 157634
 157708
 157850
 157963
 157991
 158153
 158200
 158482
 158570
 158599
 158646
 158675
 158738
 158849
 158926
 159178
 159186
 159319
 159402
 159475
 159607
 159737
 159851
 160080
 160086
 160098
 160100
 160107
 160173
 160291
 160295
 160333
 160357
 160394
 160423
 160436
 160445
 160455
 160505
 160529
 160644
 160700
 160772
 160782
 160832
 160997
 161126
 161233
 161244
 161290
 161570
 161684
 161742
 162050
 162058
 162192
 162769
 162803
 163062
 163066
 163197
 163243
 163336
 163345
 163437
 164042
 164093
 164196
 164300
 164362
 164372
 164413
 164461
 164489
 164608
 164742
 164789
 164862
 164966
 165217
 165335
 165364
 165461
 165475
 165507
 165526
 165781
 165826
 166273
 166305
 166381
 166555
 166624
 166757
 166851
 166898
 167401
 167628
 167666
 167692
 167913
 167973
 168411
 168494
 168555
 168564
 168727
 168807
 168865
 169134
 169230
 169587
 169811
 170005
 170021
 170040
 170103
 170111
 170148
 170201
 170251
 170423
 170462
 170486
 170918
 171080
 171091
 171133
 171276
 171320
 171591
 171755
 171794
 171808
 171810
 171821
 171866
 172430
 172527
 172623
 172711
 172784
 172899
 173034
 173132
 173273
 173274
 173296
 173305
 173388
 173609
 173766
 173930
 174089
 174296
 174383
 174673
 174807
 174851
 174882
 174920
 175046
 175161
 175202
 175292
 175418
 175425
 175429
 175438
 175526
 175569
 175651
 175937
 175976
 176000
 176019
 176108
 176131
 176132
 176307
 176379
 176543
 176694
 176858
 177091
 177365
 177382
 177444
 177634
 177847
 177931
 178175
 178235
 178256
 178309
 178325
 178385
 178557
 178593
 178595
 178674
 178677
 178760
 178838
 178912
 178992
 178995
 179022
 179395
 179619
 179739
 179806
 179861
 179943
 180020
 180149
 180209
 180573
 180614
 180696
 180812
 180822
 180955
 181055
 181114
 181138
 181200
 181254
 181277
 181311
 181342
 181494
 181689
 181859
 181867
 182260
 182264
 182300
 182325
 182389
 182426
 182445
 182466
 182472
 182528
 182572
 182711
 182749
 182829
 182919
 182953
 183067
 183108
 183202
 183227
 183465
 183499
 183532
 183585
 183615
 183646
 183958
 184013
 184032
 184045
 184234
 184646
 184668
 184713
 184791
 184941
 184978
 184982
 185061
 185185
 185238
 185378
 185397
 185443
 185498
 185665
 185666
 185739
 185752
 185779
 185895
 185959
 186249
 186294
 186336
 186425
 186452
 186495
 186599
 186617
 186653
 186758
 186865
 186918
 186942
 186991
 187006
 187128
 187237
 187402
 187600
 187640
 187851
 187955
 188162
 188379
 188529
 188700
 188803
 188820
 188904
 189013
 189227
 189368
 189509
 189699
 189873
 189888
 190156
 190342
 190363
 190413
 190459
 190635
 190769
 190875
 191163
 191216
 191355
 191378
 191392
 191479
 191489
 191732
 191798
 191798
 191919
 191919
 191959
 191984
 192021
 192036
 192101
 192244
 192265
 192280
 192390
 192660
 192691
 192775
 193148
 193276
 193308
 193397
 193558
 193621
 193625
 193728
 193733
 193810
 193881
 193910
 193940
 194211
 194259
 194302
 194328
 194380
 194403
 194407
 194514
 194535
 194605
 194640
 194718
 194724
 194727
 194942
 194947
 194986
 195007
 195011
 195114
 195359
 195392
 195521
 195592
 195609
 195665
 195671
 195718
 195874
 195943
 195953
 195953
 195953
 196078
 196109
 196314
 196370
 196403
 196410
 196444
 196468
 196492
 196503
 196645
 196664
 196953
 197120
 197152
 197167
 197186
 197483
 197763
 198099
 198129
 198144
 198235
 198284
 198312
 198369
 198414
 198461
 198597
 198655
 198716
 198734
 199010
 199134
 199161
 199252
 199337
 199350
 199567
 199627
 199667
 199804
 199853
 200000
 200258
 200286
 200329
 200380
 200626
 200772
 200899
 200904
 201022
 201043
 201212
 201275
 201466
 201540
 201657
 201658
 201727
 201775
 201804
 201944
 202064
 202091
 202098
 202190
 202224
 202267
 202276
 202311
 202318
 202366
 202619
 202725
 202974
 203007
 203060
 203072
 203090
 203112
 203150
 203464
 203465
 203550
 203604
 203676
 203825
 203959
 204008
 204266
 204679
 204786
 204799
 204942
 204960
 205068
 205400
 205529
 205546
 205869
 205989
 206010
 206106
 206222
 206363
 206378
 206614
 206675
 206839
 207256
 207303
 207593
 207630
 207735
 207760
 207798
 207891
 208114
 208208
 208235
 208307
 208495
 208711
 208786
 208792
 208929
 208948
 208990
 209036
 209124
 209129
 209183
 209208
 209758
 209875
 209902
 210020
 210248
 210277
 210315
 210481
 210500
 210760
 210768
 210826
 210844
 210870
 210935
 211253
 211267
 211357
 211382
 211393
 211412
 211443
 211464
 211572
 211764
 211820
 211920
 211985
 211989
 211990
 212085
 212219
 212321
 212366
 212377
 212424
 212806
 212882
 213175
 213373
 213442
 213469
 213495
 213593
 213683
 213745
 213811
 214093
 214118
 214196
 214270
 214285
 214397
 214425
 214514
 214573
 214646
 214714
 214736
 215100
 215297
 215527
 215572
 215701
 215936
 216119
 216124
 216277
 216676
 216700
 216910
 217252
 217391
 217601
 217657
 217780
 217966
 218012
 218025
 218188
 218404
 218426
 218461
 218581
 218585
 218651
 218776
 218839
 219193
 219254
 219378
 219412
 219462
 219474
 219532
 219704
 219806
 220138
 220241
 220245
 220315
 220388
 220417
 220418
 220440
 220472
 220832
 220833
 220994
 221092
 221103
 221132
 221174
 221338
 221347
 221599
 221629
 221827
 222023
 222030
 222408
 222436
 222475
 222627
 222659
 222691
 222721
 222766
 222779
 222852
 222868
 222889
 223043
 223344
 223388
 223412
 223420
 223426
 223449
 223451
 223656
 223729
 223742
 223852
 224077
 224134
 224142
 224262
 224299
 224344
 224570
 224573
 224606
 224814
 224937
 225026
 225036
 225053
 225112
 225130
 225170
 225228
 225405
 225432
 225521
 225547
 225659
 225820
 226130
 226277
 226445
 226622
 226653
 226751
 226791
 226885
 226916
 227097
 227234
 227336
 227447
 227520
 227585
 227739
 227744
 227802
 227842
 227905
 228274
 228544
 228811
 228828
 229044
 229107
 229193
 229313
 229590
 229747
 229829
 229926
 230051
 230103
 230268
 230414
 230414
 230425
 230463
 230638
 230769
 230781
 230881
 230897
 230929
 230967
 231050
 231060
 231106
 231116
 231170
 231256
 231277
 231278
 231381
 231454
 231806
 231902
 231960
 232211
 232378
 232536
 232537
 232718
 232748
 232766
 232892
 232904
 232965
 233010
 233143
 233440
 233489
 233609
 233766
 233899
 233909
 233986
 234285
 234298
 234332
 234396
 234413
 234444
 234630
 234758
 234854
 234942
 235018
 235038
 235059
 235154
 235204
 235253
 235332
 235335
 235361
 235459
 235668
 235866
 235884
 236071
 236180
 236231
 236311
 236325
 236344
 236460
 236506
 236523
 236559
 236672
 236832
 237236
 237265
 237354
 237446
 237465
 237689
 237708
 237730
 237867
 238036
 238114
 238212
 238528
 238586
 238938
 239028
 239081
 239254
 239547
 239551
 239780
 239845
 239937
 239981
 240071
 240208
 240315
 240527
 240740
 240885
 240956
 240961
 241183
 241229
 241261
 241504
 241538
 241577
 241720
 241758
 241783
 241802
 242020
 242164
 242232
 242256
 242262
 242472
 242537
 242539
 242587
 243074
 243091
 243137
 243374
 243531
 243550
 243692
 243804
 243969
 244147
 244192
 244267
 244274
 244327
 244358
 244444
 244477
 244793
 244839
 244984
 245085
 245153
 245411
 245486
 245614
 246170
 246390
 246446
 246495
 246543
 246589
 247051
 247188
 247208
 247249
 247300
 247619
 247701
 248062
 248068
 248128
 248554
 248574
 248598
 248621
 248708
 248806
 248890
 249028
 249070
 249297
 249329
 249427
 249432
 249869
 250019
 250104
 250224
 250261
 250381
 250500
 250562
 250857
 250885
 251064
 251313
 251445
 251449
 251460
 251527
 251624
 251699
 251801
 251885
 251958
 252107
 252239
 252278
 252596
 252644
 252644
 252714
 252989
 253042
 253232
 253261
 253370
 253524
 253845
 253939
 253948
 253968
 253971
 254129
 254214
 254393
 254488
 254515
 254580
 254582
 254631
 254708
 254835
 254963
 254994
 254996
 255301
 255319
 255373
 255397
 255516
 255539
 255610
 255723
 255745
 255860
 255869
 255960
 255984
 256043
 256044
 256098
 256127
 256242
 256281
 256324
 256383
 256653
 256725
 256795
 256851
 256894
 257130
 257139
 257179
 257232
 257385
 257438
 257452
 257713
 257792
 257945
 258472
 258624
 258651
 258701
 258804
 258852
 258964
 259431
 259752
 259752
 259809
 259837
 260098
 260169
 260389
 260391
 260490
 260564
 260763
 260927
 261023
 261194
 261386
 261418
 261453
 261737
 261744
 261789
 261813
 262045
 262173
 262188
 262422
 262440
 262464
 262594
 262600
 262642
 262730
 262773
 262784
 262939
 262941
 263000
 263060
 263120
 263137
 263190
 263226
 263309
 263382
 263428
 263500
 263509
 263537
 263660
 263822
 263895
 264058
 264140
 264175
 264181
 264357
 264474
 264518
 264608
 264703
 264781
 264822
 264822
 265002
 265171
 265188
 265203
 265264
 265306
 265306
 265396
 265468
 265553
 265616
 265657
 265682
 265753
 265890
 265895
 266038
 266187
 266548
 266648
 266854
 267015
 267029
 267199
 267465
 267478
 267553
 267818
 267873
 267970
 268011
 268070
 268310
 268471
 268647
 268736
 268923
 268941
 268963
 268997
 269067
 269090
 269134
 269196
 269330
 269398
 269415
 269592
 269623
 269635
 269743
 269815
 269894
 270141
 270206
 270223
 270283
 270329
 270390
 270403
 270481
 270511
 270657
 270713
 270960
 271258
 271292
 271595
 271626
 271701
 271956
 271977
 272391
 272469
 272520
 272590
 272630
 272705
 272720
 272801
 272876
 273291
 273356
 273383
 273521
 273657
 273813
 273915
 273977
 274010
 274047
 274354
 274487
 274536
 274558
 274651
 274687
 274746
 274770
 274859
 274872
 274985
 275019
 275071
 275118
 275171
 275252
 275260
 275731
 275741
 275746
 276037
 276129
 276134
 276174
 276288
 276368
 276391
 276418
 276450
 276495
 276837
 276875
 276881
 277005
 277468
 277699
 277832
 277925
 278026
 278117
 278169
 278177
 278198
 278399
 278410
 278468
 278975
 279024
 279028
 279069
 279138
 279224
 279254
 279303
 279316
 279425
 279430
 279475
 279510
 279576
 279907
 280056
 280070
 280170
 280303
 280318
 280323
 280623
 280950
 281199
 281227
 281235
 281360
 281458
 281537
 281556
 281582
 281598
 281672
 281679
 281734
 281820
 281887
 281915
 282051
 282169
 282244
 282264
 282284
 282447
 282475
 282642
 282685
 282828
 282861
 282902
 283018
 283120
 283193
 283446
 283543
 283586
 283623
 283662
 283702
 283805
 283835
 283950
 283965
 284005
 284009
 284015
 284017
 284235
 284299
 284403
 284417
 284538
 284546
 284622
 284640
 284683
 284844
 284845
 284940
 285045
 285115
 285122
 285178
 285259
 285347
 285457
 285458
 285495
 285714
 285714
 285714
 285758
 285927
 286230
 286399
 286711
 286763
 286863
 286975
 287057
 287097
 287243
 287261
 287334
 287521
 287904
 287943
 288236
 288260
 288330
 288468
 288569
 288725
 288736
 288752
 288916
 289002
 289039
 289064
 289252
 289423
 289427
 289462
 289742
 289792
 289917
 290058
 290106
 290296
 290314
 290364
 290550
 290653
 290741
 290786
 290904
 290965
 291032
 291259
 291545
 291655
 291715
 291794
 291803
 291914
 291995
 292034
 292083
 292196
 292427
 292525
 292533
 292570
 292577
 292658
 292716
 292725
 292945
 292972
 292999
 293015
 293271
 293675
 293698
 293870
 294155
 294322
 294443
 294476
 294507
 294535
 294615
 294645
 294699
 294732
 294831
 294869
 294885
 294911
 295059
 295096
 295113
 295246
 295319
 295350
 295358
 295502
 295619
 295806
 295904
 295916
 296000
 296160
 296219
 296243
 296296
 296430
 296857
 297045
 297086
 297125
 297170
 297202
 297310
 297426
 297447
 297449
 297555
 297657
 297661
 297668
 297704
 297728
 298007
 298046
 298068
 298148
 298254
 298362
 298490
 298492
 298515
 298569
 298572
 298717
 298929
 298993
 299082
 299107
 299130
 299182
 299219
 299304
 299389
 299524
 299562
 299688
 299861
 299948
 300082
 300415
 300457
 300502
 300516
 300671
 300720
 300742
 300911
 300977
 301101
 301168
 301315
 301402
 301429
 301451
 301517
 301541
 301675
 301808
 302238
 302379
 302403
 302536
 302543
 302811
 302848
 302970
 303043
 303192
 303248
 303298
 303303
 303491
 303546
 303623
 303662
 303816
 304161
 304186
 304331
 304435
 304614
 304665
 304738
 304812
 304951
 305017
 305036
 305052
 305084
 305190
 305205
 305316
 305375
 305389
 305404
 305483
 305543
 305707
 305770
 305840
 305890
 305970
 306047
 306211
 306357
 306441
 306638
 306654
 307058
 307414
 307490
 307509
 307596
 307659
 307692
 307692
 307714
 307832
 308002
 308101
 308154
 308325
 308370
 308397
 308397
 308541
 308619
 308841
 308883
 308973
 308977
 309012
 309028
 309044
 309071
 309260
 309363
 309682
 309738
 309787
 309964
 309995
 310079
 310086
 310344
 310349
 310417
 310447
 310533
 310641
 310726
 310789
 310953
 310986
 311007
 311044
 311177
 311239
 311398
 311460
 311488
 311493
 311521
 311633
 311749
 311859
 312053
 312382
 312404
 312454
 312477
 312500
 312612
 312636
 312734
 312843
 312942
 313324
 313337
 313477
 313518
 313621
 313674
 313719
 313913
 313944
 314014
 314105
 314146
 314340
 314527
 314662
 314875
 314901
 315001
 315175
 315224
 315319
 315516
 315653
 315668
 315703
 315724
 315872
 315917
 315943
 316021
 316034
 316082
 316311
 316506
 316544
 316667
 316757
 316782
 316801
 316863
 316876
 316923
 317002
 317044
 317069
 317217
 317280
 317348
 317364
 317383
 317385
 317506
 317596
 317637
 317684
 317947
 318004
 318089
 318459
 318648
 318730
 318892
 319265
 319425
 319464
 319746
 320096
 320192
 320610
 320614
 320681
 320963
 320966
 321241
 321266
 321336
 321417
 321550
 321598
 321608
 321751
 321839
 321956
 322106
 322415
 322493
 322702
 322901
 322989
 323161
 323276
 323347
 323383
 323856
 323897
 323943
 323992
 324010
 324020
 324056
 324386
 324538
 324663
 324686
 324697
 324724
 324786
 324808
 324896
 324899
 324943
 325144
 325353
 325605
 325755
 325865
 325920
 326100
 326175
 326218
 326403
 326417
 326426
 326446
 326447
 326597
 326675
 326833
 326897
 326925
 326987
 327132
 327215
 327228
 327305
 327492
 327556
 327602
 327695
 327749
 327927
 328042
 328106
 328169
 328251
 328280
 328426
 328484
 328752
 328951
 329014
 329079
 329085
 329184
 329543
 329550
 329912
 329946
 329949
 330041
 330111
 330245
 330766
 330797
 330996
 330998
 331036
 331155
 331176
 331210
 331261
 331269
 331327
 331339
 331374
 331625
 331717
 331753
 331957
 332097
 332127
 332226
 332228
 332282
 332301
 332304
 332405
 332484
 332506
 332702
 332737
 332759
 332789
 332882
 332986
 333112
 333230
 333333
 333333
 333333
 333333
 333384
 333504
 333504
 333541
 333611
 333727
 333740
 333832
 333839
 333984
 334030
 334150
 334271
 334388
 334412
 334422
 334510
 334657
 334672
 334686
 334797
 334815
 334829
 334887
 334896
 335351
 335375
 335483
 335530
 335665
 336134
 336184
 336275
 336328
 336368
 336448
 336621
 336979
 337034
 337053
 337106
 337161
 337398
 337415
 337590
 337662
 337703
 338315
 338379
 338652
 338718
 338823
 339089
 339191
 339317
 339317
 339536
 339563
 339677
 340168
 340204
 340311
 340347
 340370
 340425
 340433
 340521
 340533
 340540
 340765
 341057
 341139
 341172
 341292
 341314
 341496
 341880
 341917
 342064
 342281
 342331
 342465
 342575
 342841
 343042
 343141
 343174
 343207
 343324
 343476
 344036
 344065
 344373
 344376
 344537
 344665
 344809
 344823
 344863
 344939
 344992
 345013
 345166
 345370
 345434
 345441
 345565
 345717
 346068
 346074
 346206
 346246
 346307
 346478
 346601
 346753
 347022
 347135
 347322
 347405
 347546
 347628
 347657
 347689
 347720
 347754
 347826
 347949
 348422
 348466
 348511
 348574
 348592
 348739
 348800
 349100
 349262
 349376
 349437
 349569
 349574
 349648
 349964
 350016
 350027
 350356
 350405
 350515
 350717
 350803
 350817
 350848
 350857
 350899
 351088
 351111
 351229
 351340
 351390
 351420
 351651
 351910
 352020
 352027
 352102
 352215
 352237
 352255
 352264
 352265
 352280
 352323
 352430
 352459
 352482
 352641
 352741
 353170
 353344
 353484
 353497
 353526
 353857
 353952
 353992
 354228
 354300
 354475
 354504
 354610
 354618
 354619
 354708
 354769
 354862
 355099
 355433
 355625
 355766
 355815
 355894
 355919
 356029
 356097
 356220
 356393
 356400
 356424
 356465
 356586
 356667
 356735
 356757
 356828
 356891
 356912
 356999
 357238
 357305
 357580
 357659
 357752
 357798
 357809
 357880
 357928
 358059
 358294
 358306
 358376
 358415
 358488
 359178
 359228
 359430
 359463
 359677
 359702
 359820
 360089
 360280
 360321
 360383
 360400
 360701
 360746
 360750
 360927
 361050
 361170
 361248
 361267
 361282
 361357
 361516
 361522
 361599
 361836
 361857
 361904
 362028
 362288
 362469
 362477
 362477
 362603
 362650
 362655
 362751
 362774
 362819
 362866
 362925
 362976
 363456
 363530
 363636
 363636
 363876
 364128
 364293
 364548
 364568
 364620
 364779
 364894
 364947
 365238
 365451
 365482
 365662
 365710
 365792
 365825
 365870
 365880
 365961
 366054
 366130
 366148
 366183
 366197
 366479
 366529
 366899
 366969
 367213
 367369
 367371
 367515
 367527
 367730
 367930
 368022
 368146
 368339
 368527
 368805
 369072
 369122
 369246
 369298
 369326
 369570
 369725
 369743
 369779
 369894
 369946
 369951
 370201
 370323
 370389
 370571
 370672
 370693
 370736
 370998
 371073
 371153
 371225
 371248
 371357
 371369
 371549
 371551
 371669
 371815
 371832
 371905
 372013
 372117
 372216
 372569
 372652
 372652
 372878
 372908
 373034
 373105
 373146
 373399
 373493
 373610
 373752
 373831
 373848
 373976
 373987
 374115
 374172
 374365
 374389
 374401
 374692
 374739
 374794
 374823
 374941
 374971
 375191
 375207
 375274
 375300
 375342
 375376
 375444
 375535
 375772
 375795
 375800
 375802
 375813
 376068
 376143
 376241
 376251
 376353
 376592
 376705
 376759
 376994
 377013
 377023
 377101
 377171
 377374
 377410
 377476
 377754
 377795
 377875
 377964
 378094
 378256
 378299
 378378
 378387
 378512
 378568
 378619
 378680
 379088
 379246
 379534
 379608
 379676
 379679
 379842
 380059
 380073
 380098
 380151
 380226
 380591
 380680
 380683
 380690
 380753
 380875
 380952
 381017
 381100
 381112
 381170
 381189
 381347
 381347
 381508
 381555
 381642
 381990
 382059
 382150
 382542
 382563
 382666
 382811
 382869
 382965
 383093
 383151
 383151
 383240
 383308
 383315
 383355
 383415
 383504
 383508
 383521
 383558
 383571
 383602
 383646
 383675
 383685
 383718
 383938
 384131
 384230
 384284
 384600
 384801
 384834
 385031
 385231
 385250
 385334
 385361
 385450
 385559
 385971
 386080
 386149
 386424
 386803
 387050
 387128
 387244
 387283
 387412
 387485
 387529
 387547
 387663
 387869
 387917
 388035
 388202
 388393
 388400
 388599
 388637
 388683
 388926
 389003
 389317
 389357
 389407
 389523
 389878
 389891
 390119
 390431
 390502
 390596
 390743
 390750
 390782
 390785
 390833
 390839
 390881
 390914
 391011
 391090
 391260
 391261
 391266
 391322
 391328
 391419
 391566
 391686
 391736
 391827
 392033
 392061
 392070
 392081
 392147
 392152
 392218
 392237
 392265
 392280
 392299
 392317
 392407
 392510
 392523
 392527
 392644
 392743
 392794
 392965
 393525
 393939
 394028
 394142
 394218
 394243
 394382
 394389
 394418
 394431
 394592
 394628
 394662
 394773
 395011
 395134
 395151
 395238
 395392
 395407
 395491
 395615
 395860
 395987
 396044
 396098
 396198
 396308
 396407
 396451
 396508
 396542
 396580
 396588
 396603
 396613
 396707
 396711
 396829
 396858
 396864
 396947
 396968
 397218
 397299
 397358
 397412
 397450
 397590
 397627
 397769
 397874
 398061
 398094
 398117
 398120
 398243
 398265
 398275
 398385
 398496
 398539
 398629
 398751
 398797
 398825
 398865
 398903
 398909
 398938
 398977
 399200
 399321
 399474
 399686
 399815
 399882
 399899
 399999
 400063
 400233
 400300
 400332
 400466
 400581
 400669
 401022
 401055
 401074
 401214
 401259
 401324
 401594
 401713
 401828
 401843
 401911
 402002
 402034
 402038
 402130
 402207
 402373
 402380
 402397
 402455
 402573
 402850
 403162
 403340
 403344
 403398
 403595
 403628
 403670
 403735
 403773
 403812
 404069
 404350
 404355
 404399
 404496
 404555
 404688
 404791
 404929
 405025
 405134
 405134
 405159
 405218
 405304
 405392
 405578
 405700
 405797
 405797
 405883
 405950
 405971
 406184
 406303
 406304
 406509
 406658
 406820
 407079
 407114
 407174
 407334
 407425
 407494
 407514
 407532
 407543
 407545
 407601
 407625
 407655
 407701
 407744
 407811
 407939
 408108
 408419
 408435
 408623
 408706
 408942
 409098
 409271
 409304
 409335
 409513
 409542
 409592
 409625
 409753
 410165
 410235
 410343
 410359
 410368
 410530
 410614
 410846
 410880
 410893
 411115
 411219
 411278
 411388
 411432
 411448
 411604
 411692
 411695
 411764
 411822
 412004
 412052
 412070
 412148
 412222
 412259
 412265
 412530
 412553
 412577
 412642
 412815
 413044
 413059
 413147
 413155
 413407
 413550
 413620
 413652
 413862
 413878
 413885
 413891
 413927
 413934
 414073
 414100
 414133
 414194
 414225
 414397
 414470
 414510
 414699
 414723
 414755
 414909
 415136
 415149
 415180
 415270
 415538
 415563
 415579
 415582
 415611
 415943
 416244
 416464
 416669
 416729
 416971
 417078
 417126
 417345
 417403
 417430
 417436
 417457
 417558
 417582
 417791
 417993
 418272
 418479
 418633
 418683
 418706
 418724
 418764
 419190
 419250
 419250
 419734
 419795
 419924
 419933
 419951
 420017
 420172
 420190
 420257
 420303
 420441
 420471
 420629
 420866
 420878
 420917
 421107
 421117
 421230
 421331
 421336
 421563
 421694
 421709
 421740
 421766
 421846
 422070
 422081
 422365
 422394
 422402
 422406
 422763
 422771
 422883
 422941
 423028
 423119
 423377
 423566
 423697
 423876
 423950
 424055
 424087
 424134
 424135
 424259
 424400
 424547
 424707
 424788
 424821
 425003
 425026
 425106
 425130
 425159
 425187
 425191
 425227
 425353
 425426
 425492
 425531
 425695
 425708
 425711
 425965
 426069
 426168
 426246
 426309
 426342
 426420
 426724
 426829
 426835
 426871
 426921
 426933
 426996
 427001
 427100
 427107
 427257
 427293
 427363
 427368
 427449
 427643
 427753
 427758
 427892
 427907
 427930
 427947
 427987
 428062
 428537
 428548
 428571
 428634
 428751
 428795
 428949
 429000
 429094
 429261
 429349
 429481
 429582
 429629
 429697
 429901
 430025
 430050
 430100
 430186
 430286
 430408
 430611
 430766
 431211
 431304
 431315
 431475
 431536
 431583
 431696
 432020
 432042
 432189
 432248
 432271
 432304
 432361
 432398
 432595
 432607
 432626
 432748
 432807
 432902
 432920
 432940
 433127
 433155
 433196
 433298
 433515
 433565
 433846
 434023
 434351
 434369
 434640
 434670
 434680
 434782
 434782
 434794
 434870
 434875
 434947
 435099
 435156
 435168
 435190
 435452
 435460
 435501
 435620
 435620
 435686
 436066
 436145
 436204
 436388
 436481
 436614
 436822
 436928
 437100
 437140
 437159
 437168
 437226
 437427
 437431
 437507
 437753
 438032
 438177
 438492
 438767
 438937
 438940
 438943
 439041
 439170
 439360
 439609
 439657
 439710
 439791
 439858
 439939
 440048
 440144
 440317
 440407
 440416
 440543
 440694
 440751
 440882
 440954
 440968
 440982
 441059
 441176
 441185
 441342
 441474
 441771
 442069
 442123
 442171
 442528
 442869
 443025
 443149
 443520
 443852
 443893
 443991
 444067
 444113
 444145
 444258
 444296
 444361
 444383
 444385
 444400
 444444
 444444
 444444
 444500
 444524
 444614
 444907
 445138
 445248
 445359
 445441
 445508
 445544
 445554
 445570
 445587
 445772
 445931
 445940
 446030
 446266
 446294
 446479
 446487
 446494
 446531
 446640
 446647
 446829
 446911
 446956
 447010
 447031
 447169
 447274
 447281
 447348
 447439
 447545
 447597
 447619
 447707
 447721
 447929
 447956
 447978
 448107
 448183
 448186
 448216
 448222
 448287
 448499
 448577
 448598
 448623
 448639
 448666
 448888
 448922
 448938
 448979
 448979
 449001
 449014
 449224
 449348
 449541
 449601
 449641
 449679
 449933
 449991
 450054
 450088
 450173
 450308
 450311
 450335
 450480
 450491
 450494
 450497
 450564
 450568
 450606
 450705
 450765
 450776
 450818
 450925
 451091
 451413
 451440
 451647
 451659
 451674
 451678
 451703
 451719
 451764
 451786
 451796
 452081
 452111
 452339
 452483
 452484
 452554
 452631
 452658
 452679
 452689
 452881
 452949
 452991
 453332
 453357
 453425
 453428
 453543
 453754
 454158
 454165
 454342
 454364
 454475
 454624
 454810
 454837
 454963
 455110
 455140
 455157
 455177
 455357
 455376
 455445
 455454
 455490
 455581
 455688
 455690
 455696
 455752
 455862
 456143
 456149
 456516
 457005
 457194
 457321
 457337
 457352
 457496
 457738
 457766
 457807
 458070
 458125
 458188
 458232
 458563
 458612
 458753
 458904
 458949
 458954
 458961
 458999
 459143
 459289
 459293
 459333
 459425
 459643
 459840
 459902
 459943
 459993
 460113
 460392
 460497
 460561
 460717
 460749
 460776
 460856
 460867
 461027
 461241
 461274
 461333
 461631
 461671
 461786
 461812
 461859
 461871
 462089
 462121
 462210
 462340
 462460
 462535
 462654
 462983
 463139
 463143
 463328
 463396
 463459
 463497
 463608
 463674
 463688
 463979
 464091
 464120
 464167
 464206
 464269
 464317
 464381
 464391
 464408
 464656
 464718
 464906
 464950
 465086
 465147
 465229
 465295
 465340
 465367
 465387
 465492
 465560
 465627
 465869
 465888
 465906
 465909
 465911
 465930
 466007
 466067
 466131
 466137
 466235
 466396
 466445
 466462
 466488
 466650
 466666
 466747
 466820
 466898
 466977
 467089
 467110
 467163
 467260
 467296
 467296
 467318
 467348
 467559
 467584
 467768
 467771
 467774
 467780
 467812
 467834
 467984
 468224
 468313
 468356
 468389
 468497
 468516
 468607
 468626
 468772
 468786
 468815
 468908
 468953
 469127
 469218
 469269
 469638
 469729
 469749
 469768
 469783
 469816
 469861
 469953
 469967
 470153
 470203
 470209
 470288
 470519
 470542
 470588
 470629
 470677
 470733
 470873
 470886
 470921
 471051
 471098
 471376
 471383
 471394
 471657
 471941
 471989
 472126
 472185
 472208
 472380
 472501
 472566
 472604
 472755
 472789
 472810
 473193
 473229
 473327
 473331
 473389
 473460
 473499
 473509
 473581
 473616
 473625
 473753
 473801
 473842
 474021
 474135
 474135
 474170
 474395
 474721
 474761
 474800
 474936
 474947
 474970
 475079
 475181
 475468
 475486
 475490
 475708
 475718
 475811
 476165
 476388
 476618
 476661
 476916
 477291
 477291
 477477
 477532
 477568
 477611
 477622
 477860
 477898
 478005
 478126
 478323
 478354
 478482
 478503
 478511
 478890
 479064
 479074
 479226
 479289
 479679
 479777
 479954
 479999
 479999
 480000
 480215
 480247
 480283
 480388
 480574
 480832
 480916
 481135
 481151
 481235
 481396
 481454
 481548
 481614
 481681
 481722
 482063
 482095
 482124
 482135
 482142
 482175
 482336
 482352
 482405
 482475
 482650
 482688
 482846
 482851
 482908
 483001
 483108
 483215
 483334
 483340
 483373
 483537
 483566
 483568
 483648
 483648
 483705
 483852
 484056
 484073
 484344
 484358
 484358
 484646
 484664
 484704
 484796
 485202
 485212
 485262
 485290
 485346
 485362
 485858
 486511
 486703
 486725
 486879
 486901
 487005
 487015
 487109
 487373
 487457
 487604
 487679
 487684
 487741
 487750
 487788
 487870
 487884
 487904
 488040
 488163
 488164
 488165
 488207
 488310
 488318
 488330
 488372
 488372
 488455
 488584
 488597
 488626
 488815
 489013
 489036
 489494
 489496
 489614
 489749
 489824
 489826
 490111
 490192
 490293
 490341
 490370
 490476
 490611
 490687
 490750
 490859
 490934
 491029
 491093
 491241
 491350
 491370
 491473
 491557
 491628
 491669
 491717
 491761
 491837
 491998
 491998
 492042
 492072
 492198
 492227
 492238
 492263
 492314
 492390
 492421
 492430
 492526
 492554
 492747
 492781
 492838
 493035
 493153
 493527
 493528
 493738
 493752
 493843
 493927
 494005
 494081
 494226
 494328
 494394
 494441
 494559
 494882
 494943
 495025
 495139
 495166
 495169
 495262
 495466
 495654
 495939
 495976
 496115
 496398
 496480
 496563
 496565
 496608
 496629
 496725
 496735
 496783
 496801
 496820
 496840
 496889
 496943
 496948
 497150
 497189
 497314
 497318
 497336
 497350
 497435
 497847
 497871
 497902
 497919
 498023
 498144
 498320
 498481
 498493
 498618
 498734
 498743
 498798
 498800
 498874
 499009
 499074
 499483
 499502
 499592
 499702
 499789
 499874
 499911
 499912
 500070
 500149
 500208
 500253
 500363
 500366
 500436
 500794
 500797
 500859
 500956
 500991
 501064
 501127
 501270
 501327
 501369
 501480
 501529
 501586
 501792
 501902
 501991
 502559
 502573
 502652
 502757
 502949
 502996
 503150
 503181
 503184
 503399
 503463
 503512
 503515
 503591
 503618
 503788
 503899
 503995
 504136
 504159
 504234
 504303
 504593
 504599
 504735
 504805
 504831
 505013
 505163
 505180
 505200
 505311
 505346
 505691
 505730
 505948
 506578
 506682
 506966
 507014
 507271
 507410
 507462
 507494
 507585
 507662
 507907
 507963
 507974
 507988
 508231
 508259
 508284
 508296
 508588
 508753
 508859
 509166
 509310
 509332
 509371
 509471
 509479
 509551
 509560
 509599
 509615
 509770
 509878
 509976
 510000
 510094
 510192
 510212
 510228
 510240
 510282
 510419
 510497
 510514
 510578
 510760
 510775
 510812
 510918
 510920
 511061
 511076
 511084
 511109
 511594
 511607
 511776
 511989
 512061
 512126
 512195
 512195
 512349
 512398
 512509
 512709
 512755
 512817
 512847
 513247
 513403
 513416
 513471
 513504
 513587
 513608
 513649
 513833
 513961
 514086
 514147
 514160
 514172
 514463
 514582
 514702
 515151
 515359
 515363
 515446
 515453
 515609
 515627
 515703
 515705
 515917
 516072
 516109
 516308
 516990
 517060
 517540
 517542
 517610
 517709
 517736
 517736
 517920
 517934
 518020
 518070
 518129
 518210
 518213
 518344
 518393
 518394
 518518
 518602
 518721
 518828
 518939
 518999
 519007
 519098
 519117
 519118
 519174
 519217
 519249
 519316
 519328
 519436
 519540
 519540
 519553
 519773
 519796
 519939
 519999
 520024
 520034
 520035
 520122
 520127
 520230
 520365
 520445
 520846
 520916
 521160
 521163
 521415
 521749
 521899
 521939
 521980
 521984
 522010
 522404
 522457
 522553
 522623
 522786
 522875
 522907
 522981
 523142
 523237
 523270
 523329
 523338
 523415
 523508
 523550
 523650
 523692
 523732
 523917
 523934
 524045
 524110
 524253
 524406
 524492
 524783
 524884
 524913
 525317
 525362
 525478
 525539
 525752
 525911
 526239
 526384
 526420
 526435
 526446
 526507
 526601
 526690
 526758
 526865
 526868
 526973
 527427
 527446
 527638
 527720
 527815
 528025
 528133
 528176
 528187
 528263
 528391
 528420
 528465
 528685
 528861
 528864
 528989
 529055
 529274
 529796
 529819
 530003
 530429
 530496
 530687
 530754
 530758
 530898
 531055
 531121
 531133
 531250
 531476
 531502
 531612
 531622
 531824
 532091
 532262
 532309
 532330
 532374
 532553
 532669
 532784
 532790
 532885
 532904
 532908
 532919
 533044
 533051
 533055
 533148
 533406
 533461
 533582
 533623
 533640
 533651
 533834
 534084
 534151
 534341
 534475
 534759
 534844
 534885
 534943
 535088
 535187
 535308
 535402
 535596
 535627
 535849
 535904
 536117
 536248
 536347
 536371
 536571
 536842
 536935
 536945
 537059
 537177
 537282
 537417
 537444
 537476
 537608
 537622
 537701
 537704
 537848
 537858
 538191
 538199
 538365
 538519
 538568
 538670
 538768
 538846
 538899
 539070
 539170
 539189
 539242
 539283
 539296
 539417
 539493
 539702
 539717
 539845
 539965
 540064
 540263
 540395
 540755
 540834
 540974
 541023
 541048
 541143
 541191
 541200
 541310
 541319
 541492
 541507
 541508
 541626
 541718
 541921
 542635
 542655
 542750
 543140
 543144
 543209
 543213
 543236
 543297
 543359
 543434
 543484
 543696
 543778
 544217
 544237
 544360
 544394
 544412
 544515
 544713
 544769
 544836
 544862
 545016
 545099
 545190
 545454
 545454
 545454
 545512
 545548
 546035
 546709
 546826
 546872
 546938
 546961
 547046
 547100
 547171
 547233
 547464
 547482
 547818
 547860
 547978
 548078
 548454
 548500
 548510
 548521
 548663
 548903
 548975
 549016
 549019
 549128
 549519
 549594
 549747
 549920
 549931
 549937
 550051
 550052
 550056
 550105
 550106
 550245
 550278
 550289
 550331
 550360
 550527
 550544
 550673
 550731
 551092
 551107
 551113
 551119
 551227
 551249
 551286
 551291
 551357
 551369
 551673
 552159
 552244
 552453
 552489
 552495
 552554
 552582
 552621
 552759
 553387
 553446
 553494
 553668
 553785
 553821
 553996
 554026
 554174
 554191
 554314
 554454
 554695
 554697
 554957
 555049
 555110
 555190
 555240
 555411
 555555
 555733
 555774
 555819
 555827
 555863
 555878
 555903
 555963
 555995
 556040
 556065
 556096
 556175
 556566
 556755
 556770
 557026
 557245
 557350
 557377
 557409
 557499
 557567
 557724
 558008
 558139
 558162
 558177
 558185
 558246
 558685
 558835
 559322
 559339
 559382
 559440
 559675
 559712
 559746
 560020
 560333
 560355
 560364
 560388
 560535
 560616
 560699
 560771
 560815
 560895
 560992
 561028
 561112
 561158
 561214
 561252
 561596
 561693
 561710
 561712
 561744
 561790
 561811
 562124
 562139
 562140
 562310
 562346
 562390
 562455
 562500
 562504
 562533
 562637
 562661
 562708
 562768
 562780
 562782
 562874
 562960
 563029
 563380
 563419
 563433
 563504
 563636
 563859
 564187
 564195
 564255
 564551
 564567
 564654
 564695
 564720
 564782
 564859
 564943
 565048
 565308
 565326
 565409
 565458
 565618
 565679
 565765
 565894
 566099
 566317
 566661
 566707
 566757
 566797
 566843
 566980
 567005
 567041
 567285
 567304
 567362
 567565
 567579
 567746
 567773
 567807
 567851
 567857
 568259
 568271
 568288
 568489
 568570
 568613
 568729
 569026
 569404
 569439
 569502
 569552
 569634
 569671
 569717
 569811
 569873
 570054
 570197
 570442
 570467
 570642
 570662
 570741
 570825
 570910
 570932
 570951
 571043
 571213
 571282
 571309
 571517
 571522
 571593
 571628
 571635
 571665
 571789
 571802
 571802
 571808
 571840
 571956
 572031
 572067
 572087
 572093
 572696
 572763
 572786
 572909
 572947
 573288
 573294
 573526
 573573
 573686
 573694
 573821
 573967
 574322
 574428
 574468
 575055
 575109
 575189
 575244
 575461
 575503
 575545
 575577
 575595
 575597
 575651
 575686
 575783
 575949
 575949
 576033
 576171
 576535
 576552
 576844
 576874
 576894
 576999
 577046
 577073
 577205
 577347
 577475
 577834
 577878
 577889
 577919
 578102
 578124
 578154
 578312
 578379
 578483
 578729
 578752
 578753
 578812
 578817
 578849
 579002
 579080
 579113
 579203
 579298
 579362
 579399
 579646
 579715
 579762
 580002
 580051
 580159
 580192
 580324
 580414
 580515
 580758
 580911
 580927
 581121
 581303
 581453
 581653
 581712
 581722
 581749
 581913
 581932
 581995
 582001
 582133
 582499
 582686
 582722
 582780
 582787
 582964
 582986
 583001
 583081
 583123
 583333
 583380
 583518
 583742
 583895
 583899
 584035
 584051
 584062
 584104
 584202
 584237
 584397
 584470
 584537
 584832
 584845
 584895
 585191
 585204
 585348
 585365
 585379
 585492
 585518
 585609
 585697
 585779
 585853
 585876
 585923
 585926
 586206
 586629
 586749
 586790
 587096
 587222
 587545
 587586
 587642
 587745
 587844
 587993
 588128
 588278
 588327
 588744
 588957
 588991
 589090
 589114
 589306
 589395
 589408
 589462
 589569
 589577
 589609
 589619
 589624
 589638
 589920
 590092
 590217
 590224
 590949
 590999
 591086
 591095
 591104
 591110
 591267
 591298
 591308
 591406
 591418
 591424
 591477
 591512
 591542
 591640
 591712
 591836
 591836
 592003
 592039
 592152
 592178
 592347
 592592
 592776
 592936
 592992
 593008
 593038
 593218
 593248
 593251
 593469
 593673
 593733
 593922
 594108
 594114
 594354
 594366
 594438
 594439
 594648
 594887
 595162
 595174
 595176
 595298
 595406
 595515
 595615
 595701
 595744
 595917
 595936
 595996
 596009
 596127
 596133
 596163
 596182
 596210
 596282
 596491
 596491
 596502
 596839
 596846
 596930
 597130
 597132
 597354
 597391
 597392
 597609
 597621
 597637
 597638
 597717
 597859
 597898
 597918
 597923
 597978
 598093
 598112
 598184
 598281
 598288
 598580
 598678
 598738
 598873
 598915
 598917
 598959
 599000
 599102
 599158
 599306
 599335
 599423
 599480
 599595
 599759
 599820
 599917
 599999
 600000
 600000
 600114
 600135
 600224
 600267
 600457
 600561
 600598
 600807
 600938
 600953
 601012
 601034
 601219
 601383
 601464
 601524
 601535
 601797
 601830
 601853
 601861
 602028
 602097
 602211
 602267
 602378
 602646
 602686
 602702
 602813
 602836
 602886
 602973
 603101
 603118
 603135
 603142
 603174
 603210
 603538
 603566
 603566
 603592
 603604
 603615
 603696
 603720
 603762
 603941
 604031
 604045
 604118
 604195
 604319
 604586
 604690
 604698
 604890
 604950
 605062
 605287
 605396
 605527
 605734
 606299
 606413
 606541
 606589
 606675
 606755
 606835
 606943
 606962
 607070
 607095
 607198
 607280
 607291
 607363
 607663
 607939
 607968
 608307
 608320
 608373
 608717
 608727
 608802
 608857
 608939
 608961
 608988
 608999
 609001
 609137
 609245
 609348
 609385
 609415
 609490
 609570
 609747
 609829
 609888
 609933
 610022
 610046
 610088
 610169
 610438
 610555
 610668
 610824
 610858
 610988
 611060
 611111
 611123
 611194
 611205
 611315
 611353
 611365
 611484
 611698
 611702
 611834
 611904
 612235
 612316
 612500
 612524
 612681
 612816
 612985
 613000
 613001
 613008
 613047
 613081
 613241
 613262
 613639
 613668
 613766
 613803
 613919
 614121
 614350
 614418
 614456
 614777
 615182
 615407
 615470
 615481
 615951
 616052
 616210
 616279
 616352
 616511
 616588
 616613
 616707
 616853
 617142
 617185
 617300
 617391
 617721
 617724
 617805
 617926
 618203
 618238
 618275
 618461
 618556
 618698
 618869
 618968
 619081
 619441
 619510
 619574
 619668
 619704
 619710
 619735
 619965
 620295
 620440
 620484
 620650
 620723
 620857
 620860
 620873
 620910
 621096
 621123
 621181
 621242
 621270
 621301
 621362
 621480
 621543
 621650
 621655
 621722
 621975
 622360
 622540
 622763
 622774
 622834
 622948
 623001
 623217
 623371
 623374
 623446
 623474
 623545
 623776
 623884
 623887
 623999
 624024
 624064
 624144
 624277
 624386
 624421
 624664
 624795
 624864
 624883
 624946
 624968
 625060
 625146
 625172
 625216
 625271
 625324
 625443
 625529
 625555
 625732
 626129
 626349
 626362
 626409
 626469
 626528
 626541
 626581
 626613
 626741
 626746
 626921
 627062
 627266
 627272
 627323
 627418
 627503
 627565
 627980
 628136
 628232
 628318
 628327
 628356
 628406
 628428
 628437
 629000
 629032
 629168
 629491
 629808
 629869
 629945
 630140
 630194
 630248
 630258
 630377
 630383
 630487
 630661
 630692
 631098
 631353
 631439
 631500
 631561
 631578
 631578
 631578
 631654
 631751
 631904
 631911
 631977
 632024
 632026
 632317
 632350
 632387
 632530
 632591
 632702
 632804
 632951
 632985
 632994
 633028
 633072
 633122
 633138
 633167
 633369
 633510
 633620
 634026
 634048
 634168
 634168
 634207
 634466
 634587
 634730
 634798
 634858
 634970
 635220
 635330
 635461
 635669
 635761
 635903
 636015
 636119
 636167
 636228
 636335
 636395
 636406
 636411
 636570
 636716
 636785
 636800
 636856
 636871
 636923
 637120
 637371
 637387
 637448
 637586
 637629
 637970
 638152
 638259
 638297
 638366
 638376
 638393
 638449
 638510
 638580
 638641
 638854
 639041
 639091
 639258
 639316
 639764
 639775
 639931
 640010
 640088
 640104
 640398
 640402
 640699
 640739
 640804
 641136
 641184
 641189
 641255
 641390
 641420
 641697
 641697
 641876
 641895
 642016
 642046
 642107
 642223
 642304
 642351
 642414
 642492
 642615
 642901
 642938
 642950
 643072
 643179
 643195
 643227
 643234
 643442
 643486
 643636
 643835
 643975
 644067
 644142
 644419
 644451
 644697
 644837
 644838
 644850
 644894
 644938
 645130
 645161
 645285
 645299
 645716
 645733
 645916
 645965
 646067
 646258
 646262
 646478
 646521
 646616
 646642
 646667
 646707
 646843
 646901
 646923
 646961
 646968
 646974
 647022
 647048
 647053
 647055
 647058
 647130
 647557
 647701
 647860
 647924
 648060
 648168
 648351
 648351
 648370
 648436
 648505
 648563
 648566
 648734
 648792
 648820
 648897
 649184
 649226
 649235
 649482
 649501
 649515
 649536
 649835
 649866
 649877
 650049
 650168
 650210
 650571
 650735
 651033
 651124
 651148
 651190
 651284
 651376
 651421
 651529
 651593
 651685
 651753
 651872
 651886
 651933
 652041
 652088
 652150
 652173
 652340
 652349
 652512
 652515
 652618
 652694
 652724
 652763
 652931
 652991
 653012
 653382
 653667
 653889
 653945
 654028
 654199
 654256
 654317
 654319
 654478
 654491
 655232
 655280
 655412
 655464
 655468
 655580
 655585
 655731
 655971
 656009
 656124
 656296
 656335
 656520
 656534
 656611
 656638
 656665
 656835
 656839
 656934
 657243
 657528
 657864
 657868
 658348
 658382
 658686
 658908
 659049
 659076
 659313
 659422
 659486
 659504
 659525
 659616
 659631
 659659
 659673
 659764
 659824
 659928
 659963
 660242
 660488
 660583
 660593
 660668
 661102
 661163
 661227
 661237
 661285
 661442
 661936
 661966
 662009
 662108
 662201
 662213
 662583
 662587
 662642
 662671
 662883
 663017
 663046
 663157
 663442
 663513
 663688
 663731
 663755
 663879
 663888
 664166
 664200
 664366
 664397
 664469
 664511
 664517
 664528
 664612
 665190
 665247
 665334
 665366
 665454
 665466
 665468
 665535
 665552
 665676
 665677
 665893
 665954
 666026
 666166
 666194
 666326
 666389
 666519
 666552
 666666
 666666
 666722
 666742
 666785
 666786
 666804
 666890
 666922
 667180
 667406
 667572
 667588
 667659
 667811
 667828
 667900
 668255
 668276
 668313
 668359
 668510
 668534
 668800
 668846
 669004
 669027
 669044
 669106
 669230
 669248
 669301
 669313
 669352
 669470
 669478
 669500
 669611
 669772
 669807
 669902
 669973
 670013
 670399
 670436
 670442
 670593
 670820
 670979
 671032
 671054
 671105
 671507
 671567
 671729
 671866
 671943
 672255
 672338
 672401
 672441
 672980
 673078
 673258
 673267
 673515
 673542
 673627
 673924
 673988
 674138
 674174
 674220
 674220
 674418
 674445
 674462
 674539
 674572
 674698
 674762
 674928
 675019
 675104
 675589
 675590
 675694
 675769
 675912
 676079
 676279
 676314
 676320
 676549
 676655
 676760
 676789
 676790
 676814
 677002
 677056
 677097
 677174
 677200
 677321
 677353
 677458
 677517
 677521
 677576
 677932
 678000
 678012
 678019
 678157
 678371
 678494
 678516
 678605
 678642
 678673
 678690
 678858
 679012
 679044
 679056
 679226
 679228
 679254
 679462
 679485
 679666
 679773
 679850
 679966
 680000
 680236
 680244
 680272
 680336
 680497
 680623
 680683
 681080
 681307
 681443
 681528
 681704
 681893
 682001
 682051
 682056
 682071
 682527
 682600
 682607
 682964
 683168
 683189
 683204
 683265
 683874
 684056
 684210
 684254
 684435
 684437
 684521
 684594
 684617
 684779
 684887
 684961
 685004
 685012
 685019
 685050
 685089
 685202
 685273
 685279
 685451
 685523
 685549
 685638
 685847
 686245
 686274
 686288
 686345
 686358
 686496
 686522
 686609
 686614
 686635
 686762
 687013
 687043
 687064
 687259
 687303
 687309
 687367
 687644
 687876
 687952
 687999
 688159
 688210
 688640
 688674
 688782
 688830
 688888
 688893
 688933
 689038
 689262
 689378
 689702
 689740
 689802
 689838
 690021
 690072
 690149
 690165
 690253
 690262
 690406
 690415
 690461
 690568
 690612
 690843
 690849
 690985
 690992
 691305
 691362
 691417
 691433
 691456
 691460
 691578
 691689
 691710
 691722
 692059
 692077
 692151
 692232
 692392
 692544
 692630
 692644
 692707
 692789
 692851
 693191
 693205
 693291
 693362
 693441
 693467
 693621
 693641
 693822
 693905
 693965
 694017
 694063
 694106
 694126
 694251
 694259
 694362
 694425
 694485
 694498
 694666
 694751
 694901
 694926
 695058
 695065
 695223
 695285
 695501
 695524
 695652
 695652
 695772
 695980
 696223
 696269
 696360
 696439
 696550
 696578
 696635
 696764
 696778
 696848
 696852
 696969
 697007
 697013
 697021
 697109
 697169
 697231
 697365
 697421
 697429
 697475
 697560
 697752
 698012
 698031
 698113
 698191
 698197
 698303
 698374
 698483
 699257
 699428
 699467
 699688
 699740
 699744
 699745
 699809
 699836
 699854
 699959
 699961
 700057
 700077
 700282
 700317
 700462
 700591
 700912
 700955
 700960
 701010
 701139
 701163
 701209
 701274
 701381
 702031
 702264
 702479
 702673
 702922
 703007
 703296
 703305
 703509
 703560
 703583
 703678
 703680
 703710
 703718
 703830
 703910
 703978
 704109
 704114
 704131
 704179
 704181
 704209
 704347
 704371
 704400
 704403
 704545
 704545
 704566
 704583
 704584
 704597
 704619
 704658
 704852
 704873
 704877
 705059
 705518
 705590
 705743
 705761
 705776
 705877
 705882
 705882
 705944
 706051
 706055
 706304
 706355
 706412
 706507
 706521
 706532
 706554
 706579
 706594
 706915
 706932
 706967
 707055
 707097
 707151
 707364
 707476
 707492
 707507
 707544
 707621
 708047
 708119
 708162
 708319
 708454
 708472
 708478
 708661
 708737
 708781
 708795
 708818
 708873
 708901
 708977
 709131
 709151
 709219
 709273
 709493
 709677
 709771
 709822
 709885
 709929
 709938
 710073
 710235
 710418
 710436
 710512
 710546
 710761
 710843
 710991
 711353
 711452
 711476
 711542
 711547
 711571
 711670
 711973
 712151
 712243
 712273
 712296
 712387
 712418
 712562
 712586
 712650
 713000
 713272
 713285
 713365
 713428
 713428
 713486
 713495
 713812
 714043
 714189
 714196
 714285
 714285
 714609
 714618
 714785
 714825
 715175
 715425
 715504
 715652
 715658
 715694
 715844
 715923
 715932
 715990
 716049
 716049
 716288
 716368
 716535
 716724
 716889
 717003
 717019
 717038
 717092
 717208
 717246
 717272
 717391
 717444
 717491
 717531
 717561
 717813
 717878
 717901
 718046
 718173
 718281
 718287
 718446
 718482
 718546
 718678
 718682
 718720
 718750
 718867
 718870
 718931
 719146
 719227
 719293
 719301
 719329
 719406
 719429
 719564
 719694
 719714
 719892
 719999
 720162
 720332
 720383
 720422
 720642
 720720
 720863
 720951
 721013
 721125
 721224
 721328
 721412
 721417
 721463
 721479
 721551
 721563
 721668
 721678
 721711
 721866
 721880
 721904
 722227
 722260
 722582
 722814
 722819
 722869
 722952
 722986
 722987
 723102
 723181
 723316
 723451
 723544
 723601
 723655
 723684
 723684
 723786
 723791
 723831
 723913
 724024
 724066
 724075
 724320
 724321
 724417
 724476
 724603
 724789
 724873
 724902
 724961
 725553
 725555
 725663
 725689
 725697
 725710
 725804
 726153
 726212
 726255
 726315
 726496
 726542
 726704
 726997
 727299
 727300
 727433
 727463
 727483
 727913
 728076
 728119
 728152
 728161
 728223
 728283
 728334
 728468
 728502
 728522
 728681
 728698
 728722
 728904
 728983
 729169
 729199
 729281
 729487
 729613
 729634
 729661
 729906
 729967
 730082
 730107
 730142
 730445
 730482
 730568
 730603
 730632
 730690
 730770
 730930
 730931
 730973
 730984
 731085
 731206
 731225
 731228
 731240
 731309
 731377
 731440
 731940
 731990
 732089
 732164
 732195
 732241
 732274
 732275
 732396
 732471
 732474
 732565
 732679
 732729
 732810
 732811
 732845
 732875
 732932
 733120
 733193
 733385
 733437
 733485
 733509
 733554
 733634
 733812
 733921
 733944
 733944
 733976
 734110
 734124
 734228
 734444
 734831
 734897
 735013
 735197
 735231
 735424
 735483
 735806
 736004
 736010
 736161
 736269
 736272
 736336
 736487
 736515
 736560
 736629
 736784
 737090
 737113
 737166
 737166
 737191
 737223
 737391
 737546
 737559
 737565
 737681
 737685
 737734
 737756
 738154
 738187
 738315
 738484
 738610
 738624
 738770
 738885
 739039
 739048
 739103
 739123
 739130
 739313
 739585
 739664
 739665
 739677
 739682
 740139
 740590
 740881
 740950
 741176
 741213
 741280
 741537
 741739
 741750
 741760
 741809
 742029
 742187
 742293
 742308
 742351
 742436
 742472
 742479
 742676
 742696
 742734
 742902
 742926
 742969
 743008
 743056
 743260
 743319
 743462
 743570
 743633
 743776
 743912
 743946
 744126
 744192
 744208
 744657
 744706
 744761
 744933
 744954
 745019
 745098
 745098
 745101
 745162
 745279
 745283
 745454
 745466
 745501
 745538
 745578
 745642
 746205
 746237
 746316
 746328
 746465
 746592
 746650
 746666
 746737
 746781
 746789
 746952
 746987
 747019
 747032
 747082
 747367
 747808
 747838
 747908
 748075
 748087
 748124
 748210
 748224
 748540
 748601
 748843
 749009
 749395
 749417
 749606
 749658
 749719
 749764
 749820
 749903
 749927
 749978
 750000
 750087
 750134
 750243
 750244
 750323
 750487
 750501
 750646
 750746
 750831
 751028
 751162
 751205
 751233
 751302
 751322
 751326
 751425
 751466
 751767
 751955
 752048
 752057
 752111
 752141
 752248
 752283
 752333
 752450
 752530
 752675
 752695
 752759
 752812
 752860
 753047
 753189
 753311
 753424
 753494
 753500
 753568
 753719
 753765
 754050
 754093
 754354
 754357
 754662
 754825
 754960
 755168
 755186
 755193
 755202
 755218
 755404
 755418
 755428
 755496
 755577
 755647
 755817
 755902
 756107
 756377
 756378
 756483
 756880
 757075
 757188
 757359
 757660
 757757
 757953
 758157
 758215
 758253
 758446
 758565
 758572
 758573
 758704
 758807
 758869
 758878
 758913
 758977
 759105
 759299
 759495
 759736
 759760
 759781
 759807
 759816
 759833
 759944
 759999
 760005
 760049
 760145
 760145
 760162
 760278
 760518
 760577
 760616
 760742
 760869
 760941
 761006
 761047
 761060
 761318
 761327
 761412
 761462
 761554
 761643
 761704
 761867
 762037
 762120
 762179
 762419
 762604
 762716
 762783
 762967
 762991
 763070
 763147
 763440
 763560
 763587
 763678
 763700
 763812
 763904
 764019
 764087
 764129
 764622
 764766
 764779
 764901
 765155
 765188
 765303
 765318
 765375
 765422
 765532
 765538
 765574
 765732
 765847
 765867
 765895
 765957
 765965
 766137
 766183
 766393
 766547
 766572
 766678
 766760
 766896
 766963
 767004
 767024
 767025
 767278
 767405
 767517
 767817
 767898
 768010
 768083
 768191
 768621
 768834
 769043
 769140
 769550
 769593
 769793
 770004
 770114
 770206
 770208
 770257
 770279
 770383
 770407
 770737
 770781
 770893
 770953
 770961
 771089
 771104
 771156
 771180
 771313
 771331
 771369
 771428
 771452
 771497
 771672
 771694
 771717
 771732
 771780
 772108
 772122
 772216
 772235
 772268
 772532
 772570
 772697
 772759
 772971
 773195
 773221
 773418
 773493
 773597
 773688
 773750
 773947
 774154
 774233
 774315
 774443
 774475
 774477
 774585
 774977
 775159
 775430
 775698
 775809
 775857
 775925
 775932
 776071
 776091
 776237
 776437
 776501
 776527
 776631
 776698
 776723
 776778
 777023
 777133
 777202
 777221
 777265
 777351
 777433
 777438
 777460
 777514
 777564
 777739
 777777
 777792
 777927
 778160
 778207
 778250
 778276
 778300
 778318
 778353
 778372
 778441
 778652
 778993
 779174
 779448
 779471
 779583
 779651
 779851
 779882
 779951
 779957
 780062
 780145
 780359
 780397
 780471
 780593
 780692
 780768
 780826
 780861
 780913
 781011
 781135
 781141
 781186
 781361
 781370
 781411
 781555
 781575
 781582
 781623
 781720
 781860
 781868
 781869
 782021
 782091
 782278
 782365
 782608
 782716
 782834
 783205
 783297
 783362
 783583
 784041
 784149
 784273
 784275
 784469
 784619
 784688
 784871
 784927
 784959
 784987
 785056
 785177
 785249
 785268
 785363
 785449
 785489
 785584
 785647
 785661
 785714
 785740
 785899
 785904
 785962
 785976
 786204
 786293
 786376
 786420
 786445
 786513
 786557
 786583
 786728
 786781
 786817
 786857
 786861
 787095
 787195
 787201
 787234
 787249
 787384
 787653
 787918
 788066
 788139
 788268
 788554
 788810
 788837
 788925
 789074
 789174
 789689
 789719
 789823
 789955
 790012
 790044
 790062
 790411
 790440
 790520
 790524
 790564
 790593
 790652
 790873
 790912
 790925
 791068
 791094
 791208
 791217
 791295
 791426
 791456
 791527
 791672
 791827
 791946
 791946
 792216
 792481
 792499
 792570
 792888
 793000
 793084
 793103
 793195
 793234
 793487
 793488
 793523
 793675
 793736
 793792
 793955
 794058
 794181
 794229
 794270
 794489
 794677
 794740
 794780
 794795
 794871
 794950
 794970
 795042
 795099
 795235
 795310
 795361
 795594
 795743
 795774
 796017
 796153
 796169
 796238
 796406
 796413
 796545
 796712
 796912
 796948
 797071
 797146
 797267
 797271
 797283
 797321
 797372
 797388
 797434
 797701
 797729
 797880
 797964
 797968
 798090
 798117
 798220
 798235
 798287
 798411
 798641
 798744
 798902
 798933
 798997
 799050
 799065
 799213
 799362
 799373
 799675
 799796
 799876
 799944
 799999
 800000
 800079
 800148
 800151
 800154
 800180
 800279
 800538
 800694
 800867
 800998
 801043
 801067
 801280
 801285
 801330
 801356
 801373
 801382
 801621
 801779
 801866
 801897
 802414
 802537
 802671
 803078
 803237
 803281
 803519
 803553
 803666
 803757
 803897
 803921
 804016
 804027
 804058
 804077
 804284
 804625
 804664
 804671
 804672
 804726
 804766
 804903
 805009
 805169
 805194
 805215
 805221
 805294
 805296
 805348
 805357
 805703
 805714
 805790
 805886
 806092
 806232
 806277
 806314
 806329
 806335
 806383
 806634
 806637
 806652
 806679
 806986
 807048
 807089
 807108
 807113
 807228
 807482
 807489
 807600
 807836
 808065
 808157
 808169
 808274
 808395
 808475
 808498
 808628
 808636
 808808
 808857
 808937
 809044
 809173
 809184
 809296
 809359
 809424
 809523
 809611
 809723
 809735
 809747
 809954
 810028
 810156
 810158
 810344
 810476
 810632
 810729
 810748
 810866
 811109
 811415
 811490
 811622
 811799
 811877
 811971
 812089
 812135
 812364
 812415
 812417
 812467
 812632
 812927
 812960
 813352
 813378
 813446
 813559
 813700
 813932
 814086
 814225
 814254
 814580
 814600
 814770
 814842
 814919
 814980
 815085
 815127
 815845
 815974
 816041
 816125
 816167
 816256
 816465
 816574
 816640
 816655
 816727
 816751
 816753
 816795
 816855
 816868
 816990
 817040
 817227
 817329
 817351
 817500
 817589
 817716
 818165
 818206
 818446
 818499
 818673
 818801
 818930
 819130
 819494
 819574
 819616
 819637
 820025
 820062
 820152
 820346
 820490
 820577
 820606
 821056
 821147
 821249
 821420
 821446
 821725
 821889
 821903
 822463
 822476
 822526
 822580
 822707
 822811
 822842
 823001
 823273
 823292
 823299
 823529
 823553
 823579
 823610
 823617
 823634
 823662
 823839
 823942
 823971
 824000
 824086
 824200
 824211
 824331
 824466
 824502
 824528
 824570
 824593
 824598
 824630
 824639
 824840
 825073
 825275
 825472
 825481
 825689
 825783
 825810
 825958
 826152
 826246
 826628
 826661
 826722
 826771
 826976
 826997
 827019
 827037
 827056
 827150
 827442
 827484
 827509
 827556
 827588
 827637
 827648
 827707
 827791
 827822
 828016
 828074
 828186
 828191
 828314
 828336
 828341
 828398
 828617
 828657
 828921
 829005
 829023
 829494
 829584
 829664
 829715
 829787
 829884
 830040
 830262
 830286
 830407
 830440
 830741
 830805
 830890
 830900
 831014
 831038
 831109
 831168
 831351
 831481
 831664
 831724
 831768
 831784
 831824
 831999
 832008
 832196
 832225
 832303
 832442
 832443
 832541
 832621
 832641
 832669
 832711
 832751
 832807
 833198
 833249
 833250
 833294
 833307
 833333
 833652
 834162
 834240
 834319
 834319
 834458
 834500
 834530
 834757
 834800
 835313
 835328
 835366
 835403
 835533
 835807
 835868
 835911
 836036
 836054
 836151
 836288
 836336
 836370
 836399
 836412
 836655
 836696
 836909
 836996
 837129
 837142
 837154
 837194
 837197
 837263
 837278
 837411
 837437
 837539
 837563
 837592
 837638
 837649
 837658
 837693
 837979
 838154
 838171
 838186
 838230
 838308
 838469
 838472
 838565
 838638
 838805
 838825
 838881
 839103
 839337
 839462
 839473
 839529
 839642
 839667
 839672
 839706
 839753
 839788
 839825
 839846
 840025
 840172
 840450
 840464
 840495
 840511
 840561
 840633
 840805
 840869
 840895
 840996
 841014
 841025
 841164
 841226
 841287
 841367
 841628
 841675
 841796
 841834
 841888
 842105
 842105
 842185
 842242
 842253
 842291
 842312
 842513
 842659
 842712
 842922
 842948
 842969
 843270
 843412
 843664
 843665
 843711
 843721
 843898
 843964
 843970
 843971
 843980
 844044
 844069
 844194
 844202
 844272
 844367
 844534
 844690
 844694
 844781
 844811
 845143
 845193
 845232
 845512
 845914
 846088
 846179
 846224
 846483
 846560
 846825
 846969
 847016
 847023
 847068
 847358
 847361
 847389
 847552
 847644
 847758
 847797
 847972
 848101
 848120
 848222
 848296
 848371
 848600
 848626
 848626
 848671
 848692
 848716
 848899
 849010
 849056
 849102
 849364
 849447
 849504
 849619
 849786
 849849
 850033
 850112
 850171
 850262
 850470
 850482
 850484
 850528
 850608
 850677
 850760
 850822
 850834
 851022
 851097
 851275
 851410
 851415
 851480
 851652
 851857
 852034
 852064
 852297
 852383
 852386
 852412
 852475
 852711
 852808
 853072
 853180
 853195
 853267
 853403
 853596
 853673
 853688
 853759
 854035
 854054
 854101
 854288
 854398
 854432
 854583
 854881
 855132
 855229
 855326
 855385
 855543
 855552
 855625
 855635
 855697
 855849
 855893
 856028
 856076
 856082
 856087
 856201
 856256
 856632
 856677
 856811
 856818
 857001
 857071
 857102
 857177
 857232
 857337
 857424
 857469
 857553
 857662
 857721
 857970
 858029
 858048
 858141
 858156
 858187
 858209
 858372
 858628
 858786
 858788
 858809
 858904
 859095
 859190
 859229
 859238
 859318
 859344
 859762
 859862
 859936
 860015
 860069
 860315
 860372
 860417
 860489
 860569
 860572
 860635
 860891
 860944
 861273
 861323
 861335
 861375
 861423
 861527
 861851
 861973
 862068
 862103
 862213
 862235
 862495
 862578
 862596
 862853
 862924
 863232
 863320
 863700
 863740
 863753
 863763
 863799
 863864
 864174
 864261
 864452
 864624
 864701
 864718
 864734
 864882
 864963
 865127
 865191
 865367
 865526
 865546
 865896
 865984
 866042
 866069
 866145
 866261
 866347
 866396
 866419
 866467
 866473
 866671
 866750
 866779
 866783
 867009
 867014
 867015
 867121
 867162
 867217
 867529
 867865
 867866
 867899
 867905
 868105
 868131
 868147
 868159
 868223
 868282
 868312
 868558
 868719
 868787
 868852
 868877
 868967
 869076
 869337
 869398
 869497
 869584
 869607
 869687
 869951
 869993
 870022
 870249
 870280
 870292
 870426
 870589
 870646
 870661
 870840
 870883
 870952
 871156
 871195
 871344
 871369
 871438
 871537
 871587
 871698
 871736
 871905
 871940
 872131
 872157
 872275
 872454
 872536
 872558
 873010
 873043
 873166
 873262
 873293
 873297
 873320
 873426
 873497
 873515
 873726
 873802
 873810
 873817
 873873
 873940
 873984
 874046
 874076
 874213
 874240
 874306
 874326
 874335
 874435
 874455
 874572
 874770
 874905
 874974
 875037
 875056
 875143
 875151
 875320
 875448
 875555
 875596
 875632
 875674
 875687
 875921
 876206
 876570
 876696
 877053
 877100
 877112
 877544
 877567
 877569
 877697
 877789
 877798
 877920
 878260
 878377
 878572
 878633
 878741
 878857
 879016
 879043
 879056
 879156
 879303
 879396
 879575
 879621
 879627
 879633
 879742
 879810
 879840
 880000
 880250
 880359
 880885
 880980
 881113
 881142
 881235
 881310
 881396
 881430
 881481
 881583
 881613
 881635
 881680
 881701
 881720
 881899
 881909
 881961
 882011
 882068
 882352
 882356
 882422
 882425
 882602
 882738
 882936
 883063
 883165
 883202
 883283
 883369
 883575
 883676
 883720
 883737
 883776
 883781
 883859
 884032
 884410
 884443
 884449
 884457
 884679
 884731
 884736
 884841
 884903
 885037
 885057
 885196
 885439
 885604
 885630
 885745
 885771
 885944
 885973
 886001
 886075
 886389
 886421
 886435
 886471
 886514
 886763
 886773
 886797
 886808
 886916
 886946
 887015
 887037
 887155
 887428
 887491
 887525
 887526
 887638
 887686
 887753
 887804
 887821
 888025
 888142
 888317
 888420
 888548
 888572
 888690
 888741
 888773
 888812
 888824
 888870
 888914
 888955
 889036
 889079
 889211
 889230
 889281
 889720
 889817
 889842
 889908
 889939
 890041
 890045
 890109
 890220
 890242
 890329
 890341
 890364
 890427
 890645
 890950
 891027
 891615
 891743
 891891
 891930
 891944
 891945
 892012
 892049
 892153
 892225
 892298
 892508
 892825
 892958
 893021
 893102
 893203
 893292
 893718
 893722
 893838
 893871
 893872
 893923
 893975
 894150
 894286
 894454
 894543
 894561
 894660
 894667
 894736
 894747
 894902
 894980
 895100
 895104
 895324
 895485
 896048
 896103
 896171
 896491
 896507
 896716
 896767
 896862
 896915
 896989
 897115
 897221
 897416
 897515
 897515
 897516
 897740
 897964
 897986
 897994
 898028
 898062
 898313
 898374
 898593
 898727
 898741
 898778
 899118
 899159
 899316
 899441
 899443
 899454
 899542
 899984
 900061
 900118
 900126
 900165
 900460
 900547
 900590
 900664
 900722
 900740
 900879
 901415
 901445
 901640
 901686
 901832
 901836
 901883
 901914
 901960
 902053
 902223
 902227
 902290
 902439
 902631
 902836
 903054
 903072
 903162
 903163
 903339
 903410
 903411
 903562
 903563
 903623
 903703
 903853
 903885
 904000
 904159
 904165
 904264
 904484
 904489
 904701
 904708
 904784
 904835
 904840
 904964
 905080
 905378
 905511
 905566
 905610
 905829
 905864
 905902
 906031
 906099
 906271
 906341
 906381
 906391
 906421
 906424
 906542
 906768
 906883
 906957
 907038
 907039
 907066
 907080
 907101
 907149
 907243
 907425
 907516
 907622
 907766
 907911
 907950
 908023
 908063
 908125
 908175
 908181
 908355
 908366
 908377
 908573
 908752
 908812
 908876
 908993
 909011
 909090
 909133
 909532
 909652
 909766
 909874
 910005
 910214
 910283
 910306
 910335
 910366
 910447
 910457
 910534
 910611
 910835
 910901
 911037
 911124
 911165
 911229
 911452
 911452
 912024
 912082
 912192
 912301
 912401
 912556
 912687
 912717
 912731
 912738
 912971
 913043
 913082
 913115
 913118
 913216
 913308
 913344
 913355
 913429
 913477
 913778
 913893
 914033
 914146
 914181
 914213
 914285
 914373
 914531
 914652
 914789
 914838
 914890
 915135
 915158
 915186
 915193
 915221
 915247
 915388
 915478
 915663
 915737
 915853
 915857
 916107
 916193
 916201
 916259
 916501
 916525
 916649
 916753
 916841
 916850
 916951
 916996
 917030
 917059
 917241
 917342
 917383
 917413
 917425
 917705
 917846
 917991
 918005
 918143
 918265
 918437
 918471
 918555
 918653
 918665
 918774
 918936
 919045
 919057
 919109
 919117
 919301
 919522
 919540
 919608
 919636
 920130
 920185
 920286
 920322
 920399
 920443
 920491
 920578
 920763
 920792
 920826
 920879
 920918
 921045
 921062
 921112
 921184
 921190
 921275
 921329
 921451
 921499
 921658
 921778
 921819
 921894
 922035
 922061
 922086
 922155
 922205
 922255
 922345
 922470
 922471
 922531
 922570
 922665
 922721
 922788
 922905
 922911
 922984
 922996
 923026
 923040
 923076
 923387
 923389
 923554
 923572
 923643
 923692
 923749
 923760
 923903
 923964
 924017
 924123
 924130
 924159
 924245
 924263
 924369
 924376
 924439
 924568
 924591
 924805
 924940
 924994
 925037
 925279
 925295
 925337
 925664
 925820
 925883
 925889
 925925
 925957
 926164
 926259
 926325
 926443
 926454
 926538
 926543
 926568
 926616
 926697
 926758
 926829
 926981
 927129
 927324
 927358
 927659
 927724
 927835
 927932
 927979
 928065
 928176
 928388
 928760
 928770
 929054
 929128
 929159
 929372
 929501
 929577
 929603
 929766
 929809
 929809
 929827
 930060
 930137
 930243
 930264
 930327
 930378
 930384
 930474
 930546
 930678
 930733
 930849
 930873
 930935
 931209
 931389
 931603
 931630
 932047
 932254
 932270
 932413
 932432
 932692
 932709
 932961
 932971
 933234
 933464
 933594
 933603
 933645
 933734
 933774
 933936
 934365
 934389
 934654
 934718
 934726
 934727
 934744
 934808
 935040
 935071
 935153
 935359
 935511
 935533
 935560
 935634
 935706
 935899
 935996
 936055
 936255
 936262
 936412
 936416
 936927
 936948
 936977
 936983
 937098
 937228
 937277
 937282
 937460
 937462
 937466
 937493
 937506
 937531
 937538
 937631
 938537
 938719
 938775
 938797
 938854
 938955
 939100
 939110
 939285
 939377
 939393
 939561
 939713
 939737
 939890
 939909
 940125
 940331
 940573
 940659
 940886
 940944
 941042
 941062
 941068
 941176
 941368
 941374
 941496
 941629
 941777
 941840
 942028
 942039
 942180
 942191
 943141
 943194
 943204
 943271
 943362
 943614
 943667
 943782
 943925
 943973
 944034
 944077
 944088
 944162
 944188
 944285
 944309
 944368
 944420
 944444
 944469
 944595
 944639
 944671
 944881
 944944
 944981
 944984
 945103
 945361
 945459
 945470
 945656
 945686
 945700
 945795
 945868
 946002
 946025
 946042
 946266
 946405
 946421
 946794
 946889
 946954
 947503
 947622
 947686
 947949
 947973
 948142
 948358
 948600
 948699
 948772
 949049
 949203
 949260
 949353
 949387
 949628
 949659
 949769
 949949
 950302
 950722
 950729
 950749
 950963
 950980
 951071
 951135
 951180
 951591
 951774
 952163
 952222
 952367
 952410
 952413
 952598
 952737
 952835
 952886
 953095
 953395
 953397
 953469
 953488
 953504
 953590
 953684
 953741
 953791
 953940
 954022
 954025
 954399
 954422
 954811
 954897
 955236
 955316
 955321
 955339
 955772
 956014
 956173
 956283
 956509
 956521
 956604
 956706
 956756
 956777
 956871
 957000
 957095
 957216
 957339
 957405
 957445
 957723
 957951
 958009
 958076
 958097
 958171
 958214
 958336
 958664
 958689
 958710
 958822
 958852
 958883
 958896
 959194
 959244
 959275
 959366
 959409
 959409
 959459
 959557
 959633
 959907
 959968
 959999
 960013
 960102
 960116
 960240
 960311
 960367
 960490
 960520
 960572
 960733
 960809
 960941
 961165
 961191
 961291
 961368
 961661
 961697
 961740
 961777
 961811
 961917
 961918
 961986
 962164
 962192
 962250
 962302
 962396
 962669
 962715
 962823
 962859
 962881
 962885
 963015
 963055
 963079
 963135
 963159
 963218
 963344
 963428
 963432
 963439
 963504
 963718
 963757
 963779
 963824
 963889
 963936
 963990
 964125
 964157
 964285
 964317
 964660
 964757
 964801
 964830
 964912
 964933
 965034
 965118
 965641
 965758
 965870
 965896
 966020
 966095
 966163
 966211
 966353
 966633
 966711
 966738
 966853
 966869
 966876
 966990
 967084
 967257
 967467
 967493
 967521
 967578
 967647
 967833
 967940
 967998
 968011
 968034
 968233
 968253
 968269
 968293
 968337
 968527
 968727
 968829
 968876
 968924
 968957
 968986
 968999
 969094
 969127
 969319
 969401
 969462
 969574
 969683
 969689
 969696
 969794
 969798
 969819
 969839
 969934
 970110
 970170
 970305
 970398
 970399
 970443
 970548
 970656
 970703
 970723
 970811
 970868
 970891
 970934
 971043
 971158
 971200
 971487
 971508
 971595
 971894
 971986
 972191
 972307
 972399
 972847
 972860
 972877
 972954
 973011
 973223
 973281
 973419
 973464
 973499
 973533
 973676
 973678
 973931
 973944
 973983
 974003
 974087
 974127
 974232
 974306
 974366
 974374
 974391
 974474
 974529
 974559
 974605
 974619
 974679
 974720
 974792
 975026
 975061
 975087
 975140
 975187
 975219
 975270
 975613
 975748
 975797
 975893
 976046
 976047
 976206
 976452
 976567
 976871
 976965
 977008
 977019
 977365
 977370
 977443
 977450
 977662
 977708
 978105
 978146
 978229
 978370
 978456
 978711
 978717
 978772
 978859
 978931
 978964
 979042
 979227
 979238
 979308
 979431
 979650
 979653
 979806
 980036
 980067
 980385
 980403
 980416
 980552
 980694
 980930
 981084
 981110
 981191
 981455
 981588
 981776
 981776
 981811
 981889
 981990
 982324
 982353
 982472
 982474
 982498
 982683
 982780
 983016
 983348
 983362
 983505
 983519
 983524
 983540
 983643
 983663
 983671
 983731
 983767
 983768
 983778
 983818
 984031
 984126
 984129
 984251
 984345
 984583
 984877
 984891
 984936
 984962
 985037
 985303
 985435
 985484
 985516
 985673
 985780
 986210
 986388
 986682
 986778
 986801
 986804
 986948
 986969
 987024
 987086
 987212
 987260
 987355
 987707
 987777
 987969
 987990
 988111
 988227
 988242
 988256
 988426
 988432
 988440
 988690
 988845
 989225
 989231
 989249
 989361
 989547
 989712
 989731
 989738
 989868
 989936
 989973
 989992
 990061
 990147
 990250
 990308
 990321
 990557
 990564
 990654
 990946
 991231
 991331
 991340
 991346
 991351
 991382
 991654
 991690
 991738
 991964
 992080
 992257
 992258
 992278
 992325
 992471
 992550
 992612
 992617
 992756
 992801
 992826
 993122
 993154
 993172
 993182
 993377
 993384
 993428
 993572
 993999
 994011
 994065
 994254
 994269
 994347
 994518
 994575
 994636
 994795
 994810
 995075
 995279
 995356
 995438
 995502
 995534
 995680
 995715
 995767
 995802
 995890
 995965
 996009
 996038
 996155
 996367
 996405
 996455
 996651
 996784
 996837
 996880
 996889
 996978
 997014
 997065
 997071
 997173
 997503
 997512
 997569
 997590
 998100
 998204
 998240
 998424
 998761
 999113
 999319
 999431
 