95898
 73822
 89373
 32061
 8689
 9398
 30425
 87017
 96690
 52097
 12513
 53929
 309
 91200
 77022
 43134
 74076
 62144
 16034
 35498
 61539
 7276
 89253
 39037
 45111
 38529
 69022
 43935
 91138
 67476
 75173
 1307
 73557
 56504
 27760
 4810
 14924
 1960
 59399
 6723
 4459
 7005
 54250
 18389
 48066
 5689
 72050
 41221
 2146
 16295
 89335
 77777
 70694
 68750
 73390
 21203
 93807
 27200
 19722
 15730
 84504
 85838
 66026
 48168
 98005
 58363
 9769
 62576
 57619
 13359
 20526
 5169
 44052
 29064
 84723
 44730
 59560
 73427
 27505
 78267
 42857
 57790
 83099
 29913
 39046
 9196
 1929
 35704
 19571
 65638
 35670
 75953
 8175
 76504
 14686
 10665
 23893
 89256
 32186
 85332
 27103
 14904
 24705
 41676
 88999
 34222
 3392
 16904
 32927
 12454
 84724
 65670
 34239
 8344
 28536
 52192
 33255
 1983
 50320
 70034
 27707
 87152
 58778
 12325
 92424
 98050
 92336
 62030
 36280
 36514
 13556
 45642
 19371
 10308
 76811
 40254
 50074
 3098
 29177
 96191
 28171
 90443
 62165
 3507
 63564
 8127
 53339
 67832
 59917
 79872
 33439
 24423
 97769
 65943
 69200
 73540
 22640
 34479
 6091
 52870
 36955
 69329
 50021
 68152
 81705
 889
 81797
 96675
 93539
 87019
 5371
 77267
 32395
 65319
 34910
 81437
 43089
 60691
 12057
 42241
 37758
 3294
 19567
 53161
 80539
 44433
 9644
 57195
 62593
 75586
 8198
 70468
 97400
 64707
 39593
 95314
 38756
 47236
 19583
 96378
 164
 39299
 87392
 30697
 93333
 98775
 29787
 44790
 30143
 96059
 36954
 63580
 66807
 82921
 43017
 75677
 51118
 31415
 95266
 25339
 31192
 20307
 43277
 617
 69524
 41567
 30460
 40053
 88264
 78264
 70215
 48120
 69608
 45168
 75331
 25267
 35185
 85774
 55154
 79688
 5072
 79166
 88711
 79694
 69969
 44764
 53814
 39263
 25563
 91230
 55361
 10083
 46658
 23022
 98465
 67489
 26380
 34940
 41795
 71409
 24757
 14968
 716
 85138
 28031
 95905
 49847
 43216
 65367
 45312
 1402
 41270
 28618
 37011
 84167
 4104
 69082
 60358
 38253
 99455
 37355
 13523
 70635
 76213
 6957
 47723
 75065
 1468
 45748
 87303
 2859
 19602
 87734
 32334
 15877
 69434
 25883
 54385
 75257
 18818
 28155
 85849
 65049
 9541
 69703
 62849
 63186
 97859
 32870
 64847
 90401
 34351
 90766
 54711
 29063
 34836
 33394
 5600
 74309
 86133
 29911
 19348
 65182
 68403
 25466
 37482
 6597
 34543
 23053
 11936
 6009
 35446
 2219
 90135
 49638
 76481
 15285
 86467
 15062
 66666
 29128
 94388
 65221
 96710
 3664
 70987
 68172
 65814
 17356
 83017
 8406
 42355
 99256
 18468
 40448
 19138
 79245
 54607
 1639
 1555
 81289
 77506
 20835
 71776
 45108
 45040
 10385
 13133
 57950
 53632
 18711
 27429
 96490
 26005
 10745
 40985
 44800
 89312
 2441
 13833
 82032
 72655
 22735
 7057
 58557
 89228
 48777
 27411
 55461
 70080
 47607
 15195
 57616
 60309
 40484
 50085
 52039
 61535
 41982
 3074
 13771
 41014
 90898
 66011
 75867
 83370
 46306
 71865
 6110
 69038
 32702
 64363
 31955
 36755
 45127
 9305
 22391
 12287
 25473
 78196
 72465
 55404
 61769
 27909
 47617
 72779
 72606
 93429
 28051
 80945
 21061
 90240
 76952
 67310
 95770
 57335
 82761
 3901
 34097
 31591
 97607
 84811
 55577
 22295
 40625
 40099
 26772
 54907
 3435
 9819
 62557
 13612
 52410
 42599
 33333
 33455
 73248
 93783
 56115
 87388
 15541
 28296
 93913
 83770
 4991
 36847
 72855
 23467
 6067
 96374
 2938
 54149
 37874
 86692
 66745
 84337
 9453
 22879
 21896
 94080
 60000
 71000
 30017
 21382
 185
 34040
 92278
 45946
 93977
 59580
 44970
 40109
 5138
 2997
 44405
 64938
 77071
 70518
 7990
 98531
 40681
 25136
 79482
 10555
 8959
 95715
 93194
 61678
 14428
 10500
 13627
 94988
 47119
 41760
 10168
 95345
 69756
 34944
 67535
 60884
 35412
 90607
 28054
 38696
 41210
 12505
 87580
 37006
 13937
 42870
 76707
 91041
 49062
 24258
 19087
 33548
 4085
 17415
 14285
 40581
 96299
 22007
 989
 40390
 77586
 384
 76665
 6807
 71914
 96648
 44973
 60813
 74359
 77446
 69376
 22995
 15763
 61005
 42592
 3697
 14598
 69505
 84286
 95456
 41733
 82546
 63085
 93044
 9090
 94371
 5826
 16606
 80891
 92427
 45238
 96505
 22454
 8040
 72892
 7519
 95203
 75564
 90131
 8072
 85518
 79655
 96624
 6468
 49761
 93768
 80984
 67005
 579
 48716
 85068
 52247
 2143
 19869
 44978
 57090
 1862
 37190
 64849
 20173
 90114
 58717
 11505
 57359
 54518
 26384
 63019
 18173
 11836
 31515
 89893
 44127
 96930
 90594
 53750
 44371
 44229
 98616
 28562
 41425
 55100
 22136
 17858
 76736
 22019
 95640
 79712
 43579
 60432
 84461
 44343
 83520
 39111
 27182
 74265
 80356
 17696
 40540
 64257
 96041
 36420
 82105
 26581
 66760
 52607
 8278
 85943
 56444
 5438
 37450
 29827
 57063
 94214
 31409
 49773
 72249
 22406
 26002
 21250
 55788
 87249
 3806
 74611
 94014
 99754
 10454
 45115
 96468
 68920
 48663
 85955
 12308
 78977
 77496
 32611
 61171
 27137
 27169
 74829
 30267
 51476
 2564
 26527
 5252
 25864
 98582
 70152
 4804
 83903
 76214
 84555
 34306
 88716
 59486
 53174
 71939
 38996
 76849
 99888
 17640
 53389
 88401
 80185
 90363
 74016
 24224
 51537
 363
 573
 55386
 90507
 71771
 68548
 4899
 20269
 1163
 5581
 35542
 78432
 95430
 34691
 33488
 18000
 14920
 7859
 6498
 623
 81344
 96250
 22090
 60647
 73546
 40161
 57165
 24367
 53960
 24358
 64867
 50084
 91304
 26658
 47044
 68396
 38399
 83477
 15144
 17811
 14050
 39987
 21208
 40438
 70020
 63168
 7830
 60162
 73814
 50857
 76190
 40525
 60807
 74823
 46008
 62361
 94469
 37992
 96755
 87519
 73773
 70937
 71980
 90843
 14179
 77165
 12465
 51602
 9155
 31654
 37416
 42373
 46093
 64425
 33463
 49882
 35671
 36133
 79148
 20273
 48333
 51286
 8211
 48071
 90269
 62568
 35208
 5204
 94275
 98370
 26492
 47182
 78556
 65505
 16804
 47579
 93
 84129
 69503
 10130
 78939
 31022
 19216
 36805
 54910
 37504
 67598
 3859
 68016
 37029
 78383
 53187
 68753
 82958
 16154
 36545
 57766
 38691
 15863
 21102
 79673
 11152
 97036
 32503
 67285
 33284
 39406
 26818
 27131
 65277
 67610
 44914
 38673
 17056
 29555
 41590
 76293
 8347
 12870
 30111
 48522
 80914
 52135
 80983
 464
 91351
 66230
 18636
 22231
 24316
 61197
 29838
 58316
 5557
 34515
 74428
 6358
 23041
 41858
 71512
 58431
 73112
 93330
 26686
 55070
 60330
 91916
 24215
 44951
 6768
 47832
 89338
 43448
 61715
 20498
 10284
 74033
 32133
 19523
 47215
 14828
 77725
 48986
 60212
 68197
 60272
 63936
 84771
 27538
 98392
 75060
 61838
 55778
 91479
 68514
 62477
 56213
 44991
 67391
 97625
 96226
 64309
 13800
 73544
 30549
 2981
 55207
 43431
 28445
 27880
 30787
 35030
 69399
 32521
 57974
 47351
 64228
 90920
 16005
 24932
 99744
 80718
 5740
 70119
 29258
 70837
 48183
 94323
 76593
 89505
 61421
 14775
 32212
 53327
 60779
 62270
 96593
 56593
 23594
 90909
 36368
 90122
 3260
 22622
 27651
 6530
 46998
 73246
 57412
 78490
 66339
 33998
 22008
 57939
 80846
 9525
 37279
 77221
 12348
 18371
 88259
 56417
 46151
 52250
 6556
 39407
 83186
 43238
 97482
 32492
 1602
 41565
 53468
 13171
 91171
 60466
 67066
 88018
 55257
 37742
 20849
 62651
 45571
 56852
 31273
 89293
 50791
 88053
 69897
 