85622
 89234
 68912
 86135
 22414
 15706
 14931
 17815
 80850
 46079
 26536
 3050
 3692
 29439
 23568
 40447
 22170
 81009
 18779
 1616
 31215
 98737
 28518
 62389
 87551
 15347
 49486
 41412
 62095
 44534
 86484
 63902
 16738
 54262
 94839
 19574
 99710
 23366
 36972
 11990
 48145
 46003
 69485
 30098
 55723
 39340
 12235
 39705
 52519
 22806
 69355
 18707
 31960
 83260
 14516
 12179
 10104
 52265
 59603
 73684
 83932
 62000
 65573
 78243
 61482
 83408
 37387
 69395
 44368
 96331
 15025
 36306
 99970
 80195
 71796
 16606
 14143
 48464
 18331
 32839
 55740
 66450
 8695
 0
 38146
 29623
 98424
 8118
 83823
 51649
 29381
 87712
 80709
 91197
 33790
 6053
 25242
 4134
 31246
 69602
 45738
 9472
 21860
 18204
 68259
 66993
 26830
 61927
 55082
 92287
 34335
 65115
 90558
 78342
 36872
 82910
 6568
 56730
 44438
 7323
 89078
 22555
 35707
 30793
 92272
 31470
 7385
 69343
 7340
 25327
 63396
 38686
 41141
 51165
 68350
 14717
 66859
 23025
 22680
 95124
 94258
 24485
 62993
 17913
 77013
 93644
 37791
 40675
 5978
 23021
 51448
 51480
 15870
 12953
 76058
 16361
 90756
 34077
 27123
 4394
 21975
 93337
 82184
 55196
 97592
 36340
 75637
 63480
 59142
 49896
 60111
 19863
 89989
 69786
 94055
 98058
 60815
 8335
 8371
 79242
 52538
 37577
 31645
 946
 10966
 76776
 87943
 11017
 79185
 63018
 23408
 68838
 92947
 22811
 5363
 340
 53842
 67628
 8128
 55646
 61197
 37570
 76190
 35685
 76545
 83132
 57394
 90356
 24894
 70000
 20304
 64348
 51708
 38085
 77316
 76004
 20763
 26571
 2603
 42190
 29812
 47956
 46666
 55166
 75520
 71690
 95544
 9462
 52381
 56881
 13049
 54739
 69387
 97867
 91852
 18449
 50182
 2743
 8766
 11872
 82689
 62521
 59650
 38584
 47722
 72717
 96065
 9007
 87571
 35740
 90294
 61654
 68438
 15003
 93233
 91314
 95371
 42802
 59428
 20227
 59899
 46753
 37032
 98873
 53239
 27612
 65652
 53900
 33085
 4610
 66522
 9079
 81275
 91557
 289
 66421
 75480
 57758
 85683
 82056
 92174
 15850
 13665
 87577
 9842
 48963
 9438
 46639
 29976
 53034
 60272
 32400
 67133
 7171
 13726
 90342
 70510
 50768
 29300
 69065
 58784
 67997
 2549
 13890
 44234
 32091
 14253
 83263
 23904
 55719
 49984
 76077
 87533
 65845
 81581
 35344
 44738
 5158
 3084
 64411
 99902
 49547
 15446
 36996
 21711
 50410
 31944
 76640
 84494
 41710
 16920
 85745
 64627
 46867
 3810
 358
 22841
 24209
 8458
 67003
 42686
 96389
 21968
 55583
 17701
 4522
 58199
 5340
 2239
 97136
 12500
 65474
 26658
 86643
 44681
 59094
 56609
 73391
 80412
 28952
 27379
 3015
 51938
 77572
 4716
 5533
 64481
 16039
 76848
 10129
 54512
 34830
 12713
 26174
 21913
 84626
 48110
 34721
 37825
 16058
 16289
 78094
 4819
 8228
 59363
 31320
 13255
 40170
 64990
 59746
 45132
 4447
 70855
 68913
 316
 97567
 12302
 28167
 94933
 28623
 32851
 29863
 58080
 58435
 49447
 22772
 38391
 68572
 95553
 70750
 9074
 83736
 98221
 17129
 83425
 300
 30320
 7625
 78041
 57307
 50382
 26373
 7392
 3529
 70850
 72190
 78922
 65036
 33905
 99138
 1139
 24249
 94439
 79811
 73020
 26316
 4325
 79731
 83437
 88625
 779
 88674
 23210
 82119
 82496
 25896
 57442
 158
 83207
 13830
 4661
 38090
 13749
 77660
 81870
 23581
 59408
 16288
 91493
 30247
 86735
 26951
 92883
 64467
 35854
 27446
 73759
 87978
 57739
 15209
 65947
 46375
 75323
 36152
 8986
 17428
 32146
 83948
 26595
 74036
 86647
 26846
 31996
 97301
 74269
 39723
 69066
 9364
 97735
 54505
 22207
 32259
 43076
 4900
 75986
 84045
 63773
 87906
 83544
 85339
 14718
 16928
 51251
 40863
 89779
 80653
 61506
 80065
 27530
 17169
 37009
 25895
 12977
 30201
 70354
 88447
 78705
 92070
 46203
 20236
 97445
 20846
 37715
 99476
 15294
 73299
 93240
 36843
 87073
 93314
 64525
 57185
 9923
 11378
 7802
 31596
 8722
 57718
 80419
 86095
 5674
 50373
 39887
 43185
 38918
 36086
 30965
 1866
 69157
 35939
 22022
 86742
 55576
 86629
 16887
 61648
 50058
 42475
 77166
 52036
 61764
 61423
 9942
 37463
 13740
 94376
 79213
 26307
 77213
 86871
 2076
 57567
 25734
 9102
 88685
 99629
 9544
 79976
 5067
 87549
 55539
 30451
 2739
 20984
 16134
 94348
 65864
 60938
 20499
 82280
 90675
 43649
 5830
 77167
 25492
 70042
 19418
 54038
 27974
 41379
 8706
 37183
 97162
 25236
 32685
 96973
 63263
 76578
 55960
 4245
 44727
 36246
 4470
 73346
 80777
 3918
 4165
 71614
 68713
 35221
 44482
 87441
 44364
 92144
 75537
 63737
 68388
 94694
 85760
 79234
 90973
 33678
 9597
 38574
 48386
 37230
 86074
 97889
 33681
 8997
 48251
 22995
 13513
 13474
 2418
 40426
 98422
 48901
 85762
 21237
 39529
 57945
 11958
 66763
 99784
 58944
 50912
 40954
 2641
 85474
 69556
 42374
 85989
 97311
 61382
 23885
 49196
 33269
 70127
 2170
 12781
 21279
 39999
 92979
 80885
 79476
 70865
 49352
 44149
 52232
 90173
 28806
 27523
 28736
 50078
 57000
 13020
 92270
 64994
 93743
 39912
 35340
 83717
 36005
 34665
 86445
 97385
 9236
 76219
 20009
 1729
 80499
 95018
 87857
 41878
 53315
 10053
 19446
 68260
 59347
 52546
 52178
 2532
 8288
 88489
 25169
 34158
 9071
 14168
 10378
 85857
 90200
 87056
 17552
 7007
 65858
 71157
 94669
 36023
 36208
 67400
 64216
 12599
 7986
 91126
 91726
 57111
 81787
 48005
 17245
 20214
 85151
 1366
 97997
 72366
 87101
 11991
 34606
 53114
 62954
 72165
 12624
 27963
 54756
 85459
 37190
 68187
 58590
 95961
 69032
 65878
 4851
 34049
 75199
 14949
 16734
 23618
 63292
 14816
 73256
 18462
 12184
 74059
 77813
 74995
 61787
 32049
 40812
 5840
 600
 74483
 90532
 53105
 76832
 37976
 20476
 44213
 13462
 25687
 29328
 79132
 31132
 98551
 15218
 36411
 92593
 72699
 95510
 101
 17435
 62441
 48640
 79423
 52734
 4262
 30808
 56830
 55877
 14163
 59624
 53924
 6085
 50054
 60264
 87689
 38560
 80575
 19508
 66894
 70881
 36436
 96491
 87763
 2057
 75714
 22381
 26786
 64003
 87233
 79850
 25899
 46461
 96061
 14540
 44925
 19362
 28858
 64290
 90990
 59072
 69513
 62291
 36082
 96203
 80165
 27964
 8714
 12736
 39891
 78048
 83734
 55636
 68080
 1952
 31570
 7771
 45665
 46298
 67754
 94297
 97451
 72163
 2436
 93659
 72848
 43051
 20335
 94368
 35484
 93350
 28154
 65963
 99752
 38325
 41975
 41069
 14999
 64426
 39015
 21820
 44662
 89214
 44959
 43692
 80327
 84009
 67018
 58952
 54446
 87380
 59748
 48387
 39567
 14455
 68269
 34375
 50987
 72141
 75983
 6601
 86031
 59963
 73964
 54294
 63616
 60276
 3268
 8849
 92487
 59207
 70530
 32240
 82181
 10597
 27741
 32030
 73618
 41269
 41824
 85444
 77869
 89703
 95874
 90839
 81200
 46272
 61671
 66444
 19050
 73378
 91551
 86453
 51991
 98687
 9563
 65321
 48352
 79037
 36536
 19123
 28660
 70804
 66896
 68261
 55866
 37169
 32135
 59537
 93265
 92857
 8269
 1741
 24827
 4075
 75839
 39742
 63251
 73079
 76182
 25464
 57738
 16547
 79487
 28346
 26244
 2271
 8473
 65988
 6860
 16958
 57448
 74466
 25484
 19690
 29173
 26035
 72882
 96371
 13072
 51060
 19673
 7099
 66420
 46914
 47068
 70737
 12061
 67487
 89131
 38867
 30652
 13313
 98538
 20998
 80135
 20000
 80606
 29775
 29617
 19626
 