0
 53
 99
 176
 282
 325
 492
 503
 534
 588
 795
 855
 885
 933
 1089
 1132
 1279
 1375
 1500
 1510
 1547
 1672
 1893
 2273
 2325
 2396
 2479
 2489
 2550
 2601
 2729
 2979
 3065
 3222
 3556
 3849
 3889
 3964
 4143
 4272
 4529
 4545
 4628
 4682
 4897
 5013
 5079
 5098
 5247
 5257
 5307
 5322
 5411
 5521
 5717
 5756
 5820
 5917
 5937
 6216
 6268
 6500
 6524
 6527
 6538
 6570
 6673
 6745
 6747
 6765
 7068
 7150
 7219
 7395
 7512
 7594
 7600
 7636
 7638
 7708
 8005
 8306
 8461
 8574
 8805
 8905
 8981
 9008
 9179
 9455
 9506
 9672
 9850
 9859
 10036
 10278
 10389
 10637
 10638
 10660
 10713
 10843
 11024
 11063
 11141
 11322
 11394
 11503
 11588
 11589
 11762
 11786
 11866
 12008
 12058
 12063
 12125
 12285
 12349
 12351
 12612
 12688
 12875
 13148
 13256
 13294
 13311
 13338
 13340
 13378
 13451
 13455
 13459
 13787
 13832
 13889
 14005
 14063
 14073
 14173
 14199
 14240
 14311
 14389
 14901
 15144
 15185
 15204
 15364
 15373
 15455
 15478
 15503
 15596
 15610
 15622
 15966
 16000
 16268
 16349
 16677
 17293
 17336
 17449
 17519
 17706
 18164
 18201
 18219
 18236
 18353
 18397
 18480
 18556
 18608
 18702
 18769
 19047
 19078
 19089
 19091
 19124
 19255
 19327
 19422
 19467
 19605
 19653
 19696
 19713
 19715
 19790
 19816
 19847
 19879
 19930
 19937
 19992
 20011
 20096
 20183
 20208
 20580
 20709
 20744
 20900
 20987
 21085
 21155
 21213
 21240
 21252
 21644
 21808
 21894
 22059
 22185
 22436
 22438
 22664
 22696
 22736
 22762
 22830
 22867
 22950
 23084
 23321
 23368
 23406
 23569
 23602
 23626
 23712
 23757
 23759
 23872
 23946
 23970
 24383
 24583
 24766
 24786
 24813
 24860
 24906
 25020
 25043
 25047
 25457
 25482
 25490
 25505
 25550
 25562
 25584
 25767
 25801
 26187
 26204
 26314
 26315
 26396
 26407
 26884
 27034
 27118
 27183
 27360
 27369
 27421
 27631
 27727
 27885
 28047
 28058
 28256
 28347
 28352
 28370
 28676
 28705
 28887
 28975
 29015
 29069
 29155
 29216
 29715
 29717
 29756
 29763
 29770
 29801
 29931
 29994
 30266
 30439
 30897
 30964
 31136
 31287
 31340
 31594
 31638
 31641
 31648
 32252
 32427
 32826
 32842
 32864
 32883
 32982
 33076
 33362
 33510
 33524
 33561
 33591
 33655
 33730
 33744
 33763
 33775
 33886
 33920
 34303
 34406
 35148
 35202
 35283
 35681
 35686
 35720
 35825
 35874
 36003
 36198
 36215
 36513
 36521
 36602
 36651
 36664
 36697
 36794
 36844
 36892
 36949
 37195
 37284
 37317
 37336
 37490
 37525
 37565
 37572
 37588
 38203
 38267
 38388
 38421
 38527
 38645
 38695
 38713
 39009
 39021
 39163
 39165
 39179
 39255
 39264
 39413
 39727
 39794
 39917
 40338
 40355
 40369
 40372
 40390
 40522
 40542
 40560
 40590
 40614
 40629
 40759
 40804
 40843
 40879
 40925
 41000
 41152
 41161
 41200
 41381
 41564
 41651
 41745
 41935
 42018
 42265
 42415
 42551
 42639
 42787
 42795
 42844
 43014
 43050
 43086
 43175
 43177
 43330
 43504
 43537
 43545
 43613
 43732
 43804
 43860
 43905
 43969
 43993
 43997
 44093
 44417
 44429
 44485
 44596
 44815
 44827
 44922
 45206
 45211
 45253
 45376
 45415
 45471
 45586
 45617
 45676
 45687
 45691
 45696
 45798
 45923
 46153
 46283
 46380
 46416
 46456
 46467
 46468
 46628
 46674
 46783
 46827
 46842
 46878
 46902
 47011
 47179
 47385
 47412
 47420
 47610
 47704
 47822
 47837
 47914
 47952
 47987
 48014
 48369
 48434
 48498
 48590
 48617
 48818
 48912
 49014
 49037
 49107
 49127
 49228
 49303
 49599
 49674
 49680
 49845
 49921
 49960
 49970
 50052
 50163
 50337
 50415
 50605
 50640
 50673
 50686
 50690
 50702
 50771
 51037
 51046
 51147
 51230
 51347
 51457
 51629
 51667
 51685
 51966
 52190
 52326
 52329
 52381
 52476
 52663
 52794
 53082
 53112
 53191
 53259
 53353
 53433
 53546
 53687
 53712
 53790
 53807
 53921
 53961
 54049
 54342
 54794
 55128
 55168
 55175
 55202
 55225
 55231
 55275
 55401
 55453
 55501
 55514
 55520
 55521
 55522
 55533
 55846
 55889
 55894
 56095
 56117
 56275
 56317
 56337
 56385
 56393
 56589
 56613
 56718
 56749
 56853
 57320
 57570
 57577
 57644
 57678
 57894
 58202
 58308
 58654
 58744
 59062
 59268
 59345
 59406
 59421
 59517
 59649
 59663
 59686
 59702
 59747
 59944
 59950
 59976
 59996
 60058
 60155
 60380
 60412
 60543
 60576
 60645
 60927
 61038
 61062
 61124
 61250
 61296
 61360
 61377
 61582
 61659
 61678
 61873
 62129
 62431
 62452
 62573
 62581
 62646
 62814
 63022
 63077
 63119
 63281
 63336
 63411
 63449
 63854
 63916
 64116
 64259
 64271
 64334
 64556
 64588
 64623
 64658
 64708
 65142
 65446
 65569
 65864
 65898
 65966
 66042
 66325
 66375
 66551
 66582
 66639
 66663
 66678
 66695
 66910
 66982
 67014
 67349
 67358
 67406
 67437
 67741
 67806
 67812
 67924
 68101
 68210
 68304
 68331
 68440
 68537
 68605
 68626
 68742
 68794
 68795
 68799
 68954
 69197
 69441
 69652
 69757
 69868
 70086
 70261
 70640
 70793
 70813
 70827
 70836
 70917
 70937
 70967
 71021
 71071
 71099
 71157
 71193
 71499
 71600
 71685
 71754
 71760
 71914
 72030
 72072
 72191
 72335
 72367
 72368
 72493
 72534
 72539
 72545
 72689
 72821
 72899
 73013
 73384
 73404
 73406
 73497
 73563
 73676
 73685
 74023
 74076
 74141
 74148
 74172
 74184
 74240
 74302
 74567
 74601
 74800
 74804
 74810
 74824
 74939
 75000
 75104
 75354
 75426
 75786
 75809
 75831
 75888
 76006
 76084
 76247
 76413
 76470
 76690
 76707
 76738
 76774
 76918
 76941
 76944
 76991
 77181
 77386
 77394
 77480
 77587
 77716
 77760
 77925
 77926
 77990
 78002
 78181
 78198
 78381
 78466
 78551
 78572
 78662
 78683
 78732
 78792
 79130
 79230
 79286
 79352
 79532
 79806
 79878
 79923
 80110
 80118
 80119
 80285
 80412
 80509
 80598
 80606
 80707
 80823
 80962
 80998
 81063
 81230
 81241
 81420
 81446
 81580
 81714
 81802
 82062
 82148
 82161
 82230
 82344
 82564
 83032
 83149
 83226
 83446
 83554
 83697
 83870
 83885
 83950
 84051
 84152
 84179
 84254
 84399
 84435
 84596
 84668
 84749
 84816
 84931
 85151
 85238
 85542
 85576
 85678
 85739
 85766
 85824
 85882
 85954
 85962
 85970
 86075
 86159
 86161
 86549
 86696
 86840
 86896
 86909
 87161
 87174
 87219
 87265
 87291
 87369
 87398
 87425
 87504
 87821
 87882
 87974
 88294
 88401
 88408
 88465
 88492
 88534
 88571
 88662
 88808
 88824
 88892
 89363
 89524
 89539
 89858
 90003
 90081
 90195
 90235
 90247
 90297
 90498
 90700
 91018
 91175
 91330
 91337
 91423
 91437
 91486
 91774
 91855
 91856
 92020
 92048
 92143
 92190
 92291
 92294
 92328
 92367
 92467
 92468
 92495
 92554
 92626
 92630
 92645
 92694
 92792
 92844
 92882
 93079
 93134
 93150
 93162
 93259
 93273
 93416
 93437
 93465
 93603
 93750
 93820
 93956
 93965
 93977
 94054
 94061
 94154
 94224
 94240
 94290
 94295
 94353
 94488
 94561
 94711
 94801
 94900
 94993
 95088
 95150
 95164
 95335
 95347
 95401
 95507
 95644
 95663
 95778
 95781
 96164
 96191
 96307
 96317
 96380
 96492
 96927
 96935
 97112
 97188
 97374
 97545
 97791
 97917
 97920
 97986
 98010
 98109
 98307
 98330
 98420
 98447
 98473
 98822
 98901
 98927
 99057
 99063
 99125
 99266
 99398
 99415
 99488
 99499
 99548
 99717
 99751
 99838
 99894
 