0
 185
 210
 308
 387
 442
 481
 703
 728
 804
 1097
 1530
 1923
 2046
 2059
 2097
 2111
 2112
 2166
 2181
 2326
 2331
 2356
 2493
 2495
 2506
 2887
 2903
 3087
 3197
 3224
 3273
 3604
 3691
 3723
 3840
 3910
 3951
 3958
 4026
 4133
 4150
 4151
 4185
 4209
 4217
 4248
 4652
 4716
 4745
 4751
 4770
 4780
 4866
 4915
 5219
 5486
 5583
 5805
 5880
 6154
 6219
 6344
 6357
 6603
 6625
 6627
 7159
 7181
 7255
 7380
 7723
 7786
 8286
 8324
 8333
 8346
 8692
 8736
 8840
 8842
 8944
 9010
 9082
 9106
 9138
 9151
 9311
 9335
 9451
 9483
 9605
 9729
 9804
 10029
 10031
 10043
 10169
 10303
 10379
 10529
 10559
 10663
 10751
 10784
 10842
 10887
 10892
 11139
 11187
 11193
 11435
 11546
 11614
 11756
 11771
 11847
 11901
 12174
 12372
 12539
 12547
 12575
 12841
 12903
 12977
 13055
 13134
 13177
 13212
 13295
 13355
 13366
 13397
 13420
 13434
 13487
 13580
 13632
 13982
 14000
 14250
 14394
 14400
 14496
 14512
 14601
 14615
 14653
 14861
 14867
 15059
 15158
 15182
 15202
 15335
 15341
 15594
 15617
 15693
 15902
 15956
 16124
 16288
 16362
 16389
 16515
 16538
 16550
 16769
 16819
 17185
 17196
 17235
 17250
 17253
 17503
 17756
 17828
 17860
 17931
 17936
 18028
 18049
 18348
 18399
 18553
 18681
 18698
 18902
 18988
 19434
 19470
 19656
 19801
 19905
 19999
 20000
 20178
 20338
 20355
 20506
 20517
 20520
 20870
 20920
 21035
 21052
 21068
 21179
 21459
 21523
 21632
 21843
 22094
 22122
 22171
 22207
 22340
 22785
 22952
 22972
 23006
 23029
 23064
 23417
 23682
 23780
 23791
 24028
 24107
 24158
 24169
 24344
 24586
 24629
 24677
 24895
 25000
 25087
 25173
 25266
 25475
 25493
 25579
 25601
 25606
 25728
 25930
 26079
 26206
 26208
 26211
 26335
 26410
 26417
 26551
 26564
 26573
 26720
 26945
 26966
 26972
 26993
 27041
 27078
 27100
 27254
 27350
 27495
 27508
 27591
 27720
 27749
 27903
 27981
 28052
 28146
 28348
 28430
 28459
 28516
 28571
 28687
 28775
 28805
 28923
 28937
 29060
 29084
 29107
 29179
 29227
 29296
 29564
 29643
 29673
 29685
 29816
 30055
 30289
 30318
 30364
 30387
 30458
 30467
 30474
 30602
 30826
 30828
 30855
 30911
 30950
 31406
 31507
 31566
 31916
 32006
 32008
 32080
 32103
 32117
 32154
 32177
 32430
 32440
 32598
 32692
 32715
 32838
 33061
 33072
 33197
 33246
 33324
 33333
 33392
 33615
 33712
 33848
 33859
 33875
 33914
 34011
 34254
 34309
 34381
 34415
 34434
 34612
 34661
 34670
 34855
 34868
 34915
 34925
 35103
 35253
 35458
 35568
 35642
 35964
 36288
 36466
 36501
 36506
 36524
 36707
 37160
 37189
 37206
 37273
 37678
 37786
 37876
 37994
 38080
 38176
 38237
 38446
 38456
 38551
 38603
 38635
 38666
 38691
 39035
 39056
 39315
 39356
 39562
 39715
 39728
 39778
 39882
 40114
 40194
 40260
 40360
 40372
 40493
 40617
 40660
 40679
 40724
 40832
 41297
 41315
 41427
 41653
 42084
 42435
 42636
 42646
 42966
 43188
 43301
 43369
 43395
 43499
 43519
 43675
 43760
 43902
 43946
 44159
 44261
 44532
 44562
 44564
 44624
 44734
 44757
 44802
 44842
 45122
 45496
 45590
 45615
 45756
 45986
 46284
 46416
 46417
 46570
 46660
 46716
 46800
 46902
 46928
 46944
 47197
 47297
 47357
 47542
 47696
 47760
 47942
 48007
 48197
 48223
 48431
 48438
 48461
 48587
 48598
 48610
 48827
 48854
 49028
 49095
 49175
 49358
 49477
 49537
 49578
 49585
 49587
 49927
 50062
 50126
 50877
 50993
 50996
 50997
 51032
 51229
 51296
 51356
 51429
 51478
 51552
 51646
 51694
 51828
 51858
 51922
 51957
 52068
 52073
 52338
 52383
 52449
 52721
 52821
 52895
 53024
 53147
 53381
 53456
 53604
 53654
 53727
 53764
 53899
 53953
 54093
 54204
 54479
 54481
 54666
 54734
 54784
 55126
 55172
 55254
 55264
 55267
 55299
 55354
 55404
 55516
 55574
 55713
 55721
 55871
 55884
 56275
 56467
 56477
 56536
 56648
 56871
 56917
 56937
 57323
 57333
 57504
 57575
 57848
 57853
 58121
 58204
 58357
 58405
 58620
 58723
 58734
 58777
 58910
 59214
 59422
 59511
 59518
 59534
 59542
 59544
 59637
 59639
 59717
 59948
 59970
 60000
 60015
 60099
 60206
 60360
 60605
 60653
 60674
 60812
 60813
 60893
 61045
 61049
 61158
 61376
 61678
 61724
 61739
 61880
 61958
 61984
 62098
 62152
 62174
 62269
 62375
 62434
 62510
 62654
 62687
 62763
 62773
 62783
 62786
 62810
 62853
 62866
 63143
 63425
 63647
 63659
 63672
 63909
 63970
 64145
 64157
 64164
 64197
 64293
 64391
 64609
 64659
 64987
 65009
 65034
 65061
 65165
 65250
 65306
 65370
 65412
 65474
 65493
 65495
 65520
 65742
 65747
 65791
 66000
 66109
 66125
 66666
 67163
 67216
 67231
 67262
 67310
 67426
 67653
 67664
 67898
 68200
 68220
 68299
 68475
 68538
 68959
 68977
 69008
 69105
 69224
 69309
 69350
 69378
 69411
 69598
 69793
 69852
 69866
 70064
 70182
 70346
 70456
 70481
 70528
 70533
 70576
 70588
 70652
 70669
 71030
 71128
 71424
 71449
 71520
 71698
 71784
 71800
 71854
 71881
 71942
 72058
 72061
 72140
 72231
 72258
 72384
 72432
 72701
 72707
 72728
 72754
 72755
 72758
 72967
 73253
 73333
 73428
 73447
 73501
 73547
 73623
 73626
 73706
 73756
 73813
 73852
 73926
 74070
 74165
 74191
 74560
 74673
 74688
 74954
 75091
 75342
 75387
 75422
 75432
 75616
 75661
 75750
 75964
 76059
 76261
 76373
 76397
 76673
 76771
 76796
 76834
 76852
 76955
 76956
 76959
 77061
 77171
 77203
 77266
 77280
 77389
 77536
 77770
 77776
 77818
 78030
 78045
 78102
 78174
 78182
 78245
 78348
 78367
 78381
 78424
 78435
 78448
 78677
 78700
 78975
 79031
 79052
 79068
 79144
 79433
 79466
 79522
 79543
 79897
 79947
 79999
 80087
 80098
 80143
 80235
 80307
 80370
 80392
 80522
 80527
 80615
 80942
 80975
 81084
 81127
 81312
 81521
 81544
 81558
 81573
 81613
 81653
 81786
 81805
 81903
 82294
 82452
 82500
 82530
 82601
 82730
 83061
 83323
 83361
 83460
 83510
 83526
 83742
 84029
 84070
 84114
 84237
 84515
 84539
 84615
 84639
 84745
 84896
 84919
 84939
 84942
 84974
 85156
 85422
 85505
 85530
 85584
 85763
 85926
 85961
 86007
 86077
 86110
 86188
 86453
 86499
 86512
 86584
 86620
 86639
 86669
 86743
 86754
 86769
 86774
 86797
 86829
 86870
 87010
 87040
 87121
 87136
 87174
 87190
 87401
 87411
 87715
 87760
 87837
 87878
 87930
 88209
 88263
 88310
 88347
 88386
 88417
 88447
 88526
 88569
 88731
 89381
 89547
 89620
 89673
 89747
 89805
 89908
 89994
 90145
 90296
 90341
 90497
 90514
 90759
 90851
 90909
 91005
 91052
 91101
 91103
 91115
 91233
 91322
 91351
 91373
 91474
 91495
 91979
 92489
 92500
 92575
 92647
 92655
 92684
 92801
 92895
 92901
 92902
 92903
 92953
 93072
 93087
 93097
 93197
 93228
 93242
 93289
 93374
 93432
 93449
 93505
 93638
 93727
 94046
 94173
 94223
 94264
 94366
 94423
 94443
 94522
 94545
 94658
 94679
 94686
 94714
 94730
 94800
 95026
 95102
 95475
 95672
 95980
 96033
 96118
 96180
 96218
 96239
 96262
 96360
 96602
 96671
 96676
 96697
 96705
 96711
 96931
 97012
 97167
 97245
 97436
 97507
 97576
 97688
 97834
 97988
 97990
 98180
 98255
 98292
 98438
 98554
 98636
 98953
 98976
 98979
 99111
 99313
 99389
 99392
 99495
 99518
 99571
 99673
 99881
 99951
 