0
 201
 206
 299
 311
 387
 420
 451
 538
 666
 803
 831
 849
 944
 990
 1216
 1472
 1485
 1566
 1740
 1762
 1790
 1861
 1962
 2016
 2034
 2221
 2284
 2363
 2446
 2507
 2661
 2929
 2958
 2982
 3003
 3030
 3038
 3055
 3112
 3190
 3202
 3247
 3273
 3377
 3407
 3448
 3486
 3620
 3855
 3874
 3893
 4002
 4048
 4154
 4212
 4240
 4518
 4660
 4707
 4848
 5036
 5451
 5557
 5688
 5715
 5721
 6091
 6119
 6516
 6533
 6613
 6802
 7053
 7243
 7288
 7511
 7571
 7782
 8013
 8141
 8212
 8255
 8276
 8485
 8535
 9049
 9111
 9139
 9278
 9353
 9383
 9391
 9458
 9613
 9748
 9803
 9840
 10008
 10274
 10344
 10362
 10459
 10476
 10486
 10590
 10922
 10966
 11168
 11276
 11463
 11866
 12138
 12251
 12314
 12469
 12520
 12579
 12763
 12810
 12838
 12934
 13010
 13011
 13032
 13126
 13200
 13305
 13343
 13566
 13654
 13691
 13777
 13822
 13976
 13989
 14002
 14565
 14611
 14680
 14703
 14997
 15081
 15249
 15343
 15389
 15481
 15805
 16134
 16364
 16417
 16499
 16630
 16694
 16770
 16779
 17233
 17283
 17392
 17461
 17465
 17551
 17601
 17832
 17935
 17947
 17984
 18004
 18053
 18256
 18307
 18309
 18397
 18782
 18855
 18877
 18889
 18988
 19033
 19086
 19212
 19311
 19364
 19375
 19528
 19823
 19838
 19939
 20277
 20349
 20737
 20770
 20839
 20896
 20965
 21132
 21167
 21199
 21287
 21295
 21425
 21532
 21546
 21563
 21715
 21898
 21927
 21975
 22110
 22254
 22320
 22332
 22418
 22527
 22602
 22771
 22787
 22904
 22946
 23106
 23130
 23242
 23323
 23414
 23538
 23816
 23835
 23928
 24053
 24212
 24315
 24439
 24471
 24635
 24692
 24712
 25115
 25211
 25245
 25249
 25520
 25650
 25784
 25836
 26126
 26206
 26315
 26431
 26451
 26583
 26808
 26874
 26937
 26960
 27002
 27029
 27198
 27322
 27358
 27584
 27606
 27704
 27848
 28267
 28272
 28571
 28757
 28836
 28859
 28927
 29046
 29265
 29327
 29357
 29491
 29504
 29510
 29605
 29824
 29928
 29975
 30345
 30363
 30611
 30694
 30853
 30880
 31014
 31020
 31069
 31532
 31657
 31908
 32132
 32221
 32323
 32373
 32409
 32655
 32677
 32679
 32741
 32744
 32786
 32830
 32877
 32999
 33070
 33162
 33175
 33246
 33333
 33426
 33583
 33659
 33778
 33945
 34003
 34138
 34245
 34247
 34275
 34643
 34645
 34818
 35103
 35114
 35254
 35349
 35395
 35448
 35616
 35858
 36068
 36097
 36136
 36159
 36448
 36550
 36581
 36752
 36757
 36791
 36862
 36940
 37404
 37433
 37672
 37713
 37950
 38242
 38263
 38293
 38356
 38392
 38556
 38679
 38729
 38742
 38943
 39047
 39327
 39420
 39430
 39480
 39519
 39601
 39661
 39772
 40084
 40121
 40203
 40246
 40310
 40341
 40451
 40501
 40598
 40610
 40621
 40701
 40743
 40788
 40927
 40995
 41007
 41022
 41033
 41189
 41281
 41426
 41866
 42016
 42052
 42290
 42451
 42929
 42985
 42999
 43011
 43046
 43165
 43173
 43454
 43522
 43566
 43611
 43684
 43773
 43823
 43883
 44026
 44044
 44113
 44139
 44186
 44322
 44427
 44567
 44607
 45141
 45152
 45269
 45325
 45327
 45339
 45538
 45558
 45574
 45746
 45902
 46078
 46114
 46182
 46408
 46419
 46441
 46482
 46491
 46685
 46731
 46758
 46821
 46872
 46983
 47017
 47073
 47102
 47235
 47364
 47366
 47381
 47428
 47469
 47475
 47505
 47661
 47689
 47697
 47803
 47902
 47907
 48000
 48006
 48117
 48287
 48359
 48435
 48583
 48636
 48766
 49023
 49049
 49102
 49122
 49123
 49191
 49222
 49334
 49545
 49551
 49622
 49632
 49654
 49716
 49802
 49810
 49969
 50000
 50022
 50110
 50137
 50264
 50267
 50400
 50435
 50521
 50542
 50626
 50655
 50851
 50887
 51008
 51083
 51176
 51440
 51488
 51572
 51614
 51660
 51724
 51805
 51937
 51979
 52001
 52104
 52117
 52272
 52298
 52326
 52706
 52814
 53006
 53070
 53099
 53138
 53202
 53224
 53296
 53376
 53781
 53933
 54215
 54369
 54500
 54635
 54803
 54840
 55202
 55433
 55482
 55576
 55697
 55882
 56340
 56420
 56695
 56862
 57031
 57163
 57221
 57248
 57288
 57448
 57549
 57578
 57743
 57946
 58080
 58231
 58260
 58361
 58382
 58389
 58391
 58429
 58568
 58636
 58682
 58776
 58788
 58953
 59010
 59045
 59108
 59193
 59204
 59230
 59397
 59406
 59452
 59499
 59547
 59685
 59688
 59722
 59780
 59848
 59859
 59895
 60476
 60640
 60664
 60707
 60859
 61036
 61066
 61076
 61111
 61215
 61290
 61657
 61689
 61715
 61770
 61907
 62028
 62295
 62313
 62445
 62664
 62669
 62736
 62825
 62978
 63026
 63157
 63172
 63466
 63578
 63672
 63867
 63873
 63904
 63956
 64011
 64084
 64128
 64172
 64212
 64222
 64270
 64371
 64395
 64490
 64524
 64547
 64574
 64617
 64656
 64705
 64999
 65167
 65266
 65301
 65342
 65389
 65457
 65474
 65806
 65861
 65957
 66129
 66231
 66292
 66297
 66350
 66372
 66469
 66505
 66659
 66794
 66828
 66848
 66949
 66982
 67003
 67004
 67158
 67254
 67272
 67300
 67488
 67549
 67903
 67916
 67946
 68082
 68279
 68389
 68421
 68428
 68493
 68501
 68578
 68850
 69072
 69203
 69253
 69332
 69333
 69363
 69438
 69530
 69546
 69674
 69741
 69816
 69866
 69927
 69988
 70187
 70271
 70305
 70489
 70568
 70586
 70669
 71200
 71274
 71319
 71379
 71481
 71526
 71536
 71742
 71826
 71906
 71991
 72111
 72249
 72338
 72501
 72614
 72685
 72743
 72901
 73172
 73176
 73257
 73261
 73537
 73672
 73807
 73913
 74039
 74314
 74355
 74365
 74612
 74675
 74921
 75092
 75166
 75260
 75329
 75782
 75801
 75834
 75841
 75912
 75923
 75998
 76078
 76165
 76446
 76494
 76595
 76609
 76653
 76670
 76776
 76969
 77362
 77375
 77645
 77798
 77821
 77869
 77891
 77954
 77957
 78009
 78042
 78213
 78234
 78347
 78503
 78525
 78584
 78613
 78637
 78656
 78739
 78837
 78846
 78867
 79000
 79141
 79173
 79340
 79483
 79533
 79585
 79711
 79754
 79975
 79988
 80091
 80127
 80345
 80394
 80438
 80496
 80701
 80769
 80840
 80865
 80889
 80934
 81063
 81150
 81608
 81620
 81775
 81944
 82091
 82129
 82184
 82281
 82344
 82392
 82411
 82419
 82535
 82651
 83065
 83149
 83190
 83338
 83342
 83434
 83529
 83826
 83861
 84013
 84084
 84104
 84114
 84253
 84368
 84679
 84696
 84954
 84959
 85109
 85118
 85201
 85203
 85300
 85330
 85388
 85442
 85492
 85580
 85605
 85611
 85710
 85775
 85812
 85843
 85848
 85907
 86007
 86102
 86136
 86416
 86472
 86530
 86971
 86981
 87153
 87175
 87278
 87347
 87505
 87551
 87616
 87817
 87827
 87885
 87915
 87970
 88149
 88287
 88407
 88476
 88518
 88526
 88531
 88555
 88607
 88789
 88805
 88817
 88982
 89091
 89168
 89244
 89319
 89454
 89621
 89637
 89694
 89741
 89928
 90134
 90198
 90217
 90268
 90285
 90544
 90602
 90823
 90870
 90883
 90990
 91017
 91154
 91262
 91346
 91460
 91848
 92144
 92160
 92654
 92868
 92899
 92923
 92977
 93027
 93263
 93327
 93431
 93443
 93662
 93687
 94148
 94311
 94385
 94545
 94550
 94606
 94844
 94845
 94858
 94884
 94906
 95014
 95194
 95199
 95356
 95374
 95491
 95652
 95771
 95826
 95997
 96101
 96122
 96331
 96381
 96489
 96566
 96575
 96609
 96677
 96808
 96822
 96949
 96966
 97070
 97100
 97120
 97135
 97256
 97382
 97411
 97456
 97516
 97617
 97693
 97717
 98212
 98237
 98305
 98422
 98612
 98696
 98729
 98895
 99102
 99123
 99204
 99677
 99728
 99763
 99807
 99865
 99894
 