0
 204
 613
 663
 710
 742
 817
 873
 874
 968
 1320
 1375
 1442
 1453
 1475
 1499
 1559
 1687
 1810
 2012
 2174
 2325
 2333
 2467
 2607
 2691
 2766
 3003
 3016
 3105
 3128
 3313
 3398
 3639
 3731
 3790
 3816
 3826
 3866
 3973
 4025
 4080
 4128
 4177
 4253
 4261
 4307
 4393
 4394
 4446
 4546
 5090
 5259
 5317
 5461
 5495
 5732
 5811
 5959
 5970
 6038
 6307
 6423
 6444
 6470
 6584
 6748
 6929
 6940
 6976
 7037
 7133
 7288
 7354
 7365
 7745
 7748
 7788
 7834
 7926
 7933
 8064
 8401
 8586
 8624
 8677
 8709
 8873
 9139
 9327
 9339
 9344
 9531
 9608
 9656
 9689
 9701
 9784
 9866
 9902
 10128
 10194
 10361
 10401
 10456
 10513
 10529
 10563
 11043
 11058
 11273
 11346
 11383
 11456
 11597
 11924
 12000
 12002
 12063
 12099
 12203
 12289
 12458
 12486
 12498
 12547
 12671
 12768
 12864
 13016
 13061
 13152
 13221
 13296
 13393
 13448
 13625
 13892
 13895
 13994
 14361
 14445
 14505
 14607
 14680
 14842
 14871
 14968
 15216
 15243
 15302
 15363
 15415
 15470
 15558
 15645
 15805
 15863
 15912
 15988
 16044
 16140
 16159
 16265
 16423
 16615
 16639
 16901
 17011
 17034
 17304
 17407
 17429
 17504
 17695
 17808
 17861
 18041
 18117
 18232
 18397
 18433
 18447
 18613
 18719
 18723
 18817
 18980
 19010
 19013
 19053
 19355
 19381
 19555
 19613
 19697
 19730
 20131
 20347
 20473
 20633
 20797
 20966
 21052
 21068
 21115
 21292
 21540
 21558
 21610
 21626
 21905
 22064
 22235
 22238
 22438
 22448
 22483
 22531
 22820
 23023
 23024
 23079
 23110
 23769
 23818
 24016
 24097
 24182
 24258
 24295
 24750
 24873
 24930
 25031
 25072
 25123
 25147
 25310
 25452
 25501
 25502
 25510
 25627
 25644
 25694
 25704
 25862
 26164
 26399
 26556
 26637
 26749
 26760
 26928
 26965
 27015
 27184
 27278
 27367
 27443
 27503
 27516
 27733
 27753
 28079
 28086
 28143
 28146
 28174
 28176
 28268
 28275
 28405
 28474
 28475
 28564
 28591
 28682
 28985
 29163
 29171
 29251
 29310
 29379
 29690
 29697
 29948
 29999
 30058
 30221
 30372
 30452
 30560
 31215
 31338
 31524
 31644
 31688
 31693
 31701
 31804
 31959
 32140
 32238
 32339
 32358
 32402
 32425
 32579
 32628
 32674
 32682
 32708
 32807
 32878
 33049
 33153
 33231
 33241
 33286
 33311
 33330
 33333
 33354
 33378
 33666
 33758
 33780
 33810
 33848
 33907
 33964
 34072
 34078
 34233
 34290
 34321
 34337
 34502
 34512
 34580
 34658
 34741
 34876
 34976
 35163
 35170
 35389
 35529
 35568
 35678
 35764
 35794
 35836
 35855
 35924
 35937
 35961
 35975
 36162
 36178
 36287
 36342
 36349
 36362
 36386
 36481
 36553
 36630
 36804
 36866
 36892
 36971
 37011
 37012
 37156
 37167
 37190
 37218
 37477
 37526
 37561
 37568
 37600
 37781
 37850
 38142
 38212
 38512
 38680
 39024
 39031
 39047
 39167
 39266
 39523
 39610
 39838
 39943
 39999
 40020
 40035
 40041
 40095
 40242
 40401
 40455
 40588
 40718
 40996
 41013
 41130
 41186
 41303
 41445
 41847
 42146
 42390
 42424
 42429
 42504
 42511
 42630
 42728
 43012
 43070
 43096
 43137
 43143
 43182
 43311
 43321
 43391
 43572
 43967
 44007
 44040
 44042
 44120
 44201
 44349
 44420
 44495
 44720
 44793
 44851
 44877
 44982
 45130
 45213
 45333
 45348
 45429
 45651
 45678
 45681
 45687
 45759
 45814
 46099
 46169
 46315
 46405
 46471
 46501
 46528
 46749
 46844
 46876
 46919
 46972
 47008
 47211
 47364
 47383
 47446
 47898
 47956
 48055
 48109
 48184
 48332
 48482
 48634
 48678
 48759
 49106
 49161
 49191
 49225
 49296
 49349
 49607
 49629
 49828
 50120
 50195
 50322
 50428
 50671
 50749
 51170
 51177
 51671
 51910
 52002
 52053
 52183
 52474
 52549
 52748
 52952
 52990
 53129
 53136
 53215
 53295
 53527
 53546
 53556
 53562
 53703
 53789
 53868
 53911
 54112
 54125
 54223
 54272
 54290
 54420
 54561
 54655
 54663
 54702
 54799
 54846
 54852
 54895
 54913
 55076
 55144
 55291
 55369
 55376
 55422
 55535
 55580
 55646
 55696
 55737
 55782
 55994
 56205
 56211
 56216
 56231
 56248
 56260
 56571
 56694
 56783
 56940
 57372
 57707
 57713
 57860
 57878
 58006
 58134
 58149
 58153
 58348
 58548
 58863
 58934
 58949
 58970
 59192
 59529
 59843
 59880
 59934
 59977
 60191
 60308
 60367
 60425
 60481
 60535
 60651
 60684
 60778
 60821
 60967
 61012
 61154
 61235
 61247
 61426
 61534
 61559
 61665
 61691
 61744
 61780
 61885
 62134
 62204
 62210
 62307
 62324
 62401
 62405
 62434
 62528
 62536
 62637
 62692
 62717
 62720
 63079
 63280
 63296
 63333
 63391
 63392
 63723
 63738
 63779
 64240
 64326
 64408
 64541
 64590
 64591
 64601
 64814
 64818
 64820
 64894
 64910
 65043
 65113
 65279
 65298
 65340
 65457
 66292
 66566
 66601
 66650
 66802
 66813
 66843
 66934
 67225
 67385
 67459
 67537
 67663
 67716
 67777
 68120
 68219
 68458
 68581
 69015
 69047
 69370
 69384
 69508
 69519
 69753
 69822
 69855
 69990
 70066
 70170
 70204
 70408
 70591
 70730
 70820
 70852
 70880
 71055
 71160
 71282
 71322
 71792
 71934
 72012
 72167
 72235
 72279
 72384
 72525
 72585
 72586
 72592
 72664
 72729
 72829
 72966
 73018
 73187
 73236
 73242
 73291
 73372
 73441
 73533
 73584
 73599
 73610
 73783
 73991
 74089
 74229
 74294
 74388
 74560
 74587
 74589
 74613
 74625
 74737
 74751
 74890
 74909
 75278
 75315
 75370
 75425
 75452
 75535
 75665
 75742
 75897
 75913
 75918
 76358
 76449
 76451
 76515
 76550
 76715
 76782
 76820
 77143
 77157
 77215
 77431
 77518
 77544
 77644
 77682
 77862
 77913
 78073
 78108
 78213
 78334
 78390
 78428
 78462
 78488
 78694
 78806
 78842
 78905
 78959
 79003
 79070
 79325
 79458
 79506
 79602
 79661
 79696
 79739
 79791
 79792
 79887
 80276
 80327
 80421
 80707
 80754
 80796
 80816
 80896
 81098
 81200
 81295
 81608
 81609
 81636
 81992
 82008
 82092
 82146
 82222
 82245
 82270
 82284
 82287
 82290
 82325
 82329
 82527
 82649
 82672
 82729
 82991
 82996
 83132
 83158
 83451
 83492
 83526
 83657
 83683
 83936
 83961
 84026
 84119
 84210
 84253
 84430
 84447
 84621
 84724
 84762
 84952
 85136
 85262
 85294
 85401
 85483
 85559
 85570
 85744
 85751
 85790
 85805
 85815
 85822
 85929
 85986
 86037
 86041
 86088
 86165
 86399
 86463
 86491
 86497
 86513
 86598
 86656
 86765
 86868
 86904
 86926
 86942
 87111
 87310
 87458
 87467
 87632
 87694
 87741
 87815
 88000
 88030
 88081
 88088
 88118
 88198
 88237
 88406
 88532
 88544
 88660
 89001
 89066
 89172
 89184
 89302
 89377
 89473
 89631
 89804
 89924
 89962
 90029
 90082
 90154
 90158
 90170
 90190
 90237
 90429
 90490
 90543
 90578
 90596
 90668
 90767
 90835
 90989
 91020
 91029
 91112
 91176
 91335
 91415
 91525
 91871
 91919
 92019
 92065
 92255
 92261
 92389
 92462
 92465
 92637
 92783
 92828
 92852
 93214
 93489
 93638
 93648
 93730
 94036
 94099
 94334
 94603
 94642
 94740
 94863
 94955
 94989
 95018
 95059
 95188
 95230
 95263
 95442
 95757
 95924
 95947
 95949
 95996
 96000
 96050
 96242
 96297
 96512
 96610
 96760
 96778
 96857
 96949
 97009
 97040
 97490
 97511
 97532
 97560
 97579
 97594
 97601
 97659
 97882
 98023
 98031
 98094
 98168
 98274
 98333
 98583
 98726
 98792
 98852
 98856
 98880
 98949
 98986
 99086
 99216
 99327
 99338
 99405
 99864
 