999738
 999732
 999646
 999593
 998911
 998871
 998699
 998574
 998321
 998272
 998206
 998196
 997998
 997949
 997948
 997842
 997734
 997627
 997604
 997402
 997305
 997271
 997260
 997220
 997210
 997185
 997110
 997090
 996958
 996928
 996891
 996785
 996617
 996370
 996356
 996269
 996150
 995899
 995822
 995756
 995749
 995660
 995471
 995291
 995223
 995153
 995039
 995009
 994847
 994771
 994767
 994708
 994563
 994248
 994247
 994179
 994064
 994043
 993940
 993906
 993660
 993617
 993564
 993548
 993539
 993514
 993343
 993339
 993328
 993124
 993121
 993107
 993061
 993046
 992905
 992859
 992439
 992395
 992145
 992105
 992087
 991858
 991812
 991620
 991546
 991530
 991520
 991253
 991113
 990990
 990883
 990863
 990862
 990851
 990841
 990822
 990769
 990604
 990559
 990553
 990408
 990348
 990270
 990107
 989940
 989926
 989898
 989895
 989837
 989807
 989634
 989364
 989178
 989164
 989117
 988955
 988493
 988474
 988457
 988416
 988319
 988124
 987872
 987715
 987546
 987496
 987158
 987051
 986930
 986847
 986735
 986595
 986570
 986283
 986235
 986207
 986116
 985564
 985299
 985287
 985268
 985221
 985099
 985067
 984922
 984905
 984836
 984792
 984729
 984711
 984650
 984597
 984562
 984455
 984429
 984415
 984331
 984321
 984224
 984040
 983911
 983724
 983689
 983674
 983630
 983614
 983566
 983424
 983295
 983026
 982817
 982812
 982785
 982741
 982705
 982658
 982597
 982543
 982526
 982472
 981975
 981852
 981788
 981710
 981661
 981523
 981412
 981255
 981160
 981107
 981051
 981018
 980993
 980783
 980708
 980669
 980470
 980443
 980268
 980069
 980039
 979948
 979856
 979818
 979777
 979753
 979749
 979682
 979530
 979476
 979443
 979375
 979287
 979218
 979041
 979008
 978870
 978533
 978504
 978229
 977737
 977698
 977682
 977520
 977513
 977334
 977297
 977241
 976982
 976853
 976724
 976708
 976511
 976446
 976435
 976362
 976314
 976223
 975995
 975793
 975791
 975736
 975609
 975576
 975466
 975453
 975426
 975378
 975314
 975207
 975146
 975144
 975091
 975087
 975013
 974862
 974823
 974528
 974365
 974350
 974250
 974219
 974153
 974051
 973931
 973880
 973765
 973598
 973518
 973357
 973346
 973213
 973136
 973129
 973105
 972972
 972919
 972734
 972728
 972690
 972556
 972515
 972514
 972455
 972442
 972420
 972197
 971989
 971862
 971795
 971752
 971722
 971666
 971452
 971292
 971275
 971173
 971101
 971041
 970994
 970874
 970815
 970750
 970648
 970561
 970550
 970468
 970415
 970333
 970210
 970046
 970026
 969968
 969917
 969873
 969836
 969816
 969758
 969606
 969593
 969591
 969488
 969438
 969431
 969348
 969297
 969007
 968804
 968709
 968706
 968700
 968636
 968602
 968591
 968450
 968377
 968093
 968087
 967971
 967937
 967681
 967578
 967567
 967430
 967265
 967167
 967076
 967046
 967032
 966970
 966962
 966918
 966898
 966827
 966728
 966699
 966440
 966407
 966375
 966101
 966025
 966013
 965956
 965893
 965528
 965432
 965406
 965143
 965120
 964996
 964705
 964698
 964560
 964486
 964383
 964336
 964267
 964197
 964125
 963992
 963908
 963887
 963808
 963770
 963722
 963541
 963492
 963276
 963213
 963112
 962735
 962692
 962686
 962616
 962581
 962522
 962316
 962099
 962067
 962011
 961935
 961867
 961564
 961425
 961367
 961347
 961328
 961243
 961231
 961077
 961038
 961006
 960882
 960742
 960700
 960608
 960375
 960351
 960173
 959949
 959698
 959669
 959649
 959631
 959611
 959555
 959384
 959332
 959316
 959266
 959194
 958836
 958611
 958549
 958521
 958477
 958363
 958224
 958195
 958098
 957872
 957726
 957721
 957528
 957166
 957055
 956733
 956716
 956521
 956464
 956431
 956413
 956275
 956093
 955910
 955823
 955680
 955647
 955600
 955577
 955371
 955313
 955300
 954986
 954978
 954943
 954818
 954707
 954608
 954456
 954442
 954416
 954368
 954349
 954316
 953990
 953967
 953909
 953543
 953423
 953281
 953228
 953131
 953035
 952863
 952708
 952541
 952419
 952380
 952244
 952200
 952172
 952132
 952101
 952052
 951944
 951942
 951744
 951730
 951529
 951277
 951236
 951181
 951159
 950947
 950755
 950733
 950713
 950524
 950519
 950406
 950381
 950341
 950123
 950073
 950036
 950007
 949995
 949942
 949919
 949731
 949664
 949573
 949514
 949325
 949225
 949065
 948880
 948717
 948553
 948507
 948407
 948231
 948228
 948207
 948170
 948138
 948060
 947844
 947826
 947820
 947770
 947652
 947585
 947565
 947381
 947368
 947238
 947136
 946967
 946902
 946629
 946615
 946459
 946348
 946164
 946038
 946019
 945923
 945849
 945806
 945682
 945658
 945553
 945261
 945187
 944980
 944881
 944867
 944857
 944717
 944693
 944568
 944388
 944246
 944233
 944202
 944148
 944108
 944053
 943941
 943863
 943820
 943800
 943799
 943708
 943685
 943587
 943227
 943044
 942970
 942948
 942930
 942875
 942786
 942736
 942429
 942277
 942245
 942195
 942084
 941954
 941901
 941852
 941812
 941647
 941595
 941570
 941410
 941344
 941310
 941102
 941011
 940849
 940771
 940675
 940650
 940425
 940361
 940334
 940277
 940219
 940175
 939956
 939923
 939917
 939833
 939759
 939710
 939542
 939321
 939320
 939315
 939283
 939028
 939016
 938944
 938751
 938703
 938523
 938427
 938203
 938110
 937949
 937902
 937823
 937757
 937538
 937529
 937521
 937291
 937256
 937227
 937210
 937094
 937070
 937007
 936890
 936816
 936768
 936708
 936699
 936661
 936577
 936546
 936425
 936350
 936348
 936276
 936067
 936015
 935749
 935711
 935696
 935483
 935374
 935290
 935285
 935190
 935159
 935150
 935149
 935126
 934919
 934918
 934914
 934639
 934512
 934497
 934269
 934238
 933764
 933718
 933673
 933487
 933422
 933419
 933333
 933267
 933263
 932992
 932910
 932685
 932607
 932497
 932356
 932242
 932166
 931982
 931814
 931509
 931458
 931198
 931034
 930933
 930778
 930666
 930570
 930372
 930358
 930232
 930163
 930122
 929983
 929926
 929893
 929823
 929369
 929149
 929142
 929056
 929034
 928829
 928527
 928513
 928500
 928443
 928302
 928034
 928031
 927886
 927835
 927768
 927605
 927355
 927335
 927297
 927291
 927271
 927196
 927164
 927051
 926798
 926385
 926384
 926242
 926124
 926078
 925813
 925636
 925327
 925177
 925174
 925137
 925075
 925057
 925021
 924941
 924860
 924804
 924731
 924595
 924505
 924476
 924450
 924283
 924274
 924055
 923930
 923825
 923541
 923300
 923261
 923208
 923176
 923172
 923060
 922872
 922822
 922818
 922776
 922727
 922596
 922593
 922558
 922411
 922410
 922388
 922311
 922197
 921893
 921690
 921552
 921523
 921518
 921513
 921236
 921125
 921033
 920712
 920634
 920325
 920214
 920204
 920049
 920036
 919934
 919823
 919550
 919419
 919389
 919323
 919141
 919086
 919040
 919037
 918996
 918941
 918836
 918819
 918552
 918406
 918367
 918287
 918196
 918021
 917980
 917892
 917360
 917316
 917266
 917237
 917144
 917083
 916982
 916975
 916884
 916773
 916619
 916617
 916612
 916526
 916519
 916514
 916377
 916297
 916225
 915832
 915662
 915660
 915353
 915331
 915043
 915017
 914893
 914815
 914572
 914556
 914546
 914515
 914398
 913829
 913789
 913561
 913388
 913375
 913310
 912985
 912975
 912805
 912648
 912436
 912336
 912280
 912220
 912215
 912078
 911990
 911956
 911760
 911550
 911537
 911411
 911216
 911203
 910988
 910931
 910629
 910599
 910578
 910321
 910022
 909972
 909574
 909432
 909149
 909142
 909090
 908977
 908886
 908856
 908730
 908599
 908486
 908284
 908269
 908149
 908063
 907793
 907763
 907625
 907241
 907185
 907184
 907027
 906875
 906705
 906682
 906646
 906551
 906233
 906228
 906073
 905937
 905925
 905712
 905470
 905349
 904981
 904899
 904836
 904833
 904761
 904589
 904553
 904321
 904311
 904201
 904137
 904066
 903882
 903705
 903697
 903614
 903312
 903225
 903182
 903008
 902869
 902634
 902633
 902585
 902556
 902402
 902217
 902096
 902031
 902003
 901835
 901732
 901700
 901565
 901475
 901439
 901118
 901104
 901063
 900899
 900892
 900675
 900512
 900500
 900392
 900371
 900352
 900240
 899775
 899698
 899648
 899563
 899555
 899503
 899497
 899445
 899429
 899419
 899336
 899242
 899209
 899155
 899135
 899126
 899122
 899067
 898969
 898889
 898633
 898391
 898314
 898275
 898262
 898138
 898126
 898103
 897954
 897870
 897648
 897644
 897581
 897393
 897379
 897373
 897366
 897311
 896942
 896907
 896858
 896760
 896660
 896638
 896551
 896532
 896325
 896240
 896191
 896178
 896103
 896079
 896024
 895927
 895715
 895655
 895404
 895345
 895316
 895213
 894991
 894856
 894736
 894697
 894653
 894534
 894517
 894487
 894363
 894281
 894243
 893968
 893821
 893808
 893684
 893681
 893459
 893448
 893294
 893185
 892932
 892782
 892682
 892434
 892365
 892237
 892146
 892142
 891885
 891837
 891804
 891676
 891627
 891606
 891491
 891354
 891288
 891100
 891025
 890937
 890909
 890868
 890764
 890704
 890672
 890576
 890459
 890403
 890354
 890243
 890233
 890223
 890172
 890164
 890149
 890091
 890077
 889798
 889459
 889410
 889223
 889210
 889197
 889145
 889122
 889001
 888909
 888902
 888888
 888714
 888548
 888342
 888311
 888218
 888194
 888159
 887659
 887514
 887504
 887274
 887207
 887136
 887116
 887082
 886940
 886830
 886714
 886709
 886648
 886597
 886525
 886422
 886170
 886067
 885916
 885747
 885453
 885376
 885338
 885334
 885161
 885075
 884831
 884749
 884729
 884684
 884629
 884468
 884264
 883989
 883818
 883746
 883708
 883674
 883569
 883401
 883280
 883255
 883206
 883163
 883058
 882993
 882935
 882904
 882862
 882684
 882618
 882606
 882352
 882130
 882058
 881998
 881965
 881872
 881863
 881585
 881469
 881436
 881377
 881369
 881271
 881195
 881139
 881118
 881036
 880988
 880984
 880937
 880934
 880888
 880773
 880771
 880750
 880653
 880608
 880432
 880372
 880340
 880197
 880049
 880048
 880042
 879999
 879940
 879784
 879768
 879638
 879612
 879566
 879484
 879452
 879439
 879194
 879089
 878977
 878944
 878888
 878669
 878592
 878573
 878461
 878420
 878090
 878075
 878007
 877572
 877479
 877459
 877442
 877441
 877353
 877300
 877238
 877139
 877117
 877071
 876944
 876942
 876923
 876877
 876841
 876831
 876610
 876579
 876559
 876481
 876441
 876115
 876088
 876072
 875978
 875867
 875776
 875538
 875518
 875242
 875189
 875166
 875000
 874848
 874820
 874523
 874458
 874393
 874199
 874188
 874145
 874088
 873939
 873873
 873829
 873488
 873117
 873053
 872965
 872936
 872909
 872908
 872821
 872695
 872679
 872487
 872465
 872388
 872155
 871985
 871975
 871794
 871659
 871657
 871619
 871165
 871003
 870881
 870666
 870624
 870621
 870512
 870393
 870375
 870307
 869942
 869851
 869772
 869747
 869731
 869585
 869522
 869461
 869294
 869205
 868988
 868932
 868913
 868886
 868778
 868624
 868605
 868556
 868379
 868340
 868233
 868191
 868189
 868074
 867995
 867971
 867659
 867655
 867640
 867492
 867437
 867346
 867090
 866923
 866832
 866706
 866235
 866220
 866191
 866132
 865994
 865848
 865508
 865371
 865325
 865217
 864911
 864723
 864641
 864546
 864471
 864443
 864357
 863962
 863779
 863587
 863583
 863570
 863567
 863448
 863251
 863106
 863053
 862997
 862995
 862939
 862748
 862651
 862557
 862448
 862373
 862237
 862151
 862137
 862009
 861931
 861928
 861885
 861878
 861644
 861613
 861515
 861494
 861440
 861271
 861242
 861226
 861050
 860973
 860893
 860890
 860729
 860717
 860504
 860442
 860417
 860416
 860384
 860377
 860370
 860305
 860218
 860201
 859988
 859963
 859874
 859818
 859813
 859789
 859677
 859507
 859428
 859423
 859411
 859403
 859366
 859339
 859318
 859188
 859154
 859072
 858960
 858857
 858834
 858823
 858806
 858704
 858436
 858433
 858312
 857948
 857916
 857758
 857622
 857604
 857574
 857425
 857413
 857288
 857266
 857142
 857086
 857056
 857051
 857040
 857005
 856971
 856900
 856776
 856753
 856622
 856589
 856550
 856438
 856351
 856301
 856127
 855999
 855821
 855716
 855588
 855581
 855486
 855256
 855177
 855143
 854908
 854689
 854578
 854564
 854545
 854422
 854183
 854160
 853990
 853955
 853843
 853494
 853455
 853383
 853280
 853246
 853018
 853012
 853008
 852930
 852918
 852715
 852665
 852420
 852404
 852192
 852158
 852139
 852096
 851950
 851783
 851532
 851524
 851403
 851195
 850843
 850695
 850644
 850587
 850585
 850517
 850513
 850457
 850295
 850193
 850161
 850127
 850042
 849985
 849953
 849883
 849756
 849727
 849573
 849315
 849199
 849158
 849141
 849048
 848984
 848976
 848934
 848870
 848790
 848708
 848646
 848533
 847960
 847953
 847840
 847777
 847722
 847573
 847467
 847313
 847150
 847113
 847084
 846821
 846729
 846710
 846709
 846631
 846318
 846265
 846262
 846246
 846186
 845902
 845888
 845581
 845535
 845290
 845258
 845169
 845039
 845028
 844961
 844801
 844095
 844055
 844013
 844008
 843896
 843857
 843743
 843364
 843227
 843097
 843047
 842857
 842690
 842660
 842576
 842396
 842392
 842293
 842163
 842158
 842063
 841969
 841933
 841846
 841836
 841744
 841406
 841342
 841215
 841187
 841126
 841121
 841058
 841050
 840896
 840743
 840635
 840542
 840501
 840320
 840264
 839999
 839962
 839961
 839939
 839861
 839762
 839694
 839642
 839572
 839531
 839461
 839328
 839173
 839135
 839058
 838788
 838653
 838638
 838631
 838574
 838167
 838140
 837976
 837842
 837734
 837681
 837575
 837506
 837435
 837316
 837296
 837273
 837240
 837182
 836961
 836830
 836734
 836304
 836303
 836170
 835883
 835879
 835866
 835858
 835583
 835377
 835318
 835301
 835152
 835015
 834925
 834827
 834222
 834052
 833948
 833859
 833675
 833620
 833582
 833565
 833472
 833453
 833388
 833187
 833111
 832985
 832858
 832817
 832723
 832586
 832462
 832321
 832313
 832049
 832004
 831898
 831833
 831778
 831630
 831615
 831435
 831422
 831417
 831230
 831118
 830489
 830481
 830396
 830341
 830287
 830239
 830139
 829878
 829616
 829569
 829470
 829295
 829240
 829122
 829096
 828680
 828571
 828391
 828383
 828320
 828314
 828242
 828182
 828130
 828127
 828016
 827951
 827872
 827823
 827787
 827763
 827752
 827717
 827668
 827577
 827371
 827278
 827256
 827244
 827238
 827188
 827179
 827098
 826881
 826871
 826863
 826811
 826785
 826766
 826548
 826413
 826377
 826086
 825806
 825632
 825508
 825326
 825287
 825220
 825211
 824898
 824777
 824702
 824499
 824372
 824231
 824162
 824159
 824048
 823931
 823857
 823806
 823733
 823722
 823502
 823463
 823435
 823327
 823298
 823114
 823109
 823018
 822938
 822762
 822758
 822669
 822650
 822624
 822616
 822576
 822527
 822489
 822393
 822350
 822264
 822196
 822122
 822121
 821855
 821819
 821633
 821616
 821477
 821393
 821348
 821284
 821150
 821141
 821127
 821066
 820813
 820789
 820788
 820662
 820621
 820408
 820379
 820325
 820276
 820259
 820143
 820073
 819968
 819950
 819918
 819787
 819644
 819642
 819619
 819519
 819101
 819063
 818867
 818840
 818742
 818713
 818669
 818594
 818462
 818434
 818239
 818234
 818181
 818078
 817994
 817927
 817919
 817894
 817635
 817604
 817592
 817519
 817509
 817467
 817415
 817391
 817153
 817120
 817049
 817036
 816977
 816890
 816837
 816582
 816552
 816550
 816459
 816321
 816296
 816236
 816229
 816016
 816005
 815808
 815745
 815727
 815417
 815132
 815078
 815059
 815032
 814867
 814665
 814597
 814577
 814562
 814273
 814262
 814028
 814014
 813901
 813897
 813722
 813637
 813575
 813559
 813518
 813514
 813430
 813389
 813229
 813139
 812889
 812876
 812854
 812520
 812288
 812243
 812206
 812184
 812095
 811950
 811853
 811740
 811705
 811699
 811460
 811357
 811316
 810990
 810810
 810709
 810611
 810565
 810452
 810385
 810340
 810337
 810314
 810106
 810082
 810017
 809978
 809927
 809873
 809817
 809758
 809628
 809586
 809523
 809232
 809168
 809151
 809099
 809001
 808770
 808690
 808649
 808624
 808463
 808377
 808349
 808260
 808247
 808060
 807900
 807565
 807542
 807275
 807191
 806850
 806804
 806637
 806595
 806578
 806255
 806207
 806126
 806010
 806006
 805812
 805808
 805482
 805407
 805359
 805347
 805332
 805321
 805254
 805202
 805036
 804967
 804951
 804853
 804827
 804747
 804662
 804324
 804301
 804215
 804035
 803928
 803829
 803690
 803583
 803530
 803461
 803278
 803085
 803026
 802080
 801998
 801996
 801913
 801813
 801801
 801798
 801736
 801666
 801614
 801604
 801292
 801190
 801162
 801030
 801015
 800954
 800880
 800826
 800817
 800233
 800187
 799999
 799880
 799868
 799726
 799582
 799577
 799542
 799309
 799207
 799166
 798977
 798927
 798795
 798789
 798742
 798657
 798652
 798649
 798648
 798561
 798441
 798272
 798193
 798077
 797905
 797878
 797815
 797463
 797393
 797370
 797268
 797110
 796959
 796913
 796787
 796731
 796583
 796427
 796179
 796157
 796112
 796000
 795660
 795593
 795584
 795339
 795314
 795289
 795221
 795211
 795166
 795100
 795097
 795088
 795023
 794936
 794790
 794767
 794740
 794649
 794402
 794275
 794260
 793795
 793736
 793729
 793672
 793586
 793371
 793349
 793048
 792978
 792950
 792839
 792836
 792801
 792551
 792478
 792102
 792019
 791860
 791764
 791569
 790952
 790725
 790631
 790539
 790533
 790472
 790306
 790250
 790201
 790121
 790074
 789934
 789913
 789830
 789720
 789699
 789580
 789485
 789410
 789342
 789286
 789232
 789047
 788900
 788737
 788637
 788437
 788392
 788285
 788273
 788251
 788239
 788186
 788158
 788121
 788101
 788027
 787971
 787801
 787692
 787630
 787606
 787375
 787352
 787093
 787056
 786861
 786739
 786316
 786269
 786247
 786065
 786057
 785946
 785901
 785718
 785695
 785692
 785682
 785584
 785365
 785292
 785221
 785212
 785200
 785104
 785100
 784974
 784970
 784954
 784769
 784673
 784641
 784477
 784446
 784323
 784218
 784177
 784135
 784117
 784114
 784101
 784073
 783915
 783896
 783791
 783724
 783710
 783462
 783390
 783354
 783280
 783132
 782990
 782779
 782704
 782608
 782439
 782434
 782272
 781932
 781849
 781807
 781804
 780958
 780686
 780624
 780530
 780422
 780388
 780252
 780139
 780085
 779942
 779627
 779625
 779425
 779392
 779322
 779154
 779141
 779109
 779038
 778971
 778868
 778596
 778489
 778403
 778389
 778285
 778189
 778171
 778140
 778049
 777972
 777924
 777824
 777777
 777599
 777554
 777484
 777456
 777407
 777188
 777014
 777012
 776957
 776745
 776609
 776558
 776380
 776234
 776174
 776112
 776071
 776053
 776021
 775919
 775806
 775735
 775718
 775684
 775592
 775501
 775491
 775477
 775434
 775176
 774924
 774838
 774733
 774688
 774639
 774566
 774304
 774244
 773994
 773981
 773555
 773405
 773309
 773251
 772774
 772727
 772475
 772372
 772209
 771672
 771623
 771618
 771343
 771296
 771236
 771187
 771175
 771053
 770909
 770864
 770792
 770750
 770670
 770646
 770599
 770562
 770543
 770540
 770506
 770491
 770391
 770293
 770286
 770177
 770003
 769808
 769675
 769626
 769218
 769168
 769108
 768996
 768813
 768701
 768668
 768575
 768574
 768567
 768331
 768186
 768053
 767775
 767516
 767441
 767213
 766973
 766939
 766843
 766579
 766361
 766045
 765957
 765904
 765805
 765791
 765713
 765358
 765272
 765193
 765118
 764964
 764868
 764855
 764705
 764570
 764487
 764484
 764427
 764308
 764223
 764109
 763791
 763484
 763440
 763419
 763351
 763290
 763218
 763157
 763104
 763092
 762928
 762850
 762613
 762574
 762347
 762345
 762252
 762175
 762144
 762000
 761983
 761851
 761778
 761432
 761257
 761144
 760837
 760645
 760613
 760370
 760265
 760213
 760198
 760053
 759834
 759702
 759662
 759579
 759353
 759197
 759068
 759034
 759011
 758852
 758751
 758641
 758599
 758583
 758468
 758410
 758350
 758348
 758343
 758256
 758091
 758054
 757892
 757853
 757834
 757815
 757552
 757500
 757492
 757347
 757247
 757048
 756903
 756865
 756789
 756787
 756694
 756676
 756660
 756640
 756587
 756455
 756351
 756255
 756192
 756167
 756115
 756056
 755901
 755831
 755596
 755548
 755353
 755285
 755180
 755159
 755058
 755002
 754985
 754857
 754826
 754797
 754640
 754550
 754449
 754358
 754318
 754223
 754136
 754002
 753663
 753478
 753407
 753238
 753236
 753230
 753196
 753140
 753137
 753129
 753105
 753096
 753026
 752951
 752844
 752833
 752751
 752700
 752495
 752386
 752293
 752287
 752034
 752021
 751898
 751798
 751779
 751548
 751502
 751479
 751412
 751334
 751228
 751204
 751200
 751124
 751043
 751034
 751020
 750656
 750636
 750554
 750383
 750370
 750298
 750227
 750149
 750141
 749573
 749380
 749379
 749167
 749000
 748922
 748663
 748632
 748557
 748349
 748330
 748325
 748305
 748113
 748053
 747952
 747933
 747793
 747787
 747757
 747692
 747527
 747327
 747287
 747269
 747236
 747053
 747028
 747024
 746812
 746580
 746541
 746527
 746517
 746478
 746376
 746254
 745970
 745902
 745887
 745835
 745732
 745546
 745520
 745484
 745446
 745338
 745289
 745209
 745050
 745004
 744926
 744623
 744544
 744520
 744511
 744505
 744476
 744403
 744402
 744246
 744139
 744126
 743938
 743847
 743800
 743784
 743741
 743715
 743445
 743432
 743309
 743251
 743033
 743012
 742998
 742986
 742926
 742831
 742797
 742752
 742671
 742348
 742303
 742171
 741979
 741969
 741895
 741650
 741648
 741605
 741509
 741475
 741437
 741279
 741258
 741230
 741188
 741085
 740884
 740861
 740829
 740802
 740632
 740534
 740525
 740448
 739934
 739790
 739666
 739528
 739436
 739336
 739185
 739181
 739165
 739018
 738934
 738877
 738606
 738511
 738449
 738292
 738274
 738224
 738222
 737962
 737951
 737690
 737637
 737566
 737317
 737152
 737051
 736998
 736931
 736711
 736672
 736610
 736411
 736382
 736353
 736281
 736137
 736110
 736012
 735858
 735656
 735588
 735562
 735549
 735547
 735465
 735422
 735395
 735384
 735184
 735161
 735086
 735034
 734965
 734939
 734928
 734864
 734827
 734822
 734744
 734673
 734662
 734640
 734499
 734205
 734132
 734068
 734008
 733799
 733712
 733550
 733515
 733503
 733368
 733367
 733361
 733267
 733041
 732952
 732730
 732680
 732657
 732604
 732482
 732470
 732437
 732419
 732388
 732345
 732026
 732006
 731918
 731747
 731482
 731350
 731289
 731211
 731128
 731113
 730779
 730762
 730705
 730545
 730456
 730450
 730408
 730344
 730201
 730168
 729939
 729811
 729597
 729512
 729506
 729395
 729310
 729262
 729196
 729001
 728911
 728771
 728591
 728568
 728559
 728355
 728294
 728225
 728181
 728147
 728097
 727813
 727728
 727705
 727703
 727700
 727692
 727642
 727530
 727527
 727438
 727381
 727371
 727359
 727272
 726933
 726801
 726791
 726591
 726570
 726562
 726545
 726495
 726387
 726256
 726238
 726226
 726128
 726101
 726100
 725988
 725892
 725791
 725706
 725618
 725514
 725462
 725442
 725398
 725296
 725118
 725017
 725012
 724956
 724899
 724770
 724671
 724666
 724334
 724307
 724156
 724102
 723845
 723842
 723828
 723763
 723574
 723483
 723439
 723413
 723404
 723389
 723370
 723289
 723190
 723143
 723076
 723022
 722955
 722898
 722864
 722814
 722647
 722646
 722488
 722415
 722285
 722231
 722202
 722198
 722142
 722117
 722019
 721924
 721893
 721880
 721866
 721704
 721675
 721668
 721529
 721393
 721329
 721263
 721240
 721144
 721081
 721058
 721047
 720918
 720813
 720812
 720778
 720607
 720487
 720468
 720431
 720387
 720323
 720055
 720051
 719916
 719863
 719856
 719601
 719557
 719491
 719445
 719362
 718278
 718253
 718217
 718001
 717976
 717866
 717669
 717240
 717239
 717152
 717138
 716923
 716902
 716768
 716746
 716611
 716404
 716359
 716262
 716253
 716023
 715679
 715651
 715558
 715537
 715452
 715306
 715299
 715258
 715231
 714757
 714745
 714733
 714646
 714644
 714513
 714463
 714447
 714422
 714285
 713981
 713968
 713941
 713749
 713641
 713423
 713318
 713207
 712730
 712681
 712602
 712579
 712576
 712518
 712294
 712063
 712053
 711945
 711909
 711815
 711203
 710862
 710799
 710730
 710663
 710469
 710455
 710139
 710081
 709963
 709796
 709750
 709590
 709553
 709443
 709362
 709278
 709213
 709116
 709081
 708955
 708948
 708935
 708665
 708609
 708488
 708081
 708059
 707774
 707447
 707438
 707403
 707305
 707287
 707200
 707043
 706691
 706479
 706433
 706336
 706270
 706249
 705998
 705972
 705882
 705789
 705590
 705562
 705530
 705491
 705452
 705401
 705360
 705357
 705212
 705153
 705130
 704948
 704924
 704782
 704664
 704575
 704499
 704385
 704334
 704267
 704195
 704188
 703786
 703630
 703564
 703410
 703335
 703310
 703138
 702702
 702627
 702611
 702341
 702255
 702222
 702187
 702070
 702035
 702012
 701796
 701539
 701419
 701411
 701403
 701399
 701260
 701216
 701038
 701023
 700816
 700763
 700699
 700686
 700616
 700495
 700491
 700283
 700268
 700179
 700137
 700073
 699901
 699895
 699874
 699815
 699681
 699427
 699298
 699296
 699293
 699135
 698956
 698905
 698734
 698512
 698417
 698361
 698320
 698263
 698218
 698215
 698153
 697841
 697817
 697815
 697749
 697672
 697539
 697297
 697232
 697156
 696998
 696982
 696890
 696884
 696636
 696629
 696610
 696588
 696354
 696348
 696263
 696079
 696011
 695958
 695956
 695949
 695652
 695629
 695568
 695385
 695284
 695216
 695172
 695170
 695086
 695048
 694934
 694489
 694338
 694046
 693787
 693780
 693716
 693641
 693478
 693341
 693266
 693231
 693194
 693138
 693077
 693049
 692967
 692957
 692923
 692921
 692861
 692825
 692662
 692464
 692307
 692292
 692282
 692220
 692213
 692181
 692158
 692137
 691973
 691927
 691851
 691832
 691720
 691654
 691531
 691466
 691456
 691428
 690773
 690723
 690543
 690427
 690359
 690351
 690302
 690293
 690007
 689867
 689748
 689721
 689530
 689503
 689358
 689343
 689287
 689225
 689211
 689042
 688819
 688747
 688706
 688463
 688408
 688395
 688231
 688049
 688029
 687974
 687955
 687920
 687917
 687859
 687847
 687642
 687599
 687565
 687518
 687516
 687295
 687098
 687091
 687062
 686928
 686878
 686859
 686684
 686618
 686614
 686598
 686586
 686470
 686371
 686336
 686298
 686274
 686244
 686146
 686012
 686005
 685991
 685843
 685586
 685538
 685532
 685355
 685227
 685033
 684989
 684881
 684803
 684687
 684647
 684619
 684531
 684510
 684391
 684194
 684182
 683976
 683963
 683905
 683633
 683586
 683407
 683255
 683217
 683165
 683130
 683092
 683010
 682837
 682717
 682705
 682697
 682661
 682620
 682396
 682376
 682331
 682328
 681941
 681921
 681900
 681721
 681659
 681654
 681643
 681606
 681255
 681237
 681203
 681137
 681086
 680979
 680878
 680547
 680478
 680459
 680431
 680404
 680367
 680308
 680134
 680111
 680046
 679917
 679791
 679789
 679733
 679614
 679606
 679519
 679496
 679344
 679335
 679256
 679180
 679077
 679012
 678889
 678858
 678823
 678793
 678693
 678664
 678552
 678316
 678192
 678133
 678051
 678048
 677996
 677870
 677693
 677419
 677392
 677108
 677077
 676909
 676457
 676435
 676429
 676321
 676274
 676238
 676191
 676187
 676156
 676145
 676120
 675744
 675313
 675153
 674937
 674739
 674672
 674486
 674446
 674388
 674380
 674256
 674137
 674133
 673847
 673731
 673686
 673684
 673335
 673278
 673156
 672988
 672880
 672838
 672816
 672792
 672708
 672701
 672548
 672544
 672449
 672448
 672367
 672340
 672303
 672222
 672161
 672080
 671990
 671922
 671735
 671720
 671707
 671399
 671366
 671180
 671041
 671024
 670919
 670864
 670563
 670532
 670494
 670461
 670331
 670312
 670146
 670106
 670094
 669902
 669516
 669294
 669005
 668728
 668669
 668652
 668438
 668246
 668202
 668143
 668073
 667988
 667961
 667946
 667813
 667653
 667602
 667551
 667462
 667179
 667097
 667001
 666605
 666522
 666428
 666287
 666184
 666181
 666118
 666074
 666016
 665761
 665567
 665566
 665433
 665423
 665416
 665393
 665354
 665221
 665198
 665053
 664816
 664354
 664352
 664115
 663944
 663926
 663845
 663802
 663718
 663428
 663378
 663370
 663331
 663281
 663166
 663150
 662909
 662794
 662601
 662401
 662310
 662253
 662251
 662227
 662188
 661739
 661632
 661393
 661370
 661361
 661323
 661233
 661138
 661062
 660938
 660905
 660725
 660652
 660602
 660284
 660120
 660117
 659936
 659691
 659566
 659560
 659516
 659498
 659437
 659318
 659295
 659252
 659217
 659152
 658967
 658952
 658784
 658728
 658607
 658465
 658447
 658318
 658295
 658284
 658013
 657984
 657882
 657800
 657765
 657583
 657456
 657395
 657370
 657128
 656905
 656704
 656504
 656462
 656390
 656263
 656242
 656160
 656149
 655889
 655862
 655816
 655388
 655362
 655348
 655280
 655229
 655154
 655076
 654827
 654743
 654686
 654564
 654442
 654406
 654234
 654126
 654068
 653852
 653623
 653330
 653288
 653216
 653199
 652949
 652916
 652888
 652615
 652482
 652290
 652167
 652104
 651999
 651382
 651266
 651236
 651128
 650584
 650574
 650513
 650204
 650175
 650036
 650031
 649916
 649639
 649546
 649382
 648979
 648782
 648733
 648698
 648658
 648351
 648187
 648131
 648051
 647831
 647821
 647814
 647714
 647539
 647228
 647154
 647094
 647058
 646984
 646976
 646943
 646920
 646893
 646890
 646834
 646656
 646652
 646525
 646458
 646317
 646300
 645873
 645859
 645842
 645812
 645753
 645508
 645431
 645335
 645273
 645161
 645144
 644971
 644926
 644922
 644794
 644721
 644684
 644614
 644458
 644279
 644220
 644107
 644007
 643978
 643958
 643926
 643904
 643844
 643828
 643593
 643592
 643503
 643344
 643342
 643292
 643238
 642849
 642795
 642695
 642692
 642512
 642489
 642417
 642231
 642147
 642145
 642098
 641684
 641652
 641620
 641611
 641406
 641399
 641161
 640984
 640742
 640523
 640408
 640306
 640282
 640093
 639853
 639619
 639611
 639592
 639573
 639320
 639254
 639170
 639071
 639028
 638911
 638806
 638770
 638669
 638371
 638124
 638099
 637888
 637860
 637580
 637409
 637255
 637220
 637154
 637046
 636946
 636922
 636833
 636703
 636541
 636523
 636465
 636393
 636363
 636309
 636236
 636173
 635957
 635931
 635605
 635469
 635463
 635107
 634956
 634922
 634869
 634812
 634749
 634714
 634681
 634648
 634569
 634391
 634379
 634321
 634265
 634264
 634146
 634111
 634089
 634087
 634067
 634052
 633999
 633838
 633705
 633699
 633697
 633663
 633596
 633557
 633550
 633362
 633281
 633251
 633250
 633160
 633128
 633037
 633027
 632938
 632681
 632653
 632563
 632456
 632416
 632360
 632231
 632179
 632171
 632169
 631960
 631956
 631932
 631904
 631766
 631742
 631652
 631643
 631572
 631370
 631230
 631076
 631034
 631032
 631025
 630985
 630837
 630733
 630695
 630573
 630319
 630113
 629761
 629658
 629584
 629495
 629477
 629316
 629310
 629297
 629223
 629165
 629079
 628865
 628853
 628713
 628698
 628562
 628441
 628366
 628112
 627967
 627917
 627890
 627736
 627633
 627531
 627122
 627083
 626809
 626635
 626595
 626334
 626260
 626101
 626060
 625994
 625987
 625986
 625832
 625674
 625592
 625579
 625561
 625552
 625263
 625214
 625133
 625077
 625027
 625000
 624970
 624761
 624755
 624684
 624578
 624003
 623806
 623655
 623591
 623409
 623350
 623305
 623196
 623177
 623058
 623004
 622983
 622944
 622756
 622414
 622385
 622121
 622065
 622039
 621983
 621970
 621947
 621919
 621902
 621822
 621814
 621810
 621727
 621636
 621545
 621345
 621310
 621090
 620951
 620882
 620853
 620656
 620543
 620536
 620516
 620422
 620113
 620101
 619833
 619794
 619760
 619640
 619400
 619350
 619343
 619194
 619114
 619077
 619008
 618995
 618965
 618941
 618912
 618909
 618676
 618566
 618548
 618483
 618442
 618385
 618317
 618019
 617796
 617746
 617627
 617072
 616956
 616857
 616702
 616615
 616544
 616478
 616399
 616370
 616337
 616194
 616147
 616095
 616029
 615921
 615882
 615823
 615735
 615730
 615704
 615686
 615663
 615497
 615272
 615207
 615078
 614735
 614554
 614492
 614409
 614255
 614218
 614093
 614083
 614073
 614033
 613992
 613988
 613879
 613747
 613469
 613449
 613040
 612937
 612856
 612825
 612703
 612449
 612381
 612145
 612121
 612061
 612002
 611717
 611627
 611584
 611464
 611419
 611356
 611304
 611069
 610718
 610539
 610253
 610208
 610145
 609929
 609718
 609650
 609644
 609592
 609550
 609506
 609259
 609249
 609062
 608762
 608695
 608610
 608461
 608360
 608312
 608117
 608086
 608076
 607961
 607906
 607806
 607785
 607718
 607683
 607675
 607658
 607552
 607474
 607361
 607310
 607293
 607077
 606917
 606630
 606618
 606552
 606521
 606354
 606331
 606310
 606162
 606039
 605884
 605843
 605650
 605636
 605581
 605560
 605462
 605398
 605223
 605210
 604882
 604764
 604651
 604440
 604166
 604080
 604016
 603819
 603603
 603591
 603568
 603537
 603305
 603278
 603264
 603235
 603225
 603160
 603056
 602710
 602477
 602474
 602155
 601999
 601992
 601776
 601636
 601569
 601505
 600940
 600820
 600597
 600567
 600563
 600479
 600447
 600441
 600439
 600393
 600231
 600220
 600106
 600052
 600000
 599999
 599926
 599907
 599799
 599687
 599230
 599229
 599082
 599037
 599013
 598924
 598584
 598450
 598416
 598312
 598298
 598180
 598108
 598066
 598053
 597922
 597910
 597719
 597487
 597448
 597014
 596784
 596778
 596766
 596704
 596669
 596622
 596429
 596143
 596140
 596050
 595828
 595823
 595789
 595723
 595687
 595437
 595234
 595186
 594934
 594833
 594623
 594572
 594504
 594302
 594293
 594158
 594082
 594059
 593923
 593846
 593757
 593713
 593678
 593551
 593406
 593324
 593199
 593005
 592962
 592890
 592599
 592592
 592529
 592417
 592407
 592395
 592280
 592237
 592093
 592085
 592034
 591993
 591899
 591665
 591620
 591567
 591160
 591133
 590941
 590932
 590671
 590459
 590436
 590433
 590423
 590074
 589988
 589872
 589828
 589823
 589789
 589606
 589576
 589541
 589472
 589355
 589251
 588943
 588829
 588769
 588749
 588588
 588332
 588319
 588235
 588224
 588153
 588003
 587997
 587729
 587677
 587597
 587540
 587495
 587353
 587266
 587259
 587192
 587185
 586713
 586708
 586656
 586515
 586163
 585951
 585947
 585925
 585886
 585657
 585628
 585559
 585460
 585451
 585345
 585302
 585042
 585006
 584990
 584982
 584932
 584902
 584858
 584676
 584668
 584444
 584389
 584387
 584310
 584306
 584127
 584112
 584070
 584041
 583617
 583554
 583546
 583456
 583330
 583090
 583033
 582994
 582573
 582524
 582473
 582449
 582377
 582326
 582205
 582178
 582168
 581977
 581783
 581755
 581605
 581482
 581276
 581151
 581043
 581032
 580982
 580975
 580973
 580669
 580579
 580575
 580480
 580469
 580323
 580169
 580012
 579997
 579696
 579604
 579148
 579061
 578901
 578832
 578804
 578642
 578503
 578395
 578054
 578010
 577834
 577244
 577008
 576913
 576737
 576728
 576521
 576479
 576393
 576227
 575852
 575799
 575772
 575730
 575682
 575681
 575600
 575498
 575410
 575398
 575368
 575187
 575181
 575056
 575049
 575046
 574645
 574355
 574314
 574156
 574088
 574082
 574074
 574069
 574002
 573859
 573685
 573676
 573667
 573567
 573564
 573503
 573490
 573455
 573426
 573325
 573257
 573125
 573110
 573065
 572972
 572927
 572912
 572864
 572836
 572799
 572631
 572476
 572386
 572352
 572347
 572301
 572188
 572186
 572175
 571799
 571449
 571428
 571374
 571350
 571174
 571052
 570836
 570552
 570468
 570017
 569991
 569738
 569639
 569498
 569452
 569259
 569079
 568809
 568549
 568287
 568269
 568168
 568150
 568001
 567889
 567850
 567789
 567723
 567700
 567602
 567479
 567464
 567443
 567394
 567368
 567307
 567246
 567031
 566987
 566783
 566775
 566679
 566670
 566621
 566600
 566489
 566435
 566363
 566336
 566299
 566248
 566175
 566146
 566037
 565779
 565737
 565728
 565654
 565613
 565364
 565297
 565295
 565283
 565279
 565274
 565211
 565156
 565144
 565112
 565100
 564986
 564973
 564762
 564734
 564707
 564694
 564658
 564584
 564570
 564487
 564386
 564354
 564332
 564247
 564140
 564102
 563916
 563780
 563719
 563440
 563412
 563328
 563276
 563269
 563195
 563147
 563066
 562962
 562955
 562500
 562426
 562277
 562084
 561983
 561757
 561726
 561646
 561617
 561502
 561481
 561064
 561018
 561016
 561006
 560935
 560851
 560791
 560304
 560223
 560078
 560051
 559982
 559759
 559719
 559663
 559634
 559556
 559414
 559182
 559096
 558930
 558863
 558803
 558603
 558581
 558522
 558082
 557904
 557763
 557719
 557654
 557543
 557499
 557407
 557301
 556985
 556908
 556895
 556568
 556553
 556217
 556213
 555995
 555916
 555809
 555648
 555555
 555477
 555366
 555286
 555196
 555060
 555056
 555042
 554959
 554892
 554840
 554798
 554588
 554533
 554465
 554247
 553790
 553742
 553642
 553478
 553398
 553356
 553326
 553316
 553169
 552989
 552988
 552710
 552633
 552495
 552410
 552217
 552153
 552140
 552112
 552083
 551894
 551797
 551415
 551402
 551214
 551102
 551093
 551020
 550905
 550686
 550614
 550451
 550450
 550003
 549857
 549686
 549638
 549569
 549488
 549354
 549314
 549295
 549159
 549143
 549130
 549101
 549068
 548845
 548800
 548756
 548749
 548731
 548668
 548532
 548531
 548492
 548387
 548191
 548151
 548055
 547994
 547894
 547831
 547809
 547805
 547695
 547657
 547614
 547585
 547247
 546751
 546634
 546372
 546343
 546089
 546077
 545956
 545824
 545770
 545736
 545685
 545454
 545444
 545239
 545210
 545195
 544829
 544787
 544721
 544536
 544499
 544358
 544171
 544105
 544099
 543966
 543808
 543557
 543497
 543469
 543329
 543099
 543023
 542949
 542907
 542806
 542733
 542586
 542458
 542388
 542350
 542069
 542061
 542052
 542017
 541899
 541824
 541731
 541673
 541587
 541511
 541387
 541195
 541159
 541047
 540365
 540317
 539857
 539840
 539739
 539663
 539604
 539499
 539436
 539394
 539280
 539112
 539094
 538949
 538693
 538615
 538530
 538506
 537898
 537750
 537710
 537670
 537636
 537411
 537403
 537391
 537315
 537270
 537235
 537190
 536991
 536986
 536898
 536759
 536651
 536353
 536278
 536256
 536182
 536023
 535686
 535638
 535608
 535591
 535584
 535535
 535513
 535367
 535299
 535273
 535206
 534882
 534787
 534446
 534351
 534217
 533948
 533929
 533843
 533615
 533562
 533546
 533533
 533525
 533478
 533470
 533435
 533352
 533128
 532866
 532737
 532719
 532672
 532613
 532119
 532110
 531955
 531914
 531889
 531728
 531707
 531293
 531261
 531173
 531027
 531022
 530941
 530875
 530834
 530705
 530685
 530597
 530565
 530534
 530489
 530465
 530382
 530343
 530249
 530149
 530065
 529944
 529798
 529586
 529508
 529439
 529116
 528545
 528535
 528401
 528126
 527983
 527935
 527842
 527766
 527546
 527527
 527526
 527395
 527373
 527325
 527231
 527097
 527094
 527018
 526963
 526860
 526527
 526449
 526434
 526315
 526254
 526202
 526179
 526020
 525948
 525305
 525235
 525042
 524902
 524888
 524881
 524285
 524219
 524209
 524072
 523971
 523770
 523605
 523594
 523532
 523496
 523427
 523319
 523149
 523114
 522906
 522424
 522259
 522252
 522155
 521895
 521587
 521532
 521501
 521443
 521418
 521372
 521369
 521305
 520990
 520975
 520883
 520787
 520754
 520613
 520588
 520528
 520480
 520334
 520245
 520124
 520100
 520015
 520000
 519916
 519615
 519475
 519433
 519385
 519372
 518991
 518987
 518917
 518824
 518191
 518160
 518142
 518032
 518011
 517882
 517761
 517747
 517690
 517488
 517430
 517349
 517032
 516929
 516915
 516631
 516571
 516535
 516378
 516319
 516309
 516207
 516129
 516071
 515985
 515947
 515920
 515909
 515839
 515590
 515579
 515420
 515312
 515060
 515036
 514674
 514636
 514476
 514376
 514350
 514218
 513966
 513888
 513879
 513870
 513751
 513734
 513710
 513556
 513443
 513383
 513297
 512993
 512959
 512690
 512599
 512505
 512465
 512459
 512411
 512305
 512189
 512186
 511980
 511869
 511835
 511797
 511680
 511487
 511247
 511047
 511033
 510863
 510813
 510783
 510665
 510645
 510619
 510588
 510316
 510101
 509981
 509849
 509602
 509466
 509415
 509358
 509303
 509239
 509172
 509076
 509000
 508786
 508751
 508667
 508548
 508529
 508527
 508452
 508441
 508382
 508365
 508358
 508265
 508185
 508163
 508002
 507932
 507820
 507711
 507600
 507540
 507523
 507289
 506978
 506957
 506861
 506843
 506629
 506618
 506601
 506550
 506506
 506455
 506382
 506359
 506024
 505981
 505876
 505862
 505836
 505785
 505759
 505747
 505720
 505691
 505556
 505459
 505185
 505156
 505154
 505077
 505072
 504879
 504675
 504572
 504554
 504421
 504301
 504273
 503794
 503775
 503725
 503568
 503561
 503533
 503532
 503309
 503175
 502897
 502816
 502223
 502157
 502129
 502121
 502001
 501920
 501837
 501792
 501709
 501658
 501583
 501398
 501252
 501227
 501159
 500918
 500815
 500793
 500576
 500283
 500016
 500000
 499898
 499869
 499828
 499650
 499477
 499411
 499403
 499162
 498814
 498797
 498783
 498740
 498728
 498712
 498640
 498638
 498371
 498255
 498081
 498046
 497598
 497531
 497461
 497294
 497226
 497194
 497191
 497054
 496950
 496843
 496748
 496722
 496673
 496624
 496607
 496535
 496382
 496278
 496183
 496100
 496051
 496047
 495972
 495944
 495920
 495898
 495669
 495309
 495235
 495153
 495071
 495004
 494984
 494929
 494848
 494723
 494645
 494283
 493884
 493865
 493827
 493816
 493513
 493493
 493436
 493228
 493194
 493093
 492988
 492692
 492642
 492588
 492524
 492265
 492217
 492041
 491984
 491843
 491767
 491654
 491576
 491453
 491365
 491203
 491016
 491013
 490973
 490950
 490912
 490842
 490839
 490812
 490740
 490731
 490643
 490630
 490519
 490406
 490378
 490370
 490184
 490163
 490145
 490066
 489864
 489854
 489815
 489584
 489525
 489203
 489107
 489099
 489082
 489074
 489029
 488917
 488717
 488451
 488347
 488247
 488191
 487994
 487964
 487961
 487841
 487719
 487531
 487352
 487218
 487102
 486657
 486648
 486494
 486452
 486416
 486405
 486391
 486334
 486301
 486245
 486127
 486031
 485906
 485708
 485557
 485480
 485165
 485072
 484553
 484539
 484395
 484330
 484171
 483812
 483767
 483609
 483425
 483342
 483214
 483036
 482912
 482818
 482797
 482550
 482529
 482379
 482211
 482153
 482066
 482000
 481804
 481800
 481776
 481760
 481481
 481353
 481331
 481208
 481106
 481064
 480773
 480769
 480710
 480665
 480569
 480514
 480486
 480452
 480142
 480111
 480095
 480084
 480081
 479999
 479975
 479853
 479840
 479747
 479682
 479641
 479623
 479550
 479513
 479446
 479336
 479325
 479185
 478931
 478834
 478800
 478759
 478723
 478571
 478524
 478518
 478394
 477912
 477869
 477763
 477494
 477227
 477135
 477064
 476822
 476607
 476500
 476442
 476126
 476117
 476039
 475549
 475508
 475417
 475106
 475020
 474871
 474855
 474820
 474804
 474747
 474543
 474508
 474355
 474234
 474135
 474120
 474087
 474065
 473982
 473976
 473813
 473477
 473320
 472888
 472840
 472718
 472609
 472606
 472596
 472512
 472506
 472247
 472230
 472218
 471816
 471678
 471490
 471459
 471377
 471363
 471227
 471180
 470991
 470987
 470923
 470770
 470536
 470397
 470315
 470257
 470249
 470053
 470033
 470028
 469910
 469789
 469545
 469411
 469387
 469267
 469170
 469065
 468939
 468725
 468330
 468289
 468191
 468087
 468066
 468052
 467917
 467872
 467826
 467806
 467727
 467659
 467590
 467526
 467523
 467043
 466873
 466869
 466630
 466612
 466503
 466364
 466321
 466289
 466252
 466142
 466132
 466094
 466000
 465907
 465838
 465727
 465403
 465387
 465248
 465158
 465151
 465146
 465004
 464817
 464704
 464667
 464578
 464445
 464347
 464116
 464052
 463911
 463698
 463684
 463168
 463151
 463147
 462992
 462978
 462958
 462953
 462818
 462759
 462631
 462628
 462381
 462224
 461850
 461800
 461298
 461281
 461173
 461094
 461076
 461065
 460865
 460755
 460695
 460633
 460354
 460340
 460236
 459770
 459744
 459605
 459588
 459459
 459412
 459405
 459240
 459146
 458956
 458936
 458879
 458754
 458752
 458722
 458423
 458201
 458070
 457967
 457955
 457894
 457850
 457826
 457764
 457568
 457496
 457452
 457404
 457281
 457266
 457199
 457123
 457066
 456984
 456622
 456324
 456310
 456299
 456283
 456132
 456110
 456030
 455764
 455681
 455620
 455607
 455436
 455379
 455331
 455299
 455189
 455043
 454935
 454890
 454867
 454728
 454713
 454601
 454545
 454495
 454493
 454447
 454008
 453984
 453960
 453951
 453908
 453891
 453842
 453828
 453825
 453648
 453552
 453529
 453474
 453408
 453343
 453136
 453117
 452936
 452886
 452746
 452714
 452660
 452657
 452656
 452415
 452273
 452261
 451994
 451985
 451761
 451693
 451641
 451626
 451404
 451294
 451256
 451193
 450767
 450765
 450486
 450408
 450351
 450330
 450307
 450164
 450086
 450061
 450036
 449946
 449874
 449735
 449657
 449587
 449487
 449380
 449290
 449244
 449148
 448828
 448790
 448768
 448636
 448626
 448531
 448322
 448190
 448159
 448094
 447951
 447639
 447619
 447413
 447375
 447362
 447317
 447299
 447230
 447074
 447046
 446808
 446781
 446683
 446658
 446469
 446414
 446300
 446239
 446227
 446067
 445984
 445933
 445926
 445662
 445640
 445623
 445561
 445541
 445098
 445074
 444951
 444852
 444794
 444790
 444681
 444501
 444444
 444370
 444347
 444282
 444204
 444195
 444071
 443951
 443874
 443830
 443640
 443567
 443471
 443449
 443354
 443307
 442751
 442616
 442578
 442459
 442431
 442257
 442098
 441880
 441685
 441671
 441638
 441615
 441593
 441578
 441508
 441486
 441116
 441001
 440996
 440976
 440926
 440919
 440877
 440697
 440606
 440262
 440245
 440156
 440136
 440055
 439999
 439964
 439929
 439862
 439677
 439434
 439432
 439357
 439308
 439264
 439252
 439199
 439088
 439005
 438934
 438799
 438782
 438757
 438750
 438726
 438700
 438550
 438536
 438485
 438423
 438395
 438363
 438356
 438348
 438347
 438307
 437778
 437746
 437641
 437557
 437547
 437413
 437335
 437309
 437136
 436963
 436936
 436913
 436898
 436842
 436724
 436417
 436288
 436130
 435762
 435758
 435513
 435448
 435306
 435294
 435279
 435254
 435039
 434915
 434716
 434438
 434198
 434175
 434055
 433818
 433743
 433740
 433619
 433576
 433537
 433473
 433439
 433224
 433123
 432916
 432728
 432704
 432673
 432640
 432419
 432402
 432309
 432117
 432045
 431858
 431786
 431781
 431644
 431551
 431351
 431292
 431218
 431157
 431089
 430948
 430825
 430801
 430651
 430484
 430463
 430455
 430388
 430373
 430277
 430120
 429986
 429857
 429782
 429731
 429702
 429614
 429548
 429369
 429313
 429292
 429251
 429175
 429151
 429091
 429037
 429020
 428878
 428874
 428781
 428758
 428725
 428681
 428138
 428113
 428093
 427909
 427893
 427884
 427826
 427658
 427535
 427453
 427450
 427353
 426997
 426987
 426708
 426580
 426540
 426480
 426215
 426089
 426074
 425996
 425957
 425925
 425829
 425471
 425395
 425220
 425196
 425106
 425073
 424952
 424900
 424866
 424774
 424760
 424747
 424657
 424634
 424481
 424400
 424379
 424242
 424210
 423931
 423886
 423848
 423823
 423655
 423636
 423346
 423206
 423194
 423152
 423076
 423048
 422968
 422964
 422819
 422499
 422487
 422249
 422131
 422047
 421981
 421882
 421683
 421668
 421330
 421216
 421214
 420932
 420903
 420883
 420862
 420502
 420378
 420246
 420112
 420053
 419953
 419926
 419912
 419749
 419397
 419186
 418825
 418745
 418742
 418618
 418601
 418419
 418381
 418352
 418329
 418238
 418227
 418103
 417954
 417925
 417891
 417857
 417778
 417530
 417490
 417382
 417366
 417218
 417204
 417202
 417162
 416935
 416865
 416832
 416415
 416287
 416215
 416113
 416023
 415880
 415847
 415809
 415775
 415772
 415580
 415575
 415453
 415440
 415313
 415198
 414853
 414838
 414675
 414634
 414624
 414551
 414495
 414454
 414436
 414413
 414267
 414231
 413906
 413814
 413806
 413805
 413800
 413793
 413772
 413692
 413683
 413589
 413198
 413085
 412451
 412449
 412366
 412309
 412267
 412187
 411995
 411929
 411764
 411657
 411642
 411639
 411578
 411536
 411387
 411333
 411177
 411052
 411000
 410875
 410710
 410667
 410585
 410522
 410361
 410332
 410290
 410238
 410195
 410014
 409944
 409690
 409638
 409466
 409297
 409191
 409113
 409082
 408916
 408702
 408681
 408552
 408486
 408481
 408438
 408262
 408144
 408133
 408097
 407902
 407613
 407538
 407319
 407307
 407292
 407264
 407229
 407099
 407085
 406952
 406949
 406892
 406841
 406695
 406626
 406392
 406285
 406271
 406259
 406242
 406152
 405942
 405882
 405780
 405627
 405588
 405529
 405523
 405435
 405355
 405319
 405236
 405218
 405177
 404909
 404889
 404867
 404851
 404813
 404741
 404714
 404677
 404222
 404175
 404138
 404081
 404012
 403979
 403773
 403726
 403482
 403422
 403103
 402738
 402730
 402631
 402618
 402347
 402299
 402207
 402124
 402068
 401924
 401858
 401849
 401759
 401725
 401647
 401635
 401323
 400968
 400954
 400801
 400782
 400502
 400490
 400394
 399999
 399951
 399880
 399846
 399811
 399807
 399763
 399732
 399672
 399564
 399444
 399382
 399381
 399324
 399323
 399082
 399060
 398962
 398928
 398864
 398806
 398800
 398707
 398682
 398651
 398551
 398543
 398459
 398240
 398124
 398064
 398039
 397942
 397407
 397245
 397227
 397129
 397069
 397024
 396926
 396862
 396743
 396737
 396573
 396499
 396494
 396365
 396364
 396355
 396265
 396188
 396141
 396110
 395994
 395943
 395903
 395813
 395805
 395712
 395653
 395489
 395361
 395185
 395159
 395011
 394928
 394819
 394751
 394543
 394527
 394251
 394136
 394093
 394012
 394001
 393897
 393803
 393774
 393709
 393680
 393301
 393186
 393015
 392863
 392838
 392708
 392661
 392259
 392222
 392091
 391723
 391649
 391500
 391498
 391420
 391217
 391212
 391178
 390962
 390872
 390622
 390530
 390492
 390420
 390380
 390006
 389965
 389883
 389878
 389857
 389636
 389570
 389553
 389527
 389492
 389304
 389302
 389145
 389139
 389001
 388787
 388527
 388478
 388294
 388229
 388201
 388127
 388087
 387681
 387667
 387577
 387562
 387559
 387351
 387315
 387181
 387046
 386860
 386796
 386706
 386692
 386622
 386594
 386512
 386503
 386322
 386175
 386129
 385918
 385909
 385744
 385523
 385341
 385293
 385093
 385050
 385046
 384894
 384765
 384684
 384615
 384427
 384063
 384039
 384005
 384004
 383977
 383873
 383813
 383765
 383599
 383269
 383160
 382954
 382851
 382786
 382742
 382734
 382683
 382557
 382539
 382359
 382230
 381866
 381799
 381777
 381360
 381359
 381335
 381168
 381093
 381083
 380821
 380676
 380502
 380469
 380060
 379980
 379962
 379907
 379789
 379533
 379492
 379420
 379373
 379367
 379325
 379256
 379112
 378962
 378624
 378238
 378169
 378063
 378047
 377962
 377780
 377752
 377749
 377686
 377557
 377389
 377328
 377049
 377032
 376947
 376764
 376681
 376375
 376249
 376152
 376121
 375930
 375846
 375709
 375650
 375639
 375634
 375603
 375532
 375506
 375495
 375489
 375133
 374847
 374722
 374602
 374579
 374449
 374384
 374314
 374269
 374237
 374082
 374043
 374034
 373966
 373958
 373903
 373737
 373719
 373605
 373587
 373584
 373498
 373466
 373443
 373284
 373210
 373209
 373206
 373082
 373028
 372845
 372774
 372730
 372647
 372617
 372549
 372345
 372270
 372252
 372190
 372173
 372152
 372093
 371953
 371572
 371542
 371460
 371282
 371257
 371214
 370850
 370669
 370650
 370403
 370282
 370018
 369982
 369967
 369931
 369865
 369595
 369340
 369246
 369042
 369011
 368883
 368705
 368537
 368530
 368484
 368456
 368421
 368382
 368337
 368316
 368250
 368167
 368114
 368038
 368000
 367869
 367752
 367748
 367545
 367514
 367466
 367389
 367276
 367204
 367179
 366527
 366471
 366430
 366398
 366331
 366184
 366074
 365974
 365958
 365940
 365759
 365531
 365369
 365352
 365280
 365241
 365162
 365109
 364976
 364638
 364619
 364512
 364348
 364216
 364142
 364127
 364082
 364002
 363978
 363816
 363738
 363666
 363636
 363581
 363557
 363475
 363466
 363431
 363402
 363048
 362971
 362934
 362821
 362776
 362756
 362655
 362560
 362471
 362405
 362328
 362288
 362231
 362229
 362195
 362165
 362153
 362052
 361790
 361680
 361546
 361502
 361483
 361469
 361342
 361194
 361018
 360993
 360946
 360930
 360807
 360604
 360493
 360401
 360132
 359938
 359889
 359876
 359866
 359734
 359647
 359550
 359543
 359426
 359376
 359306
 358858
 358732
 358695
 358681
 358658
 358564
 358503
 358471
 358434
 358403
 358058
 357840
 357668
 357502
 357169
 357157
 357139
 357105
 356883
 356287
 356079
 356029
 355932
 355858
 355778
 355538
 355528
 355456
 355163
 354909
 354546
 354430
 354410
 354170
 354138
 353875
 353687
 353654
 353544
 353479
 353227
 353210
 352970
 352941
 352872
 352856
 352657
 352623
 352427
 352358
 352356
 352329
 352235
 351915
 351866
 351807
 351800
 351786
 351535
 351433
 351426
 351413
 351380
 351363
 351097
 351054
 350898
 350564
 350480
 350479
 350340
 350271
 350224
 350146
 350118
 349939
 349786
 349640
 349612
 349517
 349334
 349274
 349264
 349258
 349089
 348960
 348892
 348888
 348864
 348837
 348784
 348760
 348733
 348714
 348630
 348528
 348497
 348380
 348307
 348277
 348119
 348106
 348087
 347979
 347932
 347877
 347839
 347826
 347749
 347618
 347555
 347340
 347313
 347296
 347290
 347236
 347235
 347226
 347183
 347134
 347088
 346886
 346809
 346274
 346129
 345936
 345849
 345809
 345794
 345594
 345475
 345454
 345212
 345104
 345032
 344767
 344501
 344444
 344303
 344295
 344289
 344181
 344080
 344016
 343982
 343921
 343864
 343859
 343807
 343787
 343783
 343696
 343695
 343628
 343617
 343561
 343544
 343447
 343381
 343291
 343237
 343177
 343156
 343010
 342986
 342681
 342577
 342459
 342335
 342254
 342164
 342124
 341985
 341653
 341553
 341317
 341302
 341273
 341266
 341105
 341080
 340853
 340562
 340547
 340385
 340193
 340137
 339895
 339783
 339725
 339658
 339636
 339579
 339572
 339287
 339136
 338983
 338914
 338891
 338666
 338644
 338639
 338609
 338548
 338542
 338428
 338389
 338319
 338255
 338168
 337980
 337942
 337929
 337887
 337862
 337841
 337680
 337673
 337633
 337594
 337491
 337486
 337259
 336599
 336570
 336542
 336529
 336525
 336413
 336339
 336296
 336139
 336114
 336075
 335889
 335689
 335548
 335451
 335382
 335370
 335113
 335021
 334984
 334933
 334886
 334885
 334733
 334697
 334616
 334578
 334530
 334438
 334318
 334296
 334142
 333964
 333793
 333742
 333681
 333584
 333333
 333146
 333082
 332950
 332943
 332932
 332729
 332676
 332673
 332648
 332622
 332554
 332525
 332472
 332417
 332004
 331963
 331932
 331847
 331823
 331715
 331619
 331614
 331512
 331481
 331444
 331395
 331360
 331310
 331184
 331034
 330992
 330935
 330902
 330713
 330638
 330570
 330556
 330520
 330365
 330179
 330024
 329713
 329331
 329119
 329084
 329079
 328981
 328966
 328916
 328914
 328897
 328833
 328755
 328555
 328491
 328488
 328338
 328286
 327967
 327946
 327904
 327745
 327610
 327545
 327528
 327493
 327409
 327398
 326659
 326619
 326500
 326409
 326332
 326322
 326124
 326068
 325953
 325812
 325704
 325584
 325527
 325524
 325448
 325429
 325417
 325334
 325331
 325131
 325099
 325049
 324986
 324902
 324804
 324653
 324331
 324251
 324120
 324105
 324099
 324043
 324008
 323814
 323593
 323477
 323475
 322994
 322959
 322823
 322818
 322707
 322661
 322608
 322586
 322460
 322124
 321996
 321609
 321259
 321164
 321161
 321042
 320913
 320907
 320855
 320667
 320645
 320601
 320515
 320510
 320021
 319971
 319922
 319715
 319636
 319552
 319365
 319191
 319159
 319136
 319088
 319054
 318989
 318836
 318673
 318586
 318567
 318540
 318507
 318169
 318037
 318033
 318004
 317989
 317936
 317725
 317640
 317535
 317288
 317226
 317197
 317104
 317070
 317026
 316999
 316707
 316552
 316248
 316243
 316021
 315994
 315978
 315960
 315685
 315684
 315537
 315523
 315471
 315221
 315177
 314880
 314775
 314579
 314578
 314331
 314250
 314094
 313962
 313908
 313896
 313788
 313736
 313719
 313711
 313661
 313388
 313183
 312966
 312961
 312913
 312522
 312462
 312347
 312308
 312209
 312108
 312016
 311941
 311806
 311782
 311713
 311599
 311521
 311475
 311431
 311390
 311297
 311068
 310991
 310944
 310902
 310718
 310679
 310638
 310576
 310425
 310392
 310344
 310285
 310085
 309958
 309943
 309728
 309499
 309463
 309445
 309351
 309242
 309130
 309125
 308849
 308783
 308773
 308753
 308601
 308391
 308290
 308174
 307849
 307843
 307004
 306782
 306744
 306724
 306666
 306496
 306493
 306214
 306072
 305989
 305976
 305785
 305730
 305594
 305471
 305466
 305426
 305377
 305195
 305164
 304978
 304970
 304949
 304904
 304749
 304719
 304690
 304594
 304461
 304378
 304347
 304236
 304203
 304023
 303954
 303807
 303618
 303560
 303448
 303143
 303127
 303115
 303033
 302816
 302806
 302752
 302712
 302688
 302622
 302458
 302405
 302036
 301972
 301960
 301886
 301645
 301643
 301339
 301171
 301091
 301082
 301048
 300878
 300809
 300586
 300576
 300570
 300542
 300530
 300346
 300308
 300210
 300125
 299966
 299880
 299831
 299766
 299712
 299626
 299534
 299492
 299321
 299316
 299293
 299167
 299024
 299009
 298951
 298932
 298906
 298770
 298683
 298667
 298624
 298563
 298512
 298245
 298146
 298136
 298121
 297912
 297901
 297718
 297701
 297644
 297481
 297392
 297263
 297241
 297182
 297026
 296877
 296855
 296749
 296354
 296322
 296214
 296210
 296119
 296066
 296060
 295949
 295867
 295857
 295810
 295801
 295752
 295683
 295624
 295603
 295370
 295331
 295107
 295052
 294812
 294751
 294616
 294490
 294386
 294261
 294198
 294134
 294069
 294049
 293728
 293613
 293589
 293526
 293375
 293372
 293351
 293261
 293183
 293127
 293113
 293022
 292986
 292902
 292787
 292786
 292710
 292534
 292499
 292395
 292333
 292325
 292169
 292145
 292043
 291970
 291968
 291965
 291964
 291742
 291585
 291330
 291270
 291227
 291214
 291183
 291030
 291026
 291016
 290999
 290973
 290811
 290780
 290430
 290361
 290203
 289959
 289899
 289785
 289778
 289749
 289389
 289308
 289223
 289167
 289120
 289112
 288969
 288770
 288733
 288730
 288650
 288490
 288100
 288029
 287855
 287686
 287471
 287447
 287373
 287286
 287247
 287245
 287136
 286955
 286910
 286716
 286480
 286339
 286277
 286217
 286100
 286096
 286053
 285974
 285969
 285930
 285843
 285837
 285714
 285595
 285469
 285335
 285277
 285024
 284818
 284745
 284719
 284685
 284543
 284465
 284403
 284399
 284345
 284173
 284147
 284143
 284115
 284020
 283982
 283935
 283863
 283812
 283684
 283594
 283470
 283419
 283351
 283350
 283271
 283141
 282990
 282933
 282923
 282721
 282719
 282612
 282597
 282591
 282395
 282320
 282303
 282157
 282109
 281968
 281829
 281641
 281637
 281569
 281501
 281478
 281163
 281098
 280991
 280886
 280819
 280792
 280747
 280677
 280541
 280415
 280383
 280286
 280227
 280189
 280115
 279972
 279890
 279839
 279623
 279434
 279387
 279376
 279339
 279216
 279016
 278918
 278823
 278779
 278606
 278470
 278378
 278115
 278079
 277614
 277276
 277135
 276949
 276808
 276757
 276659
 276653
 276586
 276505
 276409
 276278
 276168
 276135
 275863
 275643
 275496
 275333
 275231
 275151
 275124
 275089
 275057
 274947
 274835
 274814
 274376
 274327
 274264
 274244
 274172
 273927
 273833
 273775
 273454
 273444
 273434
 273427
 273255
 273204
 273111
 272903
 272895
 272881
 272816
 272763
 272735
 272727
 272710
 272650
 272588
 272490
 272443
 272251
 272207
 272169
 271980
 271970
 271942
 271854
 271758
 271235
 271107
 271040
 271017
 270935
 270871
 270842
 270806
 270755
 270753
 270666
 270528
 270395
 270321
 270316
 270262
 270099
 270073
 269888
 269864
 269855
 269825
 269814
 269808
 269723
 269603
 269585
 269571
 269403
 269311
 269179
 268896
 268740
 268719
 268677
 268532
 268445
 268441
 268370
 268314
 268184
 268091
 268036
 267734
 267674
 267647
 267630
 267622
 267602
 267576
 267572
 267417
 267371
 267300
 267175
 267162
 267156
 267096
 266946
 266905
 266634
 266614
 266578
 266541
 266416
 266281
 266009
 265919
 265877
 265738
 265685
 265124
 264915
 264733
 264661
 264616
 264609
 264194
 264107
 264038
 263920
 263906
 263664
 263629
 263398
 263348
 263075
 262996
 262759
 262425
 262342
 262307
 262263
 262203
 262145
 262010
 261548
 261455
 261372
 261324
 261159
 261123
 261112
 261078
 261050
 260994
 260969
 260962
 260799
 260489
 260398
 260240
 260215
 260142
 259888
 259848
 259692
 259612
 259610
 259596
 259459
 259372
 259272
 259136
 259080
 259017
 258767
 258701
 258560
 258538
 258500
 258426
 258333
 258185
 258141
 257857
 257579
 257530
 257408
 257316
 257293
 257061
 256909
 256857
 256837
 256774
 256472
 256465
 256416
 256382
 255821
 255813
 255700
 255645
 255608
 255226
 255165
 255111
 254862
 254835
 254684
 254647
 254593
 254585
 254534
 254512
 254384
 254301
 254276
 254251
 254194
 254134
 254011
 253940
 253905
 253891
 253794
 253771
 253766
 253628
 253606
 253521
 253519
 253332
 253330
 253274
 253202
 253094
 253034
 253020
 253012
 252910
 252847
 252834
 252806
 252789
 252759
 252696
 252612
 252392
 252372
 252192
 252140
 252100
 251908
 251895
 251775
 251716
 251626
 251604
 251572
 251485
 251442
 251378
 251336
 251320
 251281
 251275
 251250
 251103
 251063
 250899
 250742
 250697
 250330
 250297
 250267
 250106
 250000
 249894
 249811
 249773
 249708
 249502
 249373
 249372
 249322
 249307
 249295
 249266
 249211
 249057
 249018
 248863
 248837
 248730
 248715
 248714
 248636
 248615
 247999
 247960
 247913
 247859
 247700
 247531
 247359
 247262
 247175
 246993
 246834
 246701
 246676
 246659
 246354
 246353
 246327
 246265
 246247
 245676
 245303
 245194
 245174
 245070
 244916
 244769
 244681
 244622
 244519
 244487
 244352
 244348
 244209
 244153
 244115
 244031
 243987
 243935
 243916
 243776
 243760
 243742
 243640
 243629
 243518
 243495
 243380
 243375
 243362
 243262
 243204
 243196
 243151
 243117
 242572
 242549
 242540
 242434
 242220
 242125
 242113
 242019
 242009
 241985
 241964
 241837
 241819
 241804
 241723
 241606
 241526
 241487
 241379
 241308
 241223
 241198
 240927
 240898
 240754
 240697
 240656
 240521
 240518
 240372
 240215
 240179
 240058
 239884
 239666
 239657
 239436
 239429
 239284
 239256
 239222
 239202
 239169
 239061
 238903
 238875
 238744
 238616
 238344
 238170
 238124
 237986
 237962
 237792
 237789
 237752
 237486
 237435
 237369
 237282
 237277
 237155
 237133
 237111
 236991
 236886
 236728
 236697
 236695
 236665
 236604
 236492
 236456
 236201
 236023
 235955
 235912
 235899
 235642
 235585
 235494
 235383
 235111
 234908
 234841
 234474
 234164
 234084
 234042
 233927
 233825
 233699
 233651
 233414
 233393
 233275
 233183
 233069
 233019
 232914
 232887
 232844
 232806
 232697
 232450
 232236
 232190
 232120
 232098
 232000
 231872
 231805
 231729
 231615
 231607
 231347
 231278
 231227
 231122
 230855
 230769
 230479
 230429
 230325
 230150
 229979
 229951
 229944
 229776
 229583
 229580
 229213
 229122
 228958
 228755
 228753
 228732
 228581
 228575
 228406
 228261
 228056
 227581
 227534
 227290
 227230
 227214
 227205
 227202
 227188
 227109
 227005
 226844
 226759
 226714
 226681
 226207
 225851
 225806
 225786
 225769
 225310
 224950
 224916
 224914
 224905
 224826
 224821
 224781
 224201
 224114
 224084
 224069
 224060
 223968
 223958
 223928
 223791
 223712
 223667
 223664
 223658
 223529
 223369
 223262
 223214
 223213
 223097
 223068
 223065
 222858
 222783
 222619
 222456
 222300
 222273
 221706
 221704
 221683
 221593
 221556
 221520
 221177
 221043
 220970
 220717
 220574
 220356
 220252
 220170
 220070
 219972
 219931
 219408
 219344
 219338
 219310
 219154
 218983
 218962
 218942
 218936
 218637
 218630
 218585
 218324
 218290
 218204
 218072
 217916
 217891
 217858
 217760
 217597
 217509
 217508
 217481
 217407
 217311
 217244
 217188
 217031
 216953
 216764
 216755
 216606
 216347
 216346
 215907
 215854
 215803
 215802
 215656
 215580
 215461
 215405
 215395
 215346
 214913
 214885
 214718
 214665
 214516
 214489
 214397
 214367
 214285
 214252
 214174
 213976
 213934
 213880
 213867
 213710
 213699
 213691
 213677
 213451
 213443
 212874
 212692
 212329
 212286
 212197
 212121
 211764
 211755
 211602
 211465
 211271
 211213
 211160
 211037
 211016
 210918
 210859
 210836
 210728
 210297
 210191
 210093
 210078
 210007
 209969
 209957
 209934
 209929
 209846
 209831
 209672
 209551
 209388
 209234
 209161
 209157
 208914
 208800
 208766
 208678
 208657
 208585
 208406
 208286
 208107
 208059
 207942
 207795
 207303
 207173
 207128
 207079
 206999
 206888
 206630
 206575
 206404
 206293
 206266
 206008
 205935
 205844
 205696
 205359
 205299
 205261
 205220
 205143
 205075
 205022
 204710
 204673
 204564
 204533
 204293
 204273
 204178
 203921
 203626
 203624
 203529
 203445
 203389
 203360
 203321
 203045
 202926
 202903
 202859
 202461
 202284
 202211
 202055
 202037
 202004
 201981
 201970
 201796
 201696
 201460
 201388
 201142
 200853
 200798
 200764
 200751
 200683
 200636
 200631
 200628
 200562
 200406
 200346
 200289
 200274
 200255
 200253
 200100
 200081
 200057
 200000
 199981
 199939
 199865
 199857
 199701
 199500
 199316
 199299
 198885
 198840
 198818
 198736
 198455
 198404
 198387
 198360
 198180
 197814
 197723
 197437
 197435
 197387
 196959
 196826
 196817
 196794
 196750
 196498
 196389
 196348
 196298
 196147
 196021
 195975
 195793
 195625
 195303
 195277
 195038
 194788
 194759
 194690
 194549
 194543
 194406
 194263
 194134
 194100
 193999
 193684
 193591
 193548
 193139
 193050
 192950
 192768
 192373
 192200
 192193
 192158
 192144
 192067
 192052
 192006
 191917
 191826
 191755
 191703
 191590
 191269
 191209
 191155
 190979
 190965
 190921
 190850
 190476
 190450
 190370
 190330
 190140
 190115
 190044
 189864
 189480
 189457
 189126
 189049
 188936
 188885
 188837
 188796
 188738
 188736
 188612
 188516
 188511
 188412
 188308
 188303
 188228
 188135
 187915
 187820
 187811
 187798
 187377
 187363
 187108
 187088
 187071
 187050
 187042
 186885
 186742
 186721
 186666
 186356
 186292
 186147
 186139
 186085
 185942
 185899
 185878
 185861
 185791
 185691
 185635
 185504
 185390
 185233
 185182
 185108
 185086
 185027
 184947
 184815
 184750
 184665
 184606
 184544
 184524
 184149
 184137
 184130
 184117
 184109
 183887
 183873
 183753
 183695
 183449
 183306
 183266
 183229
 183151
 183129
 183079
 182927
 182713
 182677
 182550
 182510
 182318
 182268
 182224
 182093
 181875
 181803
 181774
 181720
 181700
 181684
 181631
 181432
 181341
 181308
 181221
 181168
 181117
 181045
 180797
 180615
 180528
 180487
 180405
 180399
 180182
 180087
 180060
 180049
 179925
 179870
 179844
 179475
 179241
 179117
 179068
 178883
 178864
 178438
 178401
 178266
 178145
 178064
 178043
 177996
 177687
 177548
 177517
 177467
 177425
 177085
 177050
 176950
 176947
 176936
 176729
 176724
 176610
 176427
 176370
 175955
 175918
 175837
 175744
 175695
 175493
 175460
 175446
 175307
 175137
 175132
 175109
 175081
 175070
 174877
 174684
 174658
 174611
 174552
 174522
 174502
 174498
 174363
 174355
 174160
 174019
 173856
 173679
 173664
 173446
 173401
 173396
 173341
 173278
 173270
 173215
 173192
 173102
 172984
 172932
 172824
 172779
 172690
 172646
 172502
 172490
 172413
 172040
 172038
 171986
 171894
 171843
 171796
 171627
 171594
 171519
 171454
 171402
 171384
 171381
 171341
 171268
 170889
 170818
 170814
 170477
 170322
 170129
 170061
 170006
 169790
 169753
 169569
 169493
 169405
 169316
 169303
 169007
 168778
 168745
 168587
 168497
 168309
 168118
 168111
 168039
 167924
 167884
 167687
 167610
 167463
 167309
 167079
 166990
 166887
 166884
 166805
 166760
 166752
 166636
 166618
 166609
 166597
 166569
 166472
 166416
 166222
 166065
 166044
 165997
 165980
 165826
 165551
 165491
 165463
 165417
 165375
 165317
 165289
 165208
 164944
 164773
 164573
 164549
 164524
 164324
 164199
 164184
 164111
 164076
 163986
 163899
 163222
 162910
 162848
 162790
 162730
 162546
 162529
 162425
 162313
 162271
 162254
 162152
 161861
 161839
 161804
 161803
 161678
 161633
 161569
 161444
 161437
 161434
 161363
 161245
 160622
 160435
 160371
 160344
 160314
 160247
 160184
 160157
 160023
 160000
 159867
 159861
 159770
 159494
 159490
 159486
 159464
 159371
 159328
 159263
 159198
 159092
 159089
 158988
 158819
 158636
 158621
 158546
 158524
 158296
 158254
 158196
 158177
 158140
 158123
 158048
 157894
 157890
 157829
 157777
 157772
 157738
 157725
 157605
 157408
 157372
 157261
 157151
 157118
 157089
 157000
 156956
 156885
 156650
 156635
 156516
 156308
 156203
 156035
 155986
 155883
 155817
 155740
 155732
 155678
 155582
 155559
 155435
 155358
 155349
 155214
 155137
 155117
 155060
 155023
 155015
 154920
 154591
 154443
 154373
 154350
 154301
 153846
 153794
 153634
 153567
 153536
 153482
 153317
 153141
 152887
 152800
 152718
 152671
 152666
 152605
 152567
 152266
 151971
 151953
 151822
 151667
 151556
 151499
 151431
 151362
 151303
 151299
 151254
 151243
 151126
 151125
 151078
 150942
 150906
 150905
 150758
 150583
 150479
 150291
 150170
 150118
 150091
 149957
 149932
 149892
 149878
 149871
 149863
 149844
 149463
 149314
 148971
 148866
 148799
 148788
 148760
 148401
 148393
 148342
 148283
 148232
 148156
 147981
 147784
 147717
 147662
 147492
 147387
 147357
 147227
 147147
 147100
 146495
 146386
 146208
 146031
 145933
 145823
 145812
 145710
 145651
 145579
 145532
 145356
 145305
 145275
 145265
 145173
 145171
 145000
 144832
 144732
 144566
 144300
 144209
 144140
 144128
 144118
 144082
 144027
 143991
 143985
 143865
 143859
 143680
 143638
 143317
 143127
 143047
 143011
 142974
 142921
 142857
 142817
 142637
 142460
 142435
 142418
 142383
 142376
 142250
 142185
 142181
 142043
 141785
 141739
 141674
 141643
 141592
 141589
 141577
 141569
 141430
 141421
 141383
 141261
 141141
 141138
 140961
 140921
 140734
 140548
 139919
 139891
 139713
 139607
 139571
 139546
 139531
 139465
 139300
 139238
 139072
 138949
 138923
 138604
 138464
 138267
 138057
 137807
 137734
 137674
 137645
 137303
 137214
 137142
 137107
 136931
 136829
 136812
 136715
 136657
 136573
 136443
 136412
 136323
 136268
 136239
 136191
 136149
 136072
 135868
 135837
 135738
 135726
 135718
 135535
 135473
 135395
 134845
 134450
 134396
 134371
 134328
 134230
 134203
 134191
 134101
 134065
 133835
 133813
 133710
 133645
 133379
 133375
 133333
 133292
 133184
 133180
 133015
 132961
 132892
 132858
 132782
 132739
 132666
 132375
 132295
 132291
 132142
 132075
 132011
 131985
 131971
 131965
 131933
 131840
 131560
 131545
 131506
 131362
 131316
 131294
 131266
 131252
 131189
 131181
 131100
 131016
 130879
 130811
 130732
 130626
 130563
 130473
 130470
 130434
 130422
 130381
 130369
 130268
 130246
 130002
 129565
 129506
 129411
 129175
 129091
 128959
 128680
 128602
 128431
 128175
 127986
 127853
 127845
 127773
 127344
 127250
 127192
 127189
 127182
 127123
 126970
 126846
 126760
 126686
 126583
 126494
 126471
 126469
 126268
 126245
 125984
 125980
 125859
 125807
 125761
 125742
 125698
 125666
 125645
 125541
 125397
 125333
 125217
 125034
 125000
 124602
 124563
 124525
 124487
 124453
 124363
 124362
 124353
 124183
 124102
 124093
 124087
 124034
 124010
 123999
 123927
 123863
 123826
 123564
 123376
 123332
 123252
 123140
 123038
 122988
 122820
 122793
 122721
 122592
 122485
 122366
 122286
 122074
 121951
 121900
 121689
 121625
 121595
 121568
 121562
 121533
 121337
 121212
 121192
 121163
 121106
 120977
 120810
 120743
 120739
 120724
 120629
 120490
 120446
 120445
 120377
 120142
 120093
 120088
 120012
 120008
 119978
 119797
 119566
 119436
 119382
 119311
 119113
 119111
 119092
 118916
 118697
 118607
 118291
 118202
 118151
 118055
 118039
 117949
 117869
 117812
 117712
 117692
 117611
 117490
 117446
 117410
 117388
 117385
 117360
 117345
 117318
 117254
 117177
 117152
 116999
 116774
 116599
 116111
 116065
 115960
 115930
 115867
 115772
 115762
 115661
 115502
 115414
 115354
 115053
 114982
 114961
 114855
 114834
 114725
 114502
 114457
 114390
 114276
 114266
 114115
 114032
 114002
 113911
 113752
 113716
 113637
 113452
 113104
 113074
 112857
 112842
 112790
 112722
 112568
 112482
 112410
 112359
 112149
 112114
 112087
 112063
 111873
 111791
 111613
 111413
 111406
 111280
 111248
 111219
 111111
 111025
 110992
 110719
 110385
 110296
 110197
 109628
 109350
 108991
 108672
 108637
 108585
 108517
 108384
 108372
 108231
 108189
 108071
 107896
 107784
 107526
 107475
 107415
 107400
 107316
 107293
 107281
 107270
 107152
 107144
 107079
 107044
 107021
 106917
 106913
 106872
 106835
 106787
 106774
 106704
 106696
 106666
 106564
 106529
 106463
 106401
 106175
 106152
 106065
 105862
 105746
 105590
 105580
 105489
 105450
 105416
 105386
 105371
 105351
 105303
 105263
 105131
 105002
 104993
 104868
 104807
 104751
 104750
 104642
 104477
 104143
 104141
 104091
 104082
 103909
 103893
 103886
 103647
 103347
 103300
 103244
 103185
 103143
 102805
 102719
 102698
 102449
 102393
 102373
 102280
 102177
 101979
 101634
 101617
 101551
 101495
 101489
 101424
 100986
 100834
 100769
 100362
 100121
 100073
 100017
 99671
 99594
 99166
 99127
 99070
 98977
 98813
 98742
 98630
 98554
 98321
 98062
 97983
 97862
 97794
 97732
 97631
 97591
 97504
 97446
 97433
 97378
 97363
 97179
 97018
 96852
 96795
 96766
 96293
 96248
 96152
 95860
 95571
 95397
 95396
 95356
 95322
 95318
 95238
 95162
 95153
 95107
 94922
 94767
 94683
 94596
 94579
 94470
 94358
 94311
 94264
 94257
 94254
 94037
 93884
 93801
 93728
 93675
 93663
 93594
 93419
 93417
 93014
 92948
 92833
 92688
 92624
 92602
 92558
 92549
 92143
 92070
 92031
 91974
 91923
 91773
 91452
 91411
 91354
 91049
 90909
 90837
 90797
 90658
 90628
 90555
 90531
 90513
 90467
 90304
 90265
 90224
 90096
 90017
 89958
 89881
 89832
 89787
 89773
 89571
 89486
 89255
 89136
 89108
 89069
 88948
 88781
 88755
 88679
 88644
 88189
 88010
 87966
 87817
 87783
 87599
 87591
 87374
 87281
 87211
 87179
 87014
 86825
 86703
 86692
 86687
 86492
 86107
 85922
 85847
 85723
 85487
 85412
 85253
 84953
 84840
 84790
 84759
 84690
 84566
 84555
 84552
 84515
 84397
 84378
 84325
 84300
 84280
 84236
 84165
 84105
 84022
 83977
 83892
 83825
 83628
 83417
 83411
 83259
 83207
 83187
 83161
 83022
 82836
 82822
 82808
 82786
 82600
 82384
 82146
 81824
 81771
 81717
 81666
 81558
 81516
 81387
 81310
 81017
 80941
 80930
 80900
 80858
 80857
 80836
 80781
 80745
 80346
 80224
 80138
 80117
 80015
 79854
 79804
 79655
 79611
 79553
 79526
 79492
 79385
 79358
 79308
 79183
 79107
 78985
 78843
 78796
 78615
 78513
 78504
 78400
 78362
 78325
 78322
 78250
 78239
 77824
 77791
 77356
 77322
 77311
 77178
 77142
 77111
 76997
 76594
 76585
 76493
 76413
 76370
 76294
 76241
 76124
 76116
 76094
 75932
 75889
 75857
 75840
 75704
 75562
 75531
 75196
 75161
 75133
 75103
 75026
 74917
 74902
 74899
 74825
 74816
 74710
 74669
 74585
 74408
 74310
 74074
 73882
 73855
 73694
 73427
 73158
 72796
 72792
 72664
 72574
 72463
 71839
 71478
 71454
 71428
 71399
 71281
 71253
 71208
 71159
 71080
 70937
 70921
 70914
 70891
 70588
 70425
 70239
 70141
 69767
 69699
 69569
 69552
 69502
 69355
 69330
 69237
 69153
 69097
 68807
 68763
 68736
 68722
 68614
 68607
 68503
 68285
 67968
 67905
 67886
 67875
 67775
 67613
 67403
 67354
 67281
 67263
 67139
 67080
 66956
 66770
 66723
 66404
 66332
 66307
 66269
 65939
 65784
 65585
 65584
 65573
 65572
 65552
 65543
 65542
 65374
 65361
 65235
 65107
 65040
 64898
 64837
 64813
 64794
 64679
 64629
 64485
 64481
 64441
 64273
 64255
 64173
 64166
 64052
 63941
 63933
 63829
 63792
 63597
 63584
 63266
 63216
 63114
 63099
 62810
 62750
 62746
 62615
 62590
 62500
 62396
 62314
 62159
 62139
 62085
 62068
 61971
 61926
 61874
 61676
 61643
 61551
 61430
 61394
 61344
 61263
 61232
 60800
 60529
 60475
 60439
 60391
 60384
 60281
 60202
 60135
 59925
 59828
 59825
 59733
 59574
 59528
 59396
 59377
 59366
 59355
 59275
 59122
 59085
 59026
 58923
 58872
 58823
 58788
 58705
 58700
 58664
 58487
 58472
 58432
 58391
 58312
 58299
 58251
 58126
 57435
 57414
 57341
 57227
 57064
 56992
 56856
 56633
 56576
 56514
 56479
 56430
 56177
 56133
 56090
 56056
 56045
 56016
 55909
 55696
 55522
 55483
 55427
 55331
 55200
 55060
 55042
 55024
 54964
 54907
 54834
 54685
 54668
 54580
 54550
 54435
 54259
 53894
 53828
 53744
 53723
 53677
 53574
 53462
 53346
 53201
 53025
 53014
 52951
 52906
 52844
 52837
 52678
 52570
 52518
 52499
 52392
 52265
 52223
 52007
 51980
 51768
 51623
 51597
 51536
 51527
 51476
 51282
 51138
 51121
 50999
 50946
 50784
 50780
 50732
 50682
 50667
 50271
 50156
 49872
 49726
 49412
 49261
 49211
 49171
 49141
 48963
 48926
 48920
 48846
 48780
 48774
 48734
 48647
 48576
 48575
 48537
 48536
 48493
 48458
 48365
 48351
 48270
 48097
 48083
 48036
 48006
 47992
 47902
 47794
 47563
 47454
 47447
 47109
 47065
 47027
 46939
 46809
 46753
 46439
 46384
 46353
 46351
 46090
 45906
 45851
 45604
 45454
 45400
 45112
 45036
 44707
 44092
 44009
 43945
 43677
 43622
 43410
 43387
 43331
 43313
 43200
 43187
 43029
 43018
 42874
 42659
 42648
 42606
 42553
 42524
 42514
 42483
 42280
 42193
 41979
 41976
 41954
 41848
 41680
 41369
 41329
 41234
 41230
 41218
 41024
 40917
 40899
 40752
 40698
 40653
 40507
 40339
 40324
 40117
 40083
 40069
 40000
 39980
 39956
 39844
 39735
 39727
 39690
 39645
 39569
 39402
 39312
 39263
 39240
 39126
 39080
 39040
 38945
 38827
 38805
 38666
 38569
 38536
 38485
 38369
 38265
 38095
 38021
 37974
 37772
 37719
 37718
 37691
 37619
 37582
 37486
 37411
 37304
 37294
 37280
 36966
 36896
 36850
 36715
 36657
 36656
 36467
 36460
 36448
 36423
 36359
 36210
 35685
 35594
 35565
 35514
 35498
 35294
 35144
 35128
 35120
 35065
 35024
 34981
 34962
 34895
 34818
 34739
 34734
 34710
 34571
 34567
 34520
 34414
 34321
 34147
 34047
 33753
 33707
 33382
 33191
 33128
 33066
 33049
 32874
 32817
 32800
 32679
 32634
 32579
 32464
 32371
 32312
 32128
 31890
 31879
 31601
 31499
 31447
 31441
 31207
 31182
 31088
 30855
 30470
 30202
 30107
 30013
 29942
 29853
 29833
 29710
 29619
 29561
 29373
 29341
 29277
 29216
 29198
 29182
 29152
 29134
 29027
 28955
 28391
 28318
 28310
 28207
 28169
 28039
 28025
 28005
 28001
 27667
 27649
 27582
 27501
 27252
 27198
 27120
 27016
 27015
 26947
 26811
 26666
 26628
 26315
 26258
 26099
 26027
 26019
 25841
 25745
 25744
 25701
 25643
 25641
 25627
 25602
 25584
 25540
 25537
 25450
 25410
 25371
 25026
 24965
 24775
 24733
 24692
 24633
 24565
 24509
 24502
 24291
 24211
 24132
 24038
 23836
 23521
 23362
 23332
 23230
 23188
 23181
 23108
 23017
 22930
 22813
 22774
 22715
 22629
 22361
 22261
 22246
 22166
 22044
 21941
 21875
 21570
 21479
 21429
 21374
 21363
 21332
 21330
 21265
 21027
 20951
 20946
 20804
 20761
 20656
 20574
 20322
 20124
 20068
 20040
 19854
 19627
 19451
 19373
 19351
 19317
 19083
 19060
 18995
 18966
 18824
 18578
 18570
 18502
 18204
 18197
 18186
 18012
 17991
 17937
 17936
 17928
 17358
 17246
 17033
 16838
 16783
 16732
 16634
 16590
 16563
 16536
 16414
 16318
 16194
 16041
 16015
 15986
 15913
 15787
 15560
 15405
 15311
 15298
 15281
 14925
 14856
 14844
 14506
 14490
 14459
 14352
 14351
 14253
 14133
 14048
 13953
 13941
 13936
 13827
 13603
 13083
 12987
 12811
 12795
 12742
 12730
 12457
 12428
 12174
 11717
 11573
 11514
 11275
 11220
 11132
 11118
 11011
 10914
 10840
 10811
 10778
 10491
 10433
 10421
 10327
 10043
 10019
 9808
 9721
 9694
 9625
 9575
 9470
 9332
 9172
 9155
 9144
 8964
 8884
 8683
 8662
 8509
 8292
 8234
 8110
 8046
 7953
 7939
 7828
 7822
 7816
 7734
 7646
 7461
 7409
 7336
 7003
 6914
 6717
 6514
 6424
 6040
 5893
 5826
 5738
 5729
 5617
 5370
 5089
 4824
 4687
 4576
 4445
 4444
 4438
 4329
 4273
 4253
 4248
 4181
 4026
 3990
 3940
 3932
 3888
 3768
 3724
 3660
 3542
 3167
 3138
 3074
 3027
 2985
 2712
 2687
 2507
 2419
 2200
 2107
 2104
 1990
 1947
 1843
 1592
 1571
 1555
 1416
 1370
 1354
 1310
 1294
 986
 788
 708
 693
 665
 638
 427
 205
 202
 132
 95
 0
 