999594
 999453
 999385
 999219
 999003
 998995
 998885
 998769
 998607
 998376
 998245
 998225
 998208
 998010
 997904
 997862
 997805
 997739
 997637
 997456
 997317
 997066
 997050
 997005
 997003
 996908
 996868
 996670
 996224
 996064
 995764
 995547
 995321
 995259
 995197
 995116
 995004
 994976
 994842
 994812
 994747
 994658
 994640
 994535
 994479
 994419
 994165
 994034
 993891
 993812
 993690
 993628
 993583
 993576
 993572
 993464
 993318
 993216
 992673
 992410
 992345
 992316
 992260
 992160
 992027
 991849
 991827
 991752
 991735
 991694
 991655
 991561
 991520
 991474
 991326
 991290
 991204
 991129
 991047
 991014
 990889
 990812
 990736
 990703
 990577
 990512
 990367
 990316
 990001
 989961
 989929
 989897
 989871
 989816
 989602
 989519
 989188
 989104
 988982
 988807
 988779
 988749
 988732
 988645
 988594
 988589
 988467
 988363
 988291
 988216
 988181
 987990
 987885
 987731
 987552
 987524
 987484
 987473
 987408
 986862
 986773
 986577
 986375
 986244
 986095
 985927
 985906
 985826
 985746
 985599
 985543
 985542
 985356
 985352
 985351
 985262
 985167
 985143
 985072
 984829
 984806
 984595
 984565
 984498
 984402
 984162
 984028
 983983
 983947
 983815
 983775
 983716
 983635
 983484
 983379
 983349
 983180
 983149
 983135
 983042
 982961
 982930
 982767
 982629
 982358
 982351
 982236
 982142
 982122
 982068
 981910
 981831
 981701
 981496
 981461
 981412
 981410
 981389
 981294
 980998
 980940
 980883
 980878
 980759
 980650
 980582
 980501
 980482
 980345
 980266
 980263
 980167
 980134
 980126
 980073
 979933
 979916
 979911
 979647
 979511
 979492
 979478
 979452
 979351
 979178
 979021
 978990
 978959
 978930
 978827
 978823
 978792
 978674
 978586
 978489
 978425
 978390
 978308
 978280
 978104
 978102
 978018
 977883
 977845
 977782
 977777
 977729
 977637
 977582
 977524
 977459
 977437
 977390
 977381
 977344
 977168
 977098
 976794
 976790
 976573
 976404
 976354
 976322
 976287
 976190
 976188
 976127
 976111
 976033
 976022
 975987
 975760
 975565
 975400
 975212
 975040
 974978
 974930
 974683
 974587
 974538
 974364
 974331
 974106
 974105
 973946
 973816
 973623
 973572
 973469
 973382
 973329
 973229
 973216
 973215
 973028
 972865
 972731
 972527
 972526
 972440
 972417
 972341
 972232
 972137
 972135
 972124
 972086
 972013
 971998
 971891
 971821
 971546
 971524
 971444
 971312
 971196
 971073
 971065
 971031
 970932
 970845
 970782
 970667
 970652
 970535
 970304
 970295
 970276
 969926
 969793
 969549
 969465
 969230
 969146
 968911
 968753
 968718
 968486
 968272
 968253
 968025
 967999
 967871
 967812
 967769
 967726
 967699
 967677
 967575
 967490
 967454
 967443
 967442
 967295
 967171
 967143
 967117
 966766
 966544
 966503
 966499
 966379
 966373
 966363
 966338
 966292
 966228
 966216
 966101
 965964
 965923
 965808
 965527
 965517
 965424
 965407
 965123
 965006
 964948
 964903
 964865
 964786
 964708
 964688
 964577
 964426
 964194
 964164
 964071
 964015
 964007
 963976
 963937
 963748
 963687
 963551
 963289
 963226
 963183
 963043
 963016
 962941
 962935
 962794
 962774
 962722
 962500
 962352
 961949
 961889
 961835
 961797
 961772
 961685
 961674
 961609
 961448
 961334
 961046
 961025
 960931
 960905
 960900
 960809
 960594
 960560
 960558
 960538
 960472
 960411
 960153
 960008
 960000
 959452
 959353
 959220
 959151
 959147
 959100
 958959
 958910
 958866
 958475
 958392
 958333
 958115
 957906
 957811
 957664
 957617
 957219
 957116
 956960
 956772
 956682
 956365
 956190
 956119
 955977
 955951
 955710
 955660
 955416
 955271
 954758
 954640
 954554
 954210
 954080
 953916
 953741
 953687
 953586
 953394
 952797
 952789
 952768
 952699
 952661
 952620
 952516
 952380
 952318
 952147
 952009
 951895
 951807
 951694
 951684
 951464
 951379
 951289
 951021
 950999
 950966
 950910
 950823
 950781
 950704
 950576
 950507
 950326
 950305
 950301
 950289
 950247
 949298
 949163
 949123
 949045
 949000
 948841
 948740
 948545
 948531
 948222
 948189
 948102
 948051
 947890
 947794
 947763
 947497
 947462
 947440
 947411
 947329
 947051
 947029
 947026
 946996
 946773
 946577
 946490
 946395
 946261
 946058
 945945
 945881
 945712
 945686
 945676
 945658
 945611
 945340
 945334
 945330
 945309
 945279
 945268
 945245
 945075
 945019
 944987
 944961
 944855
 944812
 944715
 944606
 944603
 944253
 944198
 944072
 943994
 943923
 943916
 943884
 943762
 943720
 943687
 943624
 943488
 943311
 943234
 943154
 943116
 942888
 942746
 942633
 942631
 942533
 942522
 942483
 942401
 942319
 942308
 942202
 942177
 942095
 942003
 941918
 941789
 941774
 941671
 941653
 941402
 941308
 941176
 941156
 941138
 941090
 941031
 940983
 940949
 940805
 940749
 940591
 940520
 940493
 940482
 940450
 940359
 940344
 940328
 940178
 940136
 939779
 939688
 939464
 939411
 939157
 939060
 938927
 938674
 938655
 938523
 938470
 938388
 938305
 938285
 938209
 937978
 937870
 937599
 937506
 937196
 937189
 936681
 936617
 936499
 936376
 936280
 936221
 936195
 936193
 936068
 935909
 935779
 935730
 935697
 935504
 935442
 935378
 934841
 934746
 934741
 934670
 934662
 934637
 934343
 934210
 934070
 934043
 933935
 933761
 933481
 933459
 933445
 933405
 933375
 933333
 932907
 932778
 932577
 932464
 932414
 932283
 932145
 932059
 932002
 931967
 931895
 931548
 931457
 931356
 931198
 931099
 931082
 931034
 931026
 930967
 930895
 930773
 930706
 930584
 930580
 930553
 930511
 930368
 930232
 930201
 930069
 929957
 929914
 929809
 929366
 929211
 929008
 928881
 928763
 928725
 928559
 928554
 928483
 928467
 928462
 928377
 928372
 928245
 928020
 927964
 927934
 927487
 927461
 927455
 927395
 927361
 927324
 927250
 927248
 927081
 927077
 927000
 926952
 926925
 926883
 926875
 926829
 926679
 926584
 926506
 926400
 926380
 926350
 926158
 926108
 926083
 925925
 925903
 925889
 925739
 925630
 925417
 925403
 925347
 924897
 924839
 924784
 924572
 924555
 924463
 924392
 924301
 924230
 924147
 923943
 923659
 923584
 923513
 923494
 923307
 923279
 923156
 923104
 923076
 922996
 922912
 922748
 922697
 922643
 922438
 922430
 922379
 922215
 922176
 922165
 922036
 921979
 921933
 921914
 921813
 921655
 921582
 921549
 921459
 921276
 921011
 920849
 920763
 920624
 920540
 920444
 920435
 920415
 920308
 920279
 920150
 920134
 919860
 919858
 919828
 919611
 919402
 919387
 919271
 919083
 919078
 919077
 919055
 918658
 918593
 918403
 918388
 918144
 917921
 917790
 917647
 917525
 917498
 917400
 917334
 917237
 917205
 917124
 916966
 916636
 916623
 916620
 916577
 916489
 916458
 916457
 916441
 916383
 916120
 915973
 915571
 915336
 915285
 915028
 914957
 914944
 914921
 914833
 914780
 914744
 914607
 914380
 914361
 914167
 914061
 913806
 913493
 913197
 913085
 912980
 912937
 912922
 912884
 912769
 912725
 912572
 912545
 912511
 912466
 912285
 912041
 912010
 911943
 911918
 911750
 911743
 911703
 911660
 911504
 911247
 911221
 911165
 911138
 911070
 911061
 911057
 910947
 910942
 910930
 910920
 910843
 910803
 910725
 910669
 910530
 910202
 910066
 909920
 909849
 909843
 909760
 909603
 909549
 909399
 909265
 909244
 909236
 909234
 909137
 908873
 908793
 908789
 908736
 908708
 908576
 908515
 908433
 908407
 908243
 908202
 908004
 907987
 907967
 907961
 907900
 907692
 907512
 907378
 907375
 907373
 907301
 907018
 906963
 906594
 906559
 906316
 906201
 906044
 905983
 905951
 905882
 905691
 905673
 905640
 905428
 905158
 905103
 905015
 904918
 904890
 904746
 904594
 904310
 904277
 904213
 904201
 904191
 904183
 904131
 904055
 903944
 903884
 903836
 903807
 903794
 903678
 903416
 903403
 903167
 903112
 902940
 902883
 902877
 902718
 902640
 902600
 902551
 902523
 902300
 902194
 902135
 902121
 902104
 902070
 902027
 901667
 901637
 901550
 901402
 901261
 901179
 901178
 901100
 901065
 900988
 900961
 900725
 900677
 900471
 900366
 900307
 900305
 900193
 900074
 899999
 899938
 899705
 899582
 899577
 899525
 899510
 899330
 899267
 899158
 899103
 899023
 898901
 898897
 898859
 898714
 898696
 898671
 898495
 898438
 898251
 898242
 897910
 897904
 897693
 897609
 897539
 897536
 897467
 897330
 897260
 897186
 897030
 897025
 896940
 896811
 896729
 896633
 896551
 896506
 896361
 896317
 895969
 895964
 895955
 895841
 895388
 895287
 895248
 895136
 895135
 895031
 894739
 894672
 894625
 894591
 894449
 894435
 894379
 894316
 894298
 894221
 894069
 893959
 893927
 893899
 893719
 893689
 893584
 893571
 893514
 893128
 892894
 892824
 892521
 892225
 892198
 892116
 892100
 892092
 891928
 891889
 891866
 891791
 891775
 891737
 891708
 891705
 891589
 891549
 891497
 891268
 891241
 891237
 891089
 890840
 890679
 890661
 890601
 890524
 890464
 890247
 890088
 890036
 890012
 889987
 889962
 889892
 889843
 889747
 889594
 889573
 889395
 889076
 888888
 888794
 888689
 888527
 888482
 888210
 888198
 888186
 888084
 888050
 888001
 887848
 887846
 887841
 887772
 887540
 887442
 887420
 887305
 887161
 887142
 887090
 886902
 886785
 886661
 886554
 886511
 886449
 886448
 886359
 886232
 885955
 885820
 885524
 885502
 885478
 885280
 885158
 885148
 885128
 885041
 885028
 885017
 884904
 884889
 884818
 884646
 884564
 884266
 884125
 884014
 883938
 883828
 883631
 883617
 883604
 883548
 883495
 883484
 883323
 883320
 883270
 883224
 883122
 883101
 882789
 882739
 882722
 882539
 882524
 882513
 882369
 882352
 882283
 882221
 882152
 882146
 881855
 881846
 881736
 881735
 881309
 881201
 881200
 881132
 880879
 880568
 880521
 880425
 880388
 880313
 880176
 880114
 879870
 879678
 879656
 879535
 879507
 879315
 879265
 879255
 879204
 878937
 878928
 878909
 878895
 878833
 878812
 878808
 878751
 878711
 878661
 878656
 878627
 878614
 878601
 878314
 878272
 878160
 878095
 877882
 877755
 877731
 877666
 877660
 877538
 877524
 877458
 877439
 877383
 877323
 877170
 876844
 876841
 876826
 876547
 876449
 876443
 876235
 875996
 875672
 875518
 875431
 875387
 875288
 875173
 875044
 875042
 874685
 874186
 874154
 874107
 874078
 874055
 873975
 873864
 873646
 873542
 873431
 873351
 873328
 873315
 873258
 872979
 872940
 872727
 872694
 872642
 872126
 872071
 872015
 872001
 871969
 871928
 871912
 871838
 871614
 871401
 871360
 871271
 871231
 871081
 871018
 870973
 870764
 870691
 870677
 870593
 870290
 870231
 870226
 870202
 869927
 869893
 869820
 869795
 869660
 869619
 869540
 869504
 869308
 869263
 869245
 869092
 868898
 868819
 868800
 868787
 868731
 868634
 868612
 868589
 868485
 868441
 868410
 868294
 868217
 868168
 868118
 867963
 867709
 867687
 867622
 867566
 867454
 867374
 866976
 866730
 866688
 866666
 866554
 866515
 866475
 866408
 866399
 866378
 866351
 866266
 866211
 865922
 865892
 865800
 865652
 865499
 865344
 865309
 865108
 864921
 864877
 864864
 864845
 864812
 864734
 864670
 864329
 864194
 864109
 863986
 863977
 863845
 863807
 863706
 863678
 863608
 863474
 863362
 863208
 863168
 863070
 863002
 862879
 862857
 862807
 862749
 862474
 862375
 862365
 862224
 862051
 861471
 861404
 861303
 861280
 861153
 861070
 861031
 860990
 860988
 860946
 860940
 860724
 860639
 860555
 860390
 860273
 860268
 860251
 860213
 860182
 860044
 859924
 859909
 859852
 859825
 859518
 858796
 858756
 858383
 858345
 858163
 858001
 857705
 857493
 857490
 857468
 857376
 857153
 857101
 857083
 857033
 856994
 856948
 856947
 856799
 856749
 856545
 856442
 856252
 856217
 856195
 856018
 856016
 855974
 855899
 855793
 855713
 855561
 855411
 855388
 855379
 855377
 855191
 855003
 854995
 854847
 854824
 854736
 854540
 854406
 853972
 853810
 853627
 853508
 853499
 853482
 853390
 853293
 852946
 852923
 852882
 852782
 852587
 852516
 852451
 852353
 852274
 852209
 852088
 851999
 851504
 851274
 851186
 851041
 851033
 851006
 850897
 850886
 850636
 850529
 850236
 850232
 849979
 849929
 849752
 849674
 849556
 849238
 849077
 848856
 848795
 848618
 848527
 848461
 848212
 848102
 848018
 847894
 847832
 847801
 847619
 847547
 847488
 847175
 847174
 847123
 846805
 846783
 846732
 846727
 846691
 846461
 846354
 846281
 845977
 845897
 845855
 845771
 845682
 845588
 845519
 845517
 845360
 845188
 845186
 845180
 845165
 844843
 844555
 844544
 844444
 844320
 844253
 844184
 844049
 843893
 843850
 843810
 843795
 843514
 843393
 843385
 843326
 843274
 843066
 842777
 842730
 842511
 842495
 842466
 842444
 842443
 842319
 842299
 842155
 842038
 841982
 841890
 841807
 841750
 841521
 841230
 841117
 840961
 840949
 840944
 840892
 840821
 840738
 840597
 840482
 840270
 840195
 840074
 840051
 840049
 840008
 839999
 839922
 839790
 839751
 839535
 839399
 839393
 839388
 839356
 839305
 839256
 839088
 838951
 838732
 838659
 838651
 838601
 838495
 838392
 838373
 838308
 838155
 838094
 837937
 837509
 837460
 837317
 837313
 837154
 837115
 837104
 837076
 836731
 836653
 836589
 836531
 836482
 836476
 836384
 836347
 836238
 836184
 836101
 835977
 835854
 835782
 835718
 835553
 835295
 835033
 835015
 834972
 834936
 834884
 834776
 834681
 834520
 834422
 834302
 833981
 833915
 833892
 833711
 833607
 833424
 833386
 833356
 833288
 833243
 833238
 833132
 833122
 833011
 832997
 832952
 832663
 832607
 832423
 832373
 832093
 831903
 831831
 831788
 831763
 831672
 831577
 831474
 831406
 831300
 830945
 830742
 830719
 830578
 830467
 830442
 830092
 829928
 829921
 829691
 829592
 829455
 829436
 829370
 829268
 829240
 829133
 829059
 829046
 829036
 828976
 828944
 828784
 828757
 828693
 828560
 828467
 828433
 828358
 828326
 828286
 828258
 828220
 828215
 828214
 828208
 828196
 828025
 827689
 827586
 827568
 827317
 827278
 827176
 827062
 826974
 826936
 826928
 826914
 826910
 826865
 826808
 826615
 826498
 826376
 826331
 826330
 826276
 826172
 826086
 826025
 825906
 825710
 825670
 825656
 825635
 825628
 825576
 825138
 825126
 825125
 825022
 824932
 824899
 824826
 824743
 824492
 824361
 824331
 824273
 824026
 823997
 823136
 823115
 823090
 823075
 823028
 823022
 822961
 822835
 822774
 822600
 822549
 822533
 822363
 822295
 822224
 822161
 822094
 822022
 821992
 821923
 821862
 821824
 821767
 821740
 821607
 821591
 821428
 821364
 821281
 821274
 821229
 821139
 821113
 821096
 820851
 820371
 820359
 820134
 820057
 820020
 819680
 819578
 819397
 819392
 819271
 819249
 819182
 819030
 819027
 819022
 818846
 818835
 818766
 818635
 818414
 818144
 817926
 817756
 817733
 817668
 817438
 817386
 817183
 817176
 817173
 817078
 817062
 816956
 816915
 816603
 816224
 816058
 815998
 815955
 815899
 815808
 815789
 815628
 815533
 815375
 815321
 815318
 815175
 815047
 814897
 814894
 814824
 814796
 814736
 814402
 814330
 814275
 814264
 814151
 814128
 814126
 814094
 814055
 813953
 813943
 813937
 813936
 813864
 813832
 813541
 813539
 813536
 813395
 813380
 813169
 813018
 812866
 812853
 812822
 812792
 812722
 812682
 812621
 812514
 812417
 812341
 812307
 812238
 812206
 812185
 812042
 811789
 811541
 811468
 811329
 811294
 811115
 811012
 810802
 810751
 810663
 810631
 810527
 810423
 810158
 810105
 810089
 810087
 809946
 809738
 809696
 809685
 809654
 809515
 809478
 809330
 809321
 809302
 809122
 808949
 808815
 808735
 808724
 808625
 808510
 808501
 808498
 808310
 808281
 808159
 808031
 808003
 807989
 807730
 807652
 807523
 807415
 807254
 807212
 807118
 806983
 806944
 806915
 806837
 806815
 806775
 806642
 806265
 806079
 805988
 805900
 805710
 805622
 805245
 805134
 805118
 804879
 804814
 804775
 804702
 804674
 804541
 804535
 804315
 804217
 804193
 804146
 803951
 803773
 803743
 803611
 803567
 803498
 803299
 803184
 803108
 802907
 802888
 802877
 802758
 802705
 802704
 802595
 802367
 802279
 802199
 802155
 801785
 801669
 801503
 801142
 801100
 801005
 800959
 800772
 800702
 800689
 800528
 800524
 800485
 800479
 800450
 800438
 800305
 800254
 800195
 800145
 799999
 799818
 799472
 799379
 799352
 799307
 799276
 799194
 799062
 798989
 798983
 798879
 798856
 798817
 798768
 798731
 798471
 798376
 798371
 798307
 798158
 798135
 798046
 798044
 798011
 797956
 797880
 797838
 797786
 797752
 797576
 797486
 797481
 797418
 797409
 797401
 797328
 797148
 797147
 797027
 797020
 796921
 796765
 796693
 796677
 796583
 796346
 796185
 796148
 795823
 795728
 795620
 795570
 795459
 795397
 795396
 795384
 795371
 795314
 795213
 795180
 795173
 795055
 794888
 794885
 794708
 794681
 794626
 794485
 794466
 794449
 794369
 794294
 794280
 794205
 794196
 794105
 794077
 794060
 793987
 793766
 793731
 793650
 793628
 793549
 793317
 793245
 793220
 793006
 792915
 792805
 792452
 792240
 792225
 792143
 792132
 792099
 792019
 791911
 791406
 791136
 791001
 790918
 790838
 790784
 790769
 790589
 790527
 790419
 790408
 790335
 790265
 790123
 790013
 789958
 789954
 789941
 789900
 789898
 789791
 789790
 789668
 789550
 789390
 789342
 789340
 789200
 789190
 789079
 788819
 788815
 788618
 788589
 788443
 788300
 788157
 788108
 788091
 788083
 788032
 787937
 787927
 787744
 787674
 787653
 787642
 787623
 787390
 787386
 787234
 787213
 787014
 786921
 786620
 786550
 786531
 786528
 786475
 786258
 786194
 786192
 786170
 785870
 785744
 785714
 785621
 785586
 785542
 785318
 785273
 785075
 785060
 785050
 784971
 784970
 784891
 784833
 784698
 784615
 784305
 784224
 784069
 784021
 783444
 783167
 783132
 783054
 782941
 782898
 782716
 782682
 782451
 782316
 782274
 782270
 782204
 782197
 782175
 782124
 782067
 781779
 781530
 781272
 781181
 781152
 781150
 781055
 781002
 780995
 780886
 780605
 780567
 780495
 780457
 780396
 780389
 780376
 780272
 780269
 780214
 779956
 779943
 779892
 779879
 779758
 779557
 779514
 779478
 779375
 779320
 779133
 779092
 779059
 778967
 778916
 778883
 778674
 778608
 778498
 778322
 778252
 778130
 777494
 777468
 777436
 777403
 777220
 777213
 777122
 777080
 776854
 776793
 776734
 776540
 776512
 776307
 776119
 775999
 775975
 775959
 775958
 775885
 775821
 775725
 775636
 775483
 775206
 774912
 774910
 774883
 774468
 774410
 774283
 774155
 774078
 773940
 773690
 773634
 773590
 773480
 773472
 773190
 773145
 773130
 773080
 773006
 772978
 772889
 772433
 772413
 772333
 772135
 771889
 771785
 771776
 771712
 771689
 771477
 771459
 771268
 771243
 771225
 770943
 770909
 770882
 770770
 770455
 770343
 770319
 770288
 770229
 770220
 770090
 770058
 770037
 769912
 769905
 769769
 769601
 769550
 769394
 769289
 769136
 769017
 768955
 768921
 768800
 768576
 768569
 768537
 768480
 768400
 768367
 768361
 768307
 768286
 768276
 767914
 767899
 767756
 767722
 767666
 767541
 767485
 767361
 767122
 767097
 766954
 766932
 766891
 766852
 766803
 766703
 766650
 766635
 766566
 766437
 766423
 766272
 766193
 766192
 766037
 765876
 765647
 765422
 765386
 765363
 765350
 765263
 765249
 765142
 764813
 764705
 764624
 764529
 764490
 764454
 764404
 764260
 763848
 763838
 763555
 763365
 763321
 763240
 763223
 763131
 763119
 763037
 763005
 762986
 762981
 762942
 762925
 762890
 762832
 762746
 762632
 762428
 762392
 762211
 762081
 762042
 761904
 761506
 761433
 761194
 760797
 760760
 760680
 760649
 760417
 760128
 760076
 759851
 759509
 759493
 759340
 759263
 759157
 759131
 759100
 758695
 758627
 758620
 758599
 758326
 758304
 758241
 758185
 758149
 758061
 757962
 757855
 757751
 757556
 757518
 757384
 757310
 757269
 757231
 757169
 757019
 756976
 756866
 756822
 756634
 756612
 756440
 756239
 756039
 755960
 755959
 755760
 755755
 755615
 755583
 755563
 755562
 755474
 755408
 755315
 755063
 754983
 754863
 754847
 754746
 754250
 754212
 754179
 754167
 754087
 753834
 753539
 753523
 753404
 753354
 753342
 753315
 753277
 753248
 753198
 752994
 752747
 752684
 752679
 752591
 752556
 752347
 752343
 752283
 752223
 752161
 752132
 752066
 752041
 752034
 751928
 751875
 751683
 751625
 751537
 751434
 751393
 751354
 751000
 750926
 750798
 750677
 750470
 750442
 750396
 750388
 750368
 750063
 750000
 749967
 749964
 749915
 749892
 749865
 749673
 749668
 749383
 749354
 749073
 748989
 748894
 748837
 748748
 748721
 748595
 748577
 748449
 748427
 748394
 748241
 748135
 748009
 748006
 747967
 747943
 747800
 747788
 747726
 747685
 747663
 747564
 747507
 747320
 747118
 747095
 746836
 746715
 746510
 746407
 746308
 746301
 746011
 745834
 745777
 745743
 745676
 745644
 745552
 745510
 745409
 745123
 744976
 744924
 744740
 744738
 744229
 743811
 743685
 743640
 743600
 743367
 743348
 743010
 742992
 742599
 742592
 742532
 742522
 742372
 742286
 742209
 742167
 742125
 742073
 742054
 742016
 741961
 741900
 741747
 741654
 741591
 741389
 741151
 741098
 741088
 740986
 740981
 740957
 740839
 740838
 740652
 740341
 740254
 739951
 739927
 739858
 739855
 739783
 739766
 739700
 739682
 739477
 739374
 739172
 739077
 739065
 738951
 738721
 738700
 738671
 738456
 738419
 738198
 737973
 737816
 737784
 737730
 737445
 737418
 737391
 737335
 737252
 737182
 737160
 736885
 736842
 736651
 736607
 736517
 736371
 736217
 736211
 736013
 735934
 735849
 735786
 735246
 735165
 735117
 735085
 735068
 734962
 734939
 734726
 734671
 734586
 734359
 734286
 734251
 734242
 734167
 734072
 733538
 733415
 733404
 733333
 733314
 733300
 733245
 733233
 733011
 732976
 732839
 732747
 732707
 732689
 732687
 732613
 732599
 732496
 732443
 732345
 732289
 732041
 732031
 731927
 731919
 731892
 731793
 731746
 731707
 731688
 731676
 731656
 731544
 731530
 731507
 731314
 731178
 730968
 730911
 730886
 730870
 730858
 730821
 730808
 730753
 730661
 730656
 730649
 730569
 730493
 730427
 730407
 730362
 730312
 730046
 729848
 729658
 729559
 729467
 729466
 729387
 729254
 729156
 729097
 729088
 729062
 729055
 729006
 728950
 728927
 728824
 728746
 728567
 728420
 728343
 728306
 728272
 727980
 727651
 727520
 727374
 727301
 727272
 727255
 726821
 726742
 726695
 726618
 726530
 726525
 726475
 726218
 726159
 725931
 725742
 725733
 725468
 725158
 725082
 724969
 724677
 724597
 724581
 724485
 724439
 724242
 724118
 724111
 724099
 724049
 724019
 723956
 723906
 723830
 723809
 723747
 723637
 723610
 723587
 723540
 723483
 723457
 723366
 723193
 723114
 723105
 723081
 722876
 722774
 722720
 722665
 722541
 722283
 722200
 722180
 722053
 722038
 721937
 721925
 721848
 721575
 721529
 721513
 721447
 721321
 721243
 721039
 720797
 720776
 720670
 720615
 720614
 720461
 720420
 720267
 720075
 720040
 720000
 719893
 719789
 719640
 719607
 719565
 719511
 719510
 719432
 719362
 719317
 719290
 719154
 718925
 718864
 718750
 718506
 718453
 718354
 718327
 718320
 718290
 718270
 718198
 718063
 717976
 717916
 717713
 717707
 717665
 717553
 717464
 717371
 717171
 716875
 716859
 716680
 716384
 716306
 716216
 716214
 716213
 716129
 716105
 716056
 716046
 715976
 715904
 715861
 715842
 715777
 715646
 715517
 715489
 715393
 715226
 715186
 715131
 715107
 714940
 714907
 714708
 714615
 714574
 714465
 714181
 713968
 713799
 713687
 713490
 713430
 713401
 713037
 712913
 712885
 712787
 712737
 712702
 712654
 712583
 712538
 712398
 712347
 712289
 712288
 711838
 711711
 711616
 711612
 711536
 711510
 711232
 711038
 710989
 710952
 710945
 710896
 710888
 710796
 710551
 710389
 710378
 710365
 710362
 710337
 710124
 710041
 709865
 709835
 709666
 709575
 709573
 709548
 709426
 709334
 709236
 709147
 708661
 708527
 708494
 708302
 708104
 708066
 708059
 708058
 707980
 707920
 707832
 707418
 707080
 706971
 706864
 706740
 706509
 706467
 706434
 706390
 706206
 706160
 706142
 705838
 705828
 705780
 705763
 705636
 705526
 705521
 705512
 705289
 705091
 704918
 704880
 704806
 704779
 704739
 704728
 704291
 704226
 704077
 704059
 704056
 703818
 703813
 703603
 703061
 702959
 702908
 702682
 702652
 702631
 702567
 702490
 702349
 702085
 702002
 701937
 701872
 701737
 701544
 701378
 701264
 701222
 701123
 700769
 700472
 700410
 700074
 699786
 699626
 699558
 699436
 699435
 699386
 699302
 699278
 699033
 698966
 698932
 698926
 698919
 698870
 698803
 698739
 698691
 698635
 698579
 698507
 698365
 698348
 698226
 697993
 697884
 697865
 697847
 697661
 697549
 697478
 697241
 697167
 697165
 696978
 696969
 696957
 696918
 696827
 696802
 696548
 696526
 696519
 696347
 696331
 696283
 696181
 695652
 695508
 695454
 695443
 695355
 695302
 695259
 695197
 695052
 694888
 694790
 694668
 694641
 694596
 694473
 694271
 694266
 694246
 694137
 693821
 693773
 693699
 693655
 693432
 693431
 693197
 693021
 692887
 692662
 692600
 692495
 692487
 692483
 692441
 692431
 692390
 692377
 692307
 692232
 692177
 692060
 691916
 691903
 691871
 691637
 691602
 691377
 691252
 691127
 691060
 690964
 690933
 690595
 690459
 690429
 690288
 690272
 690261
 690215
 690170
 690134
 689901
 689865
 689843
 689827
 689655
 689642
 689612
 689486
 689422
 689146
 689002
 688991
 688969
 688933
 688917
 688865
 688862
 688502
 688500
 688468
 688335
 688309
 688050
 688042
 687868
 687443
 687416
 687332
 687152
 687066
 686950
 686880
 686717
 686642
 686477
 686456
 686440
 686417
 686027
 685972
 685964
 685939
 685844
 685787
 685604
 685569
 685444
 685272
 685204
 685201
 685152
 685096
 684981
 684980
 684865
 684743
 684648
 684570
 684478
 684298
 684290
 684210
 684086
 683900
 683795
 683736
 683693
 683507
 683480
 683246
 683104
 683099
 683086
 682926
 682911
 682660
 682617
 682568
 682547
 682262
 682249
 682217
 682137
 682078
 681769
 681749
 681648
 681504
 681467
 681312
 681307
 681289
 681247
 681105
 680975
 680958
 680854
 680846
 680779
 680777
 680697
 680658
 680656
 680528
 680319
 680272
 680042
 679958
 679833
 679803
 679653
 679616
 679582
 679581
 679226
 679040
 678518
 678471
 678313
 677981
 677873
 677845
 677754
 677735
 677590
 677517
 677448
 677394
 677115
 677031
 676915
 676823
 676773
 676722
 676395
 676389
 676277
 676115
 676052
 675728
 675495
 675461
 675387
 675140
 675111
 675063
 675032
 674900
 674899
 674739
 674676
 674649
 674601
 674440
 674394
 674389
 674212
 674190
 674164
 674059
 674001
 673957
 673911
 673800
 673748
 673747
 673590
 673507
 673494
 673447
 673389
 673269
 673172
 673147
 672947
 672923
 672882
 672794
 672772
 672703
 672499
 672485
 672442
 672441
 672434
 672272
 672226
 672147
 672114
 672053
 672040
 671773
 671653
 671577
 671431
 671388
 671295
 671192
 671150
 671109
 671105
 670978
 670951
 670916
 670836
 670765
 670629
 670204
 670021
 669958
 669802
 669671
 669627
 669488
 669346
 669243
 669126
 668972
 668902
 668874
 668748
 668629
 668544
 668522
 668302
 668222
 668100
 668058
 668010
 667799
 667752
 667651
 667458
 667420
 667419
 667290
 667289
 667187
 667091
 666996
 666934
 666858
 666841
 666801
 666756
 666666
 666353
 666311
 666244
 666233
 666221
 666214
 666206
 666196
 666187
 666114
 666107
 666074
 666048
 665945
 665911
 665511
 665432
 665372
 665332
 665021
 664982
 664851
 664835
 664806
 664678
 664612
 664488
 664435
 664078
 663871
 663744
 663727
 663695
 663605
 663576
 663575
 663544
 663417
 663408
 663300
 662853
 662733
 662567
 662531
 662337
 662285
 662208
 662205
 662116
 662093
 662061
 661899
 661677
 661630
 661620
 661538
 661477
 661200
 661181
 661174
 661135
 661131
 661078
 661043
 660794
 660715
 660563
 660390
 659978
 659939
 659717
 659532
 659485
 659364
 659313
 659285
 658942
 658902
 658857
 658807
 658730
 658680
 658441
 658348
 658298
 658265
 657966
 657921
 657892
 657695
 657332
 657037
 656909
 656719
 656691
 656573
 656570
 656471
 656468
 656456
 656223
 656220
 655989
 655896
 655687
 655527
 655441
 655399
 655319
 655317
 655303
 655260
 655206
 655180
 655137
 655124
 655119
 655028
 655025
 654891
 654857
 654812
 654763
 654629
 654545
 654537
 654483
 654353
 654349
 654289
 654184
 654160
 654150
 654066
 654008
 653317
 653231
 653118
 652720
 652710
 652689
 652611
 652504
 652480
 652241
 652053
 651987
 651982
 651962
 651815
 651721
 651642
 651572
 651255
 651201
 651151
 650745
 650717
 650367
 650290
 650268
 650112
 650071
 650046
 649986
 649916
 649772
 649349
 649292
 649220
 649158
 648888
 648854
 648660
 648497
 648449
 648408
 648328
 648304
 648261
 648248
 647869
 647711
 647463
 647437
 647424
 647411
 647403
 647382
 647371
 647211
 647123
 647058
 646858
 646833
 646774
 646679
 646662
 646618
 646528
 646380
 646325
 646164
 646004
 645917
 645770
 645725
 645487
 645426
 645161
 645115
 645111
 644943
 644860
 644820
 644794
 644448
 644247
 644218
 644146
 644067
 644003
 643931
 643820
 643777
 643619
 643333
 643172
 643118
 642923
 642916
 642675
 642606
 642605
 642535
 642411
 642336
 642220
 642176
 642087
 642019
 641758
 641729
 641641
 641589
 641520
 641214
 641194
 641118
 641063
 641057
 641044
 641011
 640931
 640930
 640540
 640518
 640225
 640042
 639986
 639763
 639650
 639515
 639371
 639344
 639323
 639239
 639034
 638755
 638754
 638566
 638549
 638493
 638416
 638353
 638297
 638261
 637992
 637517
 637461
 637369
 637275
 637040
 636592
 636588
 636505
 636471
 636363
 636165
 636002
 635992
 635939
 635780
 635647
 635638
 635479
 635369
 635146
 635145
 634952
 634942
 634902
 634830
 634593
 634390
 634286
 634148
 633783
 633644
 633462
 633440
 633389
 633308
 633232
 633162
 633144
 632948
 632809
 632656
 632650
 632191
 632124
 632088
 632038
 632027
 631984
 631950
 631847
 631731
 631708
 631676
 631616
 631613
 631578
 631523
 631516
 631451
 631375
 631166
 631035
 631033
 630921
 630731
 630721
 630554
 630495
 630476
 630422
 630257
 630136
 629866
 629734
 629641
 629616
 629610
 629593
 629470
 629415
 629298
 629261
 629213
 629200
 629072
 628927
 628894
 628880
 628878
 628818
 628771
 628605
 628468
 628461
 627912
 627817
 627775
 627561
 627337
 627305
 627196
 627039
 626551
 626534
 626450
 626349
 626335
 626109
 626034
 625953
 625948
 625743
 625687
 625663
 625631
 625106
 625000
 624904
 624869
 624595
 624575
 624521
 624345
 624161
 624156
 623978
 623795
 623750
 623685
 623652
 623386
 623369
 623330
 623258
 623206
 622999
 622965
 622830
 622801
 622663
 622662
 622468
 622373
 622331
 622042
 622015
 621963
 621749
 621713
 621697
 621677
 621603
 621584
 621518
 621399
 621251
 621167
 620968
 620868
 620801
 620780
 620597
 620538
 620352
 620302
 620300
 620169
 619686
 619499
 619293
 619231
 619207
 619184
 619135
 619090
 619074
 619033
 618982
 618802
 618707
 618586
 618516
 618342
 618213
 618039
 617954
 617948
 617925
 617799
 617780
 617739
 617667
 617642
 617439
 617423
 617414
 617365
 617301
 617236
 617211
 617142
 617083
 617071
 616917
 616821
 616438
 616294
 616293
 616284
 616226
 616218
 616174
 616161
 616127
 616105
 616027
 615916
 615730
 615708
 615699
 615580
 615544
 615424
 615384
 615218
 615183
 615173
 615122
 615053
 615033
 614896
 614825
 614787
 614781
 614763
 614716
 614659
 614644
 614380
 614303
 614198
 614152
 614016
 613942
 613823
 613666
 613569
 613496
 613424
 613356
 613328
 613246
 613227
 613198
 613022
 612834
 612740
 612738
 612589
 612568
 612516
 612440
 612411
 612393
 612328
 612311
 612271
 612197
 612145
 611956
 611916
 611579
 611530
 611344
 611132
 610907
 610709
 610678
 610645
 610515
 610461
 610389
 610200
 610010
 609983
 609908
 609880
 609756
 609688
 609581
 609513
 609357
 609313
 608851
 608677
 608640
 608543
 608531
 608384
 608382
 608355
 608348
 608160
 608017
 607762
 607757
 607433
 607325
 607310
 607224
 607195
 607153
 606993
 606811
 606795
 606791
 606752
 606657
 606580
 606517
 606447
 606394
 606371
 605725
 605699
 605633
 605527
 605135
 604969
 604940
 604854
 604681
 604644
 604615
 604395
 604250
 604197
 604051
 603963
 603856
 603776
 603744
 603610
 603386
 603339
 603209
 603198
 603168
 603146
 602899
 602736
 602612
 602611
 602591
 602284
 602279
 601879
 601864
 601769
 601712
 601644
 601597
 601304
 601251
 601139
 601016
 600858
 600750
 600505
 600491
 600129
 600000
 599881
 599872
 599820
 599719
 599586
 599440
 599368
 599344
 599322
 599312
 599198
 598928
 598917
 598777
 598753
 598747
 598725
 598721
 598698
 598646
 598633
 598615
 598565
 598540
 598477
 598410
 598372
 598214
 598165
 598118
 598077
 598055
 597977
 597910
 597886
 597845
 597770
 597626
 597444
 597420
 597402
 597349
 597269
 597215
 597208
 597202
 597150
 597083
 597014
 596942
 596928
 596828
 596713
 596692
 596463
 596421
 596397
 596344
 596221
 596151
 596075
 596041
 595905
 595886
 595817
 595805
 595566
 595476
 594950
 594944
 594601
 594571
 594568
 594303
 594261
 594127
 594074
 594029
 593861
 593525
 593466
 593350
 593310
 593268
 592531
 592461
 592403
 592358
 592171
 592080
 592061
 591988
 591728
 591301
 591275
 591059
 590805
 590762
 590742
 590575
 590480
 590339
 589909
 589871
 589848
 589585
 589353
 589225
 589106
 588969
 588956
 588758
 588387
 588235
 588169
 588061
 587969
 587816
 587738
 587701
 587660
 587506
 587381
 587257
 587181
 587130
 587005
 586944
 586926
 586915
 586819
 586586
 586442
 586384
 586241
 586206
 586172
 586156
 586064
 585966
 585714
 585698
 585495
 585492
 584683
 584327
 584042
 583999
 583903
 583892
 583732
 583715
 583302
 583300
 583180
 583163
 583006
 582909
 582875
 582848
 582844
 582709
 582515
 582513
 582454
 582434
 582417
 582252
 581992
 581988
 581982
 581914
 581832
 581784
 581724
 581602
 581506
 581449
 581346
 581294
 581201
 581136
 581132
 581084
 581059
 581021
 581012
 580908
 580863
 580742
 580652
 580597
 580529
 580448
 580285
 579962
 579881
 579857
 579829
 579791
 579731
 579694
 579678
 579608
 579579
 579306
 579298
 579263
 579237
 579210
 579200
 578534
 578449
 578398
 578343
 578274
 578176
 578149
 578038
 577965
 577961
 577912
 577858
 577849
 577698
 577544
 577532
 577319
 577314
 577284
 577222
 577154
 577121
 576885
 576835
 576731
 576695
 576566
 576246
 576243
 576235
 576125
 576092
 576036
 576019
 575854
 575841
 575662
 575631
 575563
 575335
 575289
 575266
 575139
 574837
 574812
 574639
 574529
 574247
 574158
 574030
 573839
 573772
 573446
 573406
 573393
 573172
 572998
 572980
 572938
 572811
 572785
 572761
 572758
 572709
 572520
 572455
 572373
 572201
 572192
 572165
 572061
 572035
 571833
 571678
 571608
 571509
 571428
 571354
 571141
 571127
 571078
 571068
 571047
 570953
 570946
 570877
 570810
 570797
 570766
 570634
 570552
 570308
 570280
 570224
 570191
 569932
 569921
 569913
 569827
 569747
 569612
 569555
 569191
 569045
 569009
 568960
 568874
 568710
 568686
 568439
 568391
 568144
 568063
 567797
 567761
 567653
 567340
 567010
 566852
 566691
 566571
 566546
 566326
 566255
 566136
 566080
 565526
 565487
 565459
 565401
 565399
 565387
 565384
 565337
 565146
 565127
 564732
 564668
 564543
 564449
 564388
 564224
 564216
 564213
 564152
 564111
 564087
 564041
 563991
 563951
 563903
 563813
 563692
 563653
 563512
 563500
 563390
 563318
 563194
 563145
 563102
 563045
 562676
 562659
 562411
 562219
 561861
 561820
 561807
 561771
 561716
 561656
 561506
 561288
 560975
 560928
 560903
 560852
 560715
 560706
 560693
 560683
 560659
 560183
 560066
 559930
 559897
 559841
 559663
 559467
 559359
 559302
 559266
 559191
 559104
 559051
 558958
 558771
 558747
 558611
 558518
 558473
 558188
 558106
 557848
 557719
 557680
 557606
 557568
 557552
 557480
 557468
 557222
 557029
 556835
 556521
 556459
 556394
 556335
 556248
 556221
 556152
 556124
 556095
 555885
 555791
 555712
 555640
 555555
 555538
 555186
 554877
 554818
 554538
 554502
 554486
 554469
 554458
 554246
 554232
 554169
 554088
 553998
 553474
 553235
 553041
 552667
 552527
 552449
 552434
 552380
 552353
 552317
 552223
 551907
 551839
 551665
 551647
 551553
 551475
 551319
 551274
 551236
 551210
 551118
 551057
 551013
 550961
 550605
 550475
 550458
 550372
 550363
 549974
 549943
 549887
 549839
 549668
 549639
 548940
 548922
 548874
 548694
 548639
 548483
 548472
 548387
 548328
 548270
 548118
 547976
 547835
 547786
 547717
 547619
 547609
 547550
 547403
 547268
 547085
 547011
 546946
 546897
 546857
 546608
 546328
 546263
 546238
 546186
 546059
 545933
 545926
 545877
 545835
 545830
 545664
 545634
 545533
 545454
 545438
 545219
 544918
 544743
 544701
 544663
 544615
 544586
 544527
 544231
 544102
 544062
 544050
 544014
 543956
 543899
 543859
 543787
 543708
 543569
 543516
 543483
 543234
 543201
 543179
 543039
 542894
 542857
 542600
 542527
 542496
 542372
 542280
 542196
 542175
 542129
 542081
 542055
 542048
 541909
 541658
 541608
 541599
 541493
 541327
 541237
 541181
 541120
 541055
 540894
 540891
 540857
 540752
 540669
 540596
 540540
 540424
 540333
 540306
 540253
 540196
 540110
 539776
 539356
 539188
 538935
 538855
 538830
 538771
 538638
 538613
 538577
 538412
 538315
 538306
 538226
 538075
 538071
 538058
 537915
 537913
 537829
 537599
 537446
 537406
 537183
 537026
 536932
 536920
 536585
 536321
 536319
 536159
 535937
 535906
 535804
 535770
 535724
 535637
 535621
 535457
 535348
 535031
 534976
 534940
 534921
 534883
 534721
 534513
 534351
 534338
 534244
 534161
 533988
 533410
 533403
 533333
 533275
 533247
 533246
 533227
 533117
 533042
 532963
 532947
 532854
 532780
 532710
 532650
 532606
 532544
 532194
 532077
 532066
 532004
 531914
 531850
 531809
 531742
 531708
 531645
 531640
 531544
 531535
 531497
 531425
 531287
 531245
 531199
 531187
 531052
 530978
 530810
 530706
 530665
 530592
 530586
 530450
 530283
 530249
 529983
 529852
 529841
 529824
 529714
 529604
 529592
 529573
 529550
 529492
 529411
 529338
 529251
 529041
 529032
 528890
 528803
 528722
 528568
 528457
 528412
 528381
 528349
 528345
 528308
 528290
 528162
 528069
 528039
 528010
 527845
 527777
 527552
 527544
 527446
 527426
 527363
 527099
 527091
 527023
 526999
 526954
 526932
 526813
 526794
 526690
 526385
 526279
 525892
 525881
 525678
 525471
 525418
 525373
 525131
 525089
 524980
 524961
 524932
 524289
 524072
 524049
 523987
 523949
 523857
 523708
 523682
 523594
 523232
 523026
 522917
 522815
 522717
 522646
 522458
 522421
 522412
 522307
 522279
 522267
 522209
 522184
 522113
 521794
 521755
 521409
 521307
 521183
 521172
 521150
 521006
 520996
 520951
 520742
 520710
 520509
 520311
 520231
 520177
 520057
 520020
 520011
 519912
 519674
 519240
 519228
 518952
 518854
 518791
 518765
 518716
 518692
 518671
 518644
 518609
 518492
 518086
 518062
 518060
 517915
 517857
 517802
 517711
 517623
 517457
 517424
 517293
 517269
 517162
 517104
 517073
 516778
 516714
 516463
 516393
 516347
 516243
 516213
 516144
 516126
 516079
 516043
 516010
 515868
 515695
 515674
 515661
 515485
 515239
 515124
 514976
 514908
 514834
 514741
 514617
 514605
 514354
 514285
 514206
 514111
 514094
 513785
 513589
 513573
 513513
 513492
 513471
 513201
 513119
 512854
 512596
 512593
 512219
 512196
 512148
 512056
 512027
 512005
 511983
 511978
 511745
 511730
 511679
 511585
 511542
 511516
 511300
 511268
 511126
 510983
 510839
 510795
 510716
 510695
 510615
 510603
 510576
 510506
 510437
 510042
 509997
 509930
 509637
 509580
 509543
 509433
 509224
 509124
 509029
 508734
 508612
 508592
 508410
 508337
 508300
 508179
 508159
 508149
 507989
 507987
 507937
 507934
 507870
 507853
 507831
 507819
 507651
 507411
 507322
 507297
 507288
 507191
 507168
 507047
 507039
 506903
 506833
 506744
 506654
 506313
 506086
 506024
 505891
 505801
 505747
 505692
 505671
 505084
 504731
 504573
 504478
 504422
 504418
 504407
 504351
 504347
 504221
 504205
 504066
 503896
 503837
 503830
 503710
 503525
 503514
 503415
 503267
 503242
 503239
 503162
 503028
 502982
 502808
 502741
 502732
 502673
 502664
 502587
 502555
 502496
 502351
 502319
 502259
 502062
 502040
 501963
 501520
 501487
 501194
 501060
 501004
 500969
 500961
 500753
 500707
 500611
 500538
 500504
 500489
 500466
 500408
 500298
 500189
 500161
 500124
 500000
 499891
 499602
 499274
 499262
 499175
 499107
 499103
 499011
 498793
 498719
 498640
 498525
 498489
 498483
 498465
 498459
 498424
 497927
 497589
 497554
 497536
 497363
 497322
 497281
 496979
 496958
 496859
 496815
 496794
 496785
 496526
 496194
 496177
 496159
 496104
 495979
 495834
 495809
 495621
 495556
 495548
 495517
 495397
 495327
 495321
 495214
 494985
 494831
 494547
 494520
 494216
 494136
 494095
 494076
 494015
 493985
 493678
 493651
 493567
 493499
 493476
 493295
 493280
 493122
 493036
 492998
 492767
 492641
 492570
 492537
 492312
 492282
 492164
 492123
 492102
 492084
 492063
 491960
 491831
 491574
 491495
 491466
 491387
 491100
 491017
 490877
 490692
 490594
 490509
 490478
 490163
 489971
 489696
 489540
 489520
 489063
 489032
 488975
 488922
 488801
 488778
 488545
 488447
 488284
 488243
 488090
 487876
 487856
 487684
 487633
 487512
 487413
 487340
 487227
 487223
 487028
 486984
 486761
 486727
 486676
 486532
 486474
 486460
 486369
 486091
 486053
 485848
 485779
 485744
 485436
 484848
 484841
 484685
 484428
 484378
 484107
 483889
 483821
 483763
 483667
 483646
 483558
 483478
 483414
 483368
 483333
 483302
 483256
 483177
 483175
 483085
 482974
 482555
 482551
 482543
 482530
 482390
 482352
 482190
 482059
 481797
 481786
 481765
 481743
 481559
 481517
 481408
 481197
 480998
 480698
 480538
 480455
 480418
 480304
 480274
 480246
 480234
 480152
 480075
 480025
 480000
 479992
 479903
 479737
 479700
 479646
 479635
 479445
 479101
 479086
 479022
 479012
 478870
 478841
 478783
 478747
 478650
 478643
 478497
 478443
 478391
 478364
 478316
 478194
 478150
 478052
 477896
 477690
 477682
 477633
 477537
 477451
 477436
 477372
 477337
 477256
 477251
 477207
 477099
 477011
 476950
 476611
 476577
 476383
 476380
 476347
 476322
 476190
 476110
 476023
 475688
 475591
 475561
 475366
 475319
 475223
 475161
 475150
 475115
 474963
 474917
 474780
 474677
 474485
 474296
 474264
 474152
 474016
 473923
 473914
 473868
 473849
 473847
 473543
 473479
 473251
 473248
 472990
 472956
 472451
 472239
 472228
 472222
 472220
 472180
 472140
 471910
 471795
 471581
 471559
 471551
 471531
 471452
 471312
 471296
 471269
 471217
 471189
 471033
 470941
 470889
 470793
 470502
 470436
 470292
 470212
 470165
 470026
 469974
 469953
 469849
 469832
 469785
 469704
 469683
 469591
 469517
 469423
 469412
 469396
 469283
 469049
 468806
 468788
 468776
 468643
 468619
 468554
 468535
 468361
 468041
 467770
 467716
 467654
 467615
 467461
 467211
 466948
 466880
 466783
 466777
 466666
 466252
 466091
 465480
 465387
 465370
 465336
 465312
 465308
 465290
 465219
 465014
 464818
 464756
 464681
 464566
 464564
 464533
 464469
 464450
 464373
 464257
 464168
 464131
 464065
 463980
 463929
 463756
 463651
 463499
 463374
 463325
 463263
 463245
 463200
 463092
 462861
 462686
 462520
 462446
 462427
 462414
 462290
 462197
 462070
 462033
 461635
 461553
 461535
 461468
 461127
 461057
 460562
 460526
 460423
 460274
 460230
 460191
 460176
 460025
 459926
 459907
 459889
 459789
 459763
 459661
 459634
 459434
 459400
 459397
 459178
 458954
 458952
 458882
 458678
 458478
 458451
 458283
 458214
 458127
 458064
 458011
 457895
 457588
 457587
 457545
 457532
 457525
 457459
 457300
 457264
 457260
 456906
 456869
 456665
 456637
 456505
 456490
 456466
 456310
 456196
 455870
 455723
 455707
 455664
 455368
 455293
 455274
 455187
 455009
 454976
 454956
 454945
 454845
 454835
 454756
 454665
 454639
 454306
 454238
 454112
 454061
 454038
 453987
 453923
 453769
 453661
 453551
 453548
 453476
 453436
 453271
 453248
 453113
 453070
 453012
 453002
 452965
 452830
 452609
 452405
 452105
 452032
 451882
 451865
 451811
 451612
 451519
 451445
 451238
 450856
 450778
 450717
 450695
 450601
 450556
 450301
 449950
 449922
 449911
 449865
 449846
 449786
 449702
 449683
 449643
 449512
 449505
 449402
 449254
 449172
 449109
 448914
 448847
 448651
 448386
 448275
 448176
 448174
 447596
 447353
 447207
 446890
 446787
 446753
 446708
 446650
 446611
 446488
 446434
 446155
 446064
 446047
 445789
 445669
 445586
 445580
 445344
 445255
 445161
 445071
 445065
 444983
 444933
 444731
 444444
 444418
 444182
 443983
 443688
 443467
 443449
 443298
 443175
 443011
 442838
 442806
 442804
 442632
 442529
 441995
 441920
 441853
 441685
 441620
 441342
 441308
 441298
 441290
 441220
 441171
 440894
 440879
 440849
 440818
 440807
 440655
 440612
 440554
 440530
 440514
 440382
 439912
 439858
 439839
 439703
 439551
 439471
 439453
 438924
 438563
 438524
 438354
 438057
 437930
 437810
 437772
 437164
 437124
 437084
 437053
 437044
 436906
 436831
 436790
 436710
 436673
 436297
 436271
 436257
 436187
 436181
 436131
 436086
 436024
 435902
 435873
 435862
 435754
 435621
 435357
 435147
 435122
 435042
 434983
 434920
 434899
 434717
 434694
 434638
 434297
 434281
 434141
 434130
 433797
 433552
 433423
 433409
 433324
 433153
 433107
 432695
 432692
 432634
 432633
 432545
 432466
 432325
 432313
 432029
 431976
 431811
 431721
 431578
 431555
 431443
 431376
 431349
 431339
 431203
 431061
 430907
 430865
 430832
 430622
 430419
 430146
 429916
 429787
 429613
 429380
 429323
 429319
 429302
 429192
 429166
 429143
 429097
 429047
 428912
 428702
 428571
 428500
 428416
 428365
 428335
 428193
 428179
 428166
 427857
 427769
 427737
 427722
 427688
 427656
 427634
 427546
 427509
 427296
 427168
 427161
 426735
 426580
 426442
 426416
 426394
 426376
 426340
 426314
 426225
 426206
 426202
 426183
 426111
 425970
 425948
 425809
 425688
 425639
 425586
 425531
 425467
 425392
 425369
 425210
 425119
 425102
 425079
 424787
 424408
 424314
 424264
 424165
 423868
 423752
 423742
 423672
 423649
 423460
 423458
 423242
 423203
 423100
 423064
 422996
 422960
 422909
 422896
 422736
 422724
 422629
 422394
 422254
 422116
 422013
 421843
 421755
 421528
 421521
 421513
 421376
 421354
 421350
 421340
 421268
 420969
 420752
 420636
 420564
 420420
 420376
 420352
 420176
 420118
 420105
 420061
 419998
 419825
 419808
 419725
 419595
 419525
 419483
 419430
 419406
 419123
 418897
 418738
 418688
 418663
 418658
 418649
 418637
 418446
 418368
 418363
 418309
 418286
 418181
 417825
 417769
 417762
 417737
 417721
 417694
 417568
 417473
 417436
 417413
 417336
 417320
 417240
 417229
 417134
 417094
 417071
 416942
 416937
 416758
 416740
 416531
 416403
 416280
 416187
 416132
 415911
 415855
 415687
 415662
 415584
 415417
 415339
 415280
 415189
 415065
 415053
 414982
 414882
 414744
 414722
 414676
 414576
 414566
 414472
 414466
 414447
 414430
 414376
 414205
 413756
 413748
 413491
 413424
 413342
 413339
 413295
 413066
 412976
 412935
 412901
 412804
 412624
 412526
 412394
 412289
 412198
 412120
 411966
 411956
 411876
 411863
 411711
 411688
 411676
 411649
 411648
 411614
 411609
 411520
 411500
 411302
 411244
 411187
 410777
 410730
 410662
 410643
 410546
 410545
 410535
 410478
 410431
 410402
 410297
 410287
 410256
 410012
 409961
 409815
 409803
 409753
 409625
 409594
 409573
 409429
 409394
 409178
 408974
 408964
 408902
 408825
 408812
 408569
 408396
 408320
 408237
 408148
 408117
 408000
 407918
 407813
 407754
 407709
 407546
 407459
 407421
 407301
 407226
 407161
 406909
 406818
 406806
 406764
 406714
 406639
 406627
 406607
 406600
 406547
 406519
 406320
 406252
 405959
 405820
 405644
 405637
 405546
 405240
 405235
 405144
 404956
 404828
 404785
 404733
 404727
 404619
 404472
 404339
 404131
 403741
 403511
 403445
 403415
 403354
 403283
 403241
 403219
 403104
 403096
 402932
 402502
 402501
 402499
 402472
 402458
 402390
 402306
 402236
 402083
 401980
 401923
 401877
 401864
 401778
 401718
 401574
 401564
 401175
 401168
 401070
 400841
 400711
 400647
 400588
 400471
 400141
 400043
 400031
 400000
 399999
 399914
 399853
 399835
 399796
 399739
 399627
 399543
 399414
 399295
 399195
 398920
 398883
 398296
 398217
 398144
 398114
 398110
 398028
 397915
 397839
 397568
 397476
 397269
 397260
 396928
 396870
 396801
 396734
 396712
 396667
 396500
 396484
 396396
 396321
 396307
 396282
 396245
 396065
 396051
 396036
 395966
 395871
 395618
 395607
 395404
 395375
 395301
 395007
 394985
 394735
 394681
 394610
 394409
 394391
 394349
 394306
 394256
 394146
 394121
 394115
 393808
 393636
 393634
 393629
 393177
 392895
 392794
 392773
 392744
 392708
 392609
 392281
 392209
 392124
 392097
 392089
 392068
 392035
 391966
 391930
 391763
 391553
 391520
 391491
 391461
 391435
 391404
 391277
 391258
 391171
 391120
 391074
 390901
 390890
 390885
 390753
 390709
 390611
 390440
 390327
 390298
 389968
 389803
 389610
 389591
 389385
 389374
 389265
 389149
 389110
 389053
 388964
 388915
 388905
 388895
 388816
 388711
 388671
 388654
 388609
 388581
 388407
 388371
 388353
 388323
 388246
 388105
 388034
 387832
 387809
 387775
 387678
 387649
 387606
 387590
 387116
 387115
 386998
 386944
 386889
 386820
 386703
 386385
 386363
 386239
 386216
 386102
 386031
 385975
 385907
 385898
 385888
 385508
 385461
 385454
 385424
 385275
 385270
 385016
 384850
 384746
 384729
 384648
 384630
 384311
 384296
 383955
 383800
 383779
 383768
 383629
 383567
 383486
 383317
 383314
 383267
 383214
 383095
 383036
 382920
 382861
 382787
 382731
 382653
 382585
 382322
 382302
 382275
 382265
 382206
 382198
 382180
 381889
 381768
 381409
 381379
 381378
 381266
 381259
 380999
 380983
 380522
 380520
 380411
 380369
 380244
 380157
 380025
 379895
 379832
 379797
 379455
 379328
 379296
 379257
 379182
 379153
 379142
 379076
 378918
 378881
 378789
 378678
 378647
 378548
 378521
 378485
 378407
 378368
 377983
 377860
 377759
 377625
 377462
 377425
 377416
 377091
 377049
 376879
 376875
 376846
 376758
 376616
 376361
 376006
 375987
 375881
 375854
 375838
 375526
 375033
 374992
 374708
 374582
 374285
 374234
 374157
 374155
 374106
 374087
 373903
 373829
 373710
 373691
 373626
 373601
 373593
 373350
 373333
 373306
 373265
 373143
 372819
 372812
 372744
 372564
 372560
 372239
 372228
 372187
 371976
 371885
 371808
 371764
 371717
 371633
 371615
 371489
 371340
 371249
 371235
 371224
 371179
 371147
 371063
 370997
 370626
 370419
 370196
 370051
 369863
 369854
 369747
 369604
 369490
 369484
 369344
 369310
 369295
 369208
 369192
 369164
 369146
 368962
 368755
 368748
 368491
 368336
 368268
 368208
 368072
 367972
 367797
 367780
 367759
 367609
 367566
 367517
 367489
 367349
 367240
 367236
 367211
 367154
 366965
 366914
 366816
 366788
 366754
 366723
 366546
 366536
 366487
 366404
 366308
 366152
 365927
 365712
 365332
 365076
 365025
 364966
 364934
 364917
 364669
 364560
 364556
 364312
 364302
 364261
 364131
 363854
 363718
 363618
 363514
 363336
 363265
 363040
 362853
 362745
 362702
 362603
 362538
 362416
 362388
 361995
 361889
 361689
 361574
 361453
 361422
 361290
 361103
 361031
 361019
 360890
 360809
 360764
 360655
 360634
 360626
 360601
 360593
 360501
 360434
 360422
 360380
 360243
 360076
 360065
 360021
 359883
 359882
 359854
 359788
 359740
 359433
 359419
 359142
 358974
 358916
 358825
 358642
 358587
 358528
 358490
 358248
 358129
 358038
 358026
 357733
 357692
 357535
 357511
 357471
 357330
 357254
 357236
 356917
 356899
 356732
 356713
 356646
 356605
 356458
 356306
 356288
 355828
 355804
 355795
 355634
 355586
 355584
 355552
 355549
 355266
 355096
 354894
 354648
 354543
 354536
 354260
 354005
 353928
 353895
 353862
 353741
 353628
 353612
 353580
 353535
 353281
 353237
 353208
 353183
 353172
 352899
 352749
 352723
 352568
 352534
 352517
 352416
 352136
 352096
 351862
 351825
 351771
 351770
 351672
 351368
 351359
 351263
 351241
 351220
 351207
 351086
 350819
 350687
 350617
 350426
 350231
 350143
 350050
 350039
 350034
 349909
 349887
 349716
 349629
 349344
 349307
 349282
 349166
 349153
 349148
 349107
 348887
 348580
 348442
 348360
 348343
 348301
 348260
 348117
 347846
 347692
 347301
 347294
 347216
 347128
 347106
 347098
 347068
 346883
 346666
 346628
 346592
 346579
 346533
 346129
 346046
 345991
 345866
 345801
 345664
 345649
 345617
 345463
 345238
 345221
 344980
 344952
 344911
 344900
 344667
 344650
 344584
 344568
 344370
 344338
 344292
 344198
 344179
 344137
 344106
 343981
 343819
 343605
 343526
 343510
 343438
 343322
 343054
 342983
 342839
 342748
 342745
 342712
 342706
 342687
 342637
 342623
 342551
 342450
 342394
 342303
 342211
 342206
 341710
 341593
 341466
 341463
 341431
 341407
 341236
 341227
 341180
 341174
 341113
 341092
 340913
 340850
 340711
 340654
 340646
 340632
 340329
 340265
 340206
 340057
 339480
 339404
 339105
 339065
 339055
 339012
 338934
 338784
 338616
 338509
 338479
 338334
 338302
 338078
 337948
 337648
 337521
 337452
 337407
 337400
 337322
 337321
 337204
 336979
 336902
 336801
 336683
 336664
 336637
 336594
 336581
 336576
 336463
 336211
 336183
 336126
 335861
 335851
 335847
 335790
 335687
 335539
 335476
 335370
 335307
 335132
 335070
 334763
 334672
 334655
 334653
 334389
 334311
 334207
 334074
 334052
 334002
 333950
 333708
 333644
 333333
 333166
 333071
 333066
 332966
 332958
 332871
 332758
 332612
 332515
 332495
 332492
 332254
 332008
 331925
 331870
 331862
 331835
 331541
 331286
 330994
 330911
 330816
 330653
 330641
 330640
 330628
 330503
 330309
 329929
 329825
 329710
 329446
 329216
 328929
 328655
 328480
 328279
 328218
 328169
 328140
 328070
 328053
 327967
 327943
 327746
 327683
 327662
 327552
 327488
 327425
 327350
 327171
 327156
 327150
 326986
 326930
 326918
 326712
 326609
 326248
 326191
 325901
 325861
 325842
 325643
 325581
 325578
 325532
 325508
 325466
 325459
 325324
 325266
 325210
 325204
 325056
 325042
 324864
 324844
 324622
 324571
 324449
 324388
 324306
 324265
 323954
 323943
 323808
 323768
 323657
 323581
 323574
 323391
 323356
 323156
 322981
 322958
 322899
 322704
 322562
 322437
 322281
 322278
 322247
 322215
 322147
 321924
 321888
 321843
 321827
 321788
 321766
 321689
 321660
 321542
 321307
 321119
 321041
 320880
 320582
 320452
 320317
 320251
 320228
 320180
 319846
 319773
 319560
 319546
 319524
 319516
 319405
 319366
 319257
 319255
 319152
 319061
 318806
 318676
 318666
 318595
 318530
 318345
 318114
 318113
 318088
 318039
 318025
 317955
 317917
 317912
 317742
 317708
 317547
 317520
 317431
 317380
 317274
 317271
 317144
 317019
 316974
 316966
 316836
 316752
 316734
 316682
 316581
 316341
 316131
 315902
 315836
 315789
 315786
 315633
 315503
 315408
 315087
 315063
 315041
 315004
 314678
 314590
 314478
 314068
 313999
 313927
 313879
 313572
 313394
 313339
 313245
 312988
 312828
 312732
 312649
 312600
 312507
 312179
 312005
 311974
 311905
 311679
 311544
 311493
 311398
 311305
 311272
 311009
 310895
 310794
 310781
 310693
 310599
 310519
 310450
 310265
 310221
 310059
 309838
 309755
 309686
 309620
 309360
 309338
 309278
 309037
 308989
 308943
 308872
 308704
 308516
 308446
 308331
 308225
 308158
 308096
 308085
 308008
 307894
 307880
 307843
 307692
 307643
 307480
 307400
 307307
 307134
 307064
 307008
 306912
 306893
 306889
 306815
 306800
 306742
 306398
 305875
 305787
 305756
 305737
 305588
 305455
 305417
 305284
 305263
 305084
 305074
 305015
 305006
 304925
 304867
 304808
 304635
 304612
 304560
 304548
 304531
 304526
 304494
 304383
 304339
 304334
 304295
 304097
 304094
 304090
 304048
 304047
 303934
 303795
 303645
 303545
 303437
 303433
 303241
 303142
 302867
 302762
 302761
 302728
 302675
 302603
 302386
 302368
 302111
 302103
 302037
 301997
 301793
 301778
 301737
 301641
 301485
 301318
 301207
 301163
 301132
 301051
 301027
 300774
 300741
 300676
 300662
 300590
 300510
 300490
 300438
 300170
 300024
 299757
 299735
 299679
 299438
 299415
 299155
 299066
 299011
 298975
 298937
 298685
 298599
 298531
 298306
 298076
 298071
 298019
 297600
 297566
 297481
 297408
 297400
 297289
 297275
 297245
 297235
 297188
 297103
 297086
 297015
 296787
 296754
 296713
 296664
 296652
 296638
 296461
 296416
 296345
 296286
 296235
 295954
 295931
 295619
 295612
 295583
 295573
 295477
 295459
 295360
 295307
 295188
 295008
 294930
 294806
 294748
 294659
 294653
 294627
 294581
 294509
 294219
 294195
 294168
 294067
 293978
 293810
 293583
 293500
 293427
 293387
 293283
 293104
 293006
 292682
 292656
 292504
 292355
 292124
 291909
 291879
 291501
 291237
 291173
 291150
 291144
 291137
 290536
 290448
 290398
 290292
 290049
 289958
 289789
 289785
 289654
 289552
 289389
 289364
 289315
 289272
 289209
 289056
 289007
 288839
 288706
 288606
 288221
 288090
 288078
 287977
 287727
 287683
 287587
 287359
 287297
 287273
 287267
 287085
 287034
 286971
 286803
 286563
 286552
 286404
 286316
 286250
 286215
 286094
 285901
 285534
 285409
 285171
 285107
 285063
 284841
 284822
 284783
 284780
 284579
 284564
 284439
 284431
 284403
 284369
 284308
 284277
 284254
 284168
 284067
 283970
 283956
 283920
 283836
 283756
 283752
 283571
 283158
 283126
 283071
 283040
 282966
 282898
 282897
 282815
 282608
 282472
 282335
 282171
 282129
 281987
 281953
 281935
 281916
 281844
 281804
 281636
 281613
 281574
 281544
 281333
 281115
 281072
 280991
 280569
 280512
 280442
 280386
 280157
 280091
 279800
 279684
 279521
 279497
 279487
 279386
 279352
 279173
 279153
 279086
 278876
 278818
 278759
 278705
 278606
 278575
 278538
 278246
 278174
 278157
 278065
 278035
 277777
 277555
 277343
 277239
 277196
 277121
 277092
 276913
 276893
 276886
 276885
 276869
 276738
 276537
 276195
 276177
 276127
 276106
 275983
 275943
 275891
 275806
 275748
 275689
 275531
 275348
 275161
 275143
 275068
 275013
 274890
 274859
 274735
 274689
 274666
 274577
 274486
 274415
 274238
 274171
 274068
 273958
 273782
 273732
 273631
 273601
 273466
 273401
 273359
 273298
 273259
 273252
 273215
 273170
 273092
 272952
 272898
 272796
 272768
 272424
 272347
 272251
 272237
 272108
 271902
 271864
 271822
 271774
 271742
 271739
 271437
 271363
 271282
 271257
 271093
 271087
 270735
 270619
 270471
 270392
 270302
 270248
 270125
 270116
 270081
 270059
 269857
 269513
 269424
 269138
 269081
 269029
 268883
 268820
 268765
 268734
 268695
 268518
 268429
 268167
 268085
 268041
 267828
 267759
 267740
 267739
 267457
 267446
 267251
 267239
 267205
 267142
 267141
 266966
 266903
 266625
 266519
 266515
 266268
 266161
 265952
 265829
 265822
 265803
 265796
 265765
 265742
 265577
 265475
 265463
 265364
 265017
 264892
 264788
 264739
 264737
 264420
 264229
 264131
 264035
 263999
 263987
 263978
 263947
 263946
 263853
 263784
 263662
 263587
 263512
 263359
 263269
 263176
 263167
 263042
 263018
 263013
 262723
 262619
 262399
 262342
 262307
 262087
 262028
 261983
 261864
 261560
 261510
 261203
 261051
 260881
 260856
 260760
 260646
 260606
 260533
 260525
 260346
 260343
 260327
 260254
 260126
 260075
 259879
 259791
 259737
 259690
 259557
 259430
 259297
 259259
 259211
 259168
 259098
 259049
 258853
 258852
 258845
 258806
 258661
 258534
 258518
 258497
 258426
 258345
 258010
 258008
 257958
 257907
 257771
 257704
 257665
 257574
 257467
 257096
 257049
 257017
 256993
 256815
 256775
 256682
 256397
 256209
 256201
 256011
 255998
 255925
 255859
 255632
 255625
 255581
 255291
 255209
 254949
 254915
 254631
 254627
 254567
 254545
 254400
 254344
 254335
 254085
 253999
 253997
 253990
 253822
 253780
 253758
 253703
 253687
 253533
 253437
 253283
 253126
 253097
 252961
 252939
 252899
 252895
 252884
 252495
 252384
 252293
 252244
 252103
 251984
 251953
 251696
 251692
 251674
 251356
 251316
 251313
 251298
 251231
 251209
 250709
 250631
 250608
 250369
 250263
 250184
 250114
 250057
 250010
 250000
 249983
 249686
 249607
 249511
 249238
 249210
 249051
 248905
 248902
 248901
 248812
 248724
 248640
 248630
 248606
 248582
 248557
 248546
 248519
 248456
 248416
 248320
 248237
 248184
 248158
 247977
 247949
 247604
 247485
 247198
 247178
 247080
 247035
 246951
 246845
 246511
 246363
 246308
 246224
 246162
 246048
 246006
 245986
 245912
 245901
 245606
 245337
 245276
 245166
 245034
 244990
 244897
 244824
 244718
 244637
 244576
 244486
 244363
 244258
 244186
 244171
 244106
 244019
 243994
 243800
 243691
 243581
 243509
 243337
 243333
 243194
 242993
 242962
 242924
 242837
 242671
 242372
 242240
 242236
 242140
 241911
 241815
 241802
 241683
 241480
 241344
 240989
 240973
 240780
 240690
 240652
 240626
 240617
 240563
 240342
 240312
 240265
 240130
 239994
 239954
 239944
 239736
 239551
 239516
 239374
 239252
 239154
 239105
 239031
 239029
 238985
 238905
 238771
 238669
 238608
 238582
 238506
 238472
 238315
 238194
 238191
 238108
 238032
 238031
 238013
 237787
 237721
 237711
 237592
 237574
 237432
 237425
 237350
 237195
 236982
 236930
 236913
 236756
 236709
 236668
 235896
 235865
 235802
 235602
 235507
 235467
 235404
 235294
 235233
 235223
 234961
 234931
 234886
 234863
 234827
 234804
 234742
 234695
 234688
 234575
 234467
 234342
 234336
 233901
 233870
 233841
 233766
 233758
 233650
 233625
 233502
 233418
 233391
 233386
 233345
 233205
 233180
 233092
 232953
 232941
 232884
 232774
 232736
 232734
 232614
 232514
 232505
 232358
 232150
 231999
 231774
 231655
 231614
 231578
 231521
 231512
 231493
 231464
 231431
 231410
 231130
 231113
 231027
 230880
 230850
 230833
 230751
 230656
 230641
 230596
 230524
 230386
 230068
 230036
 230024
 229894
 229822
 229524
 229284
 229273
 229269
 229181
 229154
 228974
 228884
 228690
 228564
 228547
 228461
 228426
 228417
 228322
 228219
 228094
 228053
 227969
 227908
 227851
 227744
 227642
 227444
 227397
 227356
 227154
 226941
 226907
 226767
 226647
 226602
 226408
 226204
 226119
 226029
 225924
 225756
 225741
 225693
 225677
 225464
 225359
 225277
 225149
 225094
 225080
 225043
 224959
 224897
 224890
 224886
 224883
 224829
 224722
 224605
 224442
 224316
 224185
 224038
 223987
 223935
 223851
 223819
 223618
 223550
 223495
 223210
 222866
 222701
 222654
 222610
 222608
 222478
 222443
 222357
 222222
 222170
 222030
 221780
 221614
 221478
 221461
 221345
 221326
 221182
 221153
 221126
 220982
 220921
 220882
 220819
 220755
 220748
 220666
 220650
 220545
 220460
 220348
 220264
 220120
 220108
 220041
 220034
 219938
 219905
 219841
 219706
 219401
 219172
 219125
 219058
 218873
 218752
 218611
 218559
 218507
 218474
 218410
 218368
 218259
 218181
 218116
 218085
 218079
 218066
 217600
 217535
 217493
 217487
 217486
 217377
 217228
 217171
 217126
 217035
 217031
 217011
 216972
 216918
 216883
 216870
 216819
 216788
 216762
 216602
 216470
 216442
 216383
 216349
 216033
 215867
 215840
 215739
 215693
 215605
 215560
 215523
 215518
 215432
 215399
 215319
 215291
 215005
 214798
 214718
 214569
 214307
 214285
 214126
 214039
 213982
 213955
 213864
 213806
 213740
 213590
 213560
 213498
 213480
 213452
 213385
 213303
 213284
 213219
 213159
 212927
 212911
 212895
 212827
 212669
 212636
 212626
 212597
 212587
 212585
 212387
 212347
 212323
 212301
 212064
 212015
 211912
 211788
 211785
 211696
 211670
 211549
 211285
 211267
 211217
 211153
 211030
 210855
 210740
 210731
 210672
 210526
 210399
 210325
 210303
 210193
 210138
 210046
 210032
 210026
 209810
 209775
 209752
 209698
 209436
 209360
 208805
 208769
 208379
 208333
 208249
 208154
 208004
 207955
 207926
 207835
 207735
 207606
 207517
 207470
 207182
 207100
 206996
 206992
 206964
 206896
 206835
 206727
 206245
 206167
 206128
 206050
 205966
 205825
 205821
 205795
 205792
 205660
 205657
 205635
 205625
 205602
 205397
 205342
 205313
 205240
 204946
 204822
 204564
 204519
 204502
 204468
 204368
 204336
 204292
 204255
 204091
 203957
 203702
 203503
 203266
 203234
 203184
 202898
 202863
 202762
 202723
 202531
 202514
 202444
 202419
 202399
 202295
 202266
 202255
 202251
 202216
 202179
 202153
 202051
 201973
 201834
 201789
 201744
 201736
 201731
 201609
 201566
 201552
 201476
 201468
 201462
 201439
 201409
 201320
 201287
 201097
 201013
 200902
 200865
 200695
 200625
 200607
 200428
 200395
 200206
 200000
 199790
 199663
 199652
 199605
 199568
 199530
 199511
 199492
 199407
 199338
 199323
 199314
 199288
 199183
 199072
 198939
 198911
 198795
 198767
 198555
 198522
 198368
 198317
 197930
 197773
 197622
 197554
 197492
 197461
 197399
 197183
 196836
 196593
 196582
 196426
 196366
 196323
 196097
 196078
 196051
 195949
 195943
 195806
 195738
 195654
 195594
 195550
 195547
 195532
 195464
 195310
 194778
 194700
 194515
 194404
 194367
 194364
 194357
 194153
 194106
 194081
 193853
 193788
 193714
 193575
 193548
 193529
 193525
 193455
 193442
 193435
 193161
 193025
 193013
 192975
 192349
 191999
 191972
 191919
 191912
 191724
 191674
 191386
 191358
 191336
 191312
 191268
 191203
 191144
 191140
 191133
 191021
 190892
 190876
 190609
 190301
 190139
 190102
 190099
 190042
 189951
 189911
 189792
 189753
 189656
 189596
 189540
 189529
 189493
 189391
 189361
 189231
 189181
 189129
 188865
 188822
 188750
 188545
 188540
 188521
 188476
 188284
 188144
 187710
 187694
 187458
 187436
 187408
 187293
 187154
 187130
 186968
 186821
 186649
 186560
 186475
 186432
 186318
 186247
 185858
 185841
 185810
 185659
 185650
 185595
 185437
 185168
 184741
 184528
 184409
 184353
 184287
 184266
 183951
 183930
 183911
 183898
 183885
 183840
 183753
 183739
 183594
 183482
 183310
 183251
 183192
 183182
 183105
 183003
 182966
 182760
 182758
 182419
 182264
 182019
 181929
 181788
 181758
 181686
 181486
 181347
 181186
 180969
 180964
 180936
 180665
 180473
 180012
 179954
 179818
 179782
 179616
 179547
 179487
 179321
 179310
 179281
 179180
 179165
 179127
 179123
 179068
 178985
 178908
 178841
 178810
 178720
 178687
 178641
 178604
 178523
 178496
 178394
 178241
 178168
 178082
 177937
 177866
 177752
 177719
 177515
 177385
 177372
 177366
 177229
 177201
 177018
 176997
 176962
 176700
 176534
 176527
 176522
 176470
 176379
 176343
 176325
 176298
 176020
 175952
 175935
 175814
 175805
 175652
 175631
 175411
 175281
 175279
 175274
 175121
 175036
 174817
 174772
 174667
 174623
 174488
 174386
 174273
 174084
 174079
 174075
 174016
 173986
 173953
 173913
 173667
 173629
 173199
 173056
 172719
 172627
 172557
 172533
 172401
 172379
 172190
 172010
 171898
 171846
 171585
 171501
 171477
 171346
 171220
 170971
 170937
 170936
 170758
 170706
 170674
 170480
 170432
 170413
 170313
 170007
 169957
 169955
 169807
 169312
 169277
 169235
 169230
 169100
 169040
 168893
 168785
 168543
 168524
 168503
 167818
 167808
 167713
 167677
 167485
 167280
 166747
 166727
 166526
 166277
 166224
 166168
 166053
 165698
 165664
 165618
 165559
 165517
 165373
 165268
 165224
 165115
 165016
 165008
 164966
 164556
 164530
 164289
 164187
 164054
 163892
 163758
 163742
 163619
 163584
 163329
 162946
 162842
 162833
 162763
 162727
 162523
 162194
 162072
 161922
 161891
 161753
 161722
 161371
 161290
 161206
 161025
 160887
 160884
 160869
 160847
 160789
 160745
 160720
 160529
 160114
 159976
 159975
 159929
 159764
 159693
 159662
 159466
 159420
 159387
 159216
 159099
 159073
 158930
 158811
 158779
 158747
 158627
 158514
 158424
 158377
 158311
 158260
 158192
 158061
 158038
 157601
 157373
 157369
 157349
 157347
 157278
 157087
 157076
 156962
 156932
 156873
 156862
 156744
 156696
 156610
 156515
 156456
 156433
 156424
 156273
 156236
 156058
 156028
 155808
 155443
 155425
 155419
 155339
 155333
 155318
 155246
 155208
 155192
 155112
 154981
 154898
 154809
 154385
 154362
 154347
 154308
 154301
 153964
 153775
 153748
 153631
 153583
 153355
 153074
 153057
 152931
 152890
 152712
 152597
 152517
 152472
 152293
 152273
 152263
 152224
 152093
 152004
 151993
 151987
 151866
 151798
 151760
 151705
 151571
 151441
 151413
 151342
 151269
 151267
 150860
 150738
 150567
 150507
 150481
 150466
 150455
 150414
 150326
 150313
 150303
 150263
 149828
 149721
 149710
 149670
 149658
 149656
 149608
 149436
 149369
 149184
 149173
 149105
 149049
 148676
 148579
 148551
 148526
 148384
 148347
 148343
 148186
 148154
 148036
 147982
 147660
 147638
 147631
 147623
 147540
 147157
 146992
 146935
 146857
 146831
 146681
 146502
 146329
 146279
 146266
 146186
 146023
 145979
 145853
 145606
 145543
 145276
 145220
 145209
 145128
 145103
 145034
 144795
 144695
 144534
 144387
 144340
 144177
 143838
 143810
 143572
 143503
 143494
 143399
 143326
 143319
 143257
 143249
 143191
 142956
 142920
 142899
 142872
 142857
 142724
 142680
 142674
 142575
 142497
 142456
 142371
 142364
 142291
 142278
 142246
 142162
 142120
 141965
 141803
 141768
 141742
 141403
 141395
 141369
 141252
 140776
 140552
 140332
 140216
 139942
 139940
 139772
 139718
 139580
 139497
 139469
 139447
 139291
 139138
 139036
 138898
 138831
 138797
 138552
 138480
 137851
 137630
 137388
 137167
 137157
 137065
 136979
 136932
 136921
 136901
 136839
 136811
 136653
 136612
 136425
 136380
 136254
 136127
 136118
 136116
 136094
 135984
 135837
 135714
 135634
 135619
 135573
 135458
 135251
 135180
 135104
 134961
 134948
 134872
 134770
 134733
 134674
 134673
 134525
 134507
 134310
 134147
 134048
 133894
 133874
 133660
 133657
 133621
 133477
 133408
 133098
 133034
 132998
 132772
 132701
 132579
 132530
 132511
 132444
 132391
 132352
 132334
 132285
 132076
 131759
 131748
 131591
 131502
 131432
 131431
 131423
 131239
 131231
 131214
 131168
 131131
 131012
 130959
 130804
 130630
 130456
 130436
 130372
 130298
 129926
 129798
 129659
 129626
 129579
 129382
 128994
 128847
 128838
 128823
 128640
 128603
 128502
 128498
 128462
 128099
 127984
 127675
 127659
 127548
 127359
 127276
 127270
 127208
 127164
 127092
 127037
 127010
 126982
 126823
 126725
 126615
 126582
 126550
 126507
 126434
 126431
 126242
 126151
 126081
 125848
 125705
 125657
 125510
 125431
 125191
 125165
 125076
 125072
 125017
 124897
 124771
 124616
 124549
 124538
 124481
 124421
 124281
 124131
 123947
 123938
 123904
 123899
 123823
 123801
 123743
 123402
 123333
 123306
 123287
 123255
 123222
 123209
 123041
 122979
 122718
 122618
 122513
 122354
 122271
 122064
 122041
 122040
 121932
 121880
 121843
 121767
 121739
 121692
 121591
 121573
 121467
 121367
 121318
 121240
 121202
 120873
 120847
 120681
 120461
 120436
 120421
 120336
 120177
 120128
 120075
 119752
 119712
 119467
 119461
 119460
 119402
 119348
 119074
 119072
 119061
 119027
 118997
 118996
 118866
 118830
 118644
 118514
 118507
 118500
 118378
 118336
 118331
 118117
 118010
 117975
 117943
 117856
 117681
 117667
 117647
 117596
 117239
 117216
 117177
 117165
 117149
 117081
 117009
 116995
 116883
 116840
 116823
 116774
 116640
 116416
 116383
 116237
 116005
 116003
 115881
 115786
 115749
 115690
 115611
 115545
 115484
 115292
 115210
 115131
 114941
 114785
 114757
 114736
 114542
 114479
 114400
 114155
 113974
 113965
 113782
 113772
 113316
 113267
 112941
 112929
 112904
 112872
 112835
 112774
 112566
 112374
 112372
 112369
 112359
 112108
 111655
 111635
 111453
 111407
 111351
 111289
 111245
 111191
 111156
 111019
 110918
 110342
 110265
 110181
 110072
 109964
 109821
 109741
 109684
 109616
 109590
 109364
 109352
 109239
 109190
 108963
 108857
 108649
 108413
 108320
 108223
 108217
 108208
 108189
 108153
 108144
 108108
 108097
 108092
 107994
 107913
 107888
 107769
 107729
 107681
 107618
 107589
 107545
 107509
 107464
 107128
 107058
 106812
 106809
 106479
 106417
 106294
 105751
 105695
 105585
 105576
 105455
 105263
 105178
 104956
 104884
 104863
 104771
 104691
 104475
 104464
 104463
 104458
 104415
 104301
 104281
 104175
 103860
 103817
 103699
 103594
 103448
 103277
 103189
 103170
 102943
 102923
 102893
 102707
 102414
 102317
 102224
 102173
 101676
 101549
 101541
 101046
 101014
 100998
 100922
 100719
 100536
 100321
 100211
 100097
 100045
 99783
 99777
 99557
 99517
 99445
 99441
 99355
 98997
 98990
 98985
 98903
 98829
 98760
 98673
 98627
 98536
 98483
 98481
 98389
 98253
 98242
 98184
 98113
 98107
 97902
 97833
 97599
 97574
 97490
 97343
 97314
 97067
 96774
 96744
 96702
 96448
 96439
 96382
 96145
 95869
 95781
 95666
 95663
 95649
 95617
 95569
 95343
 95341
 94964
 94852
 94794
 94665
 94623
 94527
 94408
 94380
 94108
 93922
 93883
 93876
 93828
 93629
 93592
 93427
 93366
 93020
 93013
 93009
 92999
 92838
 92765
 92526
 92523
 92310
 92198
 92153
 92144
 91995
 91980
 91921
 91885
 91703
 91661
 91649
 91564
 91483
 91450
 91447
 91394
 91237
 91185
 91139
 91075
 91010
 90930
 90909
 90606
 90410
 90296
 90285
 90222
 89979
 89926
 89530
 89499
 89492
 89439
 89007
 88777
 88720
 88346
 88332
 88233
 88228
 88184
 88132
 87886
 87856
 87744
 87670
 87605
 87550
 87489
 87400
 87313
 87234
 87163
 87050
 87033
 87029
 86991
 86956
 86790
 86789
 86683
 86675
 86483
 86326
 86264
 86260
 86121
 86119
 86097
 86092
 86032
 86021
 85975
 85916
 85841
 85549
 85324
 85055
 84899
 84860
 84775
 84682
 84679
 84672
 84601
 84514
 84415
 84368
 84239
 84112
 84098
 84009
 83875
 83870
 83737
 83621
 83447
 83368
 83280
 83189
 83161
 82907
 82890
 82860
 82809
 82805
 82796
 82769
 82758
 82749
 82700
 82581
 82479
 82097
 82015
 81975
 81664
 81628
 81424
 80901
 80721
 80568
 80470
 80453
 80342
 80291
 80228
 80009
 79989
 79937
 79749
 79696
 79446
 79285
 79103
 79101
 78995
 78983
 78598
 78499
 78459
 78431
 78428
 78170
 78128
 78056
 77992
 77915
 77878
 77522
 77511
 77499
 77419
 77165
 76969
 76923
 76845
 76741
 76568
 76309
 76289
 75955
 75812
 75499
 75283
 75137
 74992
 74946
 74860
 74850
 74836
 74775
 74695
 74630
 74581
 74361
 74244
 74235
 74174
 74074
 74063
 73810
 73680
 73578
 73250
 73198
 73125
 73046
 72923
 72843
 72835
 72681
 72647
 72644
 72643
 72438
 72215
 72181
 72053
 72020
 72005
 71993
 71992
 71902
 71856
 71774
 71362
 71282
 71263
 71144
 70620
 70608
 70531
 70492
 70476
 70407
 70177
 70036
 70022
 69821
 69783
 69767
 69739
 69729
 69644
 69632
 69418
 69054
 68790
 68748
 68708
 68669
 68644
 68425
 68413
 68290
 68258
 68141
 67941
 67940
 67924
 67823
 67777
 67703
 67481
 67412
 67065
 67021
 66800
 66708
 66551
 66476
 66445
 66437
 65998
 65958
 65804
 65773
 65685
 65680
 65655
 65452
 65451
 65396
 65390
 65326
 65209
 65184
 65126
 64982
 64723
 64710
 64644
 64631
 64485
 64474
 64436
 64218
 64057
 64008
 63988
 63865
 63794
 63650
 63550
 63427
 63416
 63181
 63027
 62966
 62842
 62832
 62517
 62246
 62228
 62068
 62033
 61966
 61961
 61827
 61825
 61709
 61619
 61594
 61490
 61341
 61308
 61249
 61162
 61019
 60949
 60903
 60856
 60813
 60810
 60681
 60491
 60249
 59959
 59891
 59722
 59686
 59586
 59541
 59470
 59251
 59245
 59186
 59182
 58969
 58931
 58823
 58521
 58019
 58001
 57984
 57951
 57929
 57875
 57873
 57760
 57731
 57558
 57491
 57490
 57211
 57169
 57119
 57107
 57084
 56978
 56891
 56843
 56323
 56320
 56279
 56054
 55887
 55839
 55680
 55629
 55609
 55596
 55451
 55089
 55041
 54643
 54641
 54569
 54533
 54383
 54261
 54245
 54146
 53845
 53832
 53804
 53412
 53221
 53168
 53020
 53014
 52688
 52561
 52232
 52199
 52139
 52117
 52013
 51751
 51724
 51699
 51682
 51353
 51282
 51263
 51183
 51167
 51084
 51006
 50845
 50599
 50505
 50275
 50167
 50086
 49918
 49863
 49754
 49719
 49663
 49614
 49500
 49462
 49457
 49428
 49317
 48989
 48985
 48857
 48833
 48828
 48813
 48784
 48726
 48587
 48574
 48500
 48351
 48204
 48098
 48088
 48046
 48032
 48026
 48009
 47936
 47765
 47688
 47675
 46993
 46908
 46728
 46638
 46591
 46368
 46347
 46173
 45957
 45897
 45893
 45865
 45718
 45604
 45313
 45285
 45072
 44861
 44728
 44697
 44657
 44573
 44322
 44213
 44140
 44096
 43930
 43720
 43527
 43478
 43457
 43343
 43234
 43220
 43192
 43180
 43036
 42777
 42640
 42553
 42472
 42402
 42219
 42105
 41888
 41873
 41800
 41777
 41543
 41490
 41275
 41208
 41137
 41089
 41059
 41057
 40720
 40650
 40425
 40375
 40365
 40316
 40286
 40276
 40038
 39775
 39661
 39615
 39510
 39493
 39400
 39178
 39168
 39106
 38997
 38961
 38942
 38930
 38833
 38824
 38812
 38769
 38722
 38674
 38652
 38633
 38561
 38499
 38436
 38115
 37895
 37799
 37798
 37727
 37719
 37709
 37637
 37590
 37527
 37514
 37453
 37242
 37191
 37063
 36870
 36740
 36654
 36474
 36292
 36208
 35920
 35837
 35661
 35598
 35554
 35294
 35190
 35086
 35072
 34939
 34936
 34880
 34854
 34615
 34579
 34482
 34300
 34284
 34258
 34104
 34051
 34035
 34033
 34026
 34008
 33729
 33679
 33670
 33576
 33557
 33089
 33052
 32977
 32920
 32856
 32842
 32778
 32716
 32709
 32700
 32684
 32563
 32545
 32469
 32451
 32325
 32274
 31945
 31876
 31712
 31700
 31671
 31662
 31659
 31007
 30979
 30933
 30590
 30253
 30251
 30191
 30039
 29996
 29931
 29918
 29733
 29667
 29658
 29641
 29459
 29372
 29269
 29163
 29035
 29016
 28982
 28900
 28856
 28807
 28786
 28711
 28585
 28453
 28373
 28371
 28328
 28312
 28230
 28204
 27979
 27745
 27674
 27636
 27510
 27470
 27455
 27422
 27281
 27054
 26905
 26881
 26875
 26835
 26724
 26718
 26288
 26270
 26263
 26191
 26186
 26181
 26137
 26104
 25924
 25848
 25818
 25744
 25354
 25323
 25199
 25138
 24790
 24740
 24651
 24639
 24492
 24469
 24416
 24364
 24243
 24113
 23722
 23626
 23598
 23596
 23539
 23449
 23402
 23364
 23258
 23255
 23148
 23008
 22906
 22643
 22580
 22482
 22459
 22392
 22346
 22240
 22092
 21985
 21983
 21898
 21869
 21828
 21675
 21650
 21646
 21538
 21425
 21290
 21230
 21216
 21151
 21084
 21034
 21033
 20974
 20856
 20833
 20441
 20320
 20111
 19991
 19917
 19783
 19637
 19455
 19403
 19128
 19088
 18867
 18722
 18504
 18414
 18397
 18316
 18151
 18093
 18009
 17694
 17518
 17485
 17453
 17341
 17324
 17316
 17209
 17060
 16907
 16741
 16618
 16572
 16528
 16527
 16493
 16429
 16393
 16306
 16235
 16200
 16155
 16052
 15750
 15587
 15563
 15544
 15385
 15384
 15243
 15185
 14927
 14922
 14880
 14849
 14789
 14786
 14658
 14639
 14539
 14531
 14365
 14231
 14221
 14218
 14173
 14161
 13793
 13698
 13477
 13340
 13260
 13150
 13146
 13141
 12587
 12550
 12439
 12384
 12379
 12340
 12324
 12120
 12096
 12055
 11731
 11730
 11690
 11222
 11203
 11172
 11146
 11066
 10949
 10752
 10653
 10416
 10266
 10240
 10196
 10080
 10040
 10032
 10020
 9886
 9815
 9790
 9775
 9664
 9544
 9372
 9359
 9287
 9233
 9217
 8970
 8816
 8805
 8740
 8676
 8637
 8536
 8382
 8294
 7866
 7863
 7798
 7795
 7776
 7714
 7403
 7375
 7306
 7131
 7060
 6777
 6695
 6591
 6522
 6256
 6200
 6153
 6071
 5926
 5867
 5847
 5840
 5667
 5641
 5355
 5332
 5328
 5092
 5020
 4741
 4703
 4613
 4583
 4373
 4360
 4333
 4244
 4061
 3978
 3810
 3786
 3745
 3575
 3547
 3361
 3358
 3246
 3214
 3180
 3095
 2812
 2581
 2496
 2228
 2081
 1932
 1895
 1814
 1549
 1406
 1285
 1114
 1055
 1043
 967
 846
 771
 719
 519
 515
 417
 401
 393
 94
 0
 