999918
 999592
 999542
 999460
 999343
 999342
 999022
 998942
 998860
 998703
 998384
 998363
 998078
 998071
 997885
 997765
 997580
 997420
 997419
 997395
 997384
 997349
 997292
 997233
 997095
 997007
 996825
 996694
 996588
 996464
 996362
 996360
 996079
 995962
 995948
 995807
 995776
 995624
 995506
 995419
 995417
 995377
 994682
 994615
 994577
 994517
 994478
 994456
 994400
 994331
 993806
 993752
 993677
 993523
 993508
 993427
 993373
 993283
 993282
 993274
 993265
 993248
 993188
 993145
 993122
 993024
 993001
 992732
 992653
 992581
 992509
 992414
 992342
 992341
 992215
 991869
 991841
 991732
 991652
 991423
 991397
 991381
 991350
 991269
 991247
 991116
 991097
 990969
 990862
 990788
 990763
 990742
 990694
 990682
 990596
 990419
 990350
 990281
 990198
 989888
 989561
 989488
 989342
 989330
 989136
 989037
 988924
 988792
 988783
 988573
 988501
 988469
 988300
 988248
 988166
 988031
 988023
 987920
 987780
 987356
 987312
 987182
 987092
 987058
 987010
 986903
 986842
 986721
 986679
 986677
 986578
 986374
 986367
 986192
 986099
 986009
 985952
 985920
 985776
 985754
 985693
 985684
 985661
 985599
 985559
 985545
 985535
 985422
 985352
 985010
 984945
 984872
 984735
 984623
 984617
 984566
 984546
 984520
 984443
 984341
 984340
 984325
 984293
 983821
 983781
 983671
 983565
 983521
 983466
 983441
 983430
 983398
 983365
 983279
 983211
 983122
 983108
 983050
 982721
 982677
 982558
 982539
 982457
 982395
 982280
 982189
 982053
 981825
 981785
 981724
 981661
 981651
 981634
 981138
 980987
 980854
 980832
 980687
 980530
 980479
 980430
 980406
 980342
 980307
 980297
 980135
 979701
 979503
 979472
 979329
 979300
 979166
 979162
 978990
 978867
 978760
 978669
 978639
 978562
 978494
 978308
 978299
 977872
 977788
 977475
 977334
 977077
 977059
 976833
 976822
 976629
 976507
 976227
 976151
 976112
 976085
 975953
 975910
 975901
 975837
 975772
 975717
 975700
 975649
 975615
 975272
 975206
 975043
 974890
 974829
 974761
 974692
 974667
 974662
 974528
 974522
 974132
 974097
 973928
 973892
 973869
 973837
 973829
 973750
 973626
 973554
 973487
 973354
 973208
 973188
 973141
 972905
 972823
 972536
 972531
 972508
 972351
 972346
 972211
 972179
 972112
 972089
 972080
 972014
 971911
 971863
 971659
 971631
 971535
 971274
 971266
 971191
 971141
 971095
 970804
 970600
 970594
 970590
 970448
 970293
 970243
 970187
 970121
 970082
 969984
 969912
 969740
 969595
 969585
 969301
 968862
 968834
 968788
 968771
 968596
 968590
 968589
 968479
 968335
 968329
 968306
 968297
 968289
 968131
 968088
 968033
 967825
 967381
 966967
 966753
 966723
 966708
 966469
 966352
 966086
 965942
 965902
 965887
 965832
 965802
 965688
 965538
 965517
 965315
 965195
 965158
 965150
 965003
 964991
 964869
 964848
 964726
 964564
 964451
 964435
 963916
 963845
 963823
 963796
 963752
 963634
 963269
 963074
 963015
 962958
 962906
 962719
 962457
 962283
 962279
 962188
 962135
 962036
 962031
 961895
 961788
 961558
 961329
 961325
 961313
 960720
 960662
 960466
 960458
 960353
 960120
 960104
 960056
 959976
 959915
 959861
 959785
 959767
 959710
 959628
 959614
 959537
 959527
 959503
 959485
 959472
 959396
 959376
 959296
 959193
 959162
 959144
 958993
 958987
 958910
 958895
 958857
 958797
 958766
 958329
 958169
 957901
 957727
 957527
 957525
 957446
 957399
 957207
 957141
 956797
 956707
 956462
 956245
 956085
 956053
 955914
 955861
 955715
 955695
 955281
 955045
 954756
 954668
 954643
 954275
 954260
 954009
 953933
 953790
 953769
 953718
 953696
 953664
 953494
 953488
 953453
 953175
 953079
 953070
 953067
 953054
 953035
 952894
 952851
 952775
 952374
 952327
 952318
 951867
 951858
 951552
 951178
 951129
 950886
 950862
 950680
 950562
 950530
 950474
 950348
 950269
 950262
 950080
 950075
 950067
 950036
 949755
 949733
 949554
 949494
 949433
 949401
 949253
 949118
 948968
 948962
 948959
 948949
 948910
 948836
 948717
 948668
 948655
 948554
 948264
 948063
 948055
 948014
 947987
 947902
 947873
 947863
 947859
 947661
 947495
 947327
 947181
 947132
 947102
 946924
 946797
 946772
 946769
 946593
 946590
 946357
 946326
 946178
 946043
 945825
 945817
 945704
 945666
 945573
 945557
 945487
 945181
 945137
 944989
 944954
 944877
 944821
 944817
 944733
 944704
 944700
 944619
 944570
 944438
 944361
 944244
 944175
 944145
 943931
 943904
 943893
 943594
 943593
 943566
 943565
 943508
 943462
 943452
 943348
 943238
 943062
 943028
 942940
 942869
 942866
 942828
 942793
 942791
 942640
 942492
 942434
 942378
 942355
 942343
 942332
 942331
 942249
 942082
 942065
 941992
 941861
 941701
 941573
 941561
 941376
 941331
 941181
 941168
 941141
 941109
 940871
 940856
 940766
 940754
 940745
 940740
 940555
 940379
 940359
 940117
 939875
 939855
 939759
 939727
 939684
 939676
 939657
 939211
 939196
 939095
 938897
 938842
 938780
 938689
 938650
 938618
 938505
 938492
 938424
 938385
 938363
 938306
 938304
 938297
 938246
 938144
 937973
 937681
 937672
 937437
 937362
 937345
 937302
 937233
 937098
 937033
 937006
 936983
 936813
 936743
 936507
 936406
 936090
 936014
 935972
 935771
 935650
 935591
 935405
 935384
 935313
 935229
 935207
 935197
 935155
 935041
 934960
 934635
 934539
 934471
 934320
 934215
 934178
 934045
 933933
 933583
 933380
 933352
 933338
 933160
 933147
 932810
 932597
 932365
 932145
 932046
 931773
 931554
 931482
 931404
 931277
 931087
 931080
 930996
 930938
 930763
 930723
 930720
 930484
 930461
 930405
 930300
 930133
 930131
 930116
 930079
 929971
 929701
 929698
 929668
 929604
 929503
 929444
 929351
 929348
 929159
 929150
 929007
 928977
 928951
 928870
 928651
 928615
 928614
 928589
 928554
 928519
 928476
 928363
 928354
 928330
 928301
 928283
 928243
 928052
 928005
 927945
 927836
 927683
 927673
 927629
 927605
 927573
 927499
 927463
 927399
 927272
 927251
 927248
 927215
 927196
 927179
 927085
 927056
 926683
 926603
 926590
 926542
 926536
 926535
 926493
 926345
 926315
 926268
 926185
 926062
 926050
 925941
 925896
 925795
 925780
 925735
 925666
 925509
 925480
 925318
 925198
 925018
 925001
 924973
 924956
 924903
 924897
 924890
 924574
 924571
 924446
 924271
 924227
 924189
 924183
 924143
 923721
 923680
 923675
 923608
 923363
 923339
 923255
 923153
 923076
 922951
 922712
 922704
 922521
 922477
 922408
 922330
 922317
 922278
 922201
 922145
 921963
 921746
 921742
 921677
 921646
 921478
 921115
 920992
 920963
 920919
 920915
 920903
 920844
 920770
 920754
 920712
 920663
 920624
 920623
 920596
 920564
 920533
 920523
 920510
 920508
 920455
 920187
 920116
 920017
 920007
 919999
 919842
 919746
 919544
 919507
 919435
 919374
 919363
 919346
 919322
 919284
 919222
 919218
 919152
 919108
 919019
 919007
 918979
 918716
 918644
 918566
 918554
 918513
 918437
 918043
 918032
 917940
 917851
 917808
 917525
 917505
 917466
 917330
 917309
 917287
 917242
 917050
 917010
 916790
 916771
 916704
 916688
 916532
 916518
 916450
 916414
 916272
 916232
 915974
 915932
 915671
 915665
 915616
 915492
 915254
 915231
 915100
 914931
 914819
 914488
 914363
 914285
 914256
 914161
 914110
 913919
 913832
 913793
 913689
 913685
 913621
 913557
 913513
 913463
 913357
 913302
 913287
 913265
 913200
 913005
 912990
 912713
 912490
 912459
 912312
 912189
 912182
 912057
 911970
 911623
 911595
 911504
 911231
 911160
 911133
 911128
 911043
 910812
 910736
 910722
 910607
 910476
 910406
 910204
 909709
 909518
 909413
 909318
 909116
 909090
 908901
 908810
 908797
 908624
 908588
 908482
 908429
 908426
 908378
 908359
 908077
 907988
 907910
 907817
 907742
 907655
 907525
 907486
 907378
 907303
 907284
 907131
 907070
 907052
 906680
 906584
 906493
 906377
 906055
 905981
 905736
 905707
 905695
 905660
 905525
 905474
 905451
 905406
 905253
 905194
 905170
 905147
 905100
 905083
 904988
 904953
 904878
 904862
 904732
 904721
 904660
 904640
 904638
 904621
 904615
 904614
 904539
 904440
 904437
 904333
 904240
 904203
 904122
 904109
 904023
 903851
 903674
 903642
 903446
 903178
 903027
 902967
 902896
 902788
 902725
 902604
 902472
 902327
 902061
 902047
 902038
 901820
 901615
 901593
 901381
 901210
 901098
 901051
 900855
 900713
 900548
 900399
 900335
 900181
 900015
 899975
 899942
 899894
 899803
 899776
 899755
 899713
 899645
 899629
 899432
 899408
 899268
 899159
 899031
 898584
 898542
 898468
 898459
 898403
 898382
 898250
 898216
 898121
 898007
 897964
 897959
 897920
 897824
 897792
 897691
 897476
 897459
 897280
 897175
 897145
 897053
 897037
 896908
 896571
 896551
 896498
 896370
 896358
 896337
 896267
 896119
 896096
 895982
 895822
 895729
 895704
 895532
 895401
 894951
 894925
 894736
 894728
 894618
 894442
 894290
 894275
 894061
 893905
 893719
 893572
 893408
 893248
 893245
 893231
 893180
 893023
 892930
 892786
 892756
 892495
 892241
 892112
 892075
 892035
 891931
 891794
 891758
 891707
 891566
 891509
 891388
 891267
 891029
 890960
 890729
 890597
 890364
 890359
 890330
 890326
 890137
 890042
 890040
 889975
 889836
 889780
 889708
 889437
 889171
 889129
 889067
 889004
 888932
 888925
 888888
 888807
 888759
 888737
 888490
 888268
 888253
 888114
 887948
 887866
 887709
 887515
 887514
 887291
 887177
 887044
 886952
 886912
 886807
 886696
 886564
 886511
 886246
 885954
 885860
 885837
 885682
 885651
 885352
 885261
 884812
 884749
 884725
 884604
 884561
 884514
 884418
 884405
 884381
 884293
 884164
 884050
 884037
 883977
 883681
 883652
 883605
 883526
 883487
 883392
 883359
 883269
 883055
 882780
 882730
 882717
 882635
 882586
 882502
 882352
 882235
 882215
 882199
 881931
 881874
 881872
 881492
 881476
 881332
 881297
 881200
 881085
 881057
 881031
 880784
 880667
 880501
 880292
 880119
 880078
 880077
 880069
 879998
 879818
 879786
 879527
 879518
 879492
 879330
 878995
 878980
 878915
 878681
 878679
 878654
 878584
 878570
 878500
 878481
 878462
 878441
 878296
 878273
 878179
 878172
 878110
 878028
 877984
 877901
 877865
 877849
 877826
 877786
 877735
 877707
 877417
 877328
 877286
 877248
 877181
 877077
 876747
 876661
 876622
 876581
 876555
 876139
 875987
 875770
 875769
 875676
 875560
 875449
 875270
 875219
 875189
 874974
 874918
 874895
 874873
 874831
 874765
 874640
 874593
 874504
 874480
 874418
 874257
 873977
 873972
 873968
 873870
 873846
 873720
 873634
 873573
 873275
 873198
 873159
 872962
 872908
 872768
 872727
 872574
 872550
 872523
 872410
 872405
 872230
 872135
 871813
 871424
 871375
 871252
 871241
 871065
 871063
 871017
 870894
 870829
 870789
 870753
 870403
 870305
 870082
 869881
 869690
 869664
 869643
 869433
 869192
 869186
 868886
 868800
 868686
 868638
 868625
 868528
 868520
 868501
 868487
 868322
 868260
 867988
 867976
 867956
 867698
 867438
 867381
 867352
 867343
 867213
 867170
 867123
 867030
 866815
 866813
 866790
 866654
 866587
 866526
 866373
 866328
 865960
 865818
 865506
 865489
 865484
 865449
 865444
 865270
 865063
 864983
 864867
 864799
 864769
 864727
 864505
 864369
 864347
 864213
 864163
 864104
 864035
 864033
 864012
 863923
 863622
 863604
 863602
 863481
 863424
 863315
 863292
 863247
 863237
 863176
 863160
 863027
 862849
 862842
 862818
 862805
 862788
 862759
 862726
 862724
 862510
 862462
 862374
 862220
 862171
 862158
 862093
 862040
 861991
 861646
 861487
 861431
 861426
 861410
 861266
 861230
 860743
 860636
 860602
 860551
 860474
 860279
 860192
 859789
 859758
 859579
 859536
 859533
 859318
 859237
 859230
 859226
 859190
 858974
 858954
 858796
 858695
 858486
 858482
 858361
 858223
 857949
 857663
 857451
 857142
 857099
 857064
 857058
 857010
 857009
 856850
 856738
 856616
 856540
 856485
 856185
 856148
 856094
 856066
 855887
 855861
 855846
 855636
 855627
 855514
 855485
 855478
 855272
 855084
 855058
 854789
 854526
 854378
 854364
 854362
 854356
 854243
 854084
 854060
 853985
 853892
 853759
 853632
 853631
 853594
 853561
 853438
 853428
 853372
 853352
 853170
 853169
 853118
 853080
 853036
 852875
 852778
 852735
 852462
 852441
 852415
 852400
 852371
 852040
 851705
 851694
 851616
 851538
 851485
 851412
 851331
 851242
 850968
 850909
 850869
 850816
 850793
 850783
 850640
 850636
 850482
 850259
 850190
 850164
 850034
 849965
 849920
 849541
 849401
 849156
 848881
 848632
 848610
 848562
 848178
 848171
 848117
 848008
 847842
 847839
 847536
 847499
 847493
 847462
 847392
 847249
 847061
 847004
 846836
 846800
 846640
 846525
 846516
 846457
 846378
 846308
 846299
 846252
 846245
 845673
 845494
 845472
 845459
 845267
 845242
 845175
 844961
 844759
 844515
 844492
 844472
 844361
 844236
 844172
 844163
 843817
 843779
 843766
 843675
 843607
 843430
 843354
 843304
 843276
 843270
 843260
 843124
 843088
 843024
 842970
 842883
 842860
 842782
 842563
 842535
 842380
 842263
 842168
 842132
 842023
 841976
 841955
 841832
 841789
 841765
 841738
 841669
 841619
 841570
 841532
 841402
 841374
 841251
 841183
 840884
 840743
 840628
 840491
 840199
 840148
 840128
 840049
 839940
 839734
 839637
 839570
 839554
 839513
 839468
 839267
 838929
 838862
 838834
 838798
 838782
 838543
 838452
 838285
 838204
 837988
 837696
 837632
 837602
 837579
 837434
 837363
 837272
 837209
 836962
 836810
 836689
 836449
 836438
 836350
 836304
 836233
 835998
 835987
 835908
 835790
 835688
 835451
 835158
 835009
 835001
 834968
 834926
 834904
 834757
 834704
 834684
 834648
 834645
 834379
 834339
 834280
 834141
 834024
 833918
 833889
 833865
 833853
 833827
 833685
 833657
 833650
 833468
 833449
 833409
 833197
 833134
 833085
 832983
 832963
 832907
 832809
 832787
 832780
 832738
 832690
 832448
 832431
 832424
 832167
 832154
 832092
 831999
 831718
 831708
 831586
 831437
 831402
 831255
 831239
 831194
 831141
 831093
 831042
 830976
 830758
 830754
 830444
 830440
 830274
 830100
 830000
 829832
 829787
 829564
 829556
 829325
 829324
 829230
 829226
 829169
 829080
 829015
 828998
 828958
 828830
 828651
 828649
 828571
 828517
 828365
 828220
 828142
 828097
 828037
 827947
 827879
 827867
 827507
 827447
 827338
 827158
 827029
 827004
 826856
 826615
 826573
 826567
 826542
 826454
 826416
 826272
 826179
 826064
 825829
 825658
 825503
 825448
 825327
 825278
 825265
 825243
 825242
 825191
 825184
 825032
 825010
 824982
 824916
 824754
 824746
 824425
 824278
 824139
 823986
 823668
 823660
 823621
 823529
 823482
 823434
 823076
 823074
 822755
 822520
 822428
 822381
 822210
 822105
 822016
 822014
 821948
 821935
 821846
 821773
 821728
 821644
 821554
 821523
 821419
 821266
 821007
 820895
 820679
 820512
 820449
 820415
 820229
 820088
 820058
 819999
 819859
 819846
 819835
 819782
 819771
 819723
 819628
 819412
 819307
 819196
 818982
 818916
 818859
 818848
 818812
 818706
 818301
 818181
 818097
 818049
 817989
 817959
 817872
 817843
 817812
 817758
 817752
 817349
 817325
 817234
 817129
 816990
 816901
 816895
 816801
 816733
 816687
 816513
 816509
 816487
 816349
 816339
 816137
 815848
 815771
 815716
 815701
 815685
 815587
 815489
 815182
 815156
 815112
 815043
 814996
 814919
 814774
 814736
 814727
 814675
 814655
 814537
 814432
 814415
 814395
 814305
 814298
 814214
 814063
 814060
 813960
 813688
 813408
 813360
 813290
 813195
 812949
 812937
 812648
 812628
 812214
 812080
 811782
 811587
 811512
 811420
 811112
 811018
 810810
 810604
 810291
 809958
 809807
 809766
 809569
 809523
 809491
 809430
 808992
 808835
 808828
 808726
 808575
 808560
 808475
 808007
 807541
 807371
 807321
 807229
 807108
 807067
 806844
 806663
 806607
 806542
 806106
 806008
 805885
 805840
 805794
 805581
 805524
 805516
 805251
 805185
 805178
 805161
 805111
 805063
 804969
 804921
 804920
 804871
 804839
 804777
 804651
 804583
 804563
 804301
 804117
 803751
 803722
 803542
 803434
 803382
 803311
 803190
 803059
 802909
 802850
 802849
 802775
 802731
 802314
 802168
 802106
 801903
 801480
 801470
 801381
 801306
 801238
 801215
 801200
 800871
 800845
 800706
 800418
 800291
 800120
 800047
 800039
 799999
 799935
 799902
 799696
 799489
 799296
 799127
 799054
 798999
 798996
 798878
 798801
 798460
 798350
 798321
 798316
 798270
 798068
 797919
 797749
 797697
 797650
 797349
 797233
 797195
 797162
 797144
 797042
 796961
 796917
 796911
 796810
 796683
 796633
 796620
 796610
 796501
 796488
 796433
 796422
 796350
 796306
 796187
 796030
 795970
 795905
 795874
 795832
 795798
 795668
 795551
 795470
 795252
 795221
 795154
 794997
 794946
 794938
 794745
 794721
 794599
 794593
 794326
 794062
 793969
 793923
 793888
 793670
 793541
 793450
 793405
 793388
 793260
 793113
 793008
 792874
 792822
 792786
 792763
 792665
 792452
 792047
 792028
 791977
 791365
 791133
 791111
 791044
 790887
 790877
 790856
 790847
 790568
 790520
 790419
 790295
 790288
 790262
 790034
 790019
 789813
 789624
 789560
 789530
 789473
 789413
 789125
 788978
 788819
 788717
 788623
 788607
 788571
 788541
 788481
 788322
 788271
 788266
 787799
 787785
 787661
 787652
 787626
 787616
 787498
 787490
 787460
 787305
 787128
 786701
 786673
 786485
 786442
 786270
 786173
 786088
 786024
 785948
 785829
 785824
 785815
 785731
 785627
 785415
 785379
 785243
 785095
 785055
 785014
 784767
 784721
 784502
 784364
 784301
 784210
 784124
 784021
 783935
 783872
 783842
 783468
 783348
 783282
 783132
 782930
 782873
 782810
 782773
 782693
 782662
 782510
 782330
 782222
 782202
 782162
 782004
 781975
 781970
 781921
 781797
 781752
 781399
 781175
 781113
 781093
 780790
 780771
 780670
 780665
 780601
 780586
 780454
 780422
 780411
 780324
 780234
 780108
 780102
 780082
 779779
 779661
 779527
 779376
 779301
 779235
 778998
 778938
 778889
 778833
 778743
 778705
 778689
 778427
 778195
 778167
 778059
 778025
 777979
 777777
 777593
 777509
 777475
 777418
 777260
 777070
 776889
 776885
 776750
 776734
 776688
 776378
 776369
 776177
 776052
 775965
 775931
 775916
 775865
 775852
 775840
 775826
 775765
 775680
 775511
 775345
 775218
 775187
 775180
 775104
 774870
 774825
 774697
 774550
 774355
 774296
 774264
 774202
 774193
 773974
 773771
 773680
 773550
 773367
 773303
 773221
 773183
 773108
 773060
 773046
 772834
 772539
 772487
 772405
 772355
 772281
 772164
 772007
 771846
 771707
 771621
 771428
 771395
 771043
 770706
 770513
 770472
 770359
 770350
 770248
 770206
 770150
 770140
 770026
 769996
 769829
 769780
 769589
 769541
 769533
 769528
 769510
 769509
 769475
 769366
 769195
 769025
 768826
 768794
 768689
 768640
 768623
 768602
 768390
 768387
 768277
 768193
 768157
 767966
 767765
 767722
 767595
 767388
 767319
 767203
 767154
 766906
 766895
 766861
 766826
 766800
 766631
 766620
 766602
 766562
 766395
 766320
 766240
 766205
 766014
 766013
 765999
 765977
 765967
 765834
 765770
 765537
 765411
 765378
 765274
 765269
 765079
 765062
 765037
 764961
 764830
 764535
 764522
 764385
 764018
 763976
 763942
 763924
 763880
 763869
 763836
 763604
 763507
 763317
 763180
 763112
 762949
 762829
 762729
 762286
 762253
 762236
 762218
 762058
 762015
 761904
 761865
 761764
 761739
 761553
 761515
 761438
 761407
 761397
 761137
 761097
 760892
 760847
 760839
 760767
 760731
 760642
 760452
 760438
 760030
 759539
 759537
 759523
 759507
 759427
 759426
 758893
 758669
 758600
 758449
 758423
 758150
 758112
 758101
 758074
 757926
 757828
 757767
 757748
 757634
 757575
 757556
 757462
 757219
 757184
 757066
 756998
 756863
 756860
 756654
 756630
 756589
 756446
 756389
 756311
 756301
 756291
 756246
 756218
 756082
 755905
 755869
 755620
 755537
 755499
 755333
 755301
 755167
 755006
 754980
 754915
 754661
 754585
 754579
 754567
 754549
 754539
 754516
 754514
 754382
 754141
 754048
 754018
 753946
 753904
 753810
 753744
 753702
 753684
 753587
 753468
 753443
 753360
 753312
 753102
 753098
 752997
 752953
 752928
 752812
 752808
 752786
 752698
 752642
 752450
 752293
 752135
 752048
 751998
 751621
 751451
 751322
 751307
 751166
 751131
 751122
 750979
 750816
 750784
 750643
 750628
 750555
 750277
 750247
 750218
 750164
 750119
 749897
 749841
 749744
 749732
 749632
 749200
 749115
 748993
 748976
 748894
 748623
 748330
 748211
 747872
 747774
 747731
 747474
 747329
 747269
 747182
 746917
 746844
 746781
 746640
 746633
 746533
 746450
 746274
 745923
 745843
 745812
 745729
 745603
 745545
 745506
 745451
 745426
 745393
 745310
 745240
 745180
 744911
 744749
 744686
 744633
 744501
 744168
 743926
 743917
 743831
 743766
 743641
 743608
 743603
 743396
 743339
 743133
 743130
 743125
 743086
 742981
 742925
 742886
 742616
 742569
 742538
 742444
 742391
 742375
 742290
 742238
 742189
 742183
 742088
 741935
 741674
 741568
 741316
 741263
 740873
 740704
 740697
 740465
 740462
 740287
 740246
 740163
 740040
 739844
 739763
 739734
 739673
 739652
 739524
 739504
 739219
 739051
 738950
 738918
 738723
 738641
 738616
 738580
 738569
 738488
 738441
 738403
 738340
 738191
 737878
 737827
 737744
 737704
 737484
 737470
 737334
 737274
 737100
 737042
 736803
 736745
 736637
 736593
 736379
 736195
 736172
 736070
 735982
 735932
 735842
 735751
 735691
 735537
 735485
 735388
 735339
 735274
 735241
 735101
 734948
 734693
 734658
 734593
 734513
 734225
 734201
 734177
 734015
 733979
 733901
 733419
 733394
 733333
 733136
 733132
 733092
 733003
 732937
 732933
 732799
 732644
 732545
 732498
 732360
 732310
 732215
 732134
 732102
 731939
 731929
 731476
 731354
 731328
 731290
 731097
 730769
 730724
 730719
 730551
 730489
 730429
 730427
 730347
 730300
 730215
 730037
 729995
 729950
 729896
 729852
 729838
 729729
 729707
 729683
 729537
 729515
 729442
 729404
 728974
 728833
 728810
 728572
 728459
 728449
 728408
 728306
 728262
 728261
 728258
 728243
 728118
 727784
 727759
 727750
 727732
 727615
 727500
 727282
 727272
 727239
 727231
 727215
 727141
 727054
 726677
 726368
 726256
 726217
 725959
 725944
 725895
 725803
 725744
 725466
 725432
 725421
 725151
 725061
 724982
 724810
 724676
 724628
 724439
 724226
 724210
 724184
 724142
 723986
 723849
 723812
 723751
 723690
 723240
 723156
 722958
 722891
 722639
 722572
 722483
 722447
 722332
 722299
 722284
 722280
 722264
 722102
 722070
 722012
 722006
 721925
 721792
 721646
 721628
 721611
 721518
 721376
 721371
 721278
 721099
 721090
 720930
 720911
 720860
 720846
 720461
 720430
 720099
 720067
 720036
 720000
 719892
 719881
 719835
 719738
 719714
 719630
 719626
 719520
 719387
 719203
 718830
 718690
 718675
 718658
 718646
 718610
 718555
 718525
 718148
 718052
 718049
 717799
 717729
 717627
 717584
 717383
 717302
 717149
 716843
 716825
 716716
 716457
 716430
 716372
 716083
 716069
 716051
 715953
 715771
 715736
 715355
 715329
 715311
 715300
 715294
 715203
 715148
 715139
 714918
 714555
 714510
 714364
 714285
 714259
 714049
 713908
 713073
 713063
 712947
 712880
 712776
 712761
 712566
 712504
 712501
 712328
 712315
 712206
 712110
 711991
 711926
 711919
 711910
 711598
 711505
 711409
 711362
 711293
 711101
 710917
 710701
 710479
 710399
 710047
 709957
 709907
 709890
 709803
 709773
 709653
 709600
 709557
 709505
 709493
 709373
 709257
 709163
 709071
 708576
 708502
 708367
 708099
 707988
 707866
 707824
 707703
 707680
 707572
 707515
 707492
 707211
 707203
 707070
 706866
 706807
 706788
 706666
 706546
 706498
 706492
 706427
 706372
 706330
 706276
 706218
 706166
 706112
 706062
 705918
 705812
 705641
 705577
 705463
 705376
 705263
 705255
 705234
 705229
 705107
 705080
 704978
 704746
 704702
 704640
 704546
 704531
 704420
 704402
 704293
 704208
 704125
 703914
 703874
 703827
 703703
 703622
 703617
 703430
 703389
 703304
 703108
 702552
 702459
 702453
 702445
 702386
 702308
 702291
 702284
 702183
 702108
 701966
 701913
 701776
 701538
 701459
 701432
 701333
 701246
 701191
 700993
 700815
 700729
 700604
 700394
 700240
 700216
 700145
 700131
 700107
 699938
 699842
 699782
 699727
 699593
 699523
 699279
 699267
 699232
 699185
 699145
 698830
 698800
 698711
 698395
 698232
 698100
 698085
 697831
 697776
 697736
 697689
 697530
 697523
 697440
 697253
 697117
 696923
 696883
 696869
 696731
 696687
 696378
 696028
 696020
 695666
 695652
 695603
 695304
 695073
 694996
 694964
 694854
 694732
 694567
 694320
 694290
 694090
 693986
 693973
 693661
 693660
 693625
 693437
 693413
 693345
 693337
 693306
 693150
 693149
 693012
 693002
 692905
 692836
 692797
 692451
 692347
 692307
 692301
 692009
 691943
 691842
 691701
 691700
 691581
 691251
 691187
 691139
 691054
 691046
 691009
 690982
 690824
 690815
 690706
 690524
 690400
 690379
 690324
 689980
 689954
 689578
 689468
 689400
 689371
 689168
 689157
 688969
 688849
 688524
 688509
 688475
 688338
 688270
 688153
 688035
 687782
 687722
 687671
 687538
 687534
 687474
 687341
 687315
 686981
 686972
 686844
 686795
 686736
 686581
 686576
 686491
 686451
 686276
 686274
 685975
 685920
 685888
 685867
 685837
 685801
 685732
 685646
 685463
 685307
 685247
 685207
 685193
 685103
 684838
 684649
 684602
 684560
 684398
 684319
 684287
 684206
 683922
 683808
 683807
 683642
 683458
 683379
 683377
 683337
 682978
 682969
 682878
 682847
 682771
 682763
 682663
 682539
 682394
 682164
 682111
 682079
 681912
 681449
 681437
 681377
 681318
 681260
 681120
 681054
 680975
 680920
 680886
 680473
 680418
 680341
 680255
 680224
 680158
 679999
 679931
 679909
 679688
 679531
 679464
 679424
 679339
 679224
 679192
 678958
 678787
 678578
 678577
 678575
 678218
 678185
 678068
 678059
 677803
 677658
 677631
 677389
 677171
 676959
 676907
 676678
 676566
 676556
 676514
 676262
 676090
 676029
 676028
 675983
 675800
 675786
 675748
 675574
 675420
 675192
 675031
 675018
 674867
 674857
 674605
 674519
 674515
 674463
 674415
 674386
 674381
 674362
 674296
 674285
 674197
 674169
 674001
 673892
 673859
 673768
 673661
 673624
 673622
 673578
 673348
 673331
 673313
 673300
 673275
 673188
 673149
 672974
 672973
 672921
 672789
 672732
 672727
 672686
 672647
 672338
 672316
 672210
 672103
 671924
 671683
 671670
 671570
 671541
 671474
 671449
 671399
 671256
 671112
 671084
 671081
 670995
 670993
 670942
 670929
 670865
 670820
 670649
 670502
 670250
 670147
 670005
 669908
 669906
 669703
 669654
 669606
 669571
 669470
 669345
 669299
 669216
 669133
 669014
 668901
 668796
 668750
 668554
 668501
 668471
 668455
 668166
 668096
 667805
 667740
 667692
 667668
 667389
 667274
 667090
 666851
 666767
 666666
 666343
 666176
 666167
 666151
 666150
 666123
 666009
 665867
 665761
 665421
 665338
 665015
 664994
 664885
 664854
 664773
 664641
 664604
 664586
 664574
 664540
 664484
 664351
 664311
 664157
 664125
 663975
 663866
 663746
 663725
 663709
 663666
 663278
 663117
 663078
 662777
 662474
 662440
 662340
 662169
 662160
 661959
 661900
 661800
 661766
 661528
 661284
 661251
 661113
 661043
 660964
 660917
 660896
 660886
 660841
 660742
 660687
 660648
 660496
 660490
 660422
 660304
 660033
 659893
 659827
 659216
 659154
 659031
 659001
 658973
 658876
 658774
 658643
 658439
 658296
 658277
 658064
 657919
 657615
 657522
 657257
 657235
 656914
 656833
 656771
 656630
 656612
 656213
 656108
 656065
 656037
 655889
 655654
 655543
 655479
 655391
 655141
 655128
 655119
 655118
 655016
 655000
 654948
 654808
 654739
 654513
 654503
 654485
 654456
 654365
 654353
 654041
 654028
 653994
 653888
 653866
 653862
 653767
 653757
 653298
 653076
 653013
 652642
 652548
 652494
 652493
 652408
 652051
 651998
 651983
 651981
 651932
 651881
 651685
 651334
 651141
 651033
 650994
 650887
 650810
 650428
 650399
 650137
 650127
 649978
 649957
 649877
 649826
 649621
 649555
 649432
 649186
 649138
 649003
 648854
 648822
 648709
 648646
 648612
 648496
 648484
 648418
 648285
 648088
 648064
 647686
 647442
 647329
 647155
 647084
 646981
 646892
 646835
 646812
 646800
 646723
 646592
 646473
 646315
 646144
 646005
 645979
 645931
 645721
 645674
 645573
 645460
 645419
 645355
 645337
 645210
 645150
 645110
 645106
 645021
 644959
 644922
 644823
 644766
 644685
 644525
 644372
 644333
 644265
 644183
 643990
 643779
 643663
 643545
 643301
 643230
 643216
 642926
 642878
 642857
 642822
 642642
 642640
 642535
 642378
 642228
 642167
 642129
 642084
 641924
 641681
 641614
 641598
 641569
 641533
 641390
 641291
 641095
 641087
 640874
 640828
 640730
 640636
 640602
 640540
 640438
 640324
 640302
 640124
 640123
 640012
 639875
 639856
 639771
 639729
 639726
 639621
 639603
 639563
 639549
 639445
 639407
 639150
 639125
 638907
 638754
 638627
 638612
 638550
 638398
 638297
 638091
 637953
 637924
 637831
 637765
 637725
 637677
 637608
 637540
 637465
 637297
 637292
 637282
 637273
 637188
 636962
 636947
 636933
 636882
 636678
 636675
 636488
 636387
 636269
 636193
 636137
 636100
 636087
 636062
 636046
 635918
 635780
 635644
 635585
 635441
 635387
 635026
 634948
 634686
 634666
 634657
 634523
 634400
 634340
 634331
 634255
 634216
 633951
 633786
 633747
 633695
 633502
 633157
 633144
 632950
 632876
 632866
 632818
 632800
 632777
 632652
 632627
 632531
 632476
 632388
 632142
 632091
 631951
 631884
 631628
 631228
 631067
 630874
 630789
 630776
 630673
 630614
 630594
 630012
 630004
 629999
 629899
 629712
 629704
 629703
 629519
 629487
 629397
 629254
 629113
 629112
 629102
 629030
 628938
 628546
 628544
 628530
 628470
 628233
 628089
 627989
 627929
 627784
 627627
 627586
 627523
 627397
 627385
 627340
 627278
 627257
 627239
 627084
 627060
 627041
 626613
 626539
 626533
 626378
 626368
 626304
 626278
 626274
 626210
 626209
 626114
 626102
 626052
 626038
 626026
 625722
 625692
 625580
 625566
 625256
 625228
 625165
 625058
 625005
 624974
 624783
 624714
 624694
 624576
 624487
 624346
 624268
 624254
 623931
 623923
 623883
 623756
 623609
 623424
 623421
 623329
 623320
 623250
 623238
 623188
 623163
 623030
 622846
 622836
 622829
 622758
 622754
 622694
 622641
 622544
 622444
 622414
 622399
 622317
 622315
 622207
 622165
 621973
 621942
 621621
 621531
 621444
 621218
 620608
 620602
 620588
 620369
 620316
 620310
 620287
 620269
 620227
 620058
 619684
 619679
 619529
 619443
 619297
 619276
 619222
 619217
 618901
 618872
 618863
 618770
 618750
 618636
 618631
 618506
 618429
 618421
 618344
 618313
 618164
 618034
 618029
 617945
 617927
 617847
 617725
 617722
 617703
 617580
 617545
 617492
 617449
 617384
 617341
 617256
 617196
 617158
 617088
 616970
 616713
 616568
 616497
 616225
 616136
 615475
 615415
 615351
 615118
 615050
 615035
 614682
 614563
 614512
 614457
 614361
 614282
 613977
 613861
 613401
 613073
 613053
 612677
 612590
 612571
 612554
 612493
 612363
 612313
 612275
 612145
 612068
 612015
 612002
 611823
 611673
 611634
 611399
 611377
 611269
 610972
 610966
 610903
 610862
 610852
 610486
 610474
 610468
 610259
 610218
 610202
 610181
 610134
 610124
 609976
 609922
 609857
 609756
 609672
 609664
 609661
 609649
 609641
 609638
 609633
 609608
 609515
 609450
 609230
 609218
 609203
 609059
 609047
 609040
 609006
 608941
 608918
 608837
 608787
 608695
 608595
 608568
 608554
 608523
 608503
 608499
 608308
 608108
 607999
 607962
 607882
 607686
 607612
 607575
 607416
 607401
 607117
 607026
 606947
 606932
 606749
 606615
 606614
 606489
 606420
 606346
 606326
 606252
 606071
 606057
 605915
 605868
 605754
 605716
 605703
 605584
 605468
 605461
 605422
 605417
 605353
 605310
 605247
 605244
 604949
 604922
 604913
 604834
 604784
 604775
 604751
 604677
 604651
 604533
 604464
 604322
 604309
 604200
 604149
 604072
 604020
 604014
 603998
 603896
 603835
 603791
 603762
 603750
 603682
 603526
 603438
 603423
 603339
 603203
 603118
 603105
 603098
 603020
 602958
 602917
 602906
 602878
 602672
 602512
 602426
 602240
 602170
 602139
 602046
 601897
 601791
 601771
 601605
 601579
 601521
 601471
 601397
 601352
 601013
 600936
 600473
 600444
 600408
 600381
 600160
 600118
 600040
 599999
 599826
 599817
 599392
 599371
 599351
 599286
 599271
 599243
 599094
 599081
 599070
 598756
 598647
 598474
 598473
 598354
 598294
 598261
 598167
 597908
 597907
 597878
 597799
 597790
 597590
 597513
 597320
 597265
 597151
 596983
 596895
 596759
 596709
 596675
 596669
 596469
 596396
 596332
 596245
 596240
 596143
 596069
 596040
 595934
 595926
 595837
 595765
 595466
 595430
 595381
 595375
 595370
 595368
 595197
 595157
 595055
 595000
 594970
 594956
 594947
 594934
 594884
 594872
 594662
 594466
 594451
 594421
 594217
 593773
 593754
 593697
 593667
 593391
 593387
 593177
 593169
 593053
 592972
 592956
 592937
 592889
 592772
 592750
 592711
 592679
 592673
 592638
 592411
 592288
 592258
 592208
 592121
 592058
 591496
 591159
 591004
 590818
 590794
 590681
 590611
 590604
 590559
 590489
 590156
 590084
 589810
 589668
 589574
 589529
 589225
 589114
 589093
 589008
 588851
 588774
 588589
 588470
 588454
 588380
 588323
 588273
 588180
 588111
 588047
 587968
 587945
 587885
 587786
 587616
 587368
 587210
 587122
 587066
 587057
 587023
 587000
 586938
 586931
 586776
 586612
 586597
 586547
 586305
 586165
 586155
 586127
 586022
 585999
 585906
 585754
 585640
 585579
 585523
 585473
 585316
 585075
 584742
 584490
 584467
 584436
 584404
 584252
 584158
 584148
 584141
 583950
 583809
 583761
 583754
 583187
 583174
 583157
 583142
 583027
 582998
 582887
 582869
 582755
 582714
 582504
 582407
 582398
 582292
 582290
 582192
 582117
 582070
 581890
 581395
 581312
 581303
 581180
 581171
 581140
 581139
 580955
 580870
 580768
 580677
 580645
 580568
 580401
 580400
 580338
 580310
 580278
 580137
 579878
 579873
 579834
 579831
 579648
 579502
 579416
 579394
 579328
 579320
 579311
 579198
 579055
 579041
 578947
 578922
 578704
 578512
 578402
 578355
 578330
 578303
 578254
 578235
 578135
 578038
 577889
 577848
 577576
 577562
 577331
 577033
 576733
 576552
 576473
 576445
 576148
 575889
 575870
 575830
 575511
 575401
 575393
 574964
 574846
 574726
 574724
 574568
 574450
 574442
 574329
 574305
 574264
 574138
 574045
 573753
 573556
 573491
 573287
 573283
 573187
 573168
 573122
 572977
 572849
 572636
 572528
 572309
 572066
 571976
 571796
 571744
 571697
 571685
 571669
 571650
 571521
 571519
 571489
 571386
 571288
 571110
 571045
 570781
 570681
 570583
 570486
 570474
 570466
 569992
 569978
 569975
 569811
 569781
 569620
 569563
 569413
 569278
 569236
 569116
 569060
 568557
 568490
 568313
 568216
 568167
 568042
 567879
 567778
 567649
 567600
 567592
 567513
 567501
 567088
 567033
 566992
 566920
 566865
 566748
 566735
 566712
 566637
 566549
 566517
 566357
 565867
 565733
 565682
 565664
 565644
 565597
 565397
 565326
 565217
 564969
 564890
 564584
 564545
 564302
 564279
 564068
 564011
 563917
 563880
 563875
 563832
 563760
 563704
 563687
 563591
 563557
 563492
 563419
 563383
 563355
 563163
 562995
 562808
 562661
 562655
 562577
 562540
 562446
 562402
 562339
 562251
 562148
 562042
 562023
 561925
 561783
 561743
 561668
 561569
 561251
 561093
 561030
 560936
 560912
 560527
 560307
 560255
 560204
 559971
 559917
 559880
 559841
 559761
 559725
 559628
 559605
 559593
 559532
 559352
 559278
 558889
 558514
 558440
 558374
 558369
 558219
 558195
 558171
 558088
 557858
 557708
 557650
 557357
 557251
 557219
 557026
 556807
 556704
 556543
 556413
 556240
 556203
 556194
 556185
 556184
 556172
 556106
 556104
 555952
 555821
 555724
 555701
 555691
 555555
 555427
 555371
 555346
 555322
 555237
 555117
 554833
 554768
 554755
 554608
 554498
 554323
 554099
 554021
 553936
 553779
 553672
 553646
 553537
 553293
 553083
 552971
 552948
 552853
 552769
 552732
 552713
 552529
 552483
 552286
 552263
 552238
 552180
 552102
 551996
 551858
 551832
 551724
 551366
 551141
 551131
 551080
 551072
 550945
 550938
 550904
 550808
 550600
 550596
 550577
 550483
 550351
 549966
 549927
 549658
 549648
 549617
 549563
 549396
 549152
 549121
 549058
 548911
 548790
 548787
 548647
 548588
 548547
 548518
 548493
 548428
 548391
 548387
 548376
 548295
 548266
 548148
 548106
 548029
 547971
 547969
 547704
 547672
 547587
 547534
 547528
 547506
 547499
 547484
 547398
 547364
 547292
 547056
 547029
 546881
 546879
 546862
 546768
 546741
 546635
 546371
 546333
 546260
 546207
 546085
 546042
 545886
 545872
 545787
 545660
 545659
 545404
 545347
 545251
 545039
 545023
 544864
 544731
 544642
 544596
 544527
 544463
 544441
 544422
 544368
 544333
 544295
 544282
 544119
 544011
 543915
 543467
 543441
 543390
 543318
 543307
 543267
 543190
 543080
 543005
 542915
 542890
 542826
 542652
 542642
 542629
 542615
 542509
 542448
 542316
 542282
 542168
 542135
 542127
 542034
 541920
 541871
 541696
 541689
 541677
 541676
 541439
 541304
 541271
 541228
 541109
 541047
 541037
 540935
 540781
 540629
 540598
 540521
 540500
 540488
 540327
 540284
 540196
 540142
 540124
 539860
 539660
 539617
 539604
 539446
 539317
 539285
 539208
 539150
 539104
 538878
 538845
 538730
 538724
 538548
 538547
 538467
 538273
 538260
 537976
 537933
 537834
 537815
 537675
 537552
 537493
 537492
 537432
 537334
 537067
 536990
 536766
 536764
 536673
 536585
 536368
 536347
 536313
 536208
 535922
 535894
 535846
 535557
 535023
 534860
 534728
 534653
 534600
 534562
 534546
 534515
 534381
 534361
 534299
 534273
 534186
 534142
 533833
 533705
 533468
 533371
 532830
 532762
 532725
 532677
 532199
 532130
 531951
 531726
 531540
 531499
 531411
 531367
 531362
 531355
 531261
 530974
 530901
 530781
 530655
 530558
 530505
 530244
 530239
 529428
 529417
 529372
 529182
 528913
 528814
 528704
 528654
 528641
 528624
 528558
 528556
 528289
 528177
 528082
 528036
 528025
 527808
 527704
 527642
 527627
 527583
 527425
 527218
 527153
 527105
 526995
 526846
 526826
 526763
 526682
 526640
 526461
 526439
 526305
 526226
 525856
 525819
 525623
 525599
 525551
 525529
 524973
 524840
 524822
 524694
 524648
 524581
 524535
 524380
 524334
 524205
 524002
 523971
 523969
 523719
 523511
 523475
 523178
 523168
 523125
 522927
 522636
 522627
 522615
 522572
 522497
 522419
 522392
 522248
 522178
 522157
 521889
 521865
 521815
 521757
 521743
 521503
 521468
 521367
 521126
 521103
 521016
 520977
 520787
 520483
 520430
 520374
 520079
 520033
 519982
 519851
 519837
 519809
 519783
 519779
 519432
 519229
 519209
 519117
 518887
 518630
 518618
 518617
 518613
 518593
 518565
 518483
 518293
 518280
 518113
 517995
 517844
 517781
 517775
 517707
 517654
 517480
 517365
 517312
 517280
 517275
 517214
 517060
 517046
 516883
 516876
 516755
 516717
 516509
 516304
 516216
 516129
 516027
 515921
 515809
 515792
 515759
 515492
 515469
 515354
 515340
 515007
 515002
 514834
 514785
 514483
 514246
 514165
 514114
 514054
 513851
 513781
 513730
 513574
 513553
 513264
 513118
 513013
 512949
 512732
 512623
 512036
 511930
 511916
 511896
 511831
 511824
 511752
 511580
 511326
 511323
 511030
 511024
 511007
 510960
 510934
 510819
 510771
 510681
 510641
 510630
 510329
 509971
 509822
 509685
 509631
 509591
 509418
 509381
 509357
 509347
 509266
 508987
 508972
 508915
 508850
 508808
 508652
 508572
 508530
 508462
 508424
 508361
 508348
 508324
 508274
 508210
 508196
 508025
 507920
 507905
 507851
 507790
 507678
 507423
 507265
 507198
 507183
 507165
 507163
 507128
 507031
 506878
 506858
 506627
 506615
 506600
 506564
 506555
 506464
 506415
 506334
 506123
 506091
 506087
 505915
 505889
 505778
 505727
 505711
 505667
 505585
 505572
 505427
 505363
 505281
 505136
 505091
 505041
 504990
 504986
 504981
 504918
 504753
 504365
 504347
 504331
 504247
 504174
 504165
 504153
 504109
 504092
 503968
 503843
 503740
 503709
 503601
 503544
 503378
 503311
 503261
 503116
 503047
 502876
 502567
 502544
 502518
 502399
 502148
 502062
 501886
 501736
 501735
 501479
 501392
 501303
 501057
 501024
 500984
 500831
 500703
 500605
 500392
 500338
 500307
 500085
 500039
 500000
 499931
 499767
 499670
 499661
 499127
 498973
 498755
 498670
 498599
 498126
 498078
 498074
 497777
 497704
 497658
 497557
 497255
 497224
 496931
 496812
 496789
 496712
 496498
 496431
 496294
 496271
 496038
 496012
 495992
 495988
 495757
 495659
 495586
 495395
 495007
 494662
 494657
 494630
 494599
 494581
 494579
 494576
 494274
 494262
 494216
 493981
 493926
 493894
 493841
 493835
 493539
 493513
 493408
 493367
 493314
 493090
 492899
 492894
 492680
 492662
 492632
 492093
 492052
 491948
 491887
 491864
 491781
 491696
 491622
 491611
 491415
 491390
 491162
 491143
 490980
 490959
 490917
 490848
 490806
 490639
 490580
 490466
 490315
 490242
 490078
 489893
 489858
 489838
 489763
 489722
 489662
 489623
 489582
 489315
 489204
 489151
 489057
 488836
 488740
 488620
 488613
 488574
 488510
 488495
 488217
 487969
 487961
 487912
 487838
 487793
 487743
 487731
 487704
 487481
 487041
 486930
 486524
 486486
 486344
 486298
 486250
 485926
 485764
 485682
 485679
 485661
 485551
 485513
 485192
 485178
 484744
 484735
 484598
 484525
 484501
 484432
 484228
 484178
 484146
 484060
 484003
 483809
 483792
 483564
 483489
 483455
 483373
 483371
 483089
 482862
 482828
 482802
 482789
 482758
 482712
 482326
 482309
 482293
 482252
 482033
 481838
 481809
 481576
 481551
 481481
 481318
 481310
 481112
 481092
 481051
 481043
 480917
 480817
 480710
 480685
 480662
 480620
 480475
 480096
 479999
 479965
 479948
 479755
 479728
 479701
 479589
 479503
 479384
 479352
 479284
 479271
 479266
 479129
 479127
 479124
 479122
 479067
 478782
 478742
 478645
 478625
 478543
 478488
 478362
 478340
 478290
 478238
 478173
 478150
 478123
 478049
 478048
 478036
 478019
 477705
 477578
 477518
 477475
 477446
 477405
 477369
 477205
 477028
 476956
 476786
 476749
 476658
 476602
 476454
 476389
 476323
 476190
 476037
 475895
 475893
 475581
 475524
 475505
 475331
 475311
 475220
 475200
 475084
 475065
 475022
 474936
 474922
 474644
 474617
 474599
 473868
 473680
 473615
 473489
 473293
 473113
 473087
 472971
 472904
 472868
 472859
 472856
 472795
 472706
 472495
 472485
 472418
 472328
 471990
 471930
 471825
 471694
 471644
 471539
 471491
 471396
 471378
 471348
 471261
 470764
 470556
 470501
 470413
 470402
 470137
 470013
 469965
 469907
 469867
 469736
 469335
 469076
 469064
 469046
 468970
 468925
 468661
 468545
 468399
 468377
 468284
 468155
 468139
 468103
 468036
 467889
 467879
 467181
 467052
 467030
 466956
 466933
 466844
 466816
 466643
 466517
 466473
 465989
 465801
 465772
 465733
 465694
 465684
 465649
 465603
 465597
 465430
 465413
 465368
 465294
 465234
 465023
 464966
 464871
 464829
 464720
 464664
 464599
 464541
 464454
 464426
 464414
 464362
 464356
 464345
 464240
 464138
 464085
 463889
 463742
 463705
 463656
 463647
 463509
 463465
 463368
 463019
 462995
 462905
 462824
 462802
 462709
 462278
 462168
 462102
 462084
 461994
 461900
 461859
 461858
 461666
 461538
 461413
 461202
 460976
 460642
 460357
 460321
 460296
 460207
 460205
 460108
 459972
 459910
 459856
 459772
 459646
 459587
 459414
 459353
 459290
 459254
 458888
 458841
 458837
 458741
 458702
 458401
 458212
 458178
 458123
 458005
 457842
 457841
 457801
 457797
 457327
 457249
 457080
 456736
 456657
 456647
 456618
 456585
 456551
 456510
 456284
 456140
 456044
 455937
 455919
 455793
 455724
 455714
 455711
 455550
 455523
 455470
 455337
 455216
 455103
 455045
 455033
 454966
 454908
 454833
 454794
 454775
 454774
 454752
 454574
 454562
 454506
 454449
 454360
 454336
 454302
 454289
 454249
 454217
 453900
 453835
 453791
 453623
 453557
 453390
 453387
 453372
 452997
 452768
 452599
 452544
 452524
 452503
 452497
 452319
 452296
 452279
 452222
 451881
 451851
 451823
 451805
 451728
 451690
 451683
 451653
 451612
 451564
 451541
 451137
 450910
 450856
 450676
 450665
 450605
 450567
 450431
 450388
 450127
 449948
 449936
 449934
 449812
 449733
 449474
 449328
 449169
 449106
 449055
 448648
 448487
 448366
 448202
 448155
 447991
 447924
 447880
 447847
 447724
 447548
 447390
 447370
 447220
 447216
 447018
 446823
 446795
 446715
 446668
 446557
 446518
 446511
 446388
 446366
 446307
 445865
 445680
 445556
 445546
 445542
 445292
 445287
 445192
 445075
 444975
 444855
 444832
 444670
 444634
 444578
 444555
 444444
 444372
 444183
 444168
 444149
 444054
 444017
 443976
 443939
 443877
 443829
 443808
 443752
 443575
 443537
 443477
 443078
 442970
 442922
 442910
 442780
 442572
 442547
 442531
 442395
 442275
 442088
 441964
 441801
 441756
 441679
 441638
 441558
 441469
 441409
 441392
 441388
 441327
 441264
 441240
 441081
 441033
 440880
 440848
 440654
 440589
 440493
 440286
 440246
 440209
 440031
 439834
 439741
 439723
 439504
 439306
 439162
 439009
 438931
 438777
 438763
 438709
 438573
 438356
 438279
 438225
 437958
 437835
 437734
 437639
 437575
 437363
 437242
 437236
 437200
 437056
 436910
 436904
 436730
 436671
 436652
 436589
 436538
 436498
 436369
 436347
 436205
 436110
 435869
 435854
 435534
 435154
 435095
 435081
 434894
 434856
 434846
 434782
 434765
 434600
 434503
 434405
 434293
 434283
 434229
 434164
 434133
 433942
 433852
 433493
 433451
 433388
 433362
 433333
 433047
 433034
 432969
 432900
 432786
 432648
 432432
 432271
 432090
 432068
 431924
 431724
 431715
 431606
 431484
 431301
 431093
 430809
 430769
 430745
 430592
 430468
 430402
 430335
 430303
 430278
 430214
 429988
 429689
 429443
 429333
 429314
 429201
 429074
 429048
 428610
 428438
 428399
 428395
 428302
 428160
 427964
 427944
 427921
 427735
 427446
 427438
 427409
 427273
 427184
 427128
 427013
 426888
 426790
 426732
 426690
 426647
 426559
 426525
 426514
 426352
 426297
 426101
 426049
 425995
 425945
 425938
 425918
 425758
 425692
 425653
 425567
 425409
 425383
 425368
 425203
 424648
 424521
 424493
 424298
 424279
 424193
 424124
 424067
 424013
 423989
 423777
 423763
 423725
 423660
 423595
 423529
 423429
 423248
 423017
 422916
 422861
 422773
 422681
 422645
 422613
 422323
 422217
 422185
 422091
 422015
 422009
 421686
 421359
 421252
 421184
 421001
 420979
 420928
 420920
 420898
 420780
 420507
 420452
 420282
 420240
 420217
 420143
 420101
 419943
 419636
 419354
 419041
 419038
 419014
 418994
 418911
 418814
 418778
 418447
 418430
 418407
 418344
 418112
 417873
 417753
 417700
 417628
 417522
 417428
 417427
 417425
 417365
 417218
 417197
 417085
 417048
 417018
 416797
 416729
 416721
 416678
 416575
 416332
 416058
 415976
 415971
 415538
 415452
 415450
 415402
 415302
 415075
 415042
 414965
 414943
 414903
 414822
 414690
 414440
 414318
 414289
 414209
 414201
 414191
 414105
 414090
 414043
 413968
 413954
 413915
 413873
 413853
 413840
 413779
 413735
 413546
 413351
 413326
 413294
 413061
 413057
 412814
 412698
 412679
 412645
 412607
 412432
 412199
 412186
 412143
 411996
 411913
 411560
 411410
 411374
 411353
 411282
 411241
 411192
 411159
 410989
 410914
 410901
 410823
 410803
 410731
 410656
 410482
 410480
 410095
 409817
 409708
 409480
 409338
 409287
 409193
 409141
 409028
 408882
 408871
 408464
 408406
 408340
 408302
 408237
 408226
 408125
 407973
 407942
 407904
 407813
 407766
 407679
 407668
 407652
 407575
 407163
 407079
 407032
 406858
 406844
 406770
 406761
 406562
 406484
 406408
 406341
 406292
 406224
 406058
 405971
 405904
 405822
 405752
 405682
 405587
 405405
 405213
 404911
 404834
 404833
 404742
 404644
 404614
 404396
 404329
 404295
 404138
 403865
 403731
 403486
 403475
 403424
 402965
 402661
 402277
 402126
 402122
 402110
 402066
 401872
 401863
 401823
 401814
 401628
 401626
 401391
 401302
 401242
 401206
 401118
 400966
 400886
 400885
 400791
 400699
 400678
 400666
 400376
 400302
 400114
 400067
 399999
 399896
 399564
 399515
 399354
 399329
 399266
 399125
 399071
 398980
 398925
 398783
 398735
 398627
 398588
 398559
 398437
 398410
 398373
 398276
 398086
 398009
 397941
 397853
 397589
 397372
 397169
 397147
 397092
 397051
 397020
 396930
 396866
 396846
 396662
 396518
 396472
 396242
 396083
 395964
 395645
 395499
 395366
 395210
 395196
 395148
 394998
 394975
 394692
 394578
 394577
 394463
 394449
 394369
 394196
 394192
 393942
 393873
 393811
 393743
 393719
 393607
 393552
 393543
 393377
 393316
 392907
 392733
 392541
 392445
 392362
 392299
 392297
 392279
 392065
 392034
 391999
 391983
 391797
 391737
 391688
 391603
 391304
 391300
 391277
 391130
 391011
 390987
 390980
 390961
 390909
 390882
 390793
 390668
 390631
 390491
 390417
 390374
 390281
 390101
 390042
 389896
 389822
 389727
 389623
 389584
 389578
 389465
 389459
 389365
 389312
 389288
 389247
 389050
 388938
 388892
 388870
 388785
 388769
 388748
 388710
 388692
 388460
 388440
 388320
 388114
 387851
 387596
 387586
 387344
 387339
 387293
 387229
 386840
 386618
 386525
 386398
 386388
 386298
 386161
 386156
 386138
 386080
 386018
 385964
 385882
 385652
 385453
 385444
 385207
 385042
 384891
 384823
 384767
 384731
 384670
 384615
 384478
 384383
 384298
 384285
 384118
 383993
 383812
 383743
 383615
 383521
 383299
 383199
 383103
 382972
 382746
 382668
 382368
 382322
 382274
 382145
 382135
 382113
 381770
 381680
 381601
 381527
 381276
 381247
 381205
 380983
 380924
 380894
 380632
 380484
 380471
 380425
 380401
 380368
 380294
 380131
 380102
 380097
 380029
 379997
 379989
 379803
 379757
 379752
 379736
 379572
 379552
 379538
 379329
 379255
 379088
 378915
 378855
 378676
 378571
 378378
 378290
 378230
 378104
 377952
 377894
 377728
 377700
 377628
 377606
 377602
 377529
 377317
 377275
 377195
 376770
 376586
 376528
 376481
 376450
 376349
 376290
 376000
 375683
 375558
 375356
 375289
 375174
 374891
 374870
 374853
 374759
 374565
 374462
 374429
 374401
 374321
 374294
 374263
 373979
 373743
 373720
 373705
 373356
 373329
 373038
 372717
 372561
 372424
 372040
 372013
 371818
 371728
 371696
 371618
 371572
 371558
 371352
 371087
 371074
 370964
 370868
 370672
 370567
 370467
 370426
 370412
 370277
 370271
 370075
 370049
 370018
 369761
 369682
 369639
 369632
 369531
 369513
 369481
 369412
 369344
 369325
 369061
 368774
 368724
 368700
 368598
 368567
 368477
 368435
 368393
 368388
 368324
 368220
 368195
 368163
 368097
 368017
 367775
 367748
 367699
 367632
 367579
 367577
 367528
 367391
 367270
 367268
 367191
 367108
 367054
 366958
 366856
 366555
 366549
 366475
 366373
 366336
 366158
 366037
 365996
 365962
 365959
 365859
 365853
 365771
 365644
 365466
 365256
 365187
 365165
 365044
 365039
 364956
 364893
 364859
 364857
 364824
 364781
 364779
 364320
 364317
 364294
 364199
 364145
 364127
 363959
 363493
 363030
 362713
 362598
 362595
 362526
 362499
 362445
 362388
 362318
 362246
 362239
 362229
 362189
 362139
 361950
 361905
 361895
 361889
 361875
 361686
 361610
 361581
 361528
 361410
 361113
 361069
 361063
 360836
 360765
 360651
 360646
 360624
 360511
 360390
 360288
 360207
 360084
 360032
 359930
 359781
 359765
 359702
 359626
 359615
 359550
 359400
 359232
 359174
 359135
 359134
 358762
 358725
 358343
 358287
 358258
 357937
 357918
 357894
 357556
 357481
 357097
 356976
 356780
 356730
 356505
 356482
 356426
 356355
 356321
 356310
 356244
 356240
 356107
 356076
 355866
 355851
 355768
 355711
 355657
 355643
 355468
 355241
 354948
 354942
 354625
 354509
 354497
 354204
 354193
 353768
 353733
 353443
 353357
 353312
 353232
 353172
 353128
 353097
 352874
 352799
 352777
 352638
 352392
 352253
 352223
 352111
 352033
 351984
 351793
 351715
 351609
 351589
 351533
 351435
 351205
 351176
 350804
 350800
 350588
 350299
 350289
 350225
 350202
 350176
 350127
 350093
 350026
 349911
 349859
 349763
 349626
 349552
 349457
 349428
 349427
 349143
 349030
 349001
 348999
 348837
 348713
 348596
 348532
 348392
 348355
 348330
 348079
 348069
 347871
 347826
 347560
 347514
 347436
 347377
 347190
 347169
 347053
 346733
 346409
 346362
 346299
 346282
 346103
 346073
 346071
 345897
 345798
 345656
 345624
 345549
 345476
 345236
 345177
 345114
 345027
 344998
 344932
 344927
 344682
 344602
 344478
 344346
 344160
 344065
 344051
 343987
 343884
 343788
 343308
 343245
 343134
 342915
 342759
 342744
 342688
 342651
 342636
 342575
 342532
 342527
 342503
 342492
 342311
 342291
 342214
 342179
 342149
 341977
 341907
 341899
 341753
 341576
 341477
 341450
 341213
 341212
 341197
 341137
 341012
 340891
 340883
 340782
 340579
 340540
 340473
 340425
 340371
 340241
 340240
 340216
 340055
 339931
 339879
 339841
 339667
 339615
 339576
 339568
 339388
 339324
 339258
 339226
 338728
 338648
 338645
 338473
 338405
 338403
 338252
 338142
 338074
 338062
 337913
 337679
 337648
 337556
 337395
 337379
 337343
 337338
 337306
 337148
 336954
 336864
 336771
 336744
 336684
 336633
 336561
 336542
 336340
 336330
 336146
 336139
 336001
 335877
 335588
 335562
 335378
 335362
 335312
 335306
 335274
 335104
 334990
 334934
 334865
 334840
 334827
 334689
 334475
 334395
 334332
 334193
 334073
 333815
 333333
 333113
 333028
 332949
 332696
 332606
 332493
 332453
 332418
 332192
 332122
 332037
 331983
 331957
 331893
 331674
 331616
 331575
 331564
 331250
 331235
 331097
 330973
 330744
 330713
 330628
 330505
 330488
 330424
 330382
 330230
 330156
 330129
 330029
 329917
 329896
 329267
 329095
 329090
 329079
 329075
 328984
 328945
 328898
 328732
 328684
 328496
 328379
 328192
 328034
 328011
 327891
 327868
 327854
 327845
 327757
 327703
 327698
 327607
 327592
 327398
 327344
 327266
 326917
 326795
 326587
 326472
 326085
 326078
 326070
 325960
 325899
 325676
 325553
 325549
 325400
 325051
 325041
 324867
 324576
 324543
 324518
 324507
 324414
 324137
 324019
 324008
 323978
 323893
 323818
 323639
 323366
 323360
 323226
 323115
 322952
 322925
 322923
 322860
 322613
 322408
 322342
 322267
 322171
 321881
 321808
 321780
 321652
 321428
 321299
 321146
 321118
 320997
 320855
 320818
 320663
 320438
 320428
 320297
 320262
 320260
 320217
 319987
 319866
 319768
 319635
 319406
 319373
 318960
 318946
 318913
 318840
 318771
 318761
 318695
 318312
 317973
 317505
 317480
 317426
 317218
 317161
 316991
 316938
 316831
 316581
 316526
 316405
 316392
 316380
 316318
 316098
 316079
 316071
 316056
 315823
 315789
 315762
 315684
 315598
 315589
 315260
 314764
 314759
 314734
 314700
 314547
 314534
 314285
 314172
 313906
 313835
 313558
 313513
 313368
 313294
 313276
 313273
 313265
 313083
 313062
 312997
 312936
 312788
 312746
 312742
 312548
 312500
 312292
 312280
 312080
 311902
 311865
 311838
 311726
 311663
 311613
 311371
 311364
 311144
 310933
 310762
 310724
 310625
 310588
 310536
 310469
 310440
 310261
 310021
 310002
 309974
 309697
 309621
 309555
 309508
 309263
 309256
 309205
 309201
 309196
 309195
 309120
 308953
 308789
 308747
 308724
 308474
 308441
 308337
 308319
 308173
 308139
 308026
 307965
 307928
 307921
 307630
 307571
 307525
 307524
 307496
 307295
 307289
 307062
 306840
 306829
 306769
 306698
 306651
 306491
 306456
 306427
 306356
 306210
 306147
 306072
 306017
 306013
 305857
 305854
 305754
 305663
 305576
 305511
 305467
 305444
 305274
 305189
 305084
 304948
 304857
 304672
 304662
 304499
 304495
 304451
 304347
 304309
 304280
 304229
 304042
 304037
 304029
 303960
 303824
 303741
 303617
 303614
 303564
 303523
 303266
 302956
 302775
 302747
 302730
 302284
 302238
 302106
 301864
 301857
 301815
 301792
 301775
 301752
 301735
 301684
 301517
 301372
 301364
 300821
 300677
 300650
 300644
 300493
 300376
 300278
 300262
 300033
 299868
 299757
 299633
 299612
 299595
 299482
 299355
 299326
 299212
 299209
 299159
 299003
 298903
 298751
 298712
 298616
 298554
 298288
 298176
 298148
 297977
 297903
 297796
 297791
 297698
 297572
 297537
 297297
 297282
 297219
 296973
 296824
 296692
 296582
 296561
 296486
 296449
 296427
 296384
 296242
 295979
 295843
 295768
 295748
 295746
 295671
 295641
 295442
 295250
 295219
 295090
 295060
 294869
 294578
 294516
 294404
 294192
 294157
 294091
 294063
 293902
 293673
 293669
 293628
 293564
 293555
 293532
 293486
 293331
 293261
 293050
 293011
 292929
 292754
 292706
 292705
 292682
 292650
 292589
 292542
 292382
 292277
 292200
 291877
 291863
 291858
 291661
 291631
 291375
 291361
 291357
 291293
 290870
 290761
 290709
 290672
 290570
 290373
 290210
 290205
 290048
 289879
 289729
 289615
 289573
 289379
 289352
 289349
 289338
 289320
 289131
 289054
 288796
 288727
 288712
 288702
 288656
 288579
 288535
 288515
 288397
 288311
 288139
 288044
 287980
 287889
 287799
 287454
 287212
 287198
 286852
 286755
 286709
 286665
 286549
 286245
 286211
 286183
 286130
 286002
 285897
 285808
 285714
 285422
 284907
 284864
 284811
 284768
 284671
 284573
 284485
 284412
 284368
 284361
 284335
 284153
 284124
 284057
 284008
 283916
 283711
 283688
 283658
 283631
 283590
 283582
 283529
 283491
 283451
 283386
 283261
 283179
 283057
 283045
 282903
 282828
 282554
 282469
 282420
 282077
 281756
 281455
 281337
 281263
 281206
 281074
 280811
 280675
 280590
 280397
 280315
 280202
 280188
 280144
 280030
 279887
 279781
 279707
 279661
 279290
 279278
 279265
 279193
 279092
 279038
 278893
 278806
 278669
 278668
 278453
 278145
 278126
 278061
 278019
 277983
 277980
 277935
 277911
 277879
 277629
 277467
 277381
 277377
 277364
 277304
 277299
 277247
 277044
 276882
 276751
 276703
 276419
 276098
 276079
 276026
 275977
 275823
 275785
 275671
 275627
 275608
 275530
 275529
 275515
 275415
 275237
 275139
 274911
 274845
 274806
 274764
 274584
 274426
 274285
 274178
 274132
 273795
 273595
 273495
 273367
 273279
 273250
 273016
 272891
 272873
 272727
 272568
 272410
 272298
 272281
 272251
 272128
 272080
 272010
 272005
 271778
 271742
 271697
 271691
 271559
 271442
 271334
 271247
 271237
 271130
 270920
 270879
 270806
 270723
 270408
 270395
 270369
 270349
 270348
 270156
 270144
 269788
 269580
 269396
 269269
 269225
 269166
 269087
 269068
 268978
 268905
 268771
 268735
 268716
 268570
 268569
 268568
 268520
 268412
 267944
 267809
 267783
 267602
 267580
 267356
 267329
 267326
 267217
 267205
 267150
 267088
 267083
 266983
 266672
 266666
 266555
 266388
 266186
 266145
 266021
 265971
 265632
 265629
 265307
 265244
 265043
 265019
 264957
 264951
 264853
 264787
 264550
 264367
 264233
 264098
 264081
 264041
 263489
 263437
 263346
 263225
 263216
 263180
 262967
 262926
 262798
 262750
 262740
 262625
 262510
 262303
 262302
 262171
 261991
 261425
 261408
 261247
 261227
 261210
 261025
 260985
 260929
 260923
 260869
 260812
 260794
 260670
 260657
 260569
 260437
 260434
 260359
 260252
 260205
 259745
 259725
 259679
 259628
 259444
 259408
 259374
 259336
 259192
 258990
 258958
 258730
 258715
 258628
 258596
 258532
 258524
 258495
 258444
 258434
 258410
 258315
 258090
 258064
 257861
 257801
 257694
 257602
 257577
 257324
 257275
 257157
 256880
 256873
 256852
 256419
 256360
 256297
 256168
 255964
 255956
 255926
 255870
 255813
 255726
 255670
 255583
 255522
 255461
 255369
 255213
 255178
 255156
 255135
 255116
 255076
 255014
 254971
 254923
 254808
 254739
 254716
 254666
 254661
 254507
 254441
 254370
 254348
 254148
 254143
 253807
 253740
 253676
 253521
 253499
 253387
 253359
 253314
 253258
 253126
 252913
 252828
 252763
 252706
 252702
 252631
 252441
 252304
 252262
 252193
 252098
 252037
 252007
 251770
 251767
 251764
 251732
 251641
 251160
 251156
 251101
 251042
 251038
 251020
 250905
 250896
 250770
 250732
 250672
 250605
 250456
 250358
 250064
 250000
 249959
 249911
 249899
 249679
 249593
 249498
 249338
 249252
 249149
 249148
 249098
 249058
 248695
 248491
 248394
 248381
 247931
 247525
 247436
 247344
 247324
 247266
 247211
 247191
 247131
 247016
 246814
 246558
 246535
 246471
 246430
 246322
 246309
 246215
 246185
 246111
 246006
 246005
 245953
 245692
 245577
 245563
 245379
 245226
 245194
 244853
 244639
 244343
 244155
 244154
 244123
 244113
 244081
 243912
 243697
 243691
 243596
 243321
 243312
 242762
 242307
 242196
 242146
 241881
 241809
 241673
 241659
 241574
 241473
 240970
 240802
 240680
 240651
 240638
 240611
 240341
 240295
 240185
 240158
 240147
 240115
 239999
 239891
 239874
 239830
 239709
 239561
 239557
 239543
 239436
 239345
 239302
 239263
 239115
 239057
 238698
 238572
 238554
 238469
 238447
 238425
 238395
 238382
 238220
 238157
 238031
 237891
 237731
 237718
 237455
 237437
 237413
 237167
 237042
 236980
 236972
 236751
 236522
 236500
 236474
 236453
 236390
 236276
 236036
 235707
 235668
 235533
 235412
 235022
 234946
 234929
 234928
 234802
 234331
 234305
 234258
 234053
 234002
 233883
 233674
 233663
 233639
 233625
 233604
 233548
 233457
 233398
 233357
 233128
 232967
 232938
 232808
 232801
 232797
 232609
 232586
 232445
 232380
 232277
 232238
 232108
 232056
 231871
 231844
 231810
 231678
 231665
 231595
 231350
 231133
 231065
 230744
 230732
 230729
 230466
 230323
 230319
 230257
 230107
 230049
 229935
 229895
 229835
 229814
 229779
 229609
 229263
 229061
 229025
 229021
 229019
 228981
 228962
 228864
 228860
 228786
 228571
 228549
 228491
 228313
 228231
 228176
 228149
 228062
 228018
 227988
 227843
 227613
 227553
 227426
 227220
 227132
 227075
 226996
 226988
 226733
 226649
 226631
 226484
 226446
 226361
 226207
 226181
 226156
 226146
 226133
 226127
 226112
 226034
 225922
 225919
 225831
 225829
 225750
 225652
 225626
 225584
 225468
 225342
 225297
 225289
 225197
 225172
 225171
 225139
 225080
 225071
 224946
 224874
 224489
 224469
 224443
 224387
 224265
 224229
 224154
 223957
 223950
 223796
 223786
 223658
 223643
 223590
 223556
 223505
 223476
 223312
 223300
 223198
 222680
 222334
 222090
 222087
 222054
 222045
 222009
 221958
 221935
 221852
 221811
 221746
 221732
 221498
 221453
 221256
 221228
 221108
 221094
 220603
 220316
 220300
 220272
 220269
 220200
 220088
 220087
 219999
 219808
 219650
 219646
 219610
 219567
 219528
 219373
 219313
 219310
 219114
 218954
 218878
 218697
 218547
 218479
 218463
 218461
 218435
 218344
 218268
 218258
 217954
 217861
 217689
 217680
 217588
 217502
 217260
 217142
 217132
 217008
 216575
 216554
 216508
 216506
 216494
 216343
 216298
 216216
 216207
 216161
 216144
 216137
 216061
 215695
 215674
 214995
 214975
 214962
 214894
 214831
 214786
 214655
 214619
 214532
 214529
 214414
 214316
 214285
 214250
 214239
 214150
 214010
 213966
 213905
 213890
 213875
 213746
 213687
 213680
 213646
 213614
 213598
 213596
 213576
 213504
 213499
 213361
 213256
 213246
 213197
 213069
 212977
 212588
 212555
 212425
 212146
 212061
 211930
 211859
 211762
 211750
 211678
 211660
 211637
 211517
 211359
 211131
 210879
 210598
 210526
 210477
 210268
 210033
 209988
 209944
 209678
 209550
 209261
 209040
 209014
 208932
 208770
 208700
 208674
 208510
 208466
 208404
 208353
 208153
 208025
 208023
 207919
 207860
 207804
 207759
 207670
 207650
 207641
 207594
 207540
 207519
 207493
 207319
 207232
 207222
 207153
 207130
 207096
 207058
 207039
 206977
 206967
 206912
 206417
 206343
 206300
 206292
 206146
 206130
 206128
 206098
 206090
 206008
 205927
 205865
 205852
 205827
 205708
 205553
 205427
 205418
 205372
 205347
 205104
 204857
 204839
 204633
 204586
 204476
 204330
 204313
 204282
 204227
 204162
 204031
 204021
 204013
 203931
 203922
 203843
 203595
 203544
 203523
 203466
 203280
 203190
 203164
 203137
 203040
 202677
 202613
 202504
 202432
 202421
 202285
 202238
 202190
 202075
 202030
 201961
 201928
 201430
 201261
 201147
 201020
 200881
 200785
 200725
 200682
 200639
 200419
 200400
 200336
 200203
 200000
 199969
 199490
 199437
 199312
 199222
 199134
 199110
 198952
 198790
 198751
 198728
 198610
 198524
 198512
 198507
 198493
 198355
 198199
 198162
 198071
 198058
 197938
 197798
 197743
 197645
 197586
 197431
 197317
 197211
 197174
 197128
 197087
 197034
 196949
 196870
 196739
 196706
 196578
 196442
 196304
 196228
 196168
 195871
 195857
 195838
 195694
 195521
 195486
 195472
 195380
 195297
 195201
 195128
 195121
 194885
 194882
 194783
 194630
 194444
 194424
 194255
 194200
 194112
 194100
 194026
 193727
 193712
 193653
 193607
 193516
 193442
 193381
 193362
 193000
 192992
 192474
 192244
 192182
 191966
 191896
 191844
 191795
 191671
 191668
 191546
 191512
 191503
 191495
 191352
 191198
 191169
 191110
 191054
 190907
 190891
 190867
 190819
 190818
 190590
 190581
 190518
 190341
 190334
 190265
 190232
 190231
 190141
 189967
 189944
 189832
 189806
 189760
 189711
 189639
 189611
 189382
 189358
 189353
 189303
 189249
 189223
 189185
 189119
 188948
 188942
 188841
 188834
 188328
 188292
 188118
 188098
 188094
 188055
 188020
 188000
 187896
 187878
 187806
 187783
 187465
 187455
 187407
 187393
 187387
 187162
 187096
 187063
 186932
 186755
 186628
 186608
 186602
 186475
 186346
 186264
 186113
 186072
 186046
 185982
 185971
 185899
 185857
 185811
 185716
 185526
 185439
 185313
 185229
 185190
 184911
 184886
 184691
 184653
 184598
 184539
 184447
 184382
 184365
 184253
 184046
 183754
 183750
 183673
 183535
 183427
 183414
 183381
 183307
 183114
 183082
 183063
 183031
 183007
 182868
 182783
 182771
 182454
 182406
 182361
 182156
 182102
 182072
 182051
 181889
 181584
 181574
 181560
 181520
 181232
 181106
 181099
 181044
 180662
 180654
 180605
 180536
 180436
 180350
 180347
 180327
 180298
 180145
 180057
 179972
 179923
 179890
 179807
 179804
 179771
 179710
 179697
 179676
 179437
 179433
 179245
 179239
 179207
 179126
 179022
 179003
 178962
 178715
 178694
 178547
 178019
 177922
 177846
 177833
 177724
 177707
 177640
 177541
 177498
 177474
 177470
 177439
 177396
 177276
 177047
 176926
 176885
 176745
 176612
 176587
 176521
 176433
 176273
 176252
 176230
 176169
 176095
 176001
 176000
 175972
 175938
 175770
 175675
 175283
 175228
 175182
 175154
 175147
 174994
 174943
 174927
 174886
 174866
 174856
 174513
 174360
 174283
 173989
 173913
 173820
 173729
 173590
 173586
 173584
 173462
 173455
 173298
 173249
 173161
 172978
 172913
 172834
 172781
 172769
 172751
 172730
 172706
 172659
 172617
 172404
 172395
 172361
 172278
 172166
 172110
 172071
 171919
 171883
 171870
 171803
 171733
 171684
 171644
 171507
 171473
 171328
 171132
 171122
 171094
 170731
 170661
 170619
 170618
 170456
 170441
 170417
 170345
 170253
 170128
 170122
 169934
 169907
 169811
 169369
 169368
 169340
 169282
 169265
 169264
 168960
 168865
 168729
 168492
 168484
 168404
 168308
 168211
 168151
 167841
 167573
 167527
 167424
 167354
 167314
 167197
 167196
 167144
 167130
 166948
 166683
 166438
 166425
 166288
 166251
 166225
 166154
 166107
 165927
 165753
 165689
 165626
 165570
 165562
 165269
 165171
 165011
 164967
 164788
 164768
 164494
 164483
 164456
 164398
 164345
 164282
 164235
 164180
 164113
 163498
 163268
 163187
 163073
 163050
 163042
 163041
 162900
 162740
 162731
 162695
 162650
 162649
 162526
 162475
 162262
 162255
 162217
 161885
 161850
 161849
 161741
 161616
 161510
 161406
 161262
 161116
 160935
 160853
 160711
 160686
 160329
 160082
 160000
 159830
 159798
 159644
 159558
 159491
 159345
 159243
 159231
 159048
 158884
 158878
 158857
 158844
 158667
 158546
 158478
 158324
 158194
 158150
 157970
 157961
 157842
 157828
 157773
 157772
 157769
 157540
 157313
 157235
 157190
 157134
 157113
 157068
 157018
 157011
 156880
 156626
 156422
 156419
 156192
 156185
 156095
 155738
 155580
 155435
 155251
 155085
 155059
 155018
 154999
 154869
 154771
 154746
 154713
 154687
 154516
 154504
 154409
 154352
 154011
 153846
 153784
 153752
 153750
 153647
 153593
 153552
 153496
 153493
 153331
 153310
 153226
 153153
 153059
 153025
 152975
 152766
 152663
 152590
 152104
 152103
 152037
 151939
 151861
 151737
 151615
 151517
 151425
 151420
 151391
 151338
 151177
 151031
 150841
 150779
 150747
 150692
 150393
 150178
 150126
 150103
 149886
 149852
 149822
 149753
 149672
 149581
 149547
 149488
 149296
 149165
 148951
 148742
 148741
 148714
 148695
 148608
 148466
 148413
 148397
 148315
 148263
 148121
 148089
 147983
 147948
 147868
 147787
 147537
 147416
 147332
 147284
 147138
 147131
 147058
 146812
 146788
 146752
 146668
 146628
 146608
 146604
 146603
 146407
 146355
 145913
 145902
 145878
 145770
 145676
 145548
 145480
 145438
 145322
 145173
 145009
 144873
 144817
 144412
 144200
 144104
 143851
 143705
 143494
 143280
 143194
 143140
 142943
 142913
 142857
 142813
 142735
 142436
 142299
 142188
 142030
 141685
 141671
 141604
 141538
 141518
 141429
 141414
 141263
 141208
 141030
 140979
 140933
 140881
 140866
 140760
 140625
 140454
 140402
 140336
 139788
 139656
 139640
 139544
 139367
 139341
 139263
 139211
 139167
 139165
 139126
 139089
 139066
 139051
 138902
 138886
 138813
 138712
 138702
 138642
 138519
 138427
 138400
 138339
 138291
 138255
 138163
 138154
 137989
 137965
 137432
 137382
 137301
 137184
 137176
 137147
 137005
 136918
 136741
 136695
 136688
 136483
 136381
 136288
 136259
 136230
 136111
 136042
 135902
 135884
 135630
 135617
 135564
 135287
 135281
 135053
 135027
 135001
 134802
 134769
 134760
 134687
 134680
 134575
 134515
 134354
 134259
 134106
 133984
 133939
 133928
 133759
 133451
 133419
 133333
 133292
 133128
 133109
 132818
 132738
 132732
 132611
 132605
 132603
 132518
 132193
 132171
 131825
 131748
 131618
 131378
 131353
 131199
 130577
 130398
 130353
 130344
 130272
 130271
 130221
 130178
 130148
 129996
 129961
 129764
 129496
 129077
 129047
 129009
 128662
 128639
 128503
 128459
 128141
 128132
 128035
 127999
 127996
 127842
 127792
 127536
 127453
 127343
 127243
 126984
 126958
 126855
 126839
 126832
 126686
 126576
 126566
 126491
 125890
 125675
 125582
 125553
 125500
 125255
 125173
 124916
 124869
 124774
 124705
 124406
 124261
 124223
 124139
 123911
 123811
 123576
 123423
 123357
 123227
 123076
 122961
 122917
 122417
 122342
 122295
 122244
 122178
 122055
 121932
 121810
 121599
 121515
 121311
 121293
 121274
 121063
 121039
 120893
 120853
 120831
 120773
 120762
 120735
 120701
 120259
 120066
 120052
 119999
 119780
 119690
 119537
 119465
 119143
 118553
 118544
 118521
 118505
 118253
 118076
 118066
 118003
 117981
 117966
 117815
 117713
 117706
 117483
 117331
 117256
 117178
 116911
 116885
 116852
 116809
 116521
 116328
 116282
 116261
 116178
 116099
 115871
 115687
 115615
 115575
 115558
 115537
 115267
 115140
 115000
 114952
 114934
 114896
 114746
 114672
 114648
 114620
 114603
 114552
 114414
 114346
 114117
 113924
 113890
 113799
 113768
 113704
 113622
 113475
 113370
 113309
 113246
 113159
 112955
 112905
 112887
 112883
 112856
 112655
 112449
 112173
 112164
 112150
 111999
 111997
 111955
 111944
 111864
 111653
 111541
 111371
 111320
 111253
 111111
 111061
 110736
 110456
 110128
 110017
 109905
 109882
 109853
 109845
 109772
 109677
 109651
 109498
 109216
 109123
 109076
 108999
 108780
 108702
 108553
 108494
 108108
 107949
 107919
 107896
 107784
 107763
 107725
 107506
 107225
 107177
 107069
 107006
 106985
 106843
 106620
 106601
 106518
 106361
 106298
 106269
 106194
 106084
 106060
 106002
 105916
 105858
 105842
 105559
 105550
 105399
 105202
 105179
 104812
 104780
 104751
 104742
 104695
 104652
 104642
 104533
 104421
 104401
 104320
 104294
 103811
 103769
 103657
 103437
 103139
 103078
 103075
 102931
 102915
 102778
 102744
 102493
 102267
 102150
 102148
 101908
 101858
 101704
 101659
 101656
 101602
 101513
 101330
 101242
 101157
 101102
 100955
 100778
 100558
 100551
 100472
 100346
 100120
 100000
 99973
 99858
 99855
 99824
 99721
 99622
 99485
 99352
 99118
 99101
 98867
 98712
 98634
 98584
 98536
 98420
 98314
 98288
 98202
 98145
 97913
 97893
 97889
 97847
 97681
 97650
 97571
 97558
 97546
 97522
 97484
 97427
 97371
 97238
 97141
 97103
 96808
 96802
 96790
 96705
 96692
 96617
 96515
 96491
 96479
 96452
 96447
 96378
 96254
 96195
 96187
 96121
 96018
 95762
 95708
 95681
 95580
 95558
 95515
 95322
 95238
 95174
 95084
 95043
 94995
 94876
 94818
 94750
 94660
 94638
 94563
 94380
 94035
 93944
 93942
 93855
 93844
 93500
 93407
 93324
 93187
 93145
 92940
 92912
 92805
 92651
 92436
 92401
 92345
 92315
 92269
 92117
 92077
 91944
 91843
 91804
 91764
 91587
 91527
 91507
 91257
 91181
 91173
 91027
 90934
 90909
 90865
 90757
 90719
 90446
 90352
 90309
 90165
 90145
 90012
 89906
 89663
 89517
 88639
 88149
 88050
 87974
 87969
 87907
 87872
 87865
 87819
 87791
 87787
 87674
 87436
 87417
 87248
 87227
 86956
 86705
 86688
 86639
 86517
 86495
 86431
 86340
 86231
 86153
 86053
 86010
 85936
 85850
 85782
 85581
 85550
 85427
 85300
 85299
 84764
 84519
 84507
 84462
 84331
 84155
 83997
 83837
 83754
 83741
 83554
 83142
 83029
 83018
 82694
 82184
 82007
 81992
 81962
 81928
 81847
 81657
 81629
 81028
 80943
 80782
 80778
 80763
 80564
 80556
 80376
 80129
 80113
 80055
 80006
 79541
 79389
 79365
 79145
 79093
 79063
 79022
 78910
 78740
 78651
 78636
 78490
 78470
 78459
 78311
 78270
 78255
 78228
 78075
 78043
 77950
 77836
 77739
 77642
 77599
 77515
 77398
 77372
 77362
 77315
 77240
 77223
 77209
 77099
 77087
 76990
 76826
 76801
 76788
 76757
 76687
 76617
 76493
 76435
 76317
 76178
 76152
 76100
 76010
 76004
 75949
 75833
 75829
 75785
 75751
 75728
 75695
 75544
 75494
 75452
 75375
 75374
 75314
 75265
 75229
 75098
 75036
 75006
 74818
 74771
 74732
 74712
 74563
 74504
 74456
 74359
 74358
 74148
 74123
 74074
 74009
 73628
 73604
 73497
 73218
 73217
 73162
 73123
 73069
 72894
 72827
 72787
 72686
 72623
 71938
 71924
 71880
 71738
 71684
 71490
 71451
 71226
 71095
 71074
 70975
 70921
 70902
 70843
 70828
 70701
 70597
 70557
 69834
 69828
 69725
 69710
 69674
 69510
 69491
 69444
 69371
 69069
 68997
 68922
 68778
 68748
 68729
 68684
 68568
 68563
 68376
 68119
 68033
 68004
 67998
 67848
 67812
 67752
 67668
 67645
 67526
 67506
 67489
 67424
 67389
 67159
 67131
 67105
 66965
 66898
 66862
 66817
 66666
 66614
 66478
 66406
 66383
 66314
 66149
 66147
 66143
 66031
 65826
 65781
 65737
 65664
 65605
 65481
 65330
 65292
 65201
 64957
 64950
 64944
 64938
 64935
 64663
 64637
 64617
 64541
 64439
 64426
 64388
 64220
 63886
 63501
 63444
 63246
 63168
 63122
 62992
 62594
 62500
 62491
 62399
 62354
 62140
 62135
 62106
 61919
 61917
 61907
 61809
 61738
 61594
 61571
 61540
 61500
 61488
 61193
 61122
 61072
 61068
 60779
 60651
 60606
 60586
 60464
 60389
 60349
 60336
 60253
 60217
 60014
 59785
 59665
 59661
 59565
 59543
 59463
 59350
 59226
 59159
 58848
 58823
 58522
 58387
 58214
 58192
 58153
 58010
 57977
 57793
 57734
 57728
 57592
 57546
 57394
 57344
 57071
 57031
 56919
 56897
 56779
 56706
 56673
 56486
 56446
 56285
 55762
 55758
 55609
 55573
 55555
 55546
 55545
 55410
 55353
 55343
 55087
 55080
 55057
 54981
 54944
 54879
 54835
 54639
 54533
 54527
 54514
 54475
 54441
 54337
 53924
 53836
 53807
 53712
 53373
 53317
 53262
 52943
 52924
 52910
 52425
 52404
 52378
 52125
 51924
 51780
 51744
 51632
 51618
 51440
 51305
 51274
 51204
 51147
 51016
 50847
 50673
 50672
 50662
 50648
 50477
 50453
 50414
 50255
 50081
 49911
 49844
 49696
 49630
 49572
 49475
 49405
 49185
 49146
 49054
 49012
 48816
 48617
 48603
 48548
 48429
 48265
 48194
 48165
 48109
 47920
 47536
 47535
 47431
 47376
 47244
 47174
 47062
 47006
 47005
 46723
 46714
 46692
 46477
 46475
 46059
 45968
 45901
 45629
 45529
 45457
 45381
 45325
 45267
 45016
 44840
 44733
 44722
 44682
 44631
 44555
 44527
 44500
 44351
 44284
 44213
 44154
 44105
 44069
 44053
 43966
 43833
 43762
 43570
 43546
 43489
 43478
 43463
 43405
 43321
 43305
 43268
 43258
 43089
 42907
 42875
 42831
 42774
 42634
 42237
 42209
 42199
 42031
 42016
 42006
 41625
 41394
 41236
 40989
 40918
 40816
 40765
 40705
 40567
 40395
 40292
 40268
 40180
 40123
 40108
 40031
 40000
 39869
 39774
 39705
 39704
 39676
 39603
 39467
 39456
 39435
 39336
 39255
 39250
 39146
 39119
 38933
 38841
 38806
 38564
 38503
 38428
 38412
 38367
 38339
 38128
 38102
 38074
 38002
 37959
 37766
 37714
 37564
 37344
 37110
 37066
 37055
 37024
 36988
 36962
 36904
 36882
 36866
 36450
 36402
 36310
 36232
 35889
 35419
 35232
 34970
 34844
 34810
 34755
 34746
 34697
 34640
 34552
 34471
 34334
 34298
 34231
 34045
 33990
 33929
 33862
 33819
 33707
 33648
 33454
 33413
 33350
 33300
 33181
 33146
 32933
 32921
 32913
 32679
 32576
 32569
 32454
 32360
 32337
 32258
 32185
 32153
 32085
 31899
 31806
 31721
 31662
 31567
 31466
 31434
 31362
 31168
 31131
 31118
 31052
 30893
 30769
 30766
 30742
 30724
 30712
 30711
 30699
 30689
 30651
 30616
 30573
 30568
 30499
 30362
 30248
 29911
 29771
 29678
 29345
 29216
 29195
 29180
 29141
 28987
 28938
 28790
 28636
 28547
 28410
 28268
 28238
 28070
 27799
 27666
 27645
 27576
 27525
 27507
 27208
 27054
 26991
 26853
 26813
 26774
 26650
 26607
 26584
 26568
 26416
 26362
 26310
 26132
 26123
 26063
 26017
 25927
 25827
 25675
 25599
 25596
 25591
 25581
 25505
 25244
 24938
 24799
 24756
 24644
 24536
 24514
 24297
 24271
 24105
 23993
 23913
 23904
 23865
 23799
 23777
 23751
 23704
 23567
 23255
 23137
 23012
 22993
 22908
 22841
 22653
 22532
 22385
 22383
 22349
 22205
 22056
 22050
 22038
 21876
 21819
 21816
 21806
 21777
 21762
 21732
 21729
 21659
 21638
 21576
 21562
 21542
 21436
 21381
 21316
 21183
 21097
 21050
 20989
 20825
 20783
 20527
 20452
 20141
 20090
 19976
 19974
 19917
 19837
 19708
 19661
 19605
 19458
 19062
 19054
 18871
 18823
 18511
 18315
 18106
 17766
 17729
 17705
 17666
 17576
 17425
 17389
 17340
 16878
 16728
 16668
 16414
 16376
 16367
 16327
 16277
 16140
 15965
 15960
 15748
 15722
 15161
 15071
 14987
 14940
 14858
 14745
 14487
 14468
 14194
 14090
 14049
 14027
 13864
 13816
 13800
 13794
 13698
 13589
 13565
 13561
 13446
 13426
 13395
 13345
 13258
 13215
 13116
 13061
 12808
 12495
 12345
 12010
 11536
 11516
 11446
 11345
 11178
 11119
 10773
 10525
 10445
 10231
 10220
 10161
 9942
 9925
 9855
 9838
 9723
 9708
 9700
 9689
 9386
 9351
 9255
 9219
 9150
 9085
 9063
 8829
 8799
 8694
 8624
 8524
 8076
 8060
 8034
 8009
 7965
 7852
 7682
 7649
 7639
 7476
 7456
 7450
 7411
 7293
 7176
 7021
 6426
 6319
 6306
 6246
 6188
 6182
 6000
 5914
 5871
 5604
 5594
 5386
 5380
 5302
 5205
 5110
 5062
 5042
 4956
 4761
 4757
 4623
 4582
 4511
 4416
 4414
 4358
 4349
 4305
 4281
 4010
 3993
 3906
 3881
 3775
 3735
 3613
 3598
 3376
 2992
 2932
 2820
 2795
 2716
 2702
 2575
 2510
 2473
 2438
 2437
 2370
 2345
 2237
 2157
 2148
 2129
 1989
 1864
 1786
 1745
 1631
 1268
 1248
 1246
 994
 920
 832
 791
 765
 573
 565
 490
 453
 387
 323
 245
 147
 100
 0
 