999877
 999747
 999432
 999307
 999286
 999198
 999067
 998875
 998867
 998763
 998411
 998358
 998226
 998127
 998060
 997906
 997731
 997626
 997546
 997428
 997313
 997304
 997294
 997167
 997096
 996966
 996927
 996833
 996794
 996742
 996739
 996734
 996727
 996707
 996619
 996364
 996320
 996306
 996273
 996139
 996095
 996068
 995987
 995975
 995411
 995331
 995161
 995096
 994941
 994826
 994783
 994778
 994468
 994277
 994153
 994126
 994110
 994048
 994037
 993920
 993849
 993671
 993543
 993504
 993455
 993317
 993224
 993199
 993125
 993093
 992922
 992880
 992662
 992582
 992575
 992554
 992507
 992469
 992295
 992185
 991998
 991983
 991894
 991771
 991685
 991617
 991347
 991333
 991311
 990849
 990838
 990810
 990727
 990700
 990675
 990662
 990564
 990548
 990459
 990413
 990184
 990000
 989991
 989956
 989868
 989752
 989726
 989641
 989630
 989489
 989335
 989135
 989099
 989059
 988954
 988747
 988707
 988450
 988447
 988364
 987957
 987908
 987845
 987768
 987482
 987275
 987219
 987099
 987054
 986960
 986869
 986706
 986533
 986479
 986439
 986432
 986046
 986027
 985932
 985917
 985904
 985873
 985831
 985758
 985330
 985131
 985128
 985126
 985091
 985057
 984891
 984848
 984753
 984641
 984547
 984358
 984218
 984126
 984011
 983957
 983873
 983825
 983796
 983571
 983389
 983331
 983299
 983043
 982920
 982902
 982893
 982836
 982834
 982767
 982617
 982521
 982460
 982310
 982283
 982165
 981990
 981748
 981719
 981647
 981607
 981598
 981581
 981445
 981407
 981284
 981233
 981144
 981055
 980936
 980883
 980767
 980703
 980475
 980406
 980353
 980312
 979919
 979668
 979635
 979591
 979426
 979251
 979129
 979077
 979034
 979022
 978947
 978930
 978884
 978700
 978686
 978678
 978586
 978521
 978482
 978429
 978264
 977884
 977875
 977769
 977628
 977442
 977019
 976863
 976839
 976812
 976758
 976699
 976630
 976604
 976521
 976506
 976335
 976228
 976121
 976090
 976057
 975969
 975577
 975574
 975330
 975273
 975261
 975048
 974942
 974656
 974558
 974545
 974513
 974236
 974184
 974037
 973880
 973625
 973489
 973388
 973284
 973221
 973204
 973082
 973056
 972694
 972677
 972592
 972515
 972486
 972326
 972298
 972001
 971851
 971848
 971773
 971738
 971573
 971298
 971130
 971110
 971094
 971061
 971034
 970989
 970922
 970903
 970726
 970701
 970678
 970443
 970255
 970038
 969888
 969864
 969660
 969647
 969445
 969356
 969180
 969162
 969072
 969067
 968964
 968911
 968863
 968850
 968757
 968612
 968487
 968277
 968238
 968158
 968026
 968010
 967920
 967909
 967813
 967741
 967681
 967672
 967575
 967506
 967413
 967372
 967359
 967328
 967297
 967101
 967097
 967094
 967057
 966951
 966918
 966712
 966711
 966675
 966633
 966618
 966610
 966573
 966516
 966256
 966241
 966228
 966133
 966056
 965989
 965974
 965777
 965764
 965652
 965287
 965277
 964898
 964804
 964679
 964629
 964396
 964359
 964048
 963923
 963907
 963892
 963788
 963749
 963533
 963460
 963320
 963224
 963206
 962999
 962967
 962872
 962856
 962825
 962264
 961973
 961783
 961544
 961460
 961253
 961226
 961020
 960983
 960937
 960651
 960557
 960253
 960215
 960173
 960151
 960059
 960047
 959999
 959808
 959738
 959603
 959602
 959559
 959492
 959416
 959330
 958907
 958893
 958815
 958762
 958579
 958480
 958468
 958362
 958291
 958248
 958178
 957827
 957667
 957597
 957552
 957508
 957464
 957446
 957220
 956886
 956868
 956847
 956829
 956768
 956748
 956725
 956603
 956601
 956552
 956521
 956304
 956231
 955994
 955943
 955927
 955867
 955849
 955785
 955779
 955663
 955529
 955513
 955502
 955437
 955403
 954954
 954713
 954550
 954509
 954294
 954095
 954007
 953992
 953937
 953737
 953677
 953621
 953491
 953280
 953271
 953232
 953144
 953063
 953039
 952728
 952727
 952671
 952503
 952304
 952242
 952095
 951923
 951808
 951783
 951781
 951610
 951573
 951451
 951386
 951247
 950774
 950730
 950015
 949572
 949434
 949411
 949384
 949264
 949260
 949213
 949101
 948875
 948836
 948538
 948453
 948452
 948321
 948248
 948159
 948103
 947964
 947890
 947871
 947702
 947689
 947621
 947593
 947444
 947289
 947209
 947152
 946735
 946716
 946677
 946586
 946575
 946502
 946396
 946338
 946306
 946287
 946132
 946130
 945945
 945842
 945836
 945770
 945706
 945624
 945589
 945336
 945154
 945121
 945103
 945071
 945032
 944873
 944723
 944683
 944571
 944377
 943722
 943718
 943707
 943672
 943419
 943181
 943119
 943055
 943026
 942746
 942720
 942711
 942387
 941849
 941772
 941759
 941742
 941724
 941685
 941559
 941514
 941489
 941409
 941101
 941031
 940980
 940833
 940592
 940535
 940425
 940253
 940209
 940021
 940004
 939611
 939598
 939503
 939275
 939037
 939013
 938915
 938864
 938847
 938770
 938658
 938601
 938449
 938189
 938120
 937819
 937814
 937732
 937586
 937424
 937342
 937297
 937212
 937184
 936848
 936842
 936816
 936810
 936809
 936754
 936747
 936664
 936597
 936323
 935976
 935854
 935508
 935495
 935406
 935389
 935290
 935102
 935045
 934843
 934828
 934715
 934707
 934670
 934459
 934407
 934399
 934327
 934043
 933884
 933457
 933424
 933409
 933341
 933274
 933124
 933082
 932771
 932628
 932543
 932432
 932253
 932203
 932057
 931833
 931744
 931716
 931674
 931584
 931404
 931400
 931372
 931348
 931282
 931268
 931040
 930833
 930483
 930464
 930341
 930209
 930184
 930094
 929852
 929767
 929532
 929509
 929362
 928916
 928908
 928855
 928733
 928713
 928516
 928372
 928199
 928163
 928147
 928089
 927752
 927745
 927727
 927697
 927608
 927350
 927337
 927284
 927268
 926857
 926811
 926695
 926634
 926531
 926383
 926351
 926310
 926289
 926220
 926127
 925986
 925898
 925894
 925862
 925464
 925459
 925363
 925353
 924947
 924741
 924708
 924582
 924508
 924482
 924324
 924258
 924117
 923994
 923801
 923580
 923294
 923117
 923084
 922982
 922945
 922934
 922924
 922540
 922505
 922467
 922385
 922299
 922248
 921969
 921907
 921348
 921238
 921134
 921128
 920956
 920875
 920796
 920739
 920630
 920570
 920410
 920323
 920204
 920127
 920074
 920000
 919882
 919574
 919507
 919446
 919390
 919366
 919345
 919343
 919327
 919256
 919253
 919252
 918964
 918922
 918682
 918677
 918286
 918198
 918197
 918015
 917967
 917927
 917687
 917638
 917582
 917431
 917212
 917059
 916934
 916864
 916715
 916523
 916384
 916356
 916183
 916113
 916097
 916096
 915912
 915909
 915834
 915833
 915752
 915694
 915690
 915651
 915439
 915224
 915189
 915174
 915167
 914798
 914733
 914673
 914672
 914553
 914398
 914314
 914096
 914058
 914028
 913998
 913916
 913885
 913872
 913857
 913735
 913577
 913220
 913113
 912852
 912724
 912613
 912587
 912533
 912509
 912457
 912443
 912291
 912280
 912222
 912196
 912182
 911784
 911508
 911447
 911421
 911407
 911105
 910932
 910913
 910909
 910896
 910891
 910864
 910668
 910375
 910142
 910055
 909999
 909896
 909801
 909471
 909307
 909125
 909063
 908978
 908770
 908600
 908587
 908453
 908357
 908298
 908019
 907999
 907960
 907809
 907759
 907756
 907663
 907643
 907641
 907619
 907313
 907270
 907055
 906976
 906755
 906733
 906641
 906492
 906346
 906338
 906181
 906086
 905921
 905882
 905809
 905746
 905578
 905395
 905222
 905139
 905077
 905017
 904960
 904862
 904859
 904835
 904820
 904761
 904576
 904514
 904333
 904306
 904296
 904146
 903837
 903803
 903731
 903720
 903703
 903596
 903551
 903348
 903274
 903236
 903147
 903137
 902844
 902821
 902634
 902623
 902594
 902423
 902280
 902265
 902263
 902134
 902080
 901926
 901909
 901894
 901854
 901540
 901372
 901182
 901133
 900998
 900921
 900862
 900750
 900639
 900621
 900548
 900494
 900418
 900354
 900342
 900280
 900151
 900132
 899838
 899797
 899645
 899579
 899347
 899328
 899315
 899159
 899103
 899057
 898945
 898704
 898601
 898408
 898293
 897952
 897845
 897806
 897712
 897684
 897605
 897596
 897572
 897553
 897242
 897112
 896979
 896679
 896540
 896529
 896330
 896103
 896063
 896044
 895903
 895866
 895823
 895671
 895525
 895509
 895477
 895356
 895312
 895219
 895196
 895129
 895070
 894663
 894540
 894436
 894266
 894243
 894191
 894158
 894000
 893984
 893973
 893900
 893877
 893706
 893484
 893455
 893382
 893342
 892985
 892976
 892832
 892612
 892428
 891998
 891780
 891590
 891587
 891575
 891566
 891503
 891387
 891287
 891167
 891088
 890988
 890615
 890589
 890586
 890505
 890476
 890277
 890189
 890166
 890136
 890121
 890089
 889918
 889879
 889735
 889524
 889483
 889333
 889026
 888995
 888854
 888724
 888558
 888357
 887874
 887769
 887755
 887659
 887648
 887643
 887585
 887554
 887510
 887489
 887422
 887389
 887222
 887195
 887001
 886924
 886813
 886765
 886714
 886708
 886659
 886652
 886494
 886422
 886304
 886295
 886075
 886039
 886019
 885978
 885808
 885643
 885532
 885292
 885221
 885212
 885093
 884656
 884579
 884527
 884498
 884414
 884404
 883870
 883704
 883678
 883641
 883638
 883588
 883575
 883560
 883548
 883339
 883221
 883209
 883106
 883066
 882885
 882673
 882495
 882426
 882382
 882380
 882227
 882195
 882155
 882112
 882086
 882037
 881836
 881752
 881720
 881646
 881581
 881548
 881355
 881256
 881253
 881081
 880996
 880978
 880745
 880658
 880457
 880438
 880365
 880348
 880131
 880000
 879874
 879737
 879642
 879410
 879369
 879315
 879231
 879211
 879130
 879081
 878930
 878856
 878678
 878661
 878652
 878649
 878572
 878316
 877961
 877851
 877817
 877785
 877675
 877640
 877528
 877516
 877419
 877370
 877343
 877266
 877192
 877170
 877145
 877138
 877033
 877014
 876950
 876908
 876819
 876761
 876735
 876698
 876530
 876516
 876497
 876128
 876115
 875964
 875589
 875548
 875444
 875439
 875322
 875090
 874960
 874953
 874945
 874940
 874930
 874904
 874868
 874822
 874804
 874715
 874388
 874373
 873822
 873801
 873672
 873589
 873334
 873203
 873018
 872878
 872779
 872595
 872481
 872277
 872186
 872150
 872011
 871996
 871922
 871794
 871777
 871493
 871416
 871365
 871305
 871210
 871030
 870711
 870670
 870496
 870446
 870427
 870413
 870392
 870370
 870336
 870292
 870266
 870028
 869739
 869709
 869590
 869476
 869413
 869398
 869320
 869290
 869259
 869158
 868948
 868903
 868875
 868561
 868406
 867947
 867605
 867560
 867524
 867466
 867298
 867233
 867078
 866905
 866666
 866616
 866476
 866317
 866236
 866225
 865965
 865827
 865617
 865611
 865474
 865231
 865177
 865165
 865142
 865086
 865080
 865057
 864820
 864767
 864706
 864664
 864628
 864444
 864442
 864432
 864404
 864365
 864054
 864000
 863708
 863690
 863668
 863070
 862974
 862914
 862888
 862813
 862752
 862624
 862153
 862054
 862026
 861710
 861432
 861238
 861127
 861090
 860404
 860319
 860195
 860185
 859875
 859823
 859802
 859685
 859649
 859484
 859476
 859474
 859402
 859393
 859160
 859143
 859116
 859013
 858895
 858782
 858557
 858539
 858524
 858436
 858350
 858296
 858064
 858042
 857909
 857892
 857845
 857752
 857679
 857577
 857487
 857479
 857364
 857342
 857265
 857236
 857174
 857142
 856728
 856607
 856484
 856194
 856134
 856123
 856045
 855989
 855487
 855445
 855421
 855313
 855182
 855175
 855172
 855171
 855050
 854995
 854922
 854649
 854585
 854579
 854480
 854402
 854368
 854007
 854006
 853662
 853417
 853080
 853039
 853038
 852913
 852850
 852686
 852677
 852530
 852389
 852359
 852312
 852271
 852240
 852147
 852134
 852127
 852097
 852052
 852007
 851969
 851894
 851812
 851742
 851366
 851225
 851167
 851132
 851029
 851025
 850959
 850940
 850906
 850829
 850824
 850800
 850630
 850453
 850127
 850119
 849923
 849901
 849868
 849782
 849632
 849583
 849579
 849572
 849394
 849294
 849254
 849015
 848934
 848780
 848739
 848724
 848683
 848628
 848417
 848408
 848378
 848270
 848219
 848178
 848090
 848054
 847993
 847983
 847945
 847935
 847704
 847660
 847590
 847561
 847524
 847448
 847282
 847272
 847213
 847140
 847061
 846716
 846707
 846699
 846662
 846612
 846548
 846421
 846411
 846280
 846253
 846090
 846033
 845980
 845951
 845810
 845779
 845671
 845202
 845146
 845045
 844955
 844937
 844772
 844669
 844529
 844455
 844277
 844161
 843914
 843905
 843900
 843849
 843755
 843736
 843679
 843631
 843620
 843442
 843416
 843213
 842965
 842618
 842328
 842008
 841789
 841783
 841765
 841682
 841627
 841497
 841493
 841475
 841216
 841201
 841197
 841107
 841007
 840970
 840727
 840704
 840682
 840529
 840524
 840498
 840344
 840258
 840051
 840000
 839901
 839762
 839661
 839633
 839491
 839431
 839260
 839241
 838837
 838787
 838467
 838331
 838289
 838219
 838207
 838126
 838020
 837961
 837926
 837862
 837735
 837723
 837504
 837465
 837344
 837300
 837114
 837083
 837070
 837034
 836506
 836196
 836159
 836052
 835950
 835909
 835776
 835773
 835396
 835367
 835283
 835170
 834868
 834544
 834352
 834305
 834264
 834182
 834032
 834011
 833955
 833939
 833898
 833759
 833727
 833300
 833240
 833014
 832886
 832764
 832713
 832677
 832628
 832585
 832370
 832201
 832083
 831949
 831896
 831877
 831872
 831819
 831814
 831777
 831763
 831708
 831594
 831552
 831182
 831005
 830896
 830890
 830807
 830745
 830645
 830607
 830437
 830266
 830255
 830200
 830071
 829942
 829652
 829546
 829526
 829476
 829474
 829431
 829417
 829307
 829268
 829206
 829199
 829189
 829144
 829005
 829000
 828674
 828431
 828391
 828290
 828282
 828184
 827627
 827606
 827521
 827444
 827167
 827116
 827056
 827021
 826794
 826758
 826737
 826650
 826565
 826429
 826337
 826220
 826003
 825972
 825745
 825506
 825481
 825368
 825327
 825311
 824742
 824694
 824482
 824404
 824335
 824228
 824103
 823891
 823788
 823745
 823702
 823595
 823529
 823129
 822915
 822871
 822706
 822615
 822573
 822507
 822449
 822383
 822378
 822326
 822202
 822127
 822050
 821897
 821775
 821616
 821310
 821292
 821282
 821268
 821110
 820911
 820724
 820601
 820315
 820220
 820114
 820041
 819998
 819759
 819757
 819741
 819700
 819659
 819644
 819570
 819481
 819171
 818957
 818404
 818169
 818049
 818041
 817995
 817967
 817939
 817922
 817921
 817879
 817682
 817626
 817513
 817426
 817354
 817284
 817268
 817201
 817064
 816991
 816978
 816844
 816837
 816689
 816513
 816480
 816479
 816337
 816326
 816314
 816143
 816140
 816133
 815789
 815649
 815639
 815558
 815533
 815284
 815175
 815138
 814995
 814914
 814726
 814689
 814614
 814598
 814486
 814442
 814414
 814155
 814070
 814067
 813993
 813916
 813868
 813851
 813824
 813559
 813517
 813147
 812851
 812812
 812706
 812566
 812472
 812115
 812101
 812100
 812005
 811852
 811660
 811501
 811320
 811196
 811152
 811143
 811078
 810985
 810893
 810824
 810815
 810448
 810136
 810119
 809977
 809867
 809837
 809762
 809523
 809453
 809443
 809148
 808937
 808793
 808765
 808596
 808257
 807971
 807730
 807711
 807692
 807662
 807483
 807327
 807198
 807151
 806970
 806929
 806691
 806671
 806319
 806206
 806164
 806138
 806053
 806028
 805927
 805755
 805749
 805682
 805674
 805503
 805497
 805472
 805220
 804909
 804835
 804737
 804566
 804386
 804289
 804266
 804195
 804137
 803851
 803782
 803582
 803546
 803507
 803216
 803180
 802900
 802792
 802588
 802585
 802490
 802465
 802446
 802423
 802399
 802395
 802393
 802336
 802150
 802125
 801961
 801916
 801907
 801896
 801781
 801704
 801467
 801454
 801432
 801315
 801068
 800821
 800467
 800304
 800283
 800224
 800200
 800145
 799999
 799967
 799945
 799881
 799709
 799675
 799594
 799554
 799438
 799323
 799245
 799206
 799197
 799161
 799158
 799151
 799102
 799027
 798865
 798844
 798843
 798816
 798464
 798417
 798395
 798213
 798193
 798098
 798056
 798033
 797964
 797947
 797882
 797569
 797458
 797438
 797376
 797370
 797161
 797116
 797083
 796904
 796368
 796264
 795975
 795941
 795905
 795869
 795840
 795809
 795674
 795628
 795415
 795378
 795285
 795104
 795077
 795045
 795013
 794868
 794791
 794665
 794657
 794557
 794437
 794263
 794230
 794212
 794205
 794114
 794074
 793999
 793920
 793740
 793693
 793656
 793478
 793352
 793165
 793057
 793002
 792796
 792543
 792400
 792199
 792099
 791875
 791818
 791775
 791604
 791593
 791587
 791584
 791464
 791303
 791144
 791102
 790945
 790834
 790807
 790698
 790550
 790534
 790350
 790238
 789747
 789556
 789251
 789194
 789070
 789037
 788903
 788876
 788789
 788772
 788753
 788698
 788675
 788460
 788349
 788186
 788008
 787723
 787721
 787691
 787664
 787586
 787524
 787314
 787301
 787113
 786907
 786805
 786721
 786654
 786548
 786533
 786499
 786495
 786427
 786332
 786184
 786070
 786056
 786028
 785855
 785751
 785531
 785442
 785283
 784908
 784849
 784788
 784582
 784444
 784361
 784298
 783964
 783931
 783761
 783558
 783357
 783271
 782834
 782783
 782554
 782487
 782331
 782242
 782214
 782118
 781839
 781796
 781779
 781580
 781555
 781499
 781462
 781456
 781302
 781254
 781231
 781174
 780978
 780871
 780716
 780700
 780695
 780648
 780612
 780577
 780269
 780114
 779991
 779918
 779883
 779836
 779822
 779607
 779482
 779476
 779449
 779260
 779066
 778846
 778824
 778729
 778718
 778625
 778598
 778546
 778530
 778416
 778361
 778275
 778176
 778135
 777900
 777876
 777838
 777777
 777642
 777548
 777409
 777332
 777072
 777070
 777050
 776892
 776862
 776839
 776827
 776740
 776470
 776334
 776168
 776049
 775999
 775918
 775887
 775851
 775793
 775790
 775774
 775749
 775723
 775578
 775472
 775453
 775372
 775204
 775152
 775059
 775018
 775017
 774983
 774911
 774877
 774696
 774686
 774488
 774480
 774377
 774327
 774284
 774280
 774252
 774193
 774074
 774023
 773955
 773932
 773866
 773794
 773667
 773534
 773357
 773298
 773249
 772972
 772852
 772663
 772623
 772166
 771961
 771856
 771578
 771496
 771414
 771307
 771264
 771230
 771221
 771032
 771008
 770909
 770816
 770746
 770588
 770347
 770292
 770180
 769944
 769867
 769617
 769549
 769352
 769068
 769041
 768981
 768952
 768902
 768786
 768656
 768637
 768522
 768430
 768312
 768303
 768264
 768115
 768006
 767879
 767539
 767518
 767481
 767173
 767158
 767055
 767027
 766932
 766883
 766815
 766780
 766777
 766767
 766752
 766723
 766573
 766544
 766427
 766395
 766248
 766183
 766177
 766037
 766010
 765957
 765946
 765716
 765684
 765472
 765325
 765247
 765147
 765118
 765035
 765027
 764901
 764811
 764739
 764436
 764433
 764423
 764347
 764231
 764194
 764007
 763933
 763917
 763862
 763798
 763694
 763552
 763475
 763469
 762974
 762851
 762724
 762684
 762527
 762137
 761886
 761885
 761833
 761829
 761714
 761678
 761397
 761308
 761245
 761235
 761215
 761178
 761158
 761118
 761097
 761030
 761003
 760946
 760868
 760867
 760850
 760825
 760620
 760441
 760391
 760269
 759999
 759945
 759636
 759621
 759561
 759474
 759211
 759098
 759062
 759002
 758991
 758851
 758814
 758787
 758647
 758559
 758453
 758418
 758317
 758263
 758091
 757919
 757870
 757749
 757726
 757575
 757373
 757176
 757015
 757009
 756874
 756817
 756739
 756715
 756690
 756516
 756493
 756462
 756385
 756201
 756151
 756074
 756073
 755977
 755941
 755936
 755930
 755818
 755519
 755479
 755430
 755372
 755177
 755147
 755102
 754820
 754666
 754617
 754528
 754240
 754126
 754068
 753758
 753755
 753670
 753495
 753472
 753329
 753321
 753306
 753253
 753149
 753112
 752913
 752698
 752674
 752532
 752358
 752209
 752159
 752080
 752027
 752008
 751851
 751779
 751610
 751108
 751107
 751076
 750722
 750677
 750671
 750612
 750534
 750402
 750220
 750187
 750000
 749972
 749795
 749645
 749376
 749277
 748990
 748975
 748719
 748335
 748324
 748301
 748293
 748148
 748121
 748117
 748096
 747933
 747887
 747880
 747672
 747664
 747632
 747359
 747230
 747147
 747004
 746987
 746813
 746716
 746556
 746473
 746237
 746152
 746031
 746012
 745936
 745837
 745735
 745685
 745669
 745667
 745602
 745501
 745481
 745388
 745027
 744919
 744872
 744641
 744502
 744493
 744295
 744186
 744136
 744103
 744088
 744007
 743835
 743533
 743476
 743466
 743450
 743250
 743146
 743141
 742891
 742826
 742665
 742594
 742565
 742560
 742529
 742470
 742451
 742247
 742193
 742152
 742137
 742123
 742045
 741981
 741943
 741901
 741764
 741525
 741519
 741518
 741510
 741418
 741393
 741258
 741217
 741125
 741074
 740961
 740872
 740740
 740551
 740482
 740436
 740210
 740003
 739906
 739644
 739495
 739459
 739440
 739412
 739355
 739222
 739164
 739095
 738909
 738752
 738649
 738582
 738548
 738494
 738207
 738195
 738192
 738103
 737931
 737852
 737835
 737780
 737728
 737609
 737315
 737279
 736981
 736945
 736855
 736750
 736694
 736616
 736555
 736455
 736383
 736276
 736118
 735983
 735892
 735875
 735854
 735784
 735760
 735707
 735664
 735388
 735362
 735179
 735050
 734911
 734880
 734861
 734858
 734693
 734680
 734653
 734571
 734540
 734465
 734411
 734364
 734163
 733985
 733957
 733098
 733092
 733088
 733081
 732885
 732831
 732776
 732738
 732578
 732565
 732548
 732530
 732372
 732319
 732282
 732270
 731879
 731781
 731775
 731727
 731610
 731599
 731538
 731524
 731435
 731265
 731096
 730947
 730742
 730501
 730273
 730229
 730215
 729786
 729761
 729754
 729438
 729429
 729278
 729206
 728740
 728604
 728516
 728452
 728382
 728279
 727904
 727894
 727785
 727741
 727598
 727480
 727434
 727425
 727412
 727389
 727272
 727013
 727002
 726491
 726474
 726446
 726439
 726217
 726213
 726204
 726091
 725976
 725893
 725693
 725384
 725376
 725257
 725211
 725175
 724976
 724887
 724811
 724806
 724778
 724741
 724662
 724525
 724425
 724258
 724131
 724116
 724000
 723941
 723861
 723771
 723688
 723679
 723678
 723208
 723127
 723032
 722978
 722769
 722619
 722507
 722440
 722428
 722419
 722329
 722200
 722141
 721763
 721594
 721515
 721248
 721245
 721213
 721179
 721075
 721007
 720844
 720706
 720481
 720473
 720466
 720359
 720153
 720095
 720088
 720000
 719976
 719942
 719485
 719481
 719420
 719372
 719222
 719196
 719165
 719130
 719125
 718865
 718858
 718773
 718639
 718462
 718297
 718198
 718047
 717993
 717778
 717770
 717659
 717583
 717443
 717432
 717387
 717171
 716938
 716918
 716849
 716828
 716770
 716747
 716721
 716650
 716648
 716599
 716524
 716490
 716462
 716318
 716220
 716199
 716104
 715909
 715863
 715833
 715789
 715575
 715567
 715555
 715527
 715441
 715371
 715091
 714923
 714596
 714590
 714377
 714340
 714285
 714262
 714258
 714167
 714072
 713918
 713804
 713783
 713699
 713567
 713533
 713471
 713305
 713244
 713027
 712920
 712701
 712318
 712122
 712045
 711889
 711885
 711798
 711571
 711538
 711475
 711376
 711005
 710982
 710879
 710803
 710746
 710586
 710483
 710436
 710391
 710344
 710338
 710279
 710255
 710176
 710175
 710147
 709965
 709859
 709799
 709465
 709359
 709331
 709219
 709205
 709085
 709022
 708920
 708203
 708184
 708133
 708099
 708080
 707943
 707445
 707129
 707054
 707045
 707044
 706978
 706969
 706793
 706673
 706579
 706491
 706430
 706429
 706422
 706191
 706161
 706152
 706102
 705978
 705830
 705777
 705617
 705361
 705261
 704893
 704819
 704764
 704519
 704506
 704463
 704319
 704312
 704307
 704268
 704014
 703853
 703797
 703744
 703703
 703637
 703636
 703601
 703433
 703378
 703370
 703322
 703285
 703277
 703079
 702819
 702810
 702648
 701573
 701570
 701526
 701380
 701358
 701311
 701293
 701186
 701141
 701133
 701040
 701033
 700803
 700683
 700516
 700229
 699909
 699879
 699751
 699721
 699603
 699436
 699303
 699194
 699110
 699082
 698809
 698611
 698552
 698458
 698429
 698146
 698090
 698069
 698061
 698034
 698022
 697906
 697890
 697736
 697726
 697694
 697297
 696918
 696852
 696578
 696550
 696512
 696418
 696296
 696279
 696271
 696190
 696152
 695983
 695771
 695528
 695492
 695200
 695029
 695020
 694578
 694544
 694479
 694344
 694302
 694293
 694233
 694183
 694115
 693735
 693408
 693394
 693108
 693101
 693057
 693003
 692954
 692889
 692804
 692698
 692556
 692358
 692307
 692191
 692187
 692138
 692034
 692019
 691997
 691957
 691951
 691895
 691880
 691506
 691440
 691432
 691409
 691373
 691337
 691307
 691249
 691245
 691195
 691126
 691105
 691011
 690970
 690951
 690716
 690695
 690688
 690650
 690627
 690530
 690467
 690355
 690278
 690020
 689891
 689837
 689737
 689600
 689538
 689243
 689023
 688483
 688481
 688252
 688249
 688045
 687991
 687973
 687873
 687733
 687695
 687672
 687626
 687491
 687409
 687218
 687179
 687041
 687022
 686949
 686858
 686850
 686760
 686611
 686492
 686486
 686432
 686288
 686197
 686122
 685978
 685891
 685847
 685393
 685346
 685337
 685320
 685065
 684988
 684977
 684803
 684718
 684684
 684625
 684618
 684478
 684477
 683869
 683848
 683760
 683741
 683740
 683593
 683506
 683469
 683404
 683381
 682661
 682531
 682526
 682447
 682323
 682276
 682267
 682258
 682191
 682172
 682124
 682027
 681989
 681841
 681818
 681726
 681683
 681614
 681589
 681355
 681297
 681219
 681164
 681152
 681132
 681039
 681004
 680971
 680899
 680817
 680795
 680743
 680628
 680594
 680534
 680490
 680428
 680368
 679752
 679719
 679459
 679432
 679341
 679168
 679145
 679091
 679008
 678971
 678856
 678824
 678739
 678701
 678644
 678626
 678522
 678479
 678321
 678308
 678202
 678189
 678132
 678098
 677767
 677598
 677583
 677523
 677304
 677251
 677140
 677062
 677030
 676977
 676745
 676605
 676212
 676158
 675970
 675769
 675603
 675589
 675462
 675317
 675280
 675279
 675274
 675234
 675217
 675158
 675148
 675100
 675042
 674874
 674745
 674481
 674440
 674339
 674131
 674079
 673994
 673934
 673913
 673892
 673709
 673638
 673590
 673469
 673385
 673116
 672957
 672883
 672686
 672684
 672552
 672394
 672316
 672199
 672097
 671641
 671514
 671497
 671493
 671465
 671319
 671190
 671140
 671105
 671059
 670924
 670881
 670762
 670572
 670484
 670249
 670188
 670139
 670009
 670007
 669957
 669693
 669611
 669346
 669263
 669262
 669189
 669183
 669163
 669153
 669114
 669041
 668985
 668886
 668852
 668804
 668544
 668229
 668156
 668041
 668000
 667984
 667906
 667798
 667749
 667318
 667232
 667119
 667068
 667004
 666910
 666666
 666574
 666530
 666487
 666427
 666337
 666328
 666218
 666214
 666212
 666137
 666121
 666081
 665889
 665708
 665148
 665095
 664953
 664723
 664720
 664674
 664580
 664516
 664470
 664356
 664322
 664264
 664198
 664089
 663850
 663610
 663602
 663545
 663522
 663416
 663325
 663154
 663118
 662966
 662955
 662767
 662530
 662484
 662420
 662418
 662337
 662227
 662216
 662162
 662060
 661879
 661729
 661711
 661553
 661516
 661443
 661298
 660904
 660441
 660272
 660198
 660108
 659909
 659868
 659822
 659798
 659675
 659649
 659463
 659394
 659378
 659259
 659145
 659100
 659086
 658958
 658738
 658706
 658681
 658431
 658407
 658370
 658359
 658280
 658279
 658260
 658172
 658149
 658123
 658045
 658043
 657825
 657770
 657422
 657391
 657268
 657101
 656903
 656837
 656814
 656678
 656394
 655989
 655935
 655830
 655735
 655560
 655434
 655347
 655264
 655210
 655172
 655152
 655057
 654880
 654834
 654802
 654754
 654750
 654678
 654609
 654581
 654563
 654515
 654456
 654432
 654409
 654246
 654166
 654141
 653902
 653714
 653679
 653485
 653172
 653154
 653061
 652892
 652890
 652865
 652818
 652571
 652472
 652371
 652173
 652127
 651995
 651963
 651905
 651796
 651697
 651685
 651664
 651610
 651515
 651379
 651367
 651284
 651220
 650998
 650778
 650245
 650230
 649944
 649935
 649896
 649549
 649484
 649429
 649385
 649364
 649082
 648900
 648820
 648746
 648744
 648471
 648466
 648379
 648189
 648176
 648091
 647937
 647614
 647272
 647094
 647058
 647031
 646949
 646811
 646771
 646458
 646399
 646391
 646097
 646090
 645860
 645653
 645604
 645596
 645591
 645569
 645560
 645541
 645299
 645195
 644964
 644942
 644459
 644321
 644259
 644230
 644110
 644046
 643746
 643634
 643596
 643377
 643343
 643194
 643175
 642812
 642808
 642802
 642764
 642535
 642484
 642263
 642201
 642139
 641698
 641666
 641608
 641279
 641235
 641025
 640924
 640590
 640538
 640478
 640304
 640250
 640116
 640107
 639956
 639838
 639792
 639789
 639782
 639747
 639705
 639686
 639613
 639583
 639579
 639508
 639503
 639477
 639470
 639415
 639398
 639123
 639065
 638984
 638843
 638456
 638303
 638208
 638129
 638036
 637956
 637912
 637898
 637860
 637785
 637753
 637634
 637558
 637549
 637492
 637147
 637131
 637086
 637032
 636948
 636850
 636800
 636794
 636792
 636743
 636607
 636409
 636391
 636324
 636278
 636005
 635911
 635897
 635775
 635741
 635716
 635574
 635565
 635562
 635514
 635375
 635326
 634945
 634855
 634714
 634645
 634609
 634517
 634515
 634416
 634243
 634183
 634161
 634084
 634004
 633931
 633889
 633853
 633697
 633552
 633540
 633246
 633113
 633052
 632911
 632810
 632731
 632711
 632676
 632658
 632528
 632518
 632345
 632252
 632168
 632028
 631942
 631910
 631791
 631679
 631632
 631510
 631314
 631302
 631289
 631086
 631041
 630975
 630907
 630744
 630731
 630606
 630522
 630421
 630363
 630317
 630303
 630289
 630283
 630236
 630169
 630143
 630076
 629889
 629563
 629238
 629167
 629152
 629104
 628924
 628857
 628750
 628558
 628545
 628501
 628369
 628332
 628318
 628162
 628028
 627917
 627906
 627895
 627693
 627686
 627615
 627451
 627292
 627283
 627261
 627115
 627033
 627009
 626978
 626968
 626964
 626869
 626830
 626828
 626647
 626587
 626565
 626287
 626244
 626210
 626185
 626068
 626011
 625980
 625975
 625905
 625887
 625764
 625727
 625407
 625231
 625105
 624978
 624885
 624818
 624715
 624704
 624698
 624634
 624544
 624384
 624284
 624201
 624080
 624043
 623762
 623685
 623572
 623521
 623463
 623376
 623308
 623237
 623025
 623009
 622961
 622943
 622849
 622641
 622497
 622447
 622347
 622237
 622204
 622203
 622192
 622104
 622083
 621972
 621919
 621876
 621840
 621736
 621718
 621627
 621593
 620835
 620779
 620583
 620517
 620424
 620253
 620211
 620103
 620095
 620079
 619904
 619896
 619750
 619680
 619672
 619606
 619331
 619243
 619198
 619168
 618998
 618971
 618680
 618477
 618357
 618195
 618098
 618001
 617875
 617750
 617656
 617357
 617160
 617021
 616945
 616915
 616482
 616383
 616222
 616161
 616004
 615739
 615722
 615384
 614978
 614973
 614852
 614813
 614747
 614704
 614449
 614359
 614250
 614167
 614135
 613710
 613515
 613334
 613195
 613037
 612951
 612863
 612786
 612498
 612433
 612335
 612178
 611812
 611771
 611745
 611632
 611504
 611246
 611221
 611211
 611145
 611085
 611075
 611032
 610810
 610802
 610738
 610591
 610229
 610169
 610058
 610044
 610010
 609909
 609892
 609755
 609729
 609628
 609543
 609534
 609430
 609298
 609224
 609140
 608991
 608873
 608834
 608611
 608508
 608098
 607940
 607821
 607649
 607552
 607467
 607343
 607146
 607092
 606728
 606596
 606473
 606353
 606333
 606299
 605892
 605825
 605823
 605683
 605668
 605643
 605553
 605547
 605264
 605263
 604843
 604582
 604415
 604387
 604301
 604172
 603984
 603672
 603574
 603432
 603422
 603405
 603321
 603317
 603305
 603286
 603280
 603233
 603067
 602965
 602953
 602891
 602836
 602825
 602769
 602616
 602588
 602410
 602389
 602366
 602219
 601812
 601790
 601779
 601608
 601583
 601480
 601467
 601429
 601029
 600827
 600711
 600702
 600574
 600573
 600501
 600419
 600357
 600321
 600306
 600098
 599850
 599806
 599765
 599676
 599668
 599660
 599560
 599384
 599353
 599340
 599274
 599181
 599097
 599094
 599055
 599032
 598930
 598807
 598746
 598371
 598276
 598229
 598222
 598121
 598073
 598031
 597844
 597836
 597782
 597433
 597399
 597346
 597335
 597258
 597234
 597033
 596908
 596888
 596715
 596683
 596589
 596477
 596473
 596260
 596105
 596065
 596051
 595979
 595744
 595704
 595435
 595256
 595067
 594972
 594868
 594783
 594681
 594628
 594451
 594390
 594388
 594317
 594091
 594062
 593956
 593675
 593651
 593607
 593432
 593415
 593086
 593060
 592945
 592918
 592684
 592650
 592606
 592485
 592434
 592227
 592064
 592033
 592031
 591928
 591904
 591836
 591771
 591591
 591501
 591321
 591203
 590909
 590889
 590804
 590776
 590665
 590639
 590614
 590551
 590435
 590298
 590126
 590066
 589861
 589677
 589579
 589465
 589386
 589262
 589213
 589154
 589096
 589079
 588700
 588671
 588641
 588630
 588315
 588252
 588239
 588032
 587991
 587940
 587870
 587701
 587681
 587677
 587561
 587534
 587234
 587188
 587030
 586664
 586601
 586482
 586388
 586375
 586357
 586194
 586177
 586083
 585888
 585870
 585768
 585616
 585597
 585365
 585267
 585005
 584996
 584980
 584905
 584856
 584783
 584777
 584699
 584581
 584577
 584394
 584341
 584269
 584254
 584194
 584168
 584112
 584042
 584022
 583932
 583927
 583791
 583738
 583578
 583534
 583450
 583237
 583222
 583115
 582914
 582819
 582699
 582597
 582591
 582527
 582326
 582231
 582203
 582098
 582012
 581997
 581946
 581815
 581755
 581600
 581534
 581439
 581368
 581322
 581229
 581083
 580984
 580811
 580803
 580778
 580725
 580716
 580671
 580526
 580424
 580367
 580200
 580031
 579970
 579940
 579765
 579725
 579688
 579603
 579541
 579539
 579349
 579324
 579184
 579088
 579067
 579031
 578841
 578806
 578702
 578561
 578544
 578535
 578492
 578334
 578176
 578130
 577948
 577925
 577834
 577826
 577689
 577662
 577585
 577554
 577519
 577391
 577219
 577177
 577114
 577014
 576942
 576862
 576685
 576652
 576588
 576552
 576549
 576480
 576375
 576066
 576055
 576028
 575943
 575843
 575754
 575511
 575268
 575241
 575213
 575164
 574912
 574819
 574801
 574753
 574712
 574703
 574500
 574439
 574325
 574309
 574173
 574121
 573961
 573921
 573842
 573730
 573663
 573449
 573319
 573304
 573033
 572976
 572892
 572842
 572828
 572803
 572760
 572756
 572728
 572710
 572529
 572327
 572246
 572093
 572088
 572062
 572017
 571951
 571901
 571893
 571731
 571728
 571678
 571428
 571417
 571415
 571115
 571072
 570839
 570823
 570756
 570636
 570610
 570595
 570562
 570443
 570418
 570353
 570301
 570284
 570074
 569744
 569723
 569712
 569628
 569403
 569340
 569286
 569049
 569005
 568859
 568812
 568807
 568730
 568627
 568513
 568367
 568297
 568267
 568206
 568028
 567997
 567992
 567832
 567828
 567807
 567775
 567769
 567694
 567595
 567510
 567428
 567302
 567232
 567213
 567211
 567128
 567068
 567057
 567049
 567046
 566987
 566967
 566778
 566689
 566371
 566312
 565965
 565870
 565854
 565834
 565523
 565336
 565201
 565180
 565061
 565055
 564958
 564838
 564757
 564668
 564478
 564160
 564140
 564007
 563986
 563747
 563734
 563627
 563620
 563480
 563439
 563428
 563266
 563218
 562919
 562741
 562709
 562495
 562473
 562403
 562383
 562294
 562151
 562113
 562024
 561983
 561923
 561852
 561674
 561643
 561568
 561496
 561465
 561403
 561385
 561339
 561197
 560876
 560833
 560764
 560466
 560140
 560058
 559841
 559748
 559696
 559592
 559449
 559376
 559255
 558904
 558801
 558777
 558762
 558552
 558420
 558239
 558225
 558208
 558018
 557991
 557719
 557480
 557373
 557264
 557127
 557069
 557059
 556987
 556820
 556662
 556447
 556353
 556297
 556288
 556224
 556188
 556086
 556056
 555979
 555965
 555856
 555833
 555645
 555497
 555363
 555256
 555216
 555168
 555069
 554999
 554900
 554678
 554584
 554490
 554352
 554332
 554296
 554267
 554219
 553980
 553896
 553880
 553605
 553589
 553515
 553476
 553474
 553459
 553382
 553299
 553191
 553183
 553026
 552925
 552895
 552843
 552629
 552599
 552476
 552465
 552265
 552255
 552141
 552044
 552019
 551862
 551665
 551585
 551525
 551517
 551191
 551179
 551177
 551087
 551047
 551002
 550836
 550618
 550505
 550408
 550337
 550188
 549983
 549956
 549821
 549790
 549367
 549240
 549126
 549025
 548980
 548905
 548868
 548795
 548631
 548626
 548476
 548473
 548466
 548357
 548287
 548249
 548141
 548069
 548027
 547811
 547640
 547617
 547602
 547415
 547403
 547296
 547251
 547224
 547200
 546938
 546681
 546666
 546617
 546552
 546502
 546413
 546319
 546106
 546090
 546069
 545905
 545885
 545719
 545470
 545324
 545312
 545225
 545201
 545141
 545012
 544983
 544913
 544707
 544596
 544590
 544275
 544111
 544018
 543995
 543861
 543789
 543780
 543740
 543735
 543721
 543530
 543526
 543417
 543259
 543119
 542992
 542984
 542923
 542701
 542649
 542357
 542308
 542269
 542135
 541913
 541858
 541818
 541784
 541709
 541689
 541603
 541556
 541541
 541380
 541220
 540953
 540845
 540755
 540660
 540343
 540249
 540232
 540083
 539930
 539705
 539581
 539573
 539533
 539380
 539375
 539354
 539228
 539075
 539032
 538928
 538895
 538815
 538803
 538735
 538719
 538681
 538613
 538593
 538531
 538345
 538240
 538181
 538047
 538025
 537898
 537845
 537759
 537627
 537601
 537535
 537470
 537313
 537189
 537149
 537112
 536876
 536796
 536496
 536495
 536250
 536176
 535929
 535871
 535866
 535741
 535602
 535450
 535388
 535349
 535217
 535134
 535084
 535079
 534957
 534950
 534816
 534789
 534575
 534545
 534442
 534337
 534254
 534151
 533925
 533864
 533807
 533788
 533778
 533710
 533709
 533249
 533215
 533152
 533047
 532964
 532807
 532615
 532577
 532485
 532384
 532325
 532301
 532285
 532212
 532121
 532060
 532018
 531998
 531963
 531898
 531809
 531645
 531568
 531412
 531194
 531097
 531010
 530785
 530716
 530635
 530540
 530152
 530115
 529943
 529712
 529664
 529597
 529058
 529057
 528892
 528851
 528683
 528658
 528615
 528534
 528446
 528326
 528198
 528089
 527936
 527820
 527603
 527584
 527486
 527420
 527020
 526917
 526835
 526713
 526678
 526641
 526460
 526403
 526401
 526362
 526303
 526286
 526139
 526119
 525952
 525890
 525845
 525683
 525595
 525474
 525298
 524999
 524811
 524777
 524714
 524669
 524668
 524599
 524590
 524534
 524475
 524324
 524201
 524163
 524048
 523980
 523897
 523832
 523668
 523635
 523588
 523487
 523406
 523037
 522793
 522685
 522471
 522408
 522349
 522291
 522098
 522068
 521953
 521937
 521904
 521626
 521568
 521560
 521505
 521472
 521430
 521415
 521395
 521358
 521334
 521245
 521235
 521201
 521137
 521068
 520878
 520809
 520691
 520666
 520631
 520367
 520193
 520161
 520090
 520064
 519986
 519832
 519728
 519682
 519607
 519486
 519438
 519348
 519336
 519254
 519088
 518961
 518911
 518802
 518734
 518615
 518537
 518433
 518410
 518311
 518274
 518269
 518195
 517736
 517718
 517652
 517549
 517498
 517284
 517181
 517046
 516993
 516902
 516622
 516495
 516407
 516399
 516340
 516112
 516086
 515712
 515681
 515620
 515589
 515542
 515356
 515349
 515292
 515281
 515034
 514950
 514814
 514616
 514560
 514381
 514229
 513966
 513914
 513905
 513892
 513827
 513711
 513685
 513572
 513477
 513470
 513169
 513165
 512959
 512900
 512816
 512768
 512641
 512621
 512615
 512613
 512611
 512605
 512514
 512507
 512458
 512241
 512227
 512156
 512081
 511769
 511760
 511400
 511341
 511312
 511251
 511145
 511108
 510974
 510968
 510829
 510570
 510170
 510050
 510036
 510010
 509833
 509803
 509613
 509597
 509448
 509319
 509273
 509223
 509151
 509076
 508975
 508939
 508851
 508795
 508354
 508252
 508193
 508171
 508170
 508038
 508009
 507936
 507885
 507857
 507843
 507813
 507781
 507747
 507655
 507638
 507623
 507414
 507346
 507223
 507027
 507006
 506823
 506816
 506725
 506709
 506683
 506646
 506550
 506436
 506329
 506186
 505935
 505911
 505771
 505681
 505646
 505617
 505529
 505484
 505399
 505385
 505381
 505340
 505285
 505263
 505147
 505113
 505080
 505050
 505023
 505003
 504928
 504845
 504679
 504494
 504480
 504453
 504449
 504424
 504312
 504178
 503752
 503719
 503700
 503391
 503225
 503188
 503116
 502774
 502719
 502590
 502487
 502405
 502361
 502354
 502176
 502064
 502022
 501890
 501774
 501336
 501280
 501123
 501104
 500881
 500803
 500633
 500421
 500365
 500296
 500191
 500127
 500000
 499976
 499902
 499849
 499765
 499694
 499532
 499499
 499479
 499331
 499330
 499210
 499123
 498696
 498644
 498250
 498233
 498175
 498158
 498157
 498076
 497712
 497554
 497485
 497393
 497372
 497352
 497124
 497117
 497010
 496902
 496664
 496632
 496630
 496622
 496453
 496081
 496071
 495849
 495819
 495684
 495652
 495575
 495300
 495087
 494678
 494503
 494475
 494468
 494147
 494053
 494007
 493900
 493861
 493827
 493618
 493604
 493506
 493274
 493194
 493185
 492994
 492983
 492981
 492965
 492960
 492957
 492877
 492442
 492426
 492237
 492210
 492163
 492070
 492037
 491945
 491789
 491593
 491585
 491562
 491345
 491319
 491221
 491124
 491073
 490906
 490850
 490840
 490829
 490618
 490342
 490305
 490169
 490146
 490071
 489952
 489822
 489675
 489528
 489506
 489430
 489386
 489332
 489268
 489064
 488798
 488502
 488487
 488470
 488250
 488082
 488077
 487940
 487861
 487840
 487804
 487760
 487740
 487669
 487565
 487518
 487471
 487426
 487365
 487341
 487328
 487273
 487065
 486999
 486951
 486782
 486526
 486447
 486288
 486143
 486033
 485991
 485762
 485623
 485366
 485007
 484973
 484848
 484745
 484743
 484707
 484519
 484513
 484482
 484335
 484331
 484242
 484149
 484061
 483950
 483914
 483832
 483827
 483682
 483648
 483622
 483506
 483414
 483406
 483341
 483256
 483121
 483025
 482954
 482880
 482644
 482360
 482352
 482139
 481739
 481685
 481657
 481572
 481510
 481399
 481274
 481203
 481191
 481134
 481122
 481013
 480965
 480822
 480775
 480649
 480543
 480421
 480391
 480277
 480248
 480238
 480205
 480170
 480116
 480007
 479873
 479844
 479717
 479564
 479476
 479288
 479272
 479244
 479205
 479125
 479054
 479003
 479001
 478959
 478777
 478751
 478709
 478569
 478479
 478477
 478447
 478135
 477807
 477760
 477759
 477648
 477607
 477503
 477388
 477376
 477357
 477323
 477276
 477162
 477032
 477015
 476997
 476940
 476923
 476784
 476703
 476653
 476651
 476463
 476365
 476016
 475885
 475556
 475524
 475503
 475493
 475453
 475244
 475196
 475084
 475054
 474763
 474641
 474017
 474006
 473846
 473843
 473839
 473822
 473725
 473679
 473663
 473480
 473365
 473309
 473221
 473199
 473118
 473065
 473048
 472993
 472754
 472617
 472508
 472487
 472484
 472467
 472431
 472201
 472168
 472076
 471847
 471786
 471570
 471562
 471346
 470883
 470594
 470382
 470279
 470160
 470132
 470037
 469879
 469745
 469601
 469565
 469538
 469521
 469391
 469296
 468965
 468923
 468887
 468737
 468240
 468208
 468187
 468079
 468052
 468042
 467803
 467802
 467625
 467382
 467202
 467153
 467037
 466803
 466731
 466563
 466534
 466148
 466096
 466047
 465781
 465777
 465753
 465692
 465490
 465390
 465247
 465088
 464989
 464930
 464771
 464740
 464620
 464599
 464285
 464237
 464229
 464227
 464152
 463789
 463612
 463512
 463427
 463408
 463177
 463158
 463151
 463057
 462983
 462895
 462880
 462859
 462826
 462567
 462489
 462424
 462341
 462243
 462232
 461960
 461895
 461779
 461560
 461462
 461239
 461193
 461168
 461068
 460947
 460870
 460867
 460825
 460715
 460698
 460630
 460622
 460496
 460481
 460465
 460369
 460368
 460317
 460277
 460107
 459747
 459679
 459668
 459639
 459502
 459482
 459421
 459327
 459134
 458978
 458974
 458937
 458801
 458715
 458680
 458634
 458302
 458177
 458089
 457988
 457853
 457602
 457481
 457469
 457444
 457047
 457004
 456882
 456616
 456467
 456416
 456409
 456310
 456213
 456032
 455901
 455850
 455782
 455761
 455659
 455568
 455445
 455430
 455416
 455415
 455410
 455353
 455320
 455316
 455108
 454878
 454588
 454545
 454514
 454318
 454315
 454128
 454046
 454039
 453930
 453921
 453902
 453566
 453409
 453387
 453333
 453209
 453097
 452830
 452803
 452730
 452705
 452697
 452566
 452549
 452524
 452380
 452373
 452372
 452323
 452305
 452194
 452054
 451915
 451887
 451862
 451850
 451795
 451776
 451712
 451661
 451639
 451567
 451518
 451327
 451319
 451265
 451174
 451100
 451071
 450996
 450843
 450785
 450716
 450704
 450549
 450385
 450036
 449959
 449889
 449853
 449834
 449806
 449625
 449380
 449361
 449110
 448793
 448569
 448438
 448425
 448417
 448415
 448368
 448366
 448266
 448251
 448087
 448039
 447887
 447714
 447691
 447636
 447592
 447422
 447288
 447160
 447058
 446875
 446813
 446712
 446344
 446069
 446013
 445977
 445799
 445679
 445663
 445642
 445634
 445411
 445149
 445138
 445132
 445057
 444956
 444855
 444834
 444777
 444578
 444477
 444459
 444444
 444424
 444316
 444295
 444224
 444126
 444077
 444063
 443841
 443709
 443692
 443617
 443605
 443531
 443480
 443458
 443432
 443295
 443251
 443222
 443146
 442945
 442859
 442836
 442455
 442215
 442155
 442119
 442079
 442067
 441984
 441937
 441898
 441775
 441631
 441557
 441306
 441303
 441276
 441247
 441206
 441196
 441172
 441124
 440988
 440985
 440946
 440725
 440666
 440516
 440499
 440437
 440409
 439996
 439924
 439863
 439614
 439570
 439528
 439422
 439182
 439109
 439074
 438968
 438961
 438824
 438803
 438789
 438763
 438729
 438525
 438356
 438276
 438175
 438132
 438076
 438042
 438037
 437911
 437903
 437881
 437860
 437797
 437744
 437710
 437681
 437514
 437232
 437052
 437008
 436823
 436681
 436651
 436619
 436555
 436419
 436358
 436120
 435996
 435936
 435914
 435768
 435594
 435516
 435424
 435420
 435348
 435317
 435272
 435132
 434876
 434816
 434642
 434634
 434461
 434415
 434330
 434316
 433988
 433752
 433734
 433709
 433548
 433541
 433534
 433476
 433458
 433392
 433347
 433208
 433122
 432976
 432902
 432843
 432793
 432682
 432673
 432592
 432353
 432321
 432200
 432054
 432017
 431930
 431881
 431864
 431578
 431438
 431326
 431230
 431226
 431208
 431197
 431076
 430964
 430959
 430851
 430671
 430656
 430571
 430564
 430550
 430379
 430372
 430337
 430060
 430036
 429569
 429561
 429338
 429098
 429081
 428940
 428819
 428680
 428641
 428571
 428499
 428445
 428408
 428290
 428289
 428162
 428096
 428087
 427966
 427959
 427616
 427612
 427535
 427444
 427305
 427169
 427164
 427055
 427006
 427001
 426840
 426685
 426636
 426635
 426523
 426508
 426474
 426438
 426352
 426346
 426330
 426172
 425959
 425757
 425683
 425549
 425519
 425479
 425250
 425086
 425027
 424999
 424791
 424741
 424696
 424457
 424444
 424437
 424317
 424249
 424178
 424130
 424013
 423864
 423786
 423499
 423480
 423411
 423275
 423270
 423184
 423040
 422996
 422878
 422729
 422661
 422586
 422540
 422536
 422479
 422208
 422060
 421986
 421817
 421511
 421501
 421487
 421467
 421261
 421203
 420989
 420988
 420892
 420858
 420845
 420792
 420706
 420684
 420356
 420327
 420324
 420292
 420283
 420165
 420121
 420100
 420086
 420044
 419795
 419638
 419503
 419314
 419203
 419173
 419080
 419045
 418953
 418834
 418680
 418629
 418372
 418366
 418117
 418075
 418066
 418037
 417995
 417910
 417846
 417825
 417816
 417675
 417479
 417472
 417322
 417276
 416760
 416730
 416643
 416579
 416499
 416498
 416397
 416362
 416327
 416035
 415885
 415857
 415758
 415578
 415513
 415487
 415402
 415359
 415192
 415146
 415089
 415000
 414924
 414918
 414819
 414814
 414754
 414467
 414294
 413940
 413483
 413461
 413322
 413317
 413217
 413205
 413152
 412923
 412869
 412796
 412757
 412743
 412420
 411939
 411831
 411593
 411515
 411388
 411351
 411261
 411194
 410926
 410842
 410835
 410758
 410683
 410664
 410638
 410596
 410545
 410309
 410299
 410268
 410222
 410220
 410177
 410056
 409889
 409844
 409841
 409746
 409733
 409709
 409613
 409552
 409487
 409402
 409372
 409286
 409237
 409193
 409071
 409037
 408930
 408890
 408850
 408739
 408729
 408575
 408383
 408327
 408190
 408177
 408163
 408160
 408051
 408048
 407999
 407957
 407894
 407885
 407794
 407538
 407275
 407230
 407184
 406929
 406774
 406675
 406485
 406417
 405917
 405846
 405687
 405613
 405033
 405023
 404930
 404758
 404665
 404624
 404580
 404486
 404302
 403708
 403690
 403310
 403227
 403222
 403191
 403014
 402959
 402927
 402915
 402894
 402826
 402758
 402668
 402621
 402617
 402457
 402444
 402409
 402209
 402170
 401842
 401743
 401574
 401508
 401380
 401336
 400953
 400855
 400745
 400591
 400553
 400543
 400349
 400332
 400307
 400250
 400136
 400130
 400111
 400000
 399947
 399942
 399804
 399739
 399737
 399678
 399653
 399641
 399409
 399306
 399232
 399109
 399078
 399075
 399026
 398937
 398860
 398798
 398769
 398751
 398688
 398542
 398516
 398510
 398484
 398374
 398226
 398151
 398095
 398030
 397730
 397574
 397562
 397494
 397449
 397370
 397236
 397003
 396932
 396767
 396515
 396326
 396321
 396150
 396111
 396070
 395891
 395821
 395786
 395627
 395500
 395061
 394885
 394845
 394756
 394736
 394632
 394604
 394587
 394476
 394354
 394192
 394148
 393987
 393852
 393687
 393546
 393434
 393272
 393194
 393042
 392811
 392725
 392694
 392607
 392528
 392478
 392371
 392324
 392296
 392189
 392152
 392053
 392004
 391999
 391980
 391925
 391787
 391536
 391530
 391304
 391279
 391254
 391250
 391158
 391123
 391048
 390966
 390743
 390730
 390465
 390432
 390353
 390234
 390180
 390113
 390003
 389957
 389738
 389670
 389638
 389583
 389575
 389558
 389453
 389413
 389345
 389326
 389183
 389177
 389112
 389098
 388994
 388901
 388844
 388728
 388457
 388387
 388190
 388095
 388019
 388014
 387955
 387730
 387592
 387568
 387537
 387511
 387453
 387437
 387348
 387188
 387165
 386962
 386945
 386936
 386874
 386853
 386803
 386764
 386762
 386708
 386681
 386550
 386289
 386284
 385766
 385611
 385552
 385464
 385366
 385235
 385128
 384987
 384961
 384792
 384694
 384615
 384476
 384384
 384287
 384227
 384062
 383994
 383967
 383780
 383779
 383713
 383676
 383505
 383480
 383450
 383449
 383396
 383367
 383366
 382775
 382768
 382704
 382663
 382590
 382497
 382238
 382210
 382123
 381746
 381658
 381637
 381616
 381444
 381436
 381294
 381210
 381207
 380952
 380866
 380790
 380789
 380668
 380659
 380601
 380368
 380358
 380245
 380235
 380231
 380201
 380182
 380145
 380090
 380060
 380029
 379813
 379778
 379645
 379637
 379626
 379513
 379502
 379371
 379330
 379001
 378716
 378629
 378600
 378498
 378442
 378390
 378353
 378335
 378140
 378083
 378056
 378048
 378006
 378000
 377909
 377728
 377707
 377521
 377446
 377294
 377236
 377184
 377049
 376722
 376294
 376293
 376272
 376124
 376003
 375933
 375867
 375714
 375686
 375494
 375396
 375312
 375233
 374982
 374925
 374680
 374561
 374496
 374469
 374334
 374288
 374150
 374030
 373939
 373923
 373913
 373909
 373897
 373850
 373681
 373583
 373576
 373493
 373333
 373322
 373165
 372997
 372933
 372830
 372604
 372549
 372398
 372093
 372034
 371883
 371716
 371553
 371510
 371484
 371428
 371382
 371254
 371148
 371069
 371064
 371055
 370933
 370885
 370869
 370287
 370237
 370230
 369928
 369727
 369653
 369631
 369488
 369482
 369320
 369208
 369202
 369068
 368839
 368696
 368691
 368550
 368513
 368421
 368385
 368322
 367991
 367875
 367833
 367748
 367620
 367615
 367542
 367260
 367221
 367184
 367081
 366982
 366865
 366713
 366607
 366528
 366480
 366466
 366250
 366190
 366135
 365913
 365870
 365719
 365717
 365482
 365469
 365269
 365077
 365064
 364814
 364683
 364426
 364220
 364084
 363964
 363772
 363636
 363571
 363544
 363534
 363472
 363452
 363272
 363152
 362858
 362599
 362580
 362518
 362507
 362463
 362376
 362356
 362116
 362038
 361924
 361668
 361639
 361300
 360984
 360912
 360717
 360621
 360556
 360529
 360411
 360377
 360351
 360298
 360287
 360096
 360094
 360090
 360072
 360064
 359996
 359873
 359866
 359852
 359834
 359796
 359775
 359717
 359676
 359656
 359605
 359301
 359206
 359080
 359028
 359004
 358933
 358780
 358602
 358565
 358559
 358534
 358412
 358234
 358121
 358040
 357953
 357936
 357929
 357874
 357677
 357635
 357509
 357470
 357142
 357074
 356996
 356915
 356884
 356839
 356738
 356671
 356632
 356473
 356333
 356234
 356035
 356011
 356005
 355985
 355821
 355693
 355592
 355582
 355376
 355272
 355258
 355252
 355231
 355159
 355158
 354949
 354916
 354770
 354748
 354744
 354564
 354442
 354304
 354164
 353672
 353634
 353387
 353356
 353309
 353251
 353188
 353128
 352941
 352895
 352810
 352769
 352628
 352503
 352183
 352159
 352006
 351541
 351528
 351405
 351109
 350989
 350958
 350880
 350804
 350582
 350499
 350463
 350154
 350084
 350051
 349986
 349957
 349914
 349730
 349498
 349390
 349052
 348928
 348812
 348738
 348684
 348451
 348379
 348316
 348276
 348125
 348092
 348035
 348033
 347816
 347742
 347622
 347423
 347419
 347390
 347384
 347315
 347288
 347266
 347222
 347178
 347107
 347077
 346715
 346309
 346163
 346153
 346059
 345811
 345776
 345705
 345580
 345464
 345222
 345099
 344948
 344869
 344831
 344733
 344686
 344682
 344590
 344588
 344418
 344059
 343915
 343845
 343664
 343491
 343371
 343370
 343322
 343208
 343175
 343043
 343023
 343009
 342976
 342945
 342908
 342851
 342827
 342670
 342618
 342605
 342487
 342458
 342205
 342160
 342106
 342073
 342023
 342009
 341629
 341627
 341541
 341437
 341436
 341313
 341312
 341269
 341214
 341104
 341073
 341007
 340981
 340948
 340768
 340660
 340353
 340340
 340269
 340243
 340206
 340063
 339892
 339888
 339811
 339770
 339732
 339608
 339554
 339420
 339292
 339233
 339130
 338963
 338936
 338654
 338579
 338508
 338477
 338321
 338242
 338212
 338155
 338139
 338083
 338082
 338064
 338039
 337989
 337959
 337904
 337791
 337719
 337712
 337530
 337492
 337475
 337336
 337163
 337130
 337066
 337049
 337006
 336994
 336909
 336697
 336555
 336200
 336167
 336102
 336034
 335812
 335769
 335744
 335740
 335738
 335719
 335644
 335542
 335483
 335428
 335413
 335293
 335115
 334922
 334568
 334552
 334419
 334305
 334223
 334220
 334201
 334039
 333959
 333651
 333599
 333552
 333545
 333447
 333368
 333354
 333333
 333018
 332926
 332650
 332620
 332609
 332582
 332559
 332365
 332104
 332083
 332077
 332044
 332014
 331887
 331854
 331687
 331643
 331534
 331530
 331478
 331103
 331092
 331058
 331016
 331005
 330868
 330793
 330782
 330759
 330728
 330645
 330369
 329985
 329963
 329926
 329729
 329651
 329593
 329575
 329465
 329423
 329337
 329293
 329268
 328767
 328703
 328481
 328329
 327984
 327785
 327784
 327656
 327509
 327454
 327390
 327386
 327381
 327377
 327297
 327210
 326905
 326861
 326686
 326617
 326431
 326264
 326260
 326183
 326146
 326125
 325986
 325872
 325799
 325714
 325454
 325362
 325246
 324902
 324795
 324775
 324757
 324569
 324546
 324393
 324368
 324356
 324336
 324313
 324238
 324232
 324151
 324130
 323780
 323366
 323223
 323198
 323138
 322836
 322744
 322730
 322582
 322483
 322392
 322334
 322295
 322267
 322089
 321918
 321728
 321657
 321613
 321589
 321584
 321487
 321468
 321389
 321385
 321335
 320835
 320612
 320500
 320418
 320311
 319895
 319745
 319676
 319626
 319587
 319557
 319525
 319514
 319478
 319446
 319375
 319365
 319342
 319307
 319148
 319137
 319116
 318945
 318749
 318719
 318655
 318595
 318569
 318541
 318432
 318417
 318248
 318036
 317926
 317875
 317739
 317715
 317647
 317635
 317576
 317568
 317533
 317376
 317145
 316782
 316775
 316719
 316590
 316435
 316427
 316366
 316293
 316238
 316104
 316025
 316021
 315998
 315912
 315868
 315738
 315692
 315480
 315455
 315435
 315281
 315249
 314776
 314750
 314724
 314462
 314380
 314204
 314119
 314017
 313758
 313738
 313572
 313405
 313361
 313261
 313212
 313122
 313080
 313001
 312943
 312736
 312662
 312651
 312649
 312400
 312384
 312342
 312273
 312171
 312079
 311922
 311736
 311606
 311593
 311562
 311510
 311486
 311481
 311475
 311404
 311289
 311143
 311092
 310909
 310795
 310724
 310721
 310695
 310529
 310357
 310344
 310181
 310112
 310028
 309905
 309677
 309555
 309363
 309226
 309225
 308857
 308692
 308585
 308580
 308501
 308296
 308037
 307871
 307810
 307791
 307593
 307574
 307567
 307499
 307485
 307185
 307163
 307083
 306882
 306743
 306678
 306657
 306491
 306428
 306286
 306230
 306227
 306129
 306092
 305919
 305843
 305691
 305640
 305476
 305462
 305335
 305260
 305009
 304918
 304871
 304865
 304710
 304687
 304580
 304499
 304498
 304280
 304256
 304212
 304194
 303885
 303872
 303852
 303516
 303452
 303380
 303312
 303078
 303036
 303030
 303023
 302681
 302641
 302500
 302465
 302374
 302221
 302167
 301706
 301665
 301635
 301620
 301603
 301304
 301211
 301112
 301020
 300770
 300416
 300291
 300265
 300082
 300000
 299934
 299716
 299708
 299385
 299373
 299321
 299196
 299193
 299179
 298932
 298885
 298456
 298300
 298148
 298035
 298008
 297996
 297710
 297356
 297134
 297123
 297090
 296960
 296934
 296879
 296841
 296831
 296819
 296797
 296761
 296386
 296208
 296193
 296152
 296126
 296035
 295906
 295771
 295762
 295650
 295559
 295362
 295257
 295235
 294699
 294435
 294395
 294308
 294238
 294091
 294087
 294036
 293888
 293771
 293745
 293734
 293631
 293627
 293580
 293569
 293400
 293286
 293165
 293020
 292955
 292632
 292577
 292511
 292464
 292310
 292261
 292173
 291952
 291744
 291638
 291522
 291491
 291424
 291097
 291083
 291072
 290881
 290732
 290721
 290706
 290647
 290646
 290181
 290172
 290093
 290076
 290045
 289981
 289975
 289966
 289628
 289622
 289448
 289297
 289289
 289156
 289045
 288965
 288151
 288057
 288050
 288019
 287899
 287893
 287859
 287855
 287695
 287583
 287166
 286821
 286728
 286685
 286616
 286474
 286429
 286396
 286298
 286225
 286204
 286119
 286075
 286031
 285889
 285796
 285714
 285664
 285539
 285465
 285443
 285241
 285220
 285213
 285078
 285069
 284865
 284829
 284709
 284629
 284262
 284196
 284119
 284048
 283922
 283579
 283569
 283417
 283339
 283185
 283152
 283020
 282876
 282697
 282678
 282567
 282525
 282452
 282331
 282315
 282266
 282084
 282057
 282023
 281993
 281857
 281595
 281505
 280989
 280931
 280844
 280839
 280836
 280819
 280739
 280525
 280338
 280326
 280107
 279825
 279797
 279688
 279683
 279640
 279474
 279423
 279380
 279155
 279069
 279013
 278911
 278760
 278727
 278719
 278712
 278643
 278489
 278383
 278134
 277927
 277918
 277843
 277697
 277688
 277554
 277533
 277334
 277192
 277179
 277110
 277031
 276829
 276821
 276776
 276516
 276488
 276482
 276474
 276243
 276198
 276147
 276082
 275957
 275628
 275592
 275562
 275294
 275290
 275178
 275157
 274887
 274795
 274683
 274666
 274605
 274591
 274509
 274338
 274287
 274145
 274088
 274015
 273936
 273908
 273852
 273471
 273440
 273374
 273329
 273078
 272997
 272918
 272851
 272826
 272759
 272727
 272291
 272275
 272271
 272194
 272078
 272027
 272003
 271899
 271746
 271560
 271557
 271555
 271403
 271317
 271214
 271209
 271189
 270671
 270551
 270349
 270311
 270101
 270062
 269976
 269948
 269781
 269701
 269688
 269491
 269377
 268884
 268801
 268600
 268535
 268447
 268182
 268173
 267798
 267676
 267312
 267087
 267062
 267060
 266903
 266782
 266723
 266712
 266637
 266489
 266477
 266431
 266251
 266180
 266171
 266041
 265912
 265874
 265681
 265541
 265530
 265516
 265509
 265387
 265345
 265223
 265198
 265165
 265161
 265154
 265127
 265033
 264781
 264666
 264664
 264591
 264549
 264487
 264486
 264467
 264449
 264411
 264220
 264151
 264045
 264039
 264026
 263928
 263874
 263840
 263793
 263720
 263699
 263678
 263650
 263488
 263356
 263173
 262948
 262935
 262812
 262771
 262753
 262572
 262561
 262413
 262169
 262050
 261699
 261640
 261603
 261537
 261486
 261303
 261109
 261035
 260798
 260422
 260370
 260347
 260290
 260180
 260171
 260105
 259852
 259837
 259754
 259658
 259457
 259315
 259259
 259133
 259122
 258928
 258663
 258546
 258486
 258377
 258295
 258259
 258240
 258171
 257886
 257875
 257541
 257514
 257442
 257421
 257345
 257178
 256994
 256960
 256951
 256842
 256767
 256721
 256499
 256495
 256410
 256302
 256242
 256198
 255879
 255813
 255652
 255577
 255516
 255506
 255485
 255439
 255283
 255250
 255168
 255101
 255051
 255028
 254950
 254882
 254711
 254710
 254693
 254485
 254456
 254421
 254414
 254409
 254387
 254376
 254209
 254037
 253939
 253804
 253550
 253401
 253181
 252794
 252758
 252703
 252675
 252507
 252170
 252097
 251942
 251841
 251789
 251766
 251658
 251655
 251413
 251359
 251271
 251264
 251242
 251241
 251112
 250873
 250772
 250761
 250536
 250467
 250384
 250345
 250338
 250000
 249967
 249872
 249859
 249825
 249814
 249717
 249590
 249366
 249161
 249068
 248982
 248842
 248838
 248776
 248736
 248646
 248561
 248486
 248484
 248457
 248330
 248237
 248105
 248062
 247779
 247588
 247571
 247559
 247496
 247440
 247197
 247164
 247154
 247121
 246768
 246678
 246207
 246183
 246182
 246170
 246123
 245765
 245537
 245396
 245333
 245314
 244746
 244604
 244541
 244511
 244505
 244492
 244405
 244320
 244263
 244042
 243792
 243781
 243714
 243518
 243488
 243428
 243369
 243253
 242752
 242537
 242230
 242225
 241969
 241909
 241717
 241590
 241415
 241379
 241355
 241134
 241114
 241084
 240988
 240963
 240776
 240672
 240566
 240493
 240411
 240397
 240378
 240322
 239999
 239979
 239959
 239577
 239436
 239418
 239327
 239278
 239266
 238909
 238708
 238663
 238538
 238483
 238399
 238235
 238111
 237882
 237697
 237489
 237456
 237394
 237272
 237185
 237168
 236858
 236778
 236616
 236553
 236455
 236449
 236403
 236380
 236144
 236077
 235873
 235669
 235621
 235567
 235418
 235371
 235294
 235273
 235211
 235117
 235050
 235020
 234781
 234447
 234317
 234249
 233971
 233875
 233797
 233750
 233716
 233655
 233397
 233268
 233232
 233230
 233160
 233072
 233009
 232953
 232766
 232729
 232687
 232583
 232472
 232306
 232287
 232274
 232191
 232088
 231967
 231887
 231719
 231518
 231448
 231429
 231185
 231100
 230706
 230581
 230542
 230433
 230319
 230315
 230082
 230008
 229982
 229772
 229668
 229481
 229322
 229112
 229110
 228779
 228675
 228579
 228323
 228308
 228109
 228099
 227962
 227759
 227640
 227621
 227482
 227408
 227154
 227027
 226945
 226932
 226912
 226765
 226693
 226654
 226546
 226273
 226263
 226262
 226206
 226163
 226115
 226100
 226053
 225992
 225778
 225682
 225649
 225617
 225613
 225557
 225495
 225448
 225305
 225076
 224803
 224779
 224771
 224760
 224752
 224749
 224610
 224452
 224422
 224400
 224355
 224280
 224254
 224142
 224111
 223961
 223923
 223845
 223835
 223756
 223624
 223486
 223411
 223354
 223290
 223238
 223043
 222960
 222852
 222840
 222501
 221961
 221803
 221736
 221732
 221706
 221557
 221419
 221337
 221242
 221138
 221137
 221125
 221045
 221034
 220989
 220982
 220895
 220883
 220386
 220266
 220105
 220051
 220025
 219910
 219851
 219574
 219566
 219528
 219435
 219385
 219257
 219203
 219182
 219167
 219003
 218934
 218905
 218843
 218831
 218592
 218476
 218389
 218370
 218201
 218123
 217902
 217879
 217706
 217616
 217576
 217550
 217506
 217413
 217371
 217365
 217362
 217137
 217107
 217095
 217021
 217018
 216932
 216425
 216335
 216181
 215848
 215686
 215662
 215656
 215632
 215533
 215503
 215326
 215230
 215109
 214982
 214860
 214765
 214716
 214365
 214294
 214154
 213941
 213904
 213627
 213610
 213226
 213047
 212676
 212583
 212539
 212411
 212376
 212286
 212144
 212095
 212020
 211754
 211562
 211445
 211361
 211350
 211282
 211199
 211160
 211147
 211102
 211000
 210871
 210852
 210796
 210658
 210637
 210609
 210526
 210401
 210400
 210341
 210330
 210174
 209994
 209879
 209850
 209712
 209705
 209304
 209254
 209237
 209119
 208986
 208798
 208597
 208266
 208253
 208247
 208216
 208097
 208095
 207838
 207759
 207655
 207573
 207523
 207502
 207236
 207043
 207017
 206896
 206880
 206861
 206839
 206781
 206388
 206248
 206203
 206095
 205888
 205779
 205586
 205417
 205273
 205269
 205208
 205190
 204864
 204830
 204814
 204772
 204687
 204558
 204231
 204169
 204135
 204105
 203791
 203605
 203530
 203304
 203172
 203051
 202859
 202846
 202660
 202603
 202600
 202531
 201882
 201844
 201834
 201817
 201692
 201638
 201627
 201581
 201550
 201543
 201457
 201393
 201280
 201275
 201126
 201024
 200993
 200884
 200853
 200752
 200745
 200694
 200658
 200547
 200399
 200222
 200000
 199796
 199650
 199532
 199448
 199404
 199214
 198735
 198643
 198641
 198566
 198560
 198534
 198494
 198430
 198390
 198214
 198152
 197815
 197778
 197773
 197732
 197623
 197601
 197481
 197470
 197358
 197319
 197313
 196721
 196647
 196480
 196361
 196296
 196190
 196130
 196040
 195934
 195707
 195601
 195219
 195061
 194983
 194934
 194741
 194642
 194622
 194614
 194342
 194246
 194016
 193820
 193684
 193657
 193643
 193545
 193455
 193218
 192862
 192719
 192671
 192666
 192604
 192355
 192343
 192197
 192095
 191979
 191780
 191703
 191652
 191595
 191571
 191559
 191544
 191471
 191164
 191013
 190982
 190916
 190883
 190867
 190401
 190382
 190364
 190301
 190234
 189972
 189925
 189865
 189588
 189511
 189044
 189002
 188757
 188680
 188596
 188515
 188459
 188440
 188418
 188408
 188096
 188079
 187861
 187786
 187739
 187663
 187648
 187577
 187549
 187514
 187430
 187298
 187199
 187184
 187182
 187100
 187099
 187067
 187005
 186953
 186846
 186803
 186738
 186610
 186516
 186391
 186288
 185703
 185673
 185657
 185603
 185558
 185390
 185266
 185179
 185122
 185110
 184738
 184669
 184466
 184412
 184339
 184300
 184265
 184188
 184052
 184012
 183948
 183844
 183724
 183619
 183519
 183483
 183378
 183303
 183056
 182957
 182925
 182823
 182774
 182754
 182722
 182675
 182654
 182604
 182458
 182296
 181485
 181462
 181221
 181001
 180887
 180885
 180811
 180802
 180725
 180722
 180700
 180565
 180562
 180536
 180347
 180275
 180157
 180038
 179946
 179934
 179878
 179852
 179700
 179440
 179346
 179289
 179261
 179141
 178781
 178734
 178703
 178553
 178181
 178050
 177912
 177909
 177805
 177673
 177597
 177529
 177461
 177311
 177090
 177073
 176891
 176814
 176681
 176626
 176450
 176388
 175895
 175843
 175578
 175511
 175409
 175312
 174728
 174579
 174549
 174464
 174403
 174229
 173913
 173876
 173872
 173686
 173677
 173658
 173450
 173424
 173333
 173263
 173258
 173209
 173182
 173047
 172743
 172586
 172503
 172325
 172067
 171974
 171963
 171869
 171749
 171717
 171699
 171499
 171395
 171329
 171216
 171052
 170894
 170867
 170854
 170710
 170542
 170530
 170506
 170418
 170285
 170278
 170043
 169916
 169700
 169687
 169654
 169572
 169552
 169537
 169491
 169443
 169366
 169314
 169259
 169154
 168920
 168783
 168714
 168581
 168387
 168297
 168239
 168092
 167921
 167886
 167559
 167531
 167485
 167436
 167411
 167366
 167203
 167070
 166951
 166800
 166548
 166442
 166299
 166241
 166239
 166158
 166125
 166109
 166057
 165780
 165739
 165494
 165422
 165266
 165260
 165146
 165075
 164941
 164876
 164801
 164482
 164464
 164407
 164387
 164333
 164323
 164250
 164237
 164162
 163924
 163783
 163782
 163748
 163740
 163695
 163555
 163378
 163373
 163372
 163182
 163145
 163130
 162876
 162790
 162738
 162613
 162555
 162544
 162264
 162187
 162149
 162094
 162046
 162044
 161921
 161782
 161626
 161616
 161354
 161124
 160948
 160869
 160841
 160804
 160717
 160125
 160009
 159829
 159590
 159530
 159438
 159289
 159078
 159055
 159010
 158307
 157803
 157757
 157635
 157628
 157605
 157520
 157493
 157378
 157275
 157260
 157223
 157178
 157081
 156995
 156862
 156799
 156709
 156639
 156595
 156556
 156391
 156300
 156193
 156154
 155903
 155662
 155570
 155389
 155375
 155309
 155230
 155151
 155145
 155041
 154994
 154928
 154862
 154761
 154513
 154474
 154468
 154361
 154349
 154346
 154282
 154090
 154076
 153973
 153909
 153771
 153741
 153662
 153415
 153401
 153363
 153351
 153316
 152845
 152783
 152737
 152690
 152667
 152406
 152250
 152143
 152090
 151847
 151836
 151782
 151748
 151621
 151619
 151555
 151276
 151023
 151014
 150978
 150953
 150772
 150764
 150684
 150615
 150579
 150532
 150426
 150362
 150333
 150213
 149992
 149664
 149515
 149135
 148961
 148743
 148735
 148649
 148645
 148557
 148555
 148514
 148446
 148336
 148257
 148110
 148099
 148000
 147962
 147899
 147781
 147515
 147404
 147324
 147201
 147102
 147047
 146851
 146730
 146655
 146624
 146593
 146454
 146452
 146432
 146121
 146107
 145938
 145907
 145899
 145896
 145775
 145748
 145616
 145545
 145446
 145225
 145207
 145150
 145118
 144977
 144902
 144897
 144808
 144411
 144398
 144387
 144168
 144025
 143887
 143857
 143524
 143349
 143277
 142857
 142790
 142462
 142432
 142366
 142343
 142167
 142127
 141947
 141807
 141795
 141762
 141702
 141639
 141612
 141479
 140878
 140730
 140251
 140234
 139941
 139917
 139905
 139866
 139854
 139523
 139507
 139105
 139020
 138920
 138868
 138804
 138728
 138646
 138630
 138579
 138571
 138513
 138482
 138449
 138390
 138106
 138041
 137992
 137986
 137910
 137850
 137814
 137810
 137770
 137651
 137641
 137598
 137555
 137313
 137235
 137066
 136973
 136901
 136778
 136733
 136711
 136697
 136687
 136543
 136337
 136330
 136301
 136156
 136014
 135935
 135931
 135816
 135734
 135631
 135450
 135414
 135299
 135112
 135081
 135070
 135069
 135061
 135021
 134814
 134758
 134602
 134599
 134391
 134185
 133996
 133982
 133950
 133813
 133810
 133763
 133491
 133403
 133356
 133119
 133064
 133048
 132897
 132531
 132384
 132205
 132195
 132075
 132014
 131969
 131768
 131736
 131682
 131521
 131440
 131364
 131195
 131176
 130725
 130699
 130684
 130544
 130415
 130315
 130194
 130049
 130040
 129919
 129904
 129883
 129867
 129713
 129707
 129588
 129436
 129411
 129388
 129382
 129353
 129313
 129287
 129181
 128946
 128938
 128686
 128493
 128389
 128271
 128046
 128033
 128021
 127936
 127785
 127745
 127709
 127615
 127436
 127375
 127272
 127258
 127253
 127169
 126827
 126429
 126385
 126350
 126292
 126280
 126227
 126175
 125995
 125980
 125782
 125772
 125714
 125708
 125704
 125675
 125468
 125350
 125313
 125171
 125163
 125134
 125039
 125031
 125000
 124708
 124659
 124650
 124580
 124468
 124388
 124356
 124210
 124164
 124156
 124027
 123993
 123949
 123929
 123797
 123568
 123449
 123247
 123232
 123147
 123062
 123012
 122944
 122837
 122766
 122762
 122679
 122470
 122456
 122378
 122202
 122180
 122137
 122095
 122011
 121947
 121905
 121783
 121684
 121681
 121662
 121628
 121567
 121436
 121387
 121368
 121362
 121170
 121104
 121067
 120692
 120600
 120502
 120415
 120217
 120207
 120082
 119988
 119952
 119905
 119789
 119743
 119660
 119574
 119507
 119362
 119230
 119078
 119008
 118999
 118938
 118918
 118790
 118613
 118589
 118403
 118391
 118148
 118100
 118070
 117818
 117782
 117728
 117685
 117647
 117628
 117568
 117435
 117413
 117402
 117359
 117352
 117021
 116843
 116788
 116657
 116651
 116492
 116437
 116391
 116336
 116170
 115911
 115864
 115639
 115579
 115359
 115264
 115162
 115140
 115094
 115044
 114816
 114788
 114747
 114735
 114411
 114379
 114339
 114316
 114275
 114228
 114192
 113837
 113823
 113803
 113659
 113634
 113573
 113297
 113114
 113101
 113092
 113079
 112918
 112865
 112844
 112760
 112715
 112676
 112502
 112232
 112198
 112167
 112158
 112062
 111978
 111954
 111876
 111835
 111773
 111672
 111634
 111584
 111582
 111459
 111381
 111224
 111186
 111147
 110880
 110801
 110799
 110769
 110497
 110495
 110403
 110375
 110357
 110285
 110176
 110096
 109919
 109823
 109685
 109589
 109495
 109468
 109228
 108949
 108796
 108791
 108774
 108755
 108753
 108669
 108492
 108344
 108263
 108196
 108022
 107997
 107805
 107794
 107779
 107733
 107710
 107627
 107448
 107405
 107379
 107368
 107327
 107245
 107131
 106803
 106779
 106697
 106374
 106179
 106115
 106113
 105726
 105691
 105530
 105525
 105502
 105485
 105391
 105384
 105330
 105081
 104974
 104948
 104868
 104805
 104726
 104632
 104594
 104472
 104325
 104266
 104246
 104022
 103997
 103946
 103941
 103896
 103661
 103620
 103549
 103469
 103448
 103294
 103166
 103159
 103095
 103092
 102908
 102889
 102812
 102703
 102678
 102473
 102406
 102397
 102377
 102285
 102276
 102189
 102106
 102030
 101992
 101925
 101694
 101644
 101578
 101517
 101440
 101387
 101374
 101324
 101250
 101138
 101063
 100840
 100750
 100709
 100684
 100616
 100442
 100242
 100218
 100183
 100083
 99959
 99788
 99520
 99492
 99331
 99232
 99167
 99105
 99082
 99079
 99031
 98974
 98729
 98450
 98158
 98097
 97912
 97796
 97784
 97655
 97564
 97560
 97542
 97400
 97374
 97072
 96937
 96916
 96885
 96884
 96798
 96633
 96244
 96236
 96226
 96012
 95951
 95813
 95804
 95558
 95357
 95149
 95086
 95062
 95020
 95001
 94995
 94640
 94414
 94301
 94227
 93980
 93886
 93884
 93841
 93725
 93695
 93535
 93369
 93327
 93045
 92832
 92826
 92798
 92797
 92783
 92678
 92630
 92598
 92553
 92485
 92455
 92450
 92436
 92184
 92050
 91996
 91977
 91952
 91947
 91938
 91911
 91886
 91846
 91746
 91571
 91568
 91557
 91525
 91520
 91417
 91274
 91257
 91200
 91182
 90967
 90926
 90877
 90876
 90770
 90667
 90518
 90472
 90398
 90240
 90148
 90056
 89877
 89847
 89840
 89473
 89428
 89339
 89277
 89218
 89197
 89138
 89131
 89020
 89008
 88882
 88839
 88735
 88310
 88141
 88120
 88118
 87985
 87857
 87842
 87811
 87752
 87719
 87700
 87669
 87664
 87649
 87625
 87596
 87518
 87444
 87376
 87371
 87363
 87339
 87317
 87249
 87180
 87150
 86922
 86868
 86344
 86240
 86231
 86202
 86179
 86014
 85972
 85778
 85764
 85596
 85581
 85247
 85218
 85133
 84985
 84921
 84900
 84815
 84768
 84760
 84551
 84296
 84256
 83990
 83949
 83709
 83579
 83576
 83573
 83537
 83395
 83388
 83208
 83037
 82859
 82852
 82796
 82787
 82568
 82521
 82442
 82306
 82257
 82009
 81986
 81958
 81902
 81873
 81824
 81821
 81592
 81333
 81326
 81193
 81112
 81069
 80970
 80968
 80937
 80921
 80809
 80753
 80736
 80677
 80537
 80520
 80336
 80234
 79898
 79777
 79702
 79425
 79410
 79153
 79031
 78981
 78875
 78660
 78647
 78635
 78552
 78471
 78441
 78274
 78238
 78108
 78081
 78001
 77937
 77906
 77836
 77695
 77673
 77594
 77501
 77479
 77399
 77337
 76989
 76916
 76780
 76569
 76480
 76226
 76164
 76016
 76001
 75963
 75910
 75688
 75684
 75673
 75395
 75346
 75159
 75136
 74891
 74879
 74718
 74707
 74666
 74655
 74626
 74513
 74189
 74146
 74074
 74012
 73830
 73692
 73517
 73488
 73446
 73431
 73145
 73015
 72902
 72823
 72733
 72632
 72587
 72506
 72411
 72358
 72250
 72234
 72056
 72047
 71823
 71713
 71655
 71497
 71471
 71428
 71200
 71007
 70962
 70911
 70894
 70836
 70733
 70707
 70680
 70660
 70574
 70360
 70175
 70169
 70094
 69740
 69706
 69700
 69423
 69414
 69306
 69262
 69230
 69111
 68817
 68814
 68692
 68583
 68568
 68522
 68316
 68270
 68265
 68189
 68151
 67906
 67823
 67787
 67689
 67601
 67576
 67524
 67439
 67383
 67308
 67251
 67222
 67202
 66890
 66817
 66776
 66590
 66365
 66298
 66268
 66153
 66088
 66075
 65996
 65934
 65723
 65706
 65589
 65561
 65390
 65271
 65193
 65083
 64996
 64995
 64926
 64872
 64834
 64727
 64622
 64519
 64493
 64491
 64098
 64052
 64020
 63978
 63885
 63821
 63649
 63648
 63623
 63602
 63550
 63516
 63427
 63379
 63305
 63294
 63228
 63217
 63159
 63145
 63112
 63029
 62992
 62982
 62971
 62957
 62949
 62919
 62814
 62734
 62675
 62375
 62095
 62040
 61942
 61841
 61760
 61740
 61462
 61448
 61339
 61283
 61224
 61090
 61058
 60991
 60802
 60357
 60304
 60291
 60240
 60055
 60034
 60030
 59942
 59896
 59877
 59839
 59803
 59770
 59751
 59713
 59571
 59530
 59511
 59338
 59325
 58916
 58904
 58867
 58711
 58669
 58640
 58577
 58416
 58289
 58275
 58025
 57977
 57900
 57874
 57851
 57841
 57830
 57829
 57679
 57664
 57613
 57608
 57363
 57321
 57177
 57157
 57056
 56845
 56787
 56669
 56423
 56173
 56142
 56091
 56060
 55982
 55947
 55915
 55785
 55730
 55560
 55526
 55415
 55255
 55076
 55073
 55067
 55006
 54748
 54743
 54556
 54531
 54409
 54355
 54283
 53969
 53819
 53784
 53719
 53698
 53464
 53413
 53374
 53367
 53081
 53044
 52799
 52631
 52376
 52341
 52087
 51768
 51687
 51630
 51625
 51435
 51361
 51291
 51289
 51222
 51009
 51007
 50862
 50847
 50811
 50684
 50478
 50460
 50420
 50388
 50209
 50113
 50074
 49944
 49771
 49580
 49500
 49481
 49460
 49079
 48795
 48774
 48584
 48473
 48472
 48466
 48458
 48418
 48239
 47863
 47835
 47739
 47647
 47564
 47395
 47333
 47301
 47144
 47058
 47026
 47008
 46962
 46827
 46769
 46761
 46746
 46717
 46587
 46558
 46403
 46370
 46294
 46184
 46070
 46002
 45846
 45745
 45659
 45631
 45610
 45531
 45424
 45356
 45174
 45128
 45046
 44984
 44665
 44562
 44558
 44539
 44424
 44326
 44235
 44143
 44048
 43918
 43862
 43853
 43720
 43680
 43615
 43418
 43331
 43217
 43134
 42987
 42890
 42467
 42279
 42152
 41848
 41807
 41521
 41271
 41127
 41083
 41070
 40936
 40935
 40656
 40610
 40595
 40317
 40262
 40250
 40186
 40118
 40003
 39999
 39993
 39689
 39552
 39542
 39460
 39414
 39405
 39352
 39236
 39222
 39193
 39162
 39048
 38759
 38709
 38657
 38656
 38585
 38478
 38442
 38250
 38167
 37907
 37804
 37635
 37613
 37595
 37471
 37422
 37370
 37183
 37082
 37049
 36968
 36904
 36889
 36875
 36863
 36837
 36743
 36697
 36634
 36573
 36480
 36396
 36333
 36323
 36072
 36062
 36041
 36036
 35635
 35634
 35437
 35392
 35369
 35323
 35149
 35019
 34910
 34740
 34617
 34613
 34524
 34343
 34329
 34268
 34156
 33855
 33693
 33680
 33676
 33665
 33642
 33613
 33607
 33491
 33488
 33454
 33331
 33297
 33223
 33112
 33016
 32870
 32756
 32681
 32653
 32632
 32630
 32616
 32513
 32504
 32494
 32378
 32356
 32179
 32175
 32089
 32056
 32046
 32009
 31864
 31589
 31573
 31520
 31294
 31276
 31137
 31100
 31059
 30954
 30953
 30769
 30714
 30125
 29995
 29952
 29920
 29794
 29746
 29701
 29445
 29338
 29145
 28939
 28935
 28661
 28659
 28592
 28507
 28471
 28430
 28314
 28121
 28113
 28090
 28082
 27963
 27742
 27718
 27657
 27608
 27576
 27456
 27350
 27149
 27104
 26531
 26483
 26357
 26236
 26032
 25766
 25607
 25530
 25456
 25238
 25131
 24758
 24733
 24695
 24626
 24461
 24408
 24174
 23988
 23947
 23904
 23894
 23866
 23773
 23601
 23435
 23397
 23380
 23357
 23290
 23265
 22919
 22913
 22829
 22828
 22649
 22585
 22503
 22421
 22415
 22296
 22274
 22271
 21855
 21811
 21790
 21745
 21739
 21610
 21584
 21481
 21456
 21174
 21080
 20973
 20949
 20915
 20860
 20780
 20744
 20602
 20574
 20550
 20444
 20408
 20256
 20226
 20222
 20044
 20036
 20030
 19995
 19844
 19835
 19793
 19743
 19707
 19647
 19607
 19563
 19529
 19496
 19454
 19446
 19402
 19098
 18928
 18867
 18801
 18748
 18736
 18659
 18619
 18471
 18439
 18380
 18340
 18336
 18264
 18218
 18181
 18103
 18077
 18069
 18021
 17914
 17811
 17691
 17628
 17071
 17010
 16929
 16848
 16837
 16797
 16721
 16666
 16628
 16627
 16626
 16603
 16528
 16497
 16487
 16275
 16216
 16204
 16166
 16159
 16101
 16043
 16034
 15824
 15768
 15728
 15663
 15590
 15390
 15385
 15077
 15026
 15006
 14899
 14891
 14841
 14498
 14239
 14069
 14017
 13848
 13699
 13481
 13476
 13344
 13213
 13040
 13016
 13010
 12987
 12973
 12881
 12833
 12832
 12393
 12154
 12119
 11842
 11739
 11629
 11573
 11530
 11426
 11362
 11145
 11045
 10982
 10822
 10807
 10754
 10690
 10660
 10398
 10384
 10334
 10310
 10265
 10104
 10059
 9838
 9763
 9712
 9503
 9501
 9304
 9206
 9126
 8937
 8805
 8520
 8413
 8331
 8136
 7835
 7793
 7676
 7100
 7021
 6728
 6676
 6631
 6539
 6332
 6326
 6261
 6237
 6178
 6168
 6018
 5815
 5791
 5656
 5540
 5510
 5355
 5064
 5040
 5020
 4994
 4987
 4954
 4949
 4829
 4810
 4632
 4625
 4587
 4567
 4565
 4552
 4524
 4344
 4146
 4065
 4013
 3980
 3881
 3845
 3768
 3660
 3588
 3323
 3307
 3193
 3126
 2649
 2607
 2558
 2506
 2499
 2471
 2398
 2372
 2163
 2105
 1881
 1645
 1522
 1492
 1434
 1413
 1325
 1316
 1201
 1122
 1050
 993
 868
 728
 635
 530
 357
 350
 0
 