99504
 37795
 297329
 409314
 178393
 469399
 385812
 438027
 367769
 280416
 156869
 60872
 395466
 493818
 78831
 166136
 382510
 349757
 410771
 21932
 184800
 296291
 383097
 93393
 255365
 268408
 398676
 191209
 304057
 381708
 492745
 346052
 293542
 458099
 403579
 181480
 20703
 240937
 22194
 2487
 80261
 407514
 237486
 320189
 355586
 386967
 327849
 126896
 336036
 165576
 239188
 233548
 414976
 153624
 117229
 219591
 353728
 210823
 97710
 438207
 253429
 488986
 294791
 313358
 335663
 146858
 389132
 373476
 18329
 422366
 461014
 111829
 212722
 467006
 348258
 341626
 209312
 442230
 480511
 182388
 184873
 197780
 174486
 7368
 58551
 232802
 285663
 384413
 230031
 184713
 459534
 457260
 357634
 318740
 225753
 260905
 183584
 223922
 388777
 253113
 90192
 234188
 48377
 461469
 270632
 441505
 229200
 83519
 86956
 440327
 76544
 228053
 374417
 324899
 264489
 289122
 415361
 498834
 292672
 391074
 22718
 366769
 497124
 413730
 418861
 349685
 139805
 41680
 55865
 331888
 106557
 313083
 386168
 354866
 498150
 159699
 128753
 72212
 425946
 133009
 424353
 329645
 52447
 242462
 345834
 351239
 61514
 345003
 161913
 38809
 186536
 341673
 114070
 263016
 269907
 34922
 366526
 482387
 56231
 254456
 336960
 26740
 7391
 191900
 96864
 455152
 83979
 181087
 496257
 380394
 459531
 351411
 182123
 229342
 229926
 356107
 328692
 150501
 317952
 329443
 496075
 485874
 378837
 235983
 287976
 98660
 153679
 322072
 415509
 168668
 181818
 252193
 36831
 312500
 490054
 334156
 438293
 253149
 352512
 22516
 437185
 177287
 364411
 86215
 365257
 432563
 383247
 55810
 331836
 131628
 65460
 36196
 168076
 376145
 78819
 10791
 362111
 112987
 345376
 386029
 211635
 117256
 466153
 305028
 263282
 150801
 454434
 334061
 109383
 369371
 73590
 473626
 130215
 499467
 215419
 4698
 21729
 260935
 406965
 403413
 196805
 488163
 32529
 141960
 1952
 264743
 117832
 102312
 88655
 393871
 177425
 158925
 302429
 94409
 195487
 393029
 221404
 197812
 396601
 335891
 54755
 307728
 85844
 120805
 15195
 297826
 202406
 18032
 399537
 370368
 274654
 490811
 323829
 131362
 339770
 495519
 207114
 328975
 483852
 280884
 208926
 271469
 297351
 165369
 189600
 356544
 415016
 291126
 321336
 272016
 305270
 239841
 421010
 326334
 236920
 278310
 262693
 382134
 95114
 330218
 185960
 105054
 315157
 160303
 272727
 150514
 24707
 478694
 379154
 213035
 343611
 151944
 275907
 161985
 489891
 203700
 125141
 391951
 402234
 120879
 211016
 173389
 339331
 58553
 211169
 45483
 395082
 464889
 478178
 186410
 499189
 19888
 11570
 232420
 365820
 493633
 359267
 331941
 32786
 163895
 233112
 117682
 0
 348327
 304218
 127876
 441525
 263392
 28109
 273251
 211583
 142857
 126515
 298740
 200187
 459412
 150435
 362746
 465268
 348554
 11070
 380918
 130457
 123809
 347122
 283057
 287593
 241758
 455663
 234245
 16033
 65212
 430314
 302363
 318568
 116258
 360900
 396178
 378225
 417686
 361554
 111326
 13132
 334499
 89502
 72885
 9823
 305000
 187868
 475204
 123845
 347246
 343174
 124975
 273637
 99922
 362433
 183951
 462876
 24429
 234650
 92216
 95838
 160419
 22469
 370399
 77928
 55633
 452457
 469298
 342962
 259706
 351848
 445460
 277277
 147466
 467756
 95901
 181674
 363852
 339732
 331307
 146228
 398973
 351628
 217277
 4439
 285108
 73469
 112211
 93365
 140321
 202072
 24842
 169253
 177010
 238336
 379931
 486996
 42512
 456363
 238941
 267424
 18050
 47142
 37198
 324692
 295890
 248137
 179328
 436826
 51135
 224123
 402665
 250982
 431378
 49623
 439655
 21995
 39235
 31308
 348362
 323529
 154730
 25232
 284379
 375738
 304226
 71314
 146188
 221047
 434977
 14839
 142572
 51212
 105803
 258940
 113432
 399955
 7366
 201352
 38020
 473505
 440760
 396346
 429208
 42935
 390415
 489403
 358759
 477700
 327929
 6785
 185031
 8966
 241335
 37966
 81078
 237709
 66697
 197260
 212572
 498913
 120836
 449781
 53144
 40899
 224818
 477942
 483332
 331628
 408464
 210909
 100157
 92191
 391661
 445259
 46547
 359237
 365058
 207868
 172100
 187068
 49069
 378474
 53386
 157368
 4884
 56195
 126281
 320197
 117877
 282067
 282929
 135971
 96057
 336353
 238598
 68877
 457240
 283252
 416888
 355361
 373468
 408793
 442649
 63051
 447627
 335068
 386784
 306644
 171238
 396762
 288023
 220882
 438242
 208114
 487406
 469340
 246460
 170464
 482223
 414389
 30215
 42427
 169352
 280419
 13427
 53816
 360307
 259668
 333908
 8000
 207294
 365622
 391669
 8476
 461488
 223289
 28745
 146845
 374563
 191836
 124766
 111819
 36967
 144153
 221045
 492219
 166756
 108963
 400044
 137512
 215258
 102803
 387447
 165801
 10180
 82383
 54309
 246103
 258976
 487341
 190339
 176848
 486938
 434922
 244758
 428548
 464769
 269240
 327084
 94181
 362240
 121922
 317124
 325222
 139181
 480786
 50383
 391569
 92924
 189477
 256242
 431111
 101840
 476724
 101887
 50322
 381819
 236502
 14419
 192728
 359547
 35095
 13955
 466658
 61971
 281097
 161946
 24074
 397929
 119965
 440709
 54345
 137412
 339454
 4749
 309545
 31684
 58046
 345541
 328046
 383954
 347731
 421171
 306475
 451395
 473484
 386149
 240406
 391987
 255
 108806
 39539
 165329
 427177
 420487
 413236
 210573
 455721
 342232
 467999
 348319
 449619
 37151
 215044
 412334
 112222
 404883
 307821
 131812
 292204
 34951
 18366
 172979
 463066
 361949
 419242
 398950
 313476
 187564
 318918
 436842
 447265
 163773
 440000
 137735
 366416
 479180
 207682
 111892
 146010
 157780
 235438
 168874
 492591
 289706
 87341
 83648
 288254
 491913
 26737
 382360
 52183
 462955
 313988
 439855
 460818
 145785
 359967
 396096
 160656
 78318
 292418
 135906
 469568
 324060
 390557
 180611
 97292
 444634
 64118
 265653
 318654
 423618
 405287
 427347
 109600
 8312
 363447
 138423
 428434
 440083
 382678
 214957
 151724
 343938
 289940
 466574
 372893
 340000
 324637
 104638
 256954
 225758
 236968
 203690
 164211
 145053
 264894
 82917
 150947
 113262
 83445
 214093
 407069
 431703
 47254
 497416
 177264
 369116
 190679
 474841
 384133
 188653
 477134
 264265
 189265
 358003
 453875
 147404
 154043
 88629
 485654
 201420
 360189
 135652
 175400
 387767
 427632
 413700
 367397
 481841
 191460
 75687
 66068
 136353
 118314
 282893
 282753
 308868
 422144
 148723
 1074
 1750
 137964
 291076
 378281
 66917
 299343
 192784
 455328
 41235
 68867
 408317
 28683
 55514
 360569
 292805
 385868
 285505
 173955
 416572
 40329
 3328
 75544
 422693
 384317
 176546
 305926
 76453
 492874
 469774
 321545
 267462
 82429
 141573
 454330
 305446
 175110
 44794
 315596
 58040
 448050
 416030
 366328
 342109
 374371
 56603
 264056
 343117
 452726
 286645
 399772
 169049
 173238
 152165
 210776
 283776
 351988
 109288
 351577
 67850
 63091
 283706
 421611
 322518
 316806
 343478
 212958
 393491
 151837
 38084
 284340
 241217
 60284
 57634
 241313
 329407
 375157
 362759
 262603
 372241
 346839
 296654
 215316
 53057
 435853
 66011
 494332
 415363
 289181
 346733
 400282
 199999
 168114
 105001
 246403
 460680
 148811
 93723
 68942
 419999
 263929
 443661
 362122
 46479
 121436
 313483
 218680
 167303
 186611
 453833
 413321
 445260
 219294
 35685
 150348
 156530
 213458
 76859
 378230
 206848
 141740
 256360
 413495
 372554
 387005
 314530
 285972
 284596
 22057
 135140
 1109
 340874
 379105
 411581
 169184
 49883
 402741
 241935
 19042
 439885
 212198
 318571
 102320
 346293
 172112
 462547
 197044
 206216
 71660
 371334
 281423
 26902
 81012
 313608
 174675
 201839
 357781
 4388
 228334
 181913
 247747
 203531
 363813
 90478
 71731
 279723
 158708
 173594
 68966
 134260
 266899
 323587
 130434
 37819
 185808
 64272
 53869
 181159
 153509
 478417
 413957
 89981
 326086
 436038
 80393
 201950
 193429
 438645
 70246
 327799
 2544
 9783
 19701
 42307
 230111
 53281
 122952
 30732
 182310
 361029
 97101
 290339
 8580
 487978
 413453
 422904
 271759
 2115
 450486
 439055
 320577
 274461
 2346
 492907
 384373
 109491
 264336
 276626
 337940
 30525
 136580
 132877
 160301
 323823
 442017
 207997
 126280
 96647
 224021
 181489
 168278
 454455
 282827
 179731
 167058
 408695
 469019
 281377
 350698
 309859
 310647
 233168
 66632
 29013
 276616
 489320
 222893
 356502
 388164
 486645
 311111
 262976
 30347
 76635
 217435
 491721
 188364
 184159
 292011
 164562
 348604
 139568
 325939
 336231
 274129
 371603
 371362
 457476
 397985
 354185
 58427
 176389
 321652
 133169
 242850
 238087
 193091
 231736
 146728
 315118
 125765
 323859
 7993
 118469
 142218
 43938
 122731
 82924
 256276
 498532
 278289
 322743
 145700
 230992
 485730
 291644
 399221
 268271
 421126
 106905
 94527
 53598
 272045
 460523
 234623
 375477
 62369
 151182
 352763
 471722
 357608
 397789
 242046
 185542
 104695
 374667
 247530
 119853
 174853
 181136
 319933
 64102
 470143
 100503
 416769
 165591
 493746
 76831
 218242
 340133
 20643
 115289
 45370
 68726
 455538
 51328
 334736
 306041
 306401
 58287
 234303
 219187
 365523
 221456
 499354
 184313
 170406
 65307
 375215
 253148
 298536
 112489
 34182
 298379
 19914
 247938
 287207
 498829
 34426
 101895
 194271
 258108
 270833
 415420
 488627
 54856
 163175
 320296
 440954
 254777
 90813
 137431
 409428
 19955
 237817
 264556
 208032
 382697
 91485
 84310
 82709
 400096
 153424
 473749
 77235
 47954
 237663
 416723
 108705
 174338
 54847
 66666
 428807
 157980
 96250
 459195
 431478
 10980
 338008
 6968
 230911
 246268
 135090
 356376
 387548
 425840
 25272
 320380
 357215
 294597
 472466
 261769
 309293
 466926
 141388
 401986
 464128
 31480
 465146
 455144
 165104
 359430
 388950
 374664
 453977
 168100
 9098
 438452
 318402
 245730
 194044
 47418
 434733
 16217
 467289
 183641
 333333
 388296
 298562
 294840
 82946
 321349
 454853
 108808
 367926
 196890
 285123
 206136
 449616
 342415
 498918
 311944
 405070
 69869
 265008
 175554
 157597
 336160
 129725
 57305
 24568
 489795
 406396
 100658
 258016
 120607
 353606
 124772
 17556
 450515
 367814
 185746
 345435
 341217
 39524
 470541
 29959
 341303
 257848
 55767
 177626
 55555
 15804
 249367
 456117
 339090
 73067
 33863
 32460
 465601
 11967
 128068
 334714
 18592
 127841
 241626
 462882
 316793
 363675
 480221
 469653
 370363
 229380
 375046
 26763
 277856
 159402
 142002
 354126
 32
 54237
 295404
 190538
 290502
 367130
 245415
 401842
 288964
 274919
 7229
 146961
 311179
 281844
 208664
 402432
 468924
 441066
 484509
 435839
 200096
 8142
 152702
 165415
 245005
 43554
 111476
 41963
 34622
 155046
 100101
 105318
 176470
 387974
 405025
 190776
 104662
 37710
 210494
 193638
 9054
 195251
 138499
 492106
 486106
 254768
 409642
 254123
 363884
 267804
 33731
 482503
 76316
 85890
 301765
 71594
 330858
 178928
 83848
 124048
 251197
 130026
 370950
 89898
 221455
 254091
 100584
 270275
 366396
 169972
 346909
 404157
 337850
 403167
 267402
 58545
 274230
 418447
 45893
 152266
 368306
 99217
 406704
 391247
 400400
 230772
 14806
 449872
 18807
 386381
 136528
 321758
 493798
 29894
 227679
 306242
 371875
 378913
 31491
 131641
 201176
 383442
 275429
 361311
 413087
 394392
 249898
 463167
 176511
 426829
 136523
 199130
 11400
 259809
 448664
 423728
 361019
 325810
 209189
 235362
 158163
 484605
 202065
 378374
 119376
 219081
 421912
 308456
 433962
 419021
 361858
 293880
 193866
 315905
 87415
 314724
 186596
 175433
 358640
 464361
 278663
 476893
 38148
 198190
 283582
 421443
 288536
 95604
 322551
 285656
 406102
 239660
 167329
 389694
 358648
 107107
 298860
 322779
 298991
 499640
 228265
 215026
 351482
 232695
 469262
 92954
 231194
 483863
 125603
 407325
 350051
 489928
 141833
 10752
 166974
 391785
 49861
 426840
 433048
 103501
 211075
 178067
 130557
 64311
 317709
 497293
 410161
 101010
 83354
 93452
 154768
 386990
 435391
 382996
 485527
 414805
 313165
 52876
 405011
 74350
 392537
 36082
 938
 263469
 25549
 181652
 137278
 489584
 367456
 457695
 20731
 251617
 341757
 444803
 149654
 44962
 481127
 325170
 62305
 381783
 207813
 61338
 361570
 202720
 153846
 375193
 147279
 360589
 374179
 377922
 471059
 455859
 421671
 12280
 203056
 200290
 416488
 125592
 114879
 374398
 260298
 298234
 360655
 488368
 388025
 255430
 106365
 40963
 107269
 246581
 485024
 135412
 376707
 8318
 476361
 415330
 385526
 389784
 204780
 123577
 21389
 94202
 163132
 144514
 429899
 75109
 497190
 218396
 333250
 218712
 283215
 250402
 47030
 144868
 254639
 182574
 414302
 317343
 214704
 386974
 253969
 441142
 144121
 413773
 14741
 34311
 90452
 219424
 293495
 257172
 36078
 313536
 330002
 297445
 228719
 3648
 147654
 315234
 186924
 449417
 194890
 363724
 9787
 313433
 354251
 250856
 128815
 250911
 348875
 400292
 10878
 415313
 57065
 192285
 85139
 260869
 117171
 317131
 112374
 73918
 290897
 390198
 183809
 272901
 95442
 352560
 587
 49622
 354987
 337156
 217256
 262369
 63534
 342434
 66045
 150895
 394965
 477603
 337140
 29332
 336434
 109951
 108671
 492316
 17620
 162169
 62173
 12865
 48777
 247236
 150751
 198822
 489490
 28108
 207505
 412229
 176731
 50892
 144320
 340218
 263719
 121770
 379964
 91107
 1152
 451630
 131516
 211143
 242798
 66883
 404496
 41262
 464125
 263204
 131826
 495821
 78714
 325883
 169475
 199225
 112976
 148224
 211540
 128316
 209473
 7943
 303652
 342703
 107713
 20018
 153967
 220394
 396843
 313551
 255959
 317464
 415108
 316102
 358534
 404665
 193430
 89755
 246789
 38882
 302122
 307339
 74089
 316227
 345323
 391146
 403815
 88507
 250526
 242794
 82232
 385581
 107520
 241074
 430183
 185185
 375384
 110296
 1394
 64412
 492909
 374301
 59738
 327276
 157826
 107656
 256241
 39908
 160616
 280287
 441135
 422117
 353787
 301711
 265273
 206918
 152471
 339026
 413739
 394032
 361675
 486477
 399521
 358632
 19296
 466938
 348545
 59995
 24729
 83969
 455142
 362467
 31496
 316790
 122330
 74046
 364915
 292619
 321350
 171272
 122900
 30967
 360771
 418895
 176937
 218940
 79915
 176401
 415450
 283117
 260518
 419248
 493385
 227689
 452122
 6586
 491228
 86198
 442005
 489896
 136264
 480473
 86932
 427501
 453340
 219221
 308566
 228929
 462599
 175055
 238435
 67551
 492110
 319363
 401898
 5172
 30354
 390910
 153145
 42458
 96590
 190840
 361424
 434375
 310676
 460599
 492290
 289333
 378431
 17005
 214018
 342256
 395348
 178907
 169950
 141363
 302271
 349650
 298785
 103280
 166313
 465631
 119980
 455600
 64099
 129475
 50685
 238556
 291382
 327090
 429824
 367799
 209030
 42149
 137318
 16933
 13187
 417535
 244420
 207093
 186500
 235112
 301454
 250866
 97920
 295449
 224930
 24190
 267829
 8195
 62768
 291445
 35472
 142083
 318077
 370973
 274579
 123400
 424656
 463396
 468388
 213152
 166919
 411556
 419715
 219757
 436253
 148207
 294543
 393231
 460820
 277975
 243331
 376100
 308386
 291300
 285548
 101694
 347566
 376963
 255818
 119957
 158802
 95004
 368229
 322662
 53953
 105719
 385511
 291309
 358235
 49649
 197537
 427293
 449614
 431929
 435133
 179844
 309295
 143692
 176565
 211095
 458728
 249757
 344024
 77973
 400746
 144645
 364156
 159284
 78259
 371537
 231549
 242554
 35553
 314953
 314814
 72215
 21892
 418479
 188485
 291571
 317998
 193362
 418877
 283415
 103800
 130841
 403938
 372233
 382843
 428828
 258308
 314075
 43806
 267857
 88145
 349090
 115
 282487
 15800
 412457
 91591
 458537
 29040
 220177
 298140
 51920
 247389
 481835
 124552
 426228
 329906
 443748
 139248
 271147
 301369
 146090
 243243
 175426
 286895
 133347
 226940
 412060
 116985
 290524
 181244
 295466
 369186
 43769
 263853
 491811
 321731
 245403
 113279
 415335
 117068
 409328
 498711
 55932
 232043
 224215
 148541
 496926
 466600
 225050
 274336
 169327
 191182
 406103
 478246
 378542
 263326
 342290
 244397
 308194
 371508
 122989
 252641
 198810
 125523
 173455
 57168
 157894
 61783
 136127
 89564
 439941
 324170
 110600
 215787
 188922
 222401
 403910
 47595
 456783
 46307
 365000
 331910
 479056
 340359
 402138
 259057
 219841
 274119
 423452
 162653
 73482
 186213
 352176
 96946
 248762
 462788
 9093
 90909
 201999
 455937
 5122
 322749
 421959
 163898
 83892
 400074
 91743
 74159
 94113
 3213
 160985
 408513
 296812
 348871
 453038
 414642
 182187
 123603
 297686
 250675
 170053
 309112
 241379
 420733
 466721
 425678
 51724
 12930
 145233
 384615
 155262
 333780
 130690
 134186
 122138
 438229
 16347
 167032
 213114
 241155
 52248
 165823
 489335
 211835
 416410
 77181
 115230
 229901
 104173
 260661
 108555
 288447
 27047
 34612
 232858
 4926
 472546
 268199
 370464
 448046
 239077
 220377
 35195
 177885
 241097
 351504
 72772
 332433
 229741
 438532
 164478
 81678
 248634
 75066
 47867
 435015
 289565
 334638
 103636
 109347
 12264
 79359
 139169
 443296
 29157
 291148
 421610
 45870
 180442
 208504
 38639
 380646
 320072
 69414
 452204
 418379
 358383
 3997
 52242
 81632
 414355
 254132
 493975
 128614
 444258
 434089
 223476
 25895
 158769
 226474
 221998
 74544
 486614
 402429
 203395
 199985
 387165
 464813
 37472
 418503
 193857
 75380
 155328
 277323
 459958
 116141
 495400
 387578
 118544
 428913
 323461
 91430
 439579
 220554
 212123
 350959
 444287
 173354
 66543
 322912
 409414
 337
 35180
 367531
 60602
 260778
 440406
 99908
 424640
 197797
 331728
 238167
 2441
 484848
 356004
 252387
 165017
 467465
 364759
 324422
 137924
 424316
 307967
 31598
 71649
 155269
 151791
 289001
 10506
 387421
 496522
 268596
 437643
 472885
 358545
 157962
 118343
 461272
 477293
 461833
 496280
 152641
 22152
 142624
 134584
 313894
 86578
 5841
 211329
 377183
 472375
 90576
 176204
 312662
 229534
 45400
 289698
 290248
 195539
 323475
 274118
 77891
 142143
 63816
 354760
 7562
 276617
 383771
 348943
 133474
 222883
 61625
 481914
 400149
 119260
 382094
 482758
 469705
 450761
 496821
 207606
 450737
 70333
 148187
 487950
 69931
 210140
 477518
 452928
 170938
 75812
 487942
 28770
 241170
 453451
 405281
 96129
 414603
 318031
 429906
 44058
 295368
 164092
 147437
 489383
 280390
 382382
 287858
 56135
 433045
 176614
 476502
 354992
 62810
 130195
 473206
 354056
 380067
 177265
 85982
 487137
 166356
 300493
 494811
 243436
 390732
 256291
 51381
 388293
 204517
 104860
 315196
 25897
 403153
 197331
 18308
 489071
 79123
 376120
 187900
 62477
 192325
 60231
 185977
 331601
 117305
 160968
 227415
 105970
 235563
 103685
 54760
 315727
 141292
 374752
 287892
 369055
 358814
 315548
 476821
 58474
 2778
 273896
 472233
 222593
 327686
 419561
 392129
 178135
 159898
 274667
 417682
 114869
 365079
 31593
 146379
 292663
 227160
 93770
 75901
 369289
 264705
 96084
 387279
 101177
 232531
 373918
 298954
 373626
 232827
 136102
 154596
 316856
 409090
 70771
 161538
 158735
 447175
 69063
 489333
 162951
 42536
 287056
 463233
 409953
 278850
 11334
 129546
 366555
 105570
 458260
 296820
 10896
 211318
 484248
 413847
 53080
 436507
 245276
 467686
 459474
 79233
 252181
 461722
 465606
 495480
 197283
 469989
 28180
 263652
 183485
 297721
 138394
 289752
 9220
 292001
 326945
 188063
 155655
 421209
 330640
 297049
 457452
 481583
 21657
 3385
 163984
 382252
 461277
 37780
 385677
 160066
 336760
 246270
 74414
 335291
 372270
 39318
 116297
 346376
 79531
 472833
 277450
 273136
 329004
 86815
 160573
 252234
 489753
 201478
 140411
 28039
 393996
 95094
 410668
 75478
 160138
 78266
 96938
 91321
 382857
 419014
 121334
 419365
 89029
 69719
 402726
 51115
 204542
 151296
 118778
 287197
 83560
 46311
 390875
 436013
 136692
 477512
 150377
 82456
 70038
 380913
 69716
 90005
 393293
 148779
 312934
 343874
 225122
 397995
 461395
 159074
 496134
 253043
 171775
 47169
 155292
 353688
 464988
 471570
 158251
 396623
 204146
 90992
 222781
 435815
 172817
 454609
 494043
 453463
 20114
 405272
 324558
 244186
 168690
 263474
 146662
 316718
 314021
 42161
 428520
 153921
 340221
 247174
 297853
 175639
 202033
 266561
 295281
 265410
 67510
 325621
 73670
 30538
 342089
 304125
 200112
 178060
 176438
 428193
 358605
 177944
 354904
 82252
 372513
 74442
 305204
 303846
 154959
 280536
 119635
 117972
 304779
 7761
 36097
 430630
 266546
 69543
 15474
 243717
 240886
 464831
 384129
 475881
 329778
 124585
 128556
 438241
 333838
 486547
 88235
 233232
 216652
 10626
 455713
 293811
 487260
 216390
 86243
 207429
 25641
 354052
 168640
 267587
 350295
 428258
 14462
 414264
 438636
 434159
 48384
 99138
 331407
 226511
 260642
 477506
 418112
 331216
 76486
 67346
 97860
 315188
 427461
 25438
 116498
 132394
 76754
 242289
 379635
 32345
 119606
 169019
 202954
 144584
 37628
 24651
 299089
 211025
 286652
 390655
 270618
 267733
 48994
 476306
 456066
 79041
 110927
 353589
 296778
 9056
 11928
 482922
 48915
 308344
 357112
 167625
 187444
 118300
 140898
 254161
 321290
 167811
 381233
 333904
 201858
 49034
 365029
 277678
 165327
 75782
 238377
 103511
 186346
 353524
 321828
 97188
 398588
 37303
 317639
 331702
 463784
 43970
 430484
 13944
 454501
 452930
 72969
 150729
 496707
 397800
 442157
 422482
 379795
 469378
 445238
 191286
 173294
 53615
 170529
 248663
 213819
 488362
 103100
 302115
 196986
 130669
 441295
 286738
 75648
 204452
 35737
 68242
 23465
 129450
 150000
 427054
 132728
 233008
 406273
 203388
 37940
 4509
 463210
 445315
 368421
 441236
 32653
 356353
 192316
 351063
 135823
 218601
 350146
 142151
 124982
 395495
 66498
 226312
 20260
 77114
 213440
 405003
 279807
 153153
 141633
 235001
 378325
 214508
 24973
 253694
 310762
 106532
 340621
 246733
 69856
 373276
 135309
 481915
 372359
 350971
 271270
 7991
 324175
 273771
 449068
 81286
 377486
 264700
 57908
 397429
 438711
 132244
 55199
 406110
 393021
 257470
 357231
 131065
 327774
 266224
 422028
 176101
 144882
 257902
 362765
 233498
 340660
 181724
 236311
 431334
 426176
 325913
 76377
 239485
 149095
 314745
 125597
 171935
 452668
 54480
 411624
 387035
 302288
 61171
 72955
 124000
 192630
 466069
 112029
 105466
 251290
 78227
 333194
 273992
 84795
 27624
 289818
 117852
 291578
 182092
 165044
 471170
 328316
 362704
 177052
 375634
 218021
 61996
 144737
 91155
 143654
 141607
 119157
 473774
 126299
 34933
 371757
 34273
 28310
 191705
 237354
 319235
 347740
 225254
 431811
 213468
 261599
 184315
 1731
 403154
 392900
 44267
 219730
 283827
 128393
 156738
 198369
 458148
 102282
 476271
 239517
 95869
 194067
 88055
 477283
 328820
 454216
 253630
 8259
 15640
 71386
 403251
 197316
 460070
 321463
 75975
 490586
 473745
 412383
 263061
 291519
 300421
 276764
 163690
 21906
 420682
 136954
 390012
 417579
 421143
 96261
 448331
 35402
 31897
 409759
 80085
 286090
 424303
 173773
 20733
 223177
 242337
 263133
 116752
 173422
 242411
 491678
 193452
 44836
 443980
 277597
 235676
 184438
 175105
 385144
 210609
 354754
 79165
 275550
 420955
 499086
 268792
 460722
 48747
 54399
 54004
 136537
 413386
 403285
 219052
 390645
 174382
 270152
 97195
 284752
 276836
 406603
 409150
 126387
 29086
 440086
 321641
 1485
 239330
 449472
 101263
 427256
 150651
 113268
 181305
 36193
 131607
 453108
 453608
 333588
 457863
 247225
 127138
 306320
 66865
 294754
 107142
 491212
 493673
 244599
 452664
 225663
 456057
 292828
 377810
 118904
 473713
 50778
 320656
 287756
 125298
 270435
 74454
 18338
 461650
 96337
 204896
 435629
 77772
 402096
 459739
 364205
 126451
 34099
 256349
 161895
 63702
 245091
 267142
 370312
 214700
 186813
 3853
 57004
 278075
 115384
 149708
 30339
 401856
 203465
 495516
 197451
 51479
 445560
 4354
 305940
 380191
 307110
 24728
 178954
 334413
 421557
 210195
 5903
 202040
 218233
 477451
 332508
 395774
 414275
 204653
 313060
 52773
 183069
 11657
 292998
 293638
 465194
 4581
 480176
 210213
 386619
 481592
 194542
 2625
 325425
 210641
 241069
 229340
 269463
 394978
 380874
 59969
 188983
 371255
 290282
 112740
 364774
 460987
 159600
 356465
 128652
 7236
 74772
 42285
 34742
 393186
 363677
 154224
 431612
 495118
 238229
 19658
 122477
 341399
 235458
 379654
 69805
 214623
 167324
 58930
 217316
 250000
 117263
 210432
 89211
 346371
 11223
 320250
 137762
 440120
 57400
 323853
 116589
 313696
 269126
 398175
 202957
 317919
 462686
 36180
 164196
 188981
 313620
 49224
 427514
 2824
 226374
 307755
 265634
 441130
 368454
 23536
 222850
 22200
 59257
 197766
 481459
 66859
 183566
 234704
 292743
 257100
 15553
 208404
 18631
 108415
 399866
 363534
 443352
 334168
 98308
 167912
 180137
 330887
 350199
 184023
 54223
 412283
 6215
 71300
 175337
 315556
 239285
 124454
 338869
 389245
 271613
 57788
 34235
 473427
 269045
 103463
 258101
 300070
 450813
 456103
 412027
 228055
 94594
 69187
 220148
 269891
 242675
 383695
 397959
 465046
 143792
 457561
 54119
 196480
 355600
 470123
 121059
 126995
 345758
 427446
 464751
 39215
 397398
 201887
 142191
 253790
 450855
 69191
 87955
 463917
 121437
 36040
 328385
 209836
 358461
 39093
 113157
 76914
 184192
 483766
 154957
 460844
 364755
 479864
 177161
 81460
 394843
 14144
 153804
 494529
 476537
 188618
 40415
 329061
 191308
 57632
 463781
 58058
 91545
 484699
 172042
 263288
 385515
 455279
 118860
 158842
 355293
 22276
 224110
 128524
 108047
 273281
 415225
 319493
 380645
 58350
 400000
 194887
 418491
 207935
 301749
 466185
 315881
 368840
 489914
 444859
 198113
 388490
 251885
 123196
 275704
 380816
 475457
 144328
 284759
 37759
 377903
 278386
 344791
 371378
 111851
 172477
 470662
 189624
 276302
 436442
 383814
 149908
 207991
 156874
 373670
 309239
 260746
 119437
 191919
 44306
 145348
 348619
 186375
 237779
 14772
 317592
 57455
 151525
 200000
 304066
 67992
 429843
 252291
 312846
 134386
 164902
 371557
 241444
 89275
 292045
 288789
 295220
 216463
 247504
 206813
 453579
 399412
 386006
 105669
 258568
 374320
 285526
 163350
 216181
 25764
 308533
 375807
 419171
 71776
 146657
 33942
 432999
 465020
 269727
 274469
 115656
 422018
 208821
 450476
 490962
 235429
 377541
 78117
 285679
 188612
 138807
 107788
 310569
 142251
 113527
 184615
 16527
 274538
 339297
 363636
 394294
 472183
 209221
 16118
 405802
 380522
 21413
 61302
 26654
 260115
 496828
 141577
 253003
 66508
 399350
 6323
 431325
 7836
 489900
 110452
 106001
 279786
 80419
 251586
 159747
 289074
 137509
 439746
 361465
 382514
 127600
 33157
 463480
 375868
 228343
 46977
 458074
 253686
 193848
 18120
 244200
 284789
 79982
 448
 279007
 409921
 75494
 417639
 371108
 191564
 387674
 45465
 160179
 418325
 13458
 27485
 386251
 85275
 25659
 24147
 48164
 343287
 407165
 58139
 249384
 36850
 178512
 454510
 466776
 394220
 496993
 152713
 494294
 165630
 165306
 70858
 462920
 42394
 422096
 275590
 484050
 427494
 431622
 246477
 124481
 296931
 245170
 280803
 158595
 140819
 291748
 352948
 413221
 274157
 388594
 464423
 220921
 482043
 471149
 57625
 305970
 309737
 132200
 319176
 417808
 267910
 493044
 433248
 280128
 89732
 268266
 51461
 204994
 5216
 485399
 356219
 42541
 375568
 101611
 22060
 131433
 94223
 59212
 312566
 308699
 377156
 172487
 227145
 367215
 399800
 63526
 127645
 55433
 327416
 193687
 397788
 174453
 499847
 385905
 61519
 94111
 330769
 418222
 471115
 422831
 465448
 188576
 412439
 456247
 110001
 205794
 41987
 243259
 175434
 489528
 143634
 113102
 433382
 321579
 261898
 338993
 228707
 144295
 134953
 451155
 384352
 386669
 204286
 212843
 8516
 350129
 410850
 391634
 228411
 259398
 331056
 155011
 358679
 461723
 134617
 59439
 169623
 358931
 238361
 161766
 330214
 477264
 5877
 173396
 120886
 64842
 398911
 320933
 469028
 272049
 354427
 499421
 12883
 378262
 157496
 363186
 30945
 96810
 279511
 252939
 249459
 186989
 229680
 358294
 211917
 335884
 326255
 214988
 86081
 277777
 285625
 22218
 215050
 66670
 149304
 128457
 394952
 322330
 164757
 121273
 471086
 478172
 437795
 365512
 206373
 211297
 26165
 79834
 145634
 71503
 130314
 408268
 144150
 2111
 150217
 254791
 395426
 423919
 33689
 241672
 241908
 33711
 280009
 149632
 398879
 415164
 66384
 411525
 232902
 195292
 51969
 131630
 360538
 243695
 466942
 272255
 418913
 161099
 24196
 15124
 457433
 198583
 373608
 312573
 133040
 308709
 268690
 481300
 497761
 4815
 459845
 392482
 144270
 157696
 223076
 252437
 418840
 432145
 146762
 34498
 192538
 80453
 269839
 73363
 330210
 59414
 152618
 202010
 455579
 435182
 67635
 415757
 440733
 283444
 125028
 103745
 127933
 246887
 422907
 439841
 126134
 247547
 228260
 364243
 204012
 67043
 459399
 201497
 359175
 433756
 75346
 448695
 6490
 237058
 186720
 461288
 65091
 289833
 362181
 477105
 333768
 242948
 440312
 134196
 63348
 104867
 498308
 398696
 30928
 437115
 24957
 407041
 448648
 402119
 99868
 303435
 41057
 137393
 335016
 72400
 160114
 347260
 108659
 36851
 34594
 333725
 97502
 284381
 386826
 356256
 129948
 421406
 315586
 423076
 98040
 257098
 233810
 495931
 259629
 314568
 308419
 35350
 402958
 33647
 25296
 21145
 44211
 21327
 224513
 36151
 197557
 386495
 497729
 176079
 431113
 27842
 136756
 389599
 300675
 147543
 367743
 349223
 3267
 148896
 282801
 78818
 203430
 277933
 308737
 141014
 130061
 499495
 183816
 341015
 157909
 145197
 309040
 157940
 261705
 110952
 367426
 72862
 263176
 339193
 425503
 248511
 288157
 415929
 187125
 14255
 77142
 436450
 437219
 150088
 466408
 438823
 188424
 300654
 282653
 129753
 277147
 407110
 381323
 82783
 17730
 21439
 145751
 87082
 25581
 43901
 383794
 287617
 322851
 185781
 151480
 332733
 283312
 242937
 148648
 79608
 41754
 32866
 133323
 337339
 19600
 154399
 251751
 330083
 394871
 273439
 479967
 451188
 401287
 362725
 294595
 114152
 392307
 120939
 338652
 36167
 189240
 413043
 350630
 383876
 256495
 136401
 417132
 342925
 472135
 275222
 47989
 36642
 316338
 62547
 10022
 193138
 106030
 78732
 68297
 365683
 481038
 40510
 262376
 324903
 473962
 123222
 227927
 424393
 225830
 356493
 424782
 137744
 452976
 448895
 498200
 417955
 494634
 347551
 106190
 418982
 69888
 327776
 178057
 453012
 117919
 355968
 383050
 461890
 130350
 226392
 24413
 106054
 215108
 85281
 469053
 438904
 473182
 97411
 137703
 122000
 411092
 300452
 333099
 115467
 469592
 54913
 429718
 74197
 348155
 230310
 60755
 409758
 400101
 235051
 445801
 301268
 216479
 268601
 341198
 362151
 170188
 65844
 164186
 17868
 62796
 30337
 395390
 375548
 172860
 24330
 266683
 7172
 462820
 153707
 178700
 423390
 290111
 10218
 241213
 355925
 76226
 410500
 80139
 475763
 363482
 72791
 95410
 266836
 437575
 405997
 291683
 315294
 337838
 290880
 498951
 355590
 493750
 56345
 134155
 391656
 14987
 281662
 49970
 48293
 339712
 212443
 238996
 496293
 394261
 119826
 243400
 101029
 214257
 350325
 54269
 54550
 2132
 494782
 451670
 435421
 249534
 223722
 180197
 49383
 203621
 156761
 68662
 459715
 497821
 447818
 52206
 15522
 260149
 408643
 358468
 454172
 279111
 44878
 92651
 36461
 265484
 230856
 334139
 154498
 253430
 462356
 127340
 310478
 232159
 122752
 86282
 172153
 216113
 13090
 245051
 498070
 473464
 173326
 456358
 6169
 213513
 351605
 118723
 359778
 381020
 102743
 248335
 344358
 223111
 219060
 306175
 30257
 248004
 450534
 191117
 251612
 490288
 443665
 271370
 237826
 431260
 103773
 491566
 382258
 466804
 176834
 472201
 475667
 289229
 35390
 88607
 6212
 311990
 266925
 240174
 418179
 199861
 385228
 57469
 3220
 30487
 9247
 275362
 395820
 38646
 136540
 437937
 179514
 96375
 97591
 76345
 15205
 185580
 384619
 283847
 292656
 315026
 409352
 293123
 128663
 222814
 15472
 468648
 309145
 101036
 429375
 419743
 325976
 11074
 76664
 221659
 229107
 322095
 362540
 381106
 126352
 241179
 258328
 461291
 38747
 187747
 393869
 299511
 31226
 370978
 372332
 440480
 298729
 239621
 84055
 344504
 403064
 135048
 177201
 43355
 235347
 266609
 191737
 295212
 446784
 268824
 446371
 259015
 271536
 383304
 383085
 179494
 313282
 222213
 401488
 203559
 17096
 383390
 417038
 317993
 182616
 396680
 161155
 359094
 27417
 124564
 270229
 113320
 357651
 215192
 457679
 201042
 438837
 4636
 311842
 340428
 70853
 64729
 68047
 66243
 470488
 49947
 238103
 154806
 64667
 70254
 462146
 239313
 471311
 415360
 17566
 354153
 238938
 295841
 97610
 142022
 254817
 353079
 89826
 464636
 301197
 345125
 56421
 446494
 293368
 402371
 265115
 94587
 314070
 383568
 473205
 33042
 378126
 23102
 198988
 117157
 14380
 214506
 9707
 490735
 149573
 397510
 187234
 377416
 290172
 140342
 21434
 19620
 272820
 397017
 364007
 174869
 270691
 250292
 158867
 325169
 236477
 71676
 114117
 264815
 246838
 296422
 495364
 408716
 150508
 390277
 305078
 301318
 152686
 126593
 337071
 51570
 402255
 316652
 249012
 273195
 478086
 218552
 85455
 255760
 116541
 73938
 260771
 407647
 400630
 312322
 60060
 430698
 198195
 208133
 52282
 70091
 347216
 421876
 80107
 272473
 396187
 281132
 77307
 21555
 134814
 189813
 66750
 127363
 173488
 10507
 203088
 236213
 428571
 113501
 234625
 106221
 419668
 10926
 81743
 482351
 420470
 261075
 157570
 497150
 237661
 263693
 177995
 228391
 194157
 96209
 146764
 376813
 111524
 350989
 426469
 322263
 80280
 212277
 372431
 159497
 12653
 377659
 4184
 343283
 80395
 109127
 414486
 72935
 401421
 133676
 272155
 326093
 42399
 384595
 205882
 369103
 102649
 314096
 228205
 49919
 236041
 15055
 50858
 146429
 267842
 175644
 210049
 489287
 9534
 377726
 306778
 258537
 313968
 176632
 280060
 486018
 446611
 237101
 116856
 179113
 252817
 122448
 329939
 306311
 68145
 365354
 159347
 81022
 21503
 429418
 149019
 63989
 292154
 88211
 284643
 343881
 57486
 330541
 224400
 393999
 322815
 165661
 254709
 337108
 310372
 325937
 289937
 448848
 336585
 43669
 357406
 57962
 144732
 67307
 171641
 142054
 72163
 86522
 402131
 143770
 379632
 233111
 416973
 7858
 151696
 462841
 328080
 206515
 35816
 318629
 61532
 387649
 76923
 473593
 145908
 260279
 462264
 416208
 91047
 84946
 160326
 388796
 482395
 311849
 431014
 108304
 321326
 14991
 391960
 480769
 242424
 417699
 496816
 255049
 25238
 247097
 402361
 133416
 373328
 373776
 273297
 300814
 95024
 173394
 279145
 499369
 367616
 385063
 234521
 97611
 254421
 285691
 154580
 253556
 154201
 310810
 282957
 307926
 65002
 147179
 160002
 86636
 384644
 53805
 481424
 137675
 384829
 96739
 160113
 215202
 84391
 305843
 241221
 494117
 140686
 41765
 30651
 21754
 217342
 302871
 336288
 411850
 368615
 412029
 464720
 63005
 97238
 218426
 397808
 400461
 222844
 30075
 4520
 289416
 360505
 471777
 180276
 393592
 201357
 58078
 33381
 43489
 235981
 82858
 339347
 412685
 310263
 418418
 214420
 167956
 337181
 486098
 440967
 459947
 441559
 487067
 407378
 251445
 118223
 215607
 113375
 222459
 247070
 32578
 427233
 424294
 393640
 395256
 409348
 203162
 419516
 83528
 315897
 446213
 60333
 75030
 158556
 124626
 283068
 279307
 437238
 253059
 84726
 201587
 203241
 261038
 214463
 215320
 329599
 401793
 144159
 129129
 238084
 499295
 15151
 298186
 278597
 418709
 245844
 376025
 430443
 238401
 232514
 271171
 374361
 28455
 199890
 266395
 491582
 343277
 239604
 280132
 18420
 331304
 341946
 407681
 185440
 132856
 161331
 441097
 476469
 186757
 280438
 274331
 446257
 219032
 446193
 28768
 83002
 450999
 436598
 404109
 72829
 311211
 314225
 216309
 484154
 261388
 238624
 63384
 359709
 422240
 88887
 246684
 91782
 247429
 402347
 265040
 473926
 208616
 317795
 60347
 377655
 476322
 335973
 18254
 105377
 441185
 328733
 363036
 125251
 71025
 177763
 185393
 480087
 289553
 486002
 280062
 372720
 238447
 42665
 212615
 197149
 122107
 219519
 217928
 195549
 352366
 329823
 92752
 217007
 54531
 390069
 223785
 428659
 185317
 38040
 282532
 87002
 188311
 54691
 399270
 214768
 68291
 144140
 426906
 118679
 15068
 64754
 423811
 256368
 160277
 442541
 357603
 305802
 164290
 470199
 102680
 402325
 425269
 463816
 107928
 446799
 221043
 453911
 177356
 298935
 169741
 153036
 4268
 431348
 74467
 267319
 354019
 187530
 354346
 348924
 36585
 437500
 345235
 462734
 418858
 39998
 360962
 432325
 394736
 239398
 55141
 27007
 161509
 360503
 182809
 389716
 317759
 451954
 489351
 88884
 453197
 205330
 118347
 192307
 429593
 400621
 78419
 234573
 24894
 390600
 375404
 248605
 388161
 161645
 88506
 216927
 491348
 160261
 135164
 75283
 270909
 489486
 5138
 211755
 40889
 170803
 471038
 189965
 364610
 3595
 227057
 312963
 126722
 324886
 256942
 228175
 478245
 307423
 238454
 112464
 303752
 115095
 481720
 467177
 246443
 108273
 386677
 304191
 187601
 25695
 376422
 42490
 340267
 445499
 283237
 50146
 141485
 167605
 122616
 215036
 296536
 147816
 352872
 104809
 37949
 128746
 411572
 88136
 24463
 188563
 261397
 64935
 336683
 254373
 371575
 391285
 231914
 339465
 237110
 23137
 50535
 21600
 364969
 329850
 284438
 179948
 224022
 103933
 446039
 406875
 137307
 336792
 409794
 72996
 466199
 468322
 244336
 15348
 1391
 436477
 168304
 27302
 437913
 226275
 151162
 294402
 351362
 281333
 303147
 385769
 6489
 103723
 206088
 453506
 459304
 28475
 18342
 114511
 251377
 374754
 9300
 264541
 465674
 169778
 208751
 332621
 52838
 483661
 341630
 91097
 498523
 8900
 26562
 153480
 414209
 440952
 402654
 64831
 70344
 17012
 17557
 15266
 289983
 33595
 398317
 489049
 423894
 336435
 159322
 338816
 10157
 488385
 44485
 412545
 1437
 152393
 14201
 285185
 186567
 296261
 329120
 103741
 94120
 97179
 434010
 202880
 496356
 93502
 440677
 85398
 13742
 85274
 215835
 336979
 87223
 266695
 147444
 443446
 417979
 406321
 189319
 351956
 26920
 215122
 408133
 311734
 59677
 86175
 361915
 214269
 488014
 334262
 479073
 412357
 412763
 334858
 32291
 454071
 303571
 328190
 311018
 452727
 370322
 340392
 74402
 125334
 14512
 311841
 299783
 142623
 447758
 114307
 118359
 90784
 34493
 494231
 373036
 162692
 279811
 80827
 7879
 461450
 95959
 473106
 479604
 332151
 391278
 180573
 56902
 50773
 148246
 427384
 291509
 403206
 271273
 247691
 467687
 412715
 139816
 26011
 478348
 193956
 190457
 394208
 168061
 850
 130693
 312903
 98121
 49440
 427116
 210072
 388200
 269429
 344003
 165901
 491770
 310410
 217180
 241245
 316866
 271019
 375630
 89003
 265215
 74468
 134974
 341840
 366403
 41671
 17546
 495398
 235529
 193244
 422523
 46381
 44958
 483361
 371797
 19282
 423895
 263521
 26664
 180796
 114796
 454545
 308748
 156662
 80404
 146689
 236084
 474216
 73573
 451778
 74993
 99460
 399436
 297478
 474242
 418587
 269123
 149700
 423720
 69088
 270944
 209413
 165637
 247399
 449519
 300880
 483637
 66936
 20763
 40173
 188168
 136273
 410596
 108681
 169179
 207892
 428953
 142716
 308232
 33172
 379663
 454667
 185469
 281316
 433051
 297546
 1543
 152733
 235903
 298482
 241766
 339397
 314064
 215222
 256542
 232039
 218694
 150406
 246152
 15552
 108425
 350960
 391561
 366352
 36445
 238353
 116613
 73443
 379589
 468935
 6329
 254398
 266417
 448985
 308404
 299072
 287798
 409180
 466716
 264738
 460277
 311653
 331864
 220735
 376102
 305378
 