423458
 375955
 28822
 455542
 201328
 393529
 4103
 141416
 360914
 492997
 74379
 429385
 355713
 42586
 191710
 4111
 352484
 197320
 454593
 344173
 98998
 277877
 452238
 69000
 102032
 265987
 249465
 80717
 412046
 317051
 113233
 72129
 157586
 172494
 351474
 487224
 434214
 295045
 49964
 53872
 3817
 115988
 354430
 63412
 419105
 409748
 425889
 480510
 121130
 49255
 90602
 410454
 296542
 109700
 270755
 241085
 380261
 94393
 207640
 92960
 160834
 167127
 409591
 78553
 484350
 136701
 315852
 174169
 230172
 112411
 468507
 136540
 69532
 42253
 256559
 18338
 230494
 240147
 408531
 129251
 43640
 492736
 2526
 170662
 307526
 416345
 311458
 349755
 461782
 78289
 464443
 293788
 428078
 494465
 382315
 308927
 48078
 399389
 173077
 131474
 301307
 486674
 117018
 387359
 490844
 339545
 247013
 35651
 146671
 218898
 480972
 112412
 396943
 371110
 177861
 250642
 421082
 71238
 202638
 183517
 300781
 174183
 158825
 52159
 118996
 404848
 363321
 89202
 41757
 348660
 151892
 335742
 111627
 416819
 53427
 12137
 106201
 191823
 60017
 122120
 330495
 492625
 165245
 476890
 154096
 41932
 271065
 434460
 221149
 14783
 156810
 431191
 444540
 340074
 288692
 196489
 431245
 209167
 285186
 139999
 242611
 244726
 472481
 491687
 441458
 490373
 74260
 35941
 279824
 136942
 230921
 299080
 121830
 394076
 454108
 431382
 418940
 347862
 265658
 66914
 273742
 277370
 131120
 421653
 276672
 192281
 385991
 420367
 100000
 464712
 272106
 482662
 431777
 292842
 154995
 143533
 376164
 116440
 384152
 423302
 226190
 142132
 409077
 425183
 367229
 295601
 479359
 467450
 66682
 241931
 426320
 461803
 138255
 185650
 441379
 215092
 393604
 230691
 349362
 295823
 493352
 492092
 88235
 476907
 191888
 14285
 84575
 120545
 244618
 144385
 38789
 494190
 468022
 10078
 324740
 323279
 311453
 197379
 241885
 354251
 378774
 73547
 33129
 108140
 171940
 208004
 468011
 421390
 223693
 192528
 369958
 279669
 437567
 13024
 370506
 234471
 496133
 365379
 425850
 326488
 191609
 119272
 264752
 28008
 324144
 97780
 300000
 277113
 273118
 49480
 231731
 393858
 398527
 431978
 486749
 480415
 228137
 350899
 298964
 398053
 398643
 324281
 5291
 149339
 302013
 417110
 374492
 156588
 288018
 67547
 316367
 18828
 339136
 260176
 46827
 280824
 351896
 295418
 411637
 366828
 202924
 276708
 338349
 490442
 494892
 153434
 5413
 219926
 192307
 383718
 187239
 487287
 480098
 468259
 420436
 365905
 409090
 146345
 423972
 49726
 68899
 219071
 260608
 181630
 16099
 417951
 286107
 404915
 132013
 72691
 255919
 481051
 470956
 475632
 365398
 198184
 141814
 271082
 457733
 109885
 307604
 271572
 406458
 201259
 271513
 341093
 312657
 96557
 296999
 29515
 417869
 429099
 396023
 67676
 266038
 407089
 431810
 460956
 31362
 481306
 100463
 140237
 401537
 259587
 121739
 188565
 486384
 103053
 391629
 435814
 235424
 244246
 31250
 322056
 58389
 355799
 475572
 375725
 35279
 380616
 209611
 299777
 276231
 396191
 268781
 232487
 224017
 155490
 364459
 89552
 370950
 249215
 227986
 421875
 278688
 48151
 485301
 109528
 372884
 458723
 325983
 79240
 284360
 126909
 409933
 89541
 361223
 16905
 471486
 441378
 127078
 299204
 127253
 390693
 196141
 105976
 386011
 94824
 344888
 441066
 447639
 413949
 382407
 307692
 197056
 487321
 78377
 59286
 498722
 371198
 474951
 376266
 36688
 304112
 446523
 126956
 475095
 57475
 43842
 166720
 180875
 218808
 130410
 482027
 395426
 360215
 13089
 256757
 66250
 50053
 143911
 36360
 20547
 88957
 326388
 369286
 457641
 279069
 85891
 173053
 22510
 330797
 51004
 141423
 344893
 434485
 23205
 265116
 278681
 225569
 127934
 137188
 43278
 203728
 190301
 288542
 448912
 113091
 329048
 363197
 136473
 287152
 160406
 104022
 388463
 291613
 177289
 281623
 118190
 495645
 323353
 407695
 171160
 423923
 458586
 333333
 269978
 361788
 401088
 458925
 478789
 336052
 414696
 238451
 26758
 7311
 494121
 465616
 274002
 391186
 159830
 238415
 58248
 60565
 290689
 206738
 202970
 223221
 28207
 254947
 84829
 266964
 245971
 135981
 8048
 45480
 444149
 176005
 314136
 182110
 232587
 26006
 164440
 441239
 9499
 105450
 82586
 240195
 450955
 18014
 389147
 203038
 350754
 67269
 334051
 202642
 260891
 430160
 422347
 103516
 166678
 347010
 448135
 5133
 276444
 39748
 306324
 446004
 171913
 238153
 35232
 249488
 50879
 166915
 203709
 225
 126378
 107022
 238615
 431034
 480872
 396440
 166175
 333131
 117495
 152544
 192289
 219622
 182852
 374033
 227470
 197608
 228681
 427654
 66283
 425147
 297813
 364955
 92569
 276567
 397107
 306984
 335516
 323573
 230170
 450707
 216494
 495483
 432432
 277095
 122108
 494436
 38461
 472160
 278443
 443535
 124519
 468349
 418693
 318840
 286885
 353318
 90221
 349271
 234034
 495034
 252612
 27806
 97748
 306730
 367282
 297179
 322691
 84706
 338915
 206029
 60164
 221111
 3678
 453457
 134006
 96385
 57014
 171338
 271604
 328252
 398427
 135138
 265667
 407995
 412578
 248972
 112414
 228130
 117560
 206976
 480174
 360039
 143964
 202030
 393808
 283303
 368315
 44215
 272727
 221620
 241361
 375028
 283409
 127853
 87963
 359218
 168954
 196195
 64800
 210237
 37495
 231341
 370990
 362257
 363816
 440093
 460762
 403712
 409380
 339628
 198053
 475297
 111696
 237613
 190027
 297890
 355440
 58250
 386958
 330355
 168845
 125121
 486811
 87040
 81673
 306818
 149280
 260355
 101284
 197876
 134328
 430016
 229683
 298028
 476808
 428940
 385504
 403514
 97374
 467923
 125162
 96814
 73658
 205122
 186845
 99510
 7167
 480198
 489592
 363154
 101255
 50104
 7245
 150182
 206255
 303884
 411184
 80745
 309668
 126459
 284139
 96426
 572
 488507
 77709
 167505
 159649
 249874
 211759
 350953
 81706
 62543
 455297
 282158
 412494
 147669
 294809
 266489
 64370
 483317
 223023
 324408
 338525
 291166
 34580
 148411
 192817
 39380
 320916
 271871
 210024
 33495
 435367
 498495
 31441
 105293
 200733
 367632
 88835
 460042
 106072
 95742
 423744
 89191
 261035
 154696
 434649
 225448
 11159
 95597
 138948
 59981
 327786
 214680
 411736
 459565
 497059
 242391
 468853
 84122
 390838
 80852
 138884
 438791
 335734
 385147
 347530
 158737
 352911
 251031
 238305
 302404
 394933
 290220
 148828
 427683
 442570
 156807
 46572
 331839
 60391
 351745
 474981
 402540
 240466
 33402
 411896
 455863
 347406
 105687
 332944
 193292
 203229
 267817
 274254
 163133
 84499
 350174
 111566
 482217
 265284
 156204
 120906
 30679
 264795
 113957
 140389
 204929
 335144
 266616
 421568
 428234
 14444
 43846
 474217
 359123
 430725
 34693
 3334
 335625
 23496
 91153
 193539
 3803
 106425
 390190
 479166
 302054
 392805
 206542
 233258
 498539
 451373
 470063
 147972
 282452
 151683
 200741
 223395
 110895
 309078
 274213
 230851
 422469
 341445
 482129
 43006
 45214
 438604
 207206
 247267
 476079
 452874
 287420
 28239
 318971
 180391
 390535
 345641
 28643
 115938
 436406
 177290
 363963
 380334
 319823
 34951
 420114
 321478
 66807
 201168
 121749
 495860
 131481
 386755
 252450
 35523
 361247
 157078
 39091
 189368
 463658
 351695
 56655
 418346
 351778
 312319
 412682
 77823
 469336
 261811
 269189
 271763
 66419
 173885
 287667
 34107
 382283
 118544
 85987
 286579
 365401
 413629
 335457
 35058
 175225
 278529
 34862
 135661
 381251
 400891
 270181
 104535
 141587
 442227
 406779
 108034
 414552
 446152
 350798
 75896
 263889
 62527
 161398
 448849
 315789
 402595
 319404
 118741
 119820
 93929
 427710
 260487
 235588
 18287
 409491
 119475
 23072
 268626
 251725
 62105
 466152
 314925
 219247
 227428
 44167
 36760
 307096
 203249
 448993
 349340
 123467
 360544
 336101
 179935
 401284
 239104
 276094
 469473
 236615
 179841
 220688
 70786
 167082
 476687
 414121
 267378
 92654
 311136
 296273
 294565
 83542
 106339
 314276
 249638
 417328
 274846
 17685
 463019
 428083
 86039
 338544
 184830
 282529
 146818
 111734
 114829
 309754
 164024
 132234
 247701
 459992
 281376
 439985
 344159
 34757
 91699
 333280
 347740
 260189
 658
 45406
 300196
 73586
 269084
 225967
 97311
 374378
 488509
 134204
 178619
 198940
 68672
 308509
 138464
 242077
 141283
 257538
 186174
 468188
 371969
 428300
 122974
 4949
 95144
 271747
 247207
 299824
 255493
 474132
 327842
 96535
 83333
 7208
 302916
 114066
 351987
 169421
 38571
 345031
 34285
 80153
 50857
 367633
 121908
 109184
 76392
 134872
 416705
 1017
 439359
 132275
 193167
 188562
 420321
 385499
 82098
 129677
 130787
 464670
 19301
 299719
 241017
 220350
 220462
 244883
 444471
 297363
 208053
 453995
 315337
 204089
 283856
 415347
 51251
 84292
 28571
 215600
 382822
 248369
 87498
 148811
 437339
 11855
 375111
 241529
 492403
 428494
 199658
 113689
 412375
 349359
 26998
 4094
 198160
 169764
 38892
 371665
 442760
 154871
 197649
 258127
 235684
 411389
 412621
 452380
 343588
 284290
 464676
 230946
 488110
 256083
 247072
 498023
 28860
 495135
 338991
 327716
 399613
 300485
 433453
 408657
 173962
 110411
 128775
 453801
 126452
 261335
 465912
 471062
 423452
 257171
 452906
 248251
 230075
 304825
 244624
 366910
 303576
 362385
 484225
 220964
 50702
 185114
 353887
 200564
 396253
 204278
 333552
 325233
 342806
 478669
 430321
 317921
 483894
 34371
 275928
 139408
 207458
 244711
 364089
 176355
 193940
 126935
 270152
 225826
 359749
 396532
 477483
 393848
 230751
 371987
 440304
 327125
 256690
 179181
 55151
 460332
 201788
 54852
 14600
 250245
 154464
 13419
 156127
 184146
 182102
 264811
 261352
 249674
 401977
 379103
 301817
 132373
 421077
 282253
 3852
 350740
 152555
 127184
 182245
 149659
 64093
 234057
 16532
 208798
 202366
 111023
 277102
 95959
 201166
 409914
 423275
 163934
 372862
 403066
 407351
 394630
 251417
 347885
 337500
 392315
 138281
 36629
 416836
 34978
 84992
 476139
 193932
 181927
 235239
 352613
 78169
 398583
 497208
 128725
 216613
 37037
 45307
 371594
 487482
 451321
 154421
 340867
 175772
 4916
 378689
 321351
 407477
 125733
 48154
 115441
 446181
 324313
 303420
 332344
 403253
 198675
 147153
 96989
 149514
 333520
 133380
 178571
 458229
 366581
 488058
 266470
 21093
 411984
 8392
 304916
 90568
 171877
 483080
 223485
 432789
 453477
 116327
 400408
 225320
 35519
 44234
 280372
 415844
 228590
 129170
 251710
 358876
 7396
 212311
 193079
 32379
 49643
 111583
 207992
 30781
 421026
 190598
 405784
 263442
 455459
 6330
 300579
 294813
 69635
 387352
 395244
 373252
 72176
 286888
 412683
 237247
 236701
 421791
 480641
 39798
 92341
 373617
 93059
 351708
 136245
 264590
 275933
 370534
 121693
 132690
 122439
 119573
 144003
 289363
 219176
 403381
 22179
 432190
 252160
 208288
 280038
 250849
 252115
 13138
 389525
 310026
 221326
 215661
 106135
 366949
 364531
 260638
 335498
 108878
 35379
 35063
 84455
 406054
 24164
 472575
 317123
 31600
 321545
 29268
 373417
 339625
 476963
 5485
 406378
 243258
 495029
 122005
 482256
 496294
 348649
 287442
 105510
 354683
 357282
 433333
 482245
 263460
 150939
 336913
 228302
 483284
 427257
 303082
 431481
 211267
 208205
 229063
 470143
 28898
 345823
 402157
 457512
 146580
 125974
 262641
 117965
 153739
 382473
 476127
 20785
 193069
 316099
 296425
 271025
 292425
 190114
 61914
 433119
 146314
 191662
 194654
 417689
 489017
 115939
 153464
 136989
 428617
 45777
 263103
 221997
 43609
 426859
 402145
 182961
 62256
 429094
 203197
 482926
 113333
 477183
 32388
 72521
 183465
 18463
 476388
 227776
 468606
 86320
 472650
 157360
 123911
 480047
 99572
 193696
 484386
 37221
 60385
 291773
 27756
 381586
 247170
 73086
 18090
 207350
 245515
 38827
 214550
 375486
 361217
 425880
 84839
 270561
 444782
 99522
 319772
 183692
 290586
 497846
 173459
 147540
 428521
 486040
 154777
 331287
 78963
 449454
 332836
 147095
 349732
 366085
 147450
 349708
 70858
 449721
 205882
 36602
 168690
 435014
 379775
 60674
 474767
 32944
 94349
 419976
 318725
 264705
 38198
 109329
 394136
 61813
 189207
 126584
 214254
 446335
 438687
 79275
 245723
 253943
 419268
 115384
 57073
 268354
 83386
 166726
 296138
 151716
 193218
 460773
 396103
 348817
 412347
 127866
 448619
 462218
 151507
 86102
 362999
 70031
 485255
 135818
 53667
 230127
 336711
 153078
 469968
 319671
 31256
 319473
 443597
 193278
 259469
 22434
 327272
 144830
 258457
 378406
 19713
 411144
 478263
 70443
 120689
 491037
 141433
 167206
 475609
 80545
 305125
 278384
 33198
 420463
 164822
 174639
 470217
 375690
 60516
 332134
 295973
 251798
 187136
 263576
 186300
 78747
 92627
 161572
 30222
 267399
 180649
 292097
 34635
 182379
 381587
 69784
 377654
 3027
 179466
 406637
 173562
 476212
 89984
 399222
 117490
 390561
 100400
 9594
 131872
 255274
 64026
 396883
 456140
 283799
 31861
 278718
 280929
 286676
 483068
 194138
 462242
 291541
 396096
 116777
 121909
 271416
 227920
 298077
 5446
 312678
 481293
 328405
 454642
 119528
 280087
 296493
 498908
 47694
 405781
 427268
 449494
 455564
 358873
 209360
 498328
 152127
 73654
 418009
 288618
 139104
 332379
 295185
 252635
 281804
 231833
 394946
 78297
 437984
 259210
 128445
 156520
 61483
 196384
 444414
 402278
 442804
 283931
 386478
 389426
 190687
 467537
 466053
 42423
 117526
 101689
 111227
 256015
 311403
 208587
 6637
 0
 333773
 179564
 342683
 165283
 391762
 265910
 207291
 233107
 453981
 55172
 346932
 250353
 132084
 93072
 332684
 186399
 285367
 327599
 105067
 197976
 248290
 304946
 326952
 56188
 342602
 424803
 235587
 190012
 83617
 27294
 144608
 9657
 81428
 22533
 363194
 250411
 78765
 104180
 158303
 451253
 413492
 287267
 56585
 40387
 103774
 326107
 78024
 200911
 248077
 68262
 5667
 275997
 108809
 64939
 232774
 48189
 352250
 419889
 283701
 16457
 393819
 62316
 315701
 391669
 20809
 40640
 53557
 433993
 70844
 35462
 469523
 73449
 361783
 302106
 210777
 425248
 126517
 432330
 498932
 13828
 222242
 216828
 113302
 493100
 295763
 187011
 443788
 259124
 248684
 268281
 296648
 34779
 126644
 366933
 480924
 224988
 22611
 254297
 466625
 346153
 127830
 80422
 369491
 385647
 163787
 439513
 359506
 69531
 171671
 464277
 499759
 138756
 98918
 58696
 229203
 100640
 198244
 482796
 450072
 377717
 444397
 476220
 188037
 357218
 428857
 54935
 49397
 228026
 286170
 35796
 498654
 291763
 192447
 276019
 136
 425090
 231218
 232258
 368884
 62399
 167039
 142099
 483298
 462301
 274763
 397496
 15844
 56418
 151318
 228038
 479188
 380184
 124636
 140754
 486689
 490837
 64189
 126100
 98572
 375589
 10486
 133377
 164977
 78574
 368573
 26536
 250128
 254344
 134927
 327080
 178332
 42339
 219463
 404227
 431593
 160981
 421751
 408463
 479987
 347758
 393092
 175931
 101525
 176634
 415854
 87227
 307147
 308045
 358958
 378719
 403293
 90595
 226472
 371628
 120888
 318680
 291864
 475552
 236830
 174447
 423839
 472781
 219397
 229489
 9803
 491217
 492537
 228380
 91388
 400274
 171773
 229472
 61552
 80643
 65448
 355645
 169283
 384930
 285579
 409580
 157680
 302186
 383986
 380718
 300575
 459667
 218905
 144639
 427948
 200628
 238513
 95682
 43960
 11487
 245019
 424227
 274759
 299421
 3382
 497248
 139176
 391144
 428438
 208456
 337282
 184392
 41743
 339528
 53160
 231380
 296296
 239622
 61127
 231773
 5524
 185641
 183613
 354362
 366662
 461173
 92928
 400021
 480926
 204347
 426540
 476689
 222469
 369747
 434555
 81623
 272096
 76923
 105675
 433259
 101288
 421895
 32102
 40429
 124420
 436525
 211619
 232704
 227047
 120371
 67982
 378176
 472192
 19462
 462276
 181041
 367276
 405638
 377385
 484662
 172871
 184776
 34914
 124891
 496750
 38219
 295006
 90965
 281907
 227461
 125422
 39457
 89260
 442862
 276081
 438505
 273229
 157742
 89942
 115819
 2292
 497455
 205489
 303674
 131493
 213242
 364885
 86654
 50620
 225768
 254829
 127209
 38214
 282321
 364577
 141357
 350871
 365168
 84388
 448374
 30860
 118983
 479914
 434782
 485480
 230427
 176821
 22498
 252216
 126313
 64004
 72803
 293080
 243838
 33628
 444051
 227665
 317098
 461388
 210182
 316053
 368753
 149757
 141089
 286914
 183156
 66127
 457380
 132136
 293011
 87577
 306829
 446859
 404815
 339192
 468805
 363346
 121335
 191799
 286062
 78152
 146666
 178603
 294199
 460133
 146190
 318941
 208153
 50734
 364144
 271666
 321213
 119670
 239726
 284707
 283927
 217149
 180935
 47503
 363704
 19543
 136030
 237852
 38848
 369019
 218843
 408593
 154708
 443159
 360788
 482507
 483769
 143448
 405022
 142254
 235366
 459461
 332094
 106354
 45255
 177804
 498547
 461982
 292557
 402457
 106716
 109618
 335551
 366517
 206131
 333500
 327237
 323811
 367573
 218549
 311533
 221476
 497600
 230878
 374155
 323420
 193252
 255013
 429381
 225649
 335529
 280229
 475289
 239248
 22780
 214987
 32002
 293632
 425531
 162348
 112367
 29509
 434260
 370503
 83553
 202026
 332862
 404683
 274096
 210726
 8596
 126652
 242469
 263841
 281735
 108185
 151245
 89226
 390014
 333591
 468745
 400720
 252236
 193360
 465329
 7364
 96996
 402079
 406226
 102243
 115127
 457746
 85289
 95830
 396315
 418958
 474782
 24563
 255637
 487348
 158959
 109585
 36366
 116260
 291849
 356781
 383171
 91711
 114993
 480676
 392465
 489698
 120740
 44814
 252836
 249203
 36914
 36658
 459294
 192636
 389845
 169070
 448284
 387706
 27725
 126585
 147445
 264320
 482789
 167860
 206207
 462948
 376662
 239408
 245843
 291304
 280545
 143165
 446746
 59900
 490280
 231775
 229077
 230204
 63053
 120204
 131361
 220894
 353349
 45795
 55614
 488151
 402391
 181405
 478470
 429633
 492535
 424617
 215616
 277235
 7275
 85244
 193925
 284268
 119655
 498656
 65044
 132003
 299274
 9099
 80756
 272855
 103896
 343547
 58139
 294295
 276389
 432686
 348785
 129903
 269741
 259654
 412686
 374551
 286933
 1879
 413028
 447187
 22670
 282928
 140242
 364653
 274742
 355396
 476817
 165793
 21957
 23391
 22171
 196113
 242295
 208045
 455353
 66839
 472950
 433150
 179451
 57732
 423076
 255179
 72264
 313333
 161911
 406976
 101855
 448202
 440211
 123503
 255825
 358921
 283338
 169804
 196956
 312407
 1043
 496230
 215076
 449567
 356894
 324023
 83196
 417873
 276861
 285303
 323741
 414298
 463740
 81483
 312461
 391714
 176956
 213043
 235687
 153257
 306663
 423719
 374433
 263514
 383100
 93792
 9082
 353174
 328205
 318646
 128810
 177759
 160483
 336158
 296456
 46153
 1622
 378946
 291343
 363484
 263185
 316624
 89645
 242980
 61135
 358447
 153938
 208972
 164522
 97590
 332812
 272907
 298155
 392929
 230552
 390463
 414393
 394008
 152173
 477632
 90497
 104676
 370059
 383897
 357633
 366144
 62398
 379475
 334109
 262937
 75117
 61471
 62663
 92385
 440274
 169452
 359
 295755
 9314
 164542
 246211
 38379
 413725
 289552
 77209
 230233
 277807
 496499
 301341
 164787
 264948
 67727
 498154
 398249
 343495
 170062
 182195
 419623
 332025
 216168
 381303
 25731
 453632
 267299
 19578
 406978
 234906
 276374
 337969
 384917
 349426
 350241
 53696
 4686
 30509
 4912
 226826
 405137
 462388
 109979
 425142
 354336
 183199
 207491
 73926
 493406
 430318
 395536
 245787
 124377
 190939
 79110
 496145
 287573
 117920
 406303
 267537
 241037
 179006
 238600
 459094
 33903
 21898
 133181
 255194
 438709
 123938
 365105
 131940
 181194
 328595
 283210
 47864
 296610
 383922
 320859
 368912
 421253
 366639
 105763
 20261
 296667
 354827
 109280
 184505
 172018
 365287
 171255
 399808
 4363
 178060
 103688
 7543
 266133
 376746
 282442
 305001
 371149
 155688
 313422
 461098
 182535
 349106
 302417
 172288
 123877
 435833
 174377
 422928
 302735
 14537
 328355
 487654
 239952
 423500
 129863
 361410
 95254
 127491
 332983
 8723
 224468
 209946
 189675
 296067
 408126
 432270
 365693
 284153
 350328
 78462
 168561
 115827
 182932
 358347
 424145
 385031
 485479
 272635
 391608
 25818
 220554
 137774
 287349
 405977
 627
 251047
 319482
 458829
 284441
 5179
 84615
 484459
 234725
 393414
 315682
 200104
 325386
 283411
 437585
 103476
 456459
 181590
 89834
 180726
 204450
 445347
 328298
 436896
 276011
 100588
 41675
 483977
 419819
 339186
 428944
 391405
 196245
 39899
 312435
 399410
 372190
 357548
 465828
 365440
 88757
 499310
 224234
 177876
 247300
 181842
 53863
 383393
 42116
 306532
 484118
 63401
 359165
 48007
 339422
 452789
 168611
 328325
 409478
 355127
 432428
 166292
 102600
 127840
 63218
 9727
 346253
 468072
 98914
 425071
 347826
 345434
 13077
 201013
 196054
 7936
 151190
 226467
 494252
 392926
 151591
 295438
 336713
 5741
 321585
 375273
 269339
 121523
 440125
 57904
 164423
 408978
 34603
 11819
 493040
 65609
 172985
 196846
 311330
 303988
 138343
 214082
 324991
 445725
 317116
 216369
 321011
 406346
 102554
 223144
 302024
 76886
 416651
 305637
 297523
 233385
 428351
 398674
 275172
 389668
 242205
 30112
 302053
 107400
 210740
 169833
 466474
 86047
 279337
 255503
 49685
 209977
 199351
 320065
 333982
 371136
 243724
 79554
 106974
 343710
 138861
 79930
 372821
 214521
 430243
 55377
 329894
 377312
 233611
 164978
 307945
 102029
 63355
 301852
 347006
 199729
 158935
 108262
 166562
 167484
 248744
 235434
 259702
 336952
 256438
 94736
 265336
 349508
 360159
 419999
 237373
 6263
 28151
 82720
 107858
 21582
 129145
 283616
 293184
 388825
 473813
 288784
 139005
 287121
 55607
 465656
 169830
 240017
 302583
 443985
 353371
 188439
 223189
 281407
 243682
 163326
 362068
 82550
 29645
 147044
 470692
 316423
 365654
 100911
 308301
 457438
 454889
 218865
 78437
 289006
 250325
 428013
 32038
 339116
 20360
 31367
 269636
 128558
 12050
 211003
 286323
 8954
 106464
 375888
 444899
 392254
 334350
 242603
 58227
 441010
 9180
 130452
 143786
 18024
 432156
 419518
 112845
 253380
 407081
 165825
 199081
 251192
 258620
 196408
 128643
 274806
 326621
 199738
 92885
 340742
 326193
 174089
 338209
 289571
 103281
 177691
 343266
 46986
 782
 132670
 227722
 220000
 48162
 91078
 354422
 320097
 117429
 384412
 199457
 130253
 71854
 122357
 374468
 116995
 73927
 439078
 89810
 152605
 229155
 428757
 337101
 389339
 465761
 125358
 266070
 336222
 391278
 107137
 430351
 471279
 209984
 147640
 240946
 39972
 435188
 442670
 462920
 247173
 79310
 468343
 18676
 492795
 146341
 387589
 426403
 183757
 328254
 367617
 21097
 93307
 463877
 42536
 105172
 169623
 340774
 36374
 68316
 221619
 245930
 339681
 242788
 233
 408926
 17984
 70935
 145102
 287136
 426900
 91283
 271309
 338048
 435173
 43801
 470032
 200969
 421639
 1093
 367006
 341412
 209838
 446886
 408940
 374483
 486352
 240821
 143122
 48218
 244919
 457179
 466172
 224367
 458917
 137181
 41727
 95964
 276744
 22306
 497890
 196414
 214872
 151095
 227189
 369615
 433871
 303887
 493518
 24000
 56054
 493139
 350341
 302018
 310850
 431532
 426028
 16146
 308339
 408688
 19988
 345555
 315207
 95274
 382823
 397384
 399580
 158182
 27572
 436031
 166961
 268479
 326364
 156174
 44627
 416202
 148054
 164304
 118267
 2207
 200612
 228021
 157937
 318683
 327431
 34791
 4582
 398544
 370360
 136254
 143131
 248565
 289959
 50996
 362944
 152398
 468439
 491509
 223670
 303431
 243095
 228213
 462489
 173111
 287803
 106572
 116582
 26399
 173694
 182427
 248817
 31319
 470347
 23147
 376930
 362019
 15517
 369863
 414348
 477214
 371413
 391139
 420247
 139674
 369370
 15724
 282280
 474842
 434998
 160350
 214055
 68394
 333006
 272267
 184415
 355136
 268529
 286163
 305445
 66580
 267477
 323472
 153445
 398495
 141579
 250291
 408313
 487161
 326474
 174307
 157088
 434211
 402702
 37906
 107619
 287478
 346760
 91392
 235061
 174134
 285926
 428447
 123420
 301060
 420737
 495708
 301925
 310047
 330497
 379690
 150395
 328436
 477876
 435449
 451618
 362795
 92507
 313590
 32300
 392870
 281526
 476224
 69840
 217624
 154684
 133957
 282996
 462015
 237259
 270540
 60377
 354748
 480427
 403829
 483935
 479457
 300424
 378786
 221810
 421113
 473891
 135766
 189720
 319224
 80732
 190084
 119629
 45946
 295647
 95954
 242622
 63767
 395177
 496246
 389269
 60179
 493656
 230854
 41635
 266193
 64459
 206477
 333888
 33218
 221996
 429132
 128824
 367221
 302286
 238225
 80893
 231707
 391954
 473482
 265371
 25956
 120519
 346378
 49614
 384703
 252417
 247573
 384559
 259507
 474376
 28928
 381333
 446919
 261724
 37202
 342235
 359019
 26522
 324188
 414190
 264140
 274159
 289093
 288278
 186767
 43557
 13785
 414040
 359196
 124979
 291744
 81727
 193094
 391464
 6174
 303097
 213636
 321338
 81190
 312145
 8309
 449315
 302631
 66346
 117651
 454367
 1345
 420750
 333623
 207
 57912
 470271
 348360
 123560
 345447
 23253
 457184
 419548
 467636
 128365
 26360
 475954
 114384
 329679
 30308
 272820
 206339
 365629
 483592
 183917
 137613
 263357
 373719
 39020
 231137
 492507
 240977
 169592
 277293
 120387
 356440
 396369
 261131
 101068
 447894
 441747
 308909
 481842
 323270
 84001
 232863
 154791
 49019
 335329
 234375
 169019
 177064
 471199
 69062
 405797
 462162
 114031
 22831
 441676
 370328
 43173
 361836
 84512
 417708
 156073
 460581
 342704
 2403
 63492
 212252
 104336
 199999
 110445
 185448
 129425
 408071
 463035
 265829
 460976
 38821
 166087
 262373
 458645
 88773
 106796
 99999
 314159
 269975
 127724
 475055
 253003
 424661
 12025
 231881
 315060
 475202
 460873
 490094
 64693
 206183
 406421
 87673
 362597
 314420
 100537
 466746
 449999
 83322
 95324
 282206
 105512
 225141
 135224
 150300
 176231
 273144
 200000
 350405
 454141
 94982
 464222
 110048
 297681
 373675
 316521
 358184
 480885
 30482
 69712
 496402
 166098
 471191
 45762
 331212
 220372
 479161
 370721
 343700
 331968
 486455
 475125
 196699
 498162
 375704
 475057
 154943
 267360
 431732
 211340
 268046
 331147
 418962
 15357
 8978
 175858
 333354
 202765
 37585
 238866
 409128
 157813
 478901
 211150
 462500
 144897
 320054
 309660
 179210
 483797
 495700
 19225
 179585
 430601
 124095
 407072
 86128
 146468
 236700
 73056
 173599
 305991
 482459
 118047
 430128
 386234
 192917
 292161
 361718
 355650
 265952
 466910
 52742
 297475
 83550
 315883
 290041
 436867
 446531
 198321
 190957
 280334
 128805
 431632
 465408
 281490
 372719
 37020
 87931
 21261
 32728
 272349
 433977
 433566
 222008
 302548
 243323
 177245
 124582
 438024
 319080
 67027
 137485
 494623
 264719
 265072
 198510
 296839
 163815
 386069
 244961
 252585
 264339
 355403
 350435
 279045
 388580
 11018
 392942
 476974
 482610
 462593
 364228
 465227
 180976
 36679
 53701
 480314
 227581
 309608
 185430
 483763
 142833
 390503
 471178
 348152
 266529
 107929
 348029
 104446
 231893
 247200
 310721
 441744
 302605
 165919
 462490
 189725
 45851
 316012
 197568
 449732
 120615
 137949
 65554
 194533
 211697
 469393
 235961
 191125
 34328
 223775
 393271
 328674
 231336
 238146
 416468
 67760
 98885
 398412
 492946
 335766
 465374
 353361
 205528
 434099
 159448
 261439
 286243
 295433
 72361
 273896
 346163
 357099
 323163
 372113
 334482
 221781
 97667
 263360
 406790
 386124
 268346
 170189
 246984
 56834
 231721
 382847
 25210
 448055
 393393
 182824
 195578
 180133
 207921
 265442
 487755
 152774
 465003
 133592
 154380
 218399
 226430
 107920
 44794
 65217
 351262
 152376
 468172
 241142
 382274
 33336
 397800
 237458
 453944
 269429
 13800
 2941
 247411
 474666
 385937
 104459
 84229
 379110
 196238
 132574
 379683
 56449
 306760
 426531
 231732
 313468
 48395
 414350
 116919
 273071
 133448
 54482
 428571
 295000
 344232
 181541
 367644
 310466
 299148
 411433
 410719
 39693
 388114
 327628
 242028
 451958
 305807
 466043
 250566
 480361
 368827
 493926
 4942
 426095
 353578
 471402
 480006
 72937
 276671
 164674
 297372
 266129
 278515
 455499
 56739
 151006
 457264
 149207
 418529
 303614
 4664
 291710
 351638
 366919
 328113
 172621
 477249
 131314
 122697
 321211
 285903
 217147
 97509
 303749
 194682
 338644
 165158
 290106
 125071
 238719
 371452
 117647
 164734
 248522
 433502
 241559
 17589
 114104
 227678
 405405
 467059
 433700
 332752
 57573
 171920
 427864
 46235
 82708
 182070
 401667
 226656
 395203
 338358
 116249
 477246
 418258
 254019
 152471
 268839
 186923
 420239
 238620
 365436
 369675
 16949
 423459
 181849
 122873
 331425
 475830
 1628
 249979
 380861
 202266
 373085
 39231
 391542
 475729
 388429
 407027
 159278
 60755
 176307
 240075
 354470
 275965
 391033
 340336
 94695
 342751
 72396
 350342
 3426
 473652
 170319
 381654
 354516
 298153
 8667
 350865
 226877
 308003
 315239
 386622
 156254
 384963
 4886
 51391
 231892
 148625
 340555
 256458
 327853
 423658
 253859
 351996
 166312
 370777
 386474
 37058
 217979
 163131
 432978
 28018
 201379
 357453
 2177
 63464
 389961
 122660
 384507
 304359
 386628
 95059
 492682
 130885
 152857
 38790
 365435
 363023
 478550
 7580
 263295
 61134
 160433
 62887
 483370
 108762
 356365
 428731
 177538
 384844
 323769
 282325
 477795
 302338
 255268
 335897
 337280
 16908
 319339
 209819
 332389
 434538
 407718
 33259
 83004
 368067
 64263
 364676
 202894
 3090
 151313
 126307
 401836
 377792
 226459
 112146
 38740
 311431
 4712
 461274
 495464
 375352
 223116
 51071
 148331
 447040
 150616
 251890
 385479
 301895
 316183
 57239
 378730
 343505
 230915
 158572
 3400
 262620
 299007
 314366
 310630
 308508
 15837
 296306
 222132
 423728
 133932
 479133
 391162
 329842
 170782
 207344
 249717
 108695
 377433
 193317
 80885
 273984
 165091
 229231
 463598
 275285
 393598
 319918
 85439
 7138
 416907
 283462
 319391
 365766
 323285
 396301
 489467
 103667
 14074
 470118
 168310
 220941
 499854
 303322
 423475
 113298
 170201
 23503
 140254
 471855
 331535
 157966
 147466
 376004
 87677
 362262
 386187
 353601
 81638
 289013
 483050
 54631
 9316
 211565
 408149
 174593
 134917
 318781
 84026
 382521
 161220
 29454
 404517
 94713
 484861
 18317
 28442
 63776
 14238
 437062
 84529
 31298
 466876
 165554
 485576
 427055
 48997
 181868
 30692
 286187
 355132
 314411
 425629
 204116
 463343
 404426
 375346
 215875
 246987
 288387
 179721
 424725
 57811
 27972
 90531
 244765
 307186
 329747
 346224
 228802
 446902
 131147
 478602
 110512
 182112
 389760
 468936
 219827
 14854
 201946
 110306
 70913
 397909
 386809
 88212
 74799
 179661
 30121
 172752
 47471
 320083
 440697
 122079
 69118
 375731
 208092
 105104
 3647
 384129
 309312
 241432
 402362
 146063
 79227
 436445
 332116
 496609
 334712
 80046
 343230
 229368
 341755
 346484
 191713
 120529
 60805
 148310
 429332
 161953
 34318
 358559
 119340
 190147
 245207
 290431
 206533
 34828
 307392
 286459
 164686
 310281
 152615
 170183
 197398
 75019
 493524
 229365
 336078
 167546
 266753
 290848
 486772
 48887
 174064
 78880
 16832
 173121
 90669
 82664
 445990
 76700
 31239
 373722
 254823
 85997
 491040
 179571
 384936
 207774
 412024
 38183
 145851
 43534
 283138
 300220
 398864
 455604
 267261
 339064
 252520
 124289
 7486
 260656
 189746
 52019
 459218
 172561
 265217
 425595
 357374
 416344
 410983
 96275
 83556
 224053
 189346
 320245
 210510
 161357
 386079
 125
 273972
 155011
 312690
 317849
 448331
 258948
 275214
 293495
 429538
 107094
 494363
 378400
 238956
 365045
 191225
 386103
 332974
 43318
 224180
 37372
 38434
 331031
 270793
 243455
 409660
 481510
 326424
 471027
 3960
 78544
 473709
 299511
 369494
 296738
 76368
 155660
 103097
 171669
 152320
 289957
 141559
 490302
 207722
 202825
 450289
 310250
 494923
 268810
 390390
 189165
 71996
 91854
 325791
 349616
 417550
 406274
 179889
 163053
 172032
 303255
 191547
 45535
 197293
 100293
 344564
 428513
 329604
 116715
 213205
 7916
 242424
 396321
 404974
 9746
 321862
 153558
 123977
 32296
 284377
 430774
 223599
 391408
 176616
 126050
 459212
 420718
 150579
 310442
 83364
 283503
 454599
 466624
 86293
 266644
 198971
 442789
 93082
 125307
 113123
 118717
 357720
 463549
 453823
 407814
 330727
 416155
 156748
 487302
 445569
 483512
 41791
 325164
 230174
 271108
 89965
 198605
 280170
 376727
 77142
 365209
 121312
 62530
 47848
 287463
 416804
 99876
 311957
 383652
 277108
 446694
 390127
 455618
 370813
 66308
 342897
 188723
 313267
 47494
 207317
 106055
 413857
 451548
 170473
 150170
 287364
 494918
 317164
 343035
 75715
 299422
 178977
 214114
 39135
 317666
 307444
 460408
 185429
 168173
 304657
 377833
 396969
 321093
 367403
 97873
 30898
 264170
 354856
 263382
 289012
 491360
 83565
 450381
 50762
 120209
 285922
 253731
 349872
 194117
 171570
 447522
 251833
 203924
 491504
 451808
 287330
 367105
 281270
 67002
 205945
 315010
 144978
 490958
 122627
 369204
 45297
 296485
 445018
 172787
 261436
 212388
 105665
 382985
 33378
 118239
 105410
 336374
 281672
 341532
 166182
 84093
 135394
 408185
 24723
 41797
 421705
 267600
 169043
 465244
 484101
 368620
 24783
 431354
 188570
 487468
 110940
 395377
 12093
 16812
 63657
 138985
 239644
 435721
 288033
 224513
 494231
 157132
 248516
 253437
 421530
 85097
 92005
 389812
 20796
 24409
 324074
 291767
 470441
 23058
 467766
 82705
 89347
 177651
 2540
 213933
 215179
 385295
 100271
 113891
 446808
 144330
 427549
 309462
 158430
 471580
 127311
 425803
 217623
 343646
 368394
 97330
 173404
 350394
 187179
 149297
 166666
 230264
 319616
 170126
 317584
 268413
 63160
 233068
 164577
 149973
 269183
 278039
 230560
 445969
 33597
 148211
 194252
 484166
 402998
 450262
 33444
 149237
 52433
 350354
 341224
 288385
 267615
 269614
 332041
 166314
 298762
 97110
 372797
 231292
 363723
 374905
 251502
 58718
 299183
 60748
 139331
 408693
 372738
 475713
 337443
 111366
 322636
 488259
 472924
 10971
 71035
 471582
 66683
 260044
 122926
 433594
 316616
 157030
 185414
 252102
 328106
 333560
 357262
 242019
 242187
 230328
 492190
 278634
 134484
 396129
 354925
 454686
 149733
 253596
 307990
 394929
 380720
 387508
 450351
 296974
 169186
 445093
 465430
 444283
 69812
 367212
 255355
 143216
 242809
 65730
 206823
 52962
 298863
 15904
 475039
 146608
 375315
 202684
 313005
 290960
 266368
 38640
 61752
 74117
 135333
 490267
 80430
 428849
 422542
 291504
 164729
 463616
 463503
 225186
 159621
 314472
 343669
 219298
 273712
 452777
 302872
 56876
 81412
 250502
 355366
 40260
 265266
 480660
 475430
 432845
 110760
 205420
 423587
 325398
 447820
 159932
 119089
 10727
 362840
 383003
 237956
 316016
 401331
 34252
 303167
 362848
 16750
 213824
 54701
 341499
 291177
 490897
 400798
 428427
 286090
 230972
 350603
 358099
 427135
 397837
 444564
 6640
 481933
 125629
 342498
 321772
 344601
 90619
 67738
 320014
 184930
 229126
 30316
 114651
 16124
 71936
 251500
 412274
 381937
 338838
 263999
 494744
 11053
 173026
 3484
 188969
 200453
 383090
 416145
 223338
 118948
 147329
 83046
 68118
 124307
 443995
 494183
 262927
 494816
 444998
 467083
 147666
 164300
 226402
 295920
 498014
 259791
 381837
 56064
 352553
 120508
 446363
 458033
 60248
 229268
 92277
 125917
 254885
 183060
 428579
 245263
 309128
 470820
 28436
 205820
 121253
 273584
 41666
 81967
 278627
 451256
 20339
 84833
 407578
 81176
 340005
 70549
 156913
 377590
 297834
 160419
 104165
 350240
 48361
 77761
 185882
 99172
 431020
 407032
 119834
 306666
 202225
 251269
 293150
 87829
 479919
 295839
 465009
 55900
 20973
 204646
 431858
 104662
 23382
 216592
 302035
 418885
 228490
 104559
 76306
 322629
 76910
 407936
 304641
 294690
 384880
 197324
 132657
 293980
 60575
 308379
 405956
 494964
 32644
 433614
 176705
 278576
 117279
 277395
 351128
 312764
 220036
 397151
 127506
 449572
 200280
 324524
 396860
 463094
 311858
 289361
 1461
 121584
 457166
 110647
 386283
 461501
 235643
 388010
 486717
 108720
 17427
 14746
 36077
 162415
 36432
 116227
 382194
 402745
 489116
 353757
 341787
 235506
 128865
 437500
 163413
 69249
 175161
 26991
 128340
 332363
 140856
 92711
 15177
 178479
 473905
 29686
 119601
 384168
 79897
 235060
 393135
 344379
 61273
 123563
 343596
 15746
 432944
 293844
 217681
 390267
 466111
 460038
 480925
 352147
 29818
 97840
 427651
 424477
 388188
 189296
 345599
 30303
 253670
 95658
 492804
 370908
 314997
 482053
 472679
 342520
 291922
 33298
 42064
 136219
 428256
 84357
 243016
 214957
 34832
 65137
 42127
 234937
 220745
 427475
 473417
 470646
 233379
 193758
 478479
 2006
 100188
 236066
 103161
 436649
 438813
 174972
 318948
 286346
 22003
 50200
 450258
 254863
 98499
 44416
 32710
 205010
 266353
 230033
 416625
 87158
 246365
 468586
 82377
 220972
 81538
 106644
 47462
 359384
 127537
 274422
 476507
 491438
 38439
 497168
 161263
 52386
 293775
 315446
 103619
 103554
 12544
 337243
 272328
 76880
 113900
 69398
 359846
 80625
 276321
 382422
 97216
 339826
 263023
 394654
 232837
 46856
 476756
 202199
 139239
 438764
 406140
 92651
 290262
 59248
 472500
 341870
 349315
 310717
 117997
 467847
 445116
 109756
 2817
 111395
 477897
 150761
 291124
 251308
 105143
 433343
 124365
 4986
 288954
 431121
 253360
 62240
 347970
 394204
 320884
 47723
 93366
 268167
 401474
 75221
 203081
 120854
 429724
 417765
 272007
 116288
 143021
 223230
 357682
 174395
 461852
 301134
 367231
 67894
 373716
 689
 412559
 238733
 270007
 291739
 79237
 89668
 99051
 177020
 325938
 203631
 368175
 261328
 294832
 490772
 117666
 320902
 104166
 333201
 433663
 170338
 166398
 367824
 393765
 439244
 93461
 400567
 175183
 104273
 430894
 294667
 160518
 374322
 147677
 157719
 26629
 458309
 327202
 484923
 494047
 220427
 399118
 445160
 849
 193830
 392552
 469583
 330982
 109014
 214143
 440165
 137483
 39629
 366174
 485515
 367622
 180170
 178458
 386252
 469575
 308012
 402104
 275340
 132269
 484164
 387060
 461665
 489431
 4313
 382433
 290155
 381698
 334659
 51878
 439776
 220128
 120858
 123477
 61968
 214136
 271071
 150205
 348695
 149160
 362862
 36429
 87426
 369960
 175325
 116765
 277777
 289668
 270036
 235001
 274822
 166241
 52545
 223678
 363369
 483150
 214023
 8657
 306394
 65789
 265626
 355151
 319545
 73273
 310036
 198026
 297124
 125406
 418378
 85249
 46309
 212133
 122856
 428635
 101856
 311931
 96638
 75443
 271485
 225207
 75674
 319061
 22942
 468760
 103773
 55326
 12472
 335024
 57123
 395161
 269413
 38090
 225891
 101650
 55555
 385339
 457237
 245345
 367067
 397518
 102365
 249070
 184614
 136635
 98659
 362610
 199254
 80228
 275302
 1523
 41688
 367053
 313331
 210453
 416769
 208677
 309512
 51318
 397634
 457182
 157894
 162909
 123115
 248074
 450595
 52563
 383574
 87020
 415127
 241438
 400373
 242894
 276521
 416312
 337215
 110044
 449110
 18049
 179000
 129684
 290810
 32868
 92866
 211371
 124163
 97270
 108289
 188138
 224690
 114624
 131634
 424456
 474527
 51309
 112390
 220364
 293664
 469806
 405830
 498795
 376813
 221797
 77231
 203300
 247266
 241499
 461413
 479769
 393043
 203648
 31198
 13935
 405291
 51253
 254061
 8307
 5458
 405003
 246482
 132890
 201942
 82191
 171284
 194226
 307891
 337826
 458533
 475031
 369135
 317175
 398140
 466559
 223245
 348305
 104637
 496966
 490307
 191266
 438409
 3676
 214056
 361841
 201468
 382972
 76170
 333957
 341419
 416740
 172388
 197679
 276985
 252899
 185531
 129503
 120326
 121621
 487815
 273022
 269905
 107902
 128278
 267123
 72325
 162798
 293425
 278663
 55894
 337732
 