489820
 402209
 70194
 227879
 202948
 53330
 63873
 241073
 246669
 175862
 42011
 49486
 214658
 329248
 115347
 410399
 32108
 209907
 341330
 100619
 390032
 446380
 257367
 157389
 250432
 413506
 74939
 194758
 488918
 471988
 401994
 99502
 174921
 295410
 41026
 215710
 46732
 333297
 349825
 423413
 127041
 69149
 235863
 121056
 169566
 142431
 308518
 262395
 177914
 406985
 372831
 24929
 256455
 153085
 86937
 216890
 476632
 421724
 409859
 409952
 74968
 174127
 97177
 82808
 15294
 24391
 176032
 148992
 395564
 169661
 298804
 472588
 116010
 521
 25641
 349297
 183166
 398570
 356168
 98021
 495987
 315680
 103801
 47338
 305812
 491351
 183157
 37144
 288628
 327179
 151226
 458481
 49241
 459011
 289563
 168659
 321411
 103439
 176563
 183239
 128191
 331353
 415752
 352390
 166248
 19582
 371415
 393840
 161120
 186393
 402142
 11547
 348165
 80622
 88493
 302931
 192806
 29126
 485179
 368475
 482623
 45524
 32793
 163297
 32111
 115852
 191313
 11061
 181184
 99385
 230853
 283687
 114920
 123119
 119995
 482268
 18518
 138946
 301004
 376698
 120710
 475043
 403285
 14925
 441586
 51876
 396195
 111495
 395522
 288904
 411458
 140016
 453989
 348912
 90436
 223157
 21739
 453717
 228005
 448964
 385388
 322847
 295393
 385919
 212716
 178451
 274463
 488378
 271723
 401503
 160580
 251937
 314744
 440676
 196705
 121968
 160754
 170357
 475547
 183952
 161169
 308122
 462459
 123691
 256817
 65124
 303639
 452284
 191884
 253683
 18511
 455550
 165955
 399849
 201366
 210820
 9771
 44729
 147718
 371964
 404501
 239726
 242986
 239485
 288659
 183162
 145569
 435702
 193577
 330646
 267361
 14362
 236881
 429943
 328042
 432634
 111608
 499180
 411083
 415328
 369609
 237667
 253812
 355501
 87668
 444551
 43708
 323442
 453960
 130277
 202022
 105418
 114810
 217416
 355045
 287245
 376945
 87890
 488256
 118344
 383030
 419007
 495944
 276029
 104151
 419028
 74798
 4377
 485611
 157387
 156358
 92871
 391655
 414207
 349718
 61708
 333749
 88606
 26185
 230813
 488301
 78947
 143410
 382235
 280437
 348070
 65450
 62224
 236281
 312053
 342197
 1663
 26826
 493899
 196354
 275382
 332623
 85582
 10890
 40792
 485368
 201200
 484848
 99999
 473569
 301919
 367415
 351086
 454282
 27438
 224153
 143640
 380348
 485564
 391103
 51868
 197628
 474388
 88732
 370905
 233847
 232755
 22699
 417733
 284722
 61047
 259822
 1595
 203428
 25482
 420320
 291770
 90401
 210948
 170006
 186864
 183116
 350649
 227310
 236047
 178774
 374757
 47513
 101730
 140000
 461561
 155354
 41564
 408115
 113368
 109716
 462627
 198473
 429647
 202252
 263120
 438010
 236456
 377839
 250143
 351998
 325836
 410497
 482517
 72677
 302826
 450939
 2154
 498580
 451765
 36174
 156416
 177115
 49157
 360965
 179799
 488788
 359813
 149827
 31201
 137342
 12377
 237704
 152681
 392520
 497002
 353820
 402531
 134039
 285919
 79362
 460264
 254701
 470362
 213530
 150031
 256462
 279907
 25274
 286628
 30386
 50352
 192571
 52071
 291970
 341429
 492822
 29918
 230421
 360453
 172688
 202452
 411972
 51312
 354114
 151414
 170170
 94466
 294134
 253775
 259337
 171971
 283207
 157894
 338469
 97207
 306346
 50672
 147509
 224283
 293422
 26011
 354019
 373399
 327341
 266703
 303129
 197295
 239685
 403654
 390727
 411695
 283333
 168913
 111834
 487477
 15517
 440892
 79706
 499393
 33466
 136685
 219491
 11610
 112642
 303882
 352970
 75332
 481433
 91743
 377563
 174528
 111625
 371552
 215226
 482889
 315993
 59331
 234140
 402010
 68584
 202087
 286118
 380108
 206373
 103557
 180288
 58244
 494173
 225030
 318376
 216248
 186110
 128486
 369485
 469194
 334742
 44994
 204278
 309493
 398427
 435338
 239342
 443195
 254689
 492641
 427976
 468710
 494557
 128514
 145202
 292095
 241544
 169975
 187125
 161451
 319146
 110638
 26174
 311755
 274275
 74359
 37376
 87542
 13284
 238351
 53709
 286469
 262405
 465347
 241401
 250269
 484074
 432324
 432835
 200477
 110639
 237827
 37604
 211301
 271896
 368659
 100776
 187382
 387441
 192371
 358490
 448747
 130087
 142907
 238640
 425068
 24788
 50433
 138196
 241634
 92914
 311344
 258569
 291067
 469996
 315256
 454480
 279718
 352895
 70040
 321803
 49803
 105187
 494427
 468609
 491032
 56097
 410258
 264428
 61656
 35469
 232966
 430864
 124735
 349001
 11050
 375000
 46485
 231307
 13926
 140127
 18733
 410306
 485714
 173827
 111202
 475145
 196416
 85782
 193069
 197155
 340799
 125821
 153999
 467387
 463763
 65024
 455752
 200850
 16636
 354222
 30937
 15481
 91985
 183647
 497869
 147551
 338766
 287620
 262079
 30773
 199231
 64755
 99407
 206711
 135251
 315866
 195667
 42558
 205454
 143957
 266442
 308562
 46870
 103827
 348081
 218281
 194276
 198800
 140457
 266870
 23611
 97049
 54374
 120474
 118740
 378250
 298274
 205050
 83554
 128081
 116991
 279396
 473945
 452401
 128904
 409748
 233282
 71033
 357076
 310657
 434607
 4414
 295837
 148282
 397746
 193680
 358870
 218542
 390529
 6499
 293389
 298170
 284338
 149812
 446287
 73561
 181185
 120306
 124816
 459835
 349999
 167850
 467532
 371554
 475342
 211567
 371804
 358226
 216165
 196128
 226850
 61091
 145617
 499936
 124244
 103208
 17355
 281959
 208224
 298878
 170388
 388261
 455902
 372588
 98804
 143186
 204458
 64637
 305267
 264705
 400000
 158789
 283832
 92371
 282463
 352705
 339805
 408282
 256429
 468018
 281931
 213809
 437717
 303847
 163157
 273793
 192370
 106060
 67019
 150920
 64731
 420772
 203737
 223363
 276207
 253216
 173364
 445884
 484407
 106130
 164835
 111482
 202617
 366485
 437857
 233201
 143679
 329241
 484019
 57197
 267782
 128249
 228840
 472216
 496238
 391349
 149044
 390823
 150235
 124954
 19787
 242270
 166442
 246971
 154320
 267172
 155518
 313727
 199666
 126209
 125216
 255631
 497355
 229492
 272861
 197999
 296689
 326187
 75077
 336169
 262129
 479952
 261904
 326855
 426580
 79092
 116102
 261606
 459502
 69326
 42879
 473349
 393003
 112862
 191580
 458889
 287235
 367940
 106791
 461708
 255796
 206435
 2355
 204182
 75678
 274220
 278918
 47123
 85545
 484204
 252975
 445954
 205128
 233739
 377384
 190350
 463158
 246551
 215932
 362116
 219658
 249827
 403803
 147850
 377643
 186752
 266795
 234159
 109842
 168863
 50951
 9296
 70918
 393864
 443947
 6962
 279711
 284990
 295784
 489388
 410637
 343075
 253267
 288154
 118695
 310663
 102508
 490926
 399070
 228490
 286701
 9214
 330039
 449034
 100626
 471570
 364136
 76821
 82368
 39932
 133529
 497406
 108476
 56886
 69822
 392710
 8456
 51795
 188731
 121234
 410844
 197050
 480221
 84484
 297762
 398190
 311557
 420917
 472377
 4244
 135773
 3557
 238168
 483679
 54140
 192045
 464815
 286512
 21188
 258503
 425252
 309545
 12602
 490905
 392970
 177662
 102619
 185529
 9496
 485416
 119832
 492909
 1091
 361877
 116218
 429266
 292865
 378499
 49434
 340783
 299066
 414834
 454570
 264744
 58744
 123237
 436347
 318008
 243671
 179271
 131856
 63095
 348369
 405699
 943
 193437
 250796
 225142
 300383
 255232
 397637
 450920
 460937
 222210
 46053
 459002
 106053
 364048
 162252
 336987
 246489
 343989
 161302
 80994
 160390
 71893
 102311
 405698
 120268
 15047
 402288
 5334
 390474
 36054
 97834
 88435
 232101
 379152
 487055
 112274
 143952
 486168
 130133
 29942
 412290
 351032
 474939
 164524
 73170
 402690
 139424
 317994
 153209
 918
 195666
 27996
 182148
 364295
 335157
 409275
 340817
 167449
 290482
 217087
 277777
 465123
 197251
 349940
 387941
 247970
 494104
 399999
 369464
 148913
 140318
 250437
 485530
 313511
 373053
 306122
 118407
 126680
 437129
 229383
 51991
 414095
 482293
 297909
 95005
 46864
 213465
 107164
 267948
 32180
 342387
 66835
 368819
 220081
 379182
 166715
 316241
 136280
 192743
 1647
 36767
 335005
 72506
 225784
 485481
 95890
 243209
 324919
 88053
 490125
 397260
 184749
 19400
 194274
 68077
 470828
 255017
 192389
 294746
 313082
 346952
 340058
 374794
 162774
 3701
 109810
 494441
 351066
 230133
 147458
 243238
 151012
 260442
 214617
 480952
 141139
 150838
 99866
 148041
 334937
 124291
 97314
 21920
 152622
 83445
 294952
 372707
 337669
 40201
 497070
 88316
 229657
 369490
 16719
 451583
 85803
 278239
 240009
 321362
 143565
 473119
 413776
 288268
 89490
 25894
 125365
 282803
 247018
 367677
 189887
 20162
 35078
 12976
 379132
 473606
 12549
 453764
 348179
 69366
 93225
 268394
 3882
 296162
 381583
 185010
 122204
 35242
 4101
 38312
 338363
 386881
 441090
 47125
 15151
 145709
 60101
 132234
 172777
 100578
 349542
 312560
 433445
 245236
 342845
 464100
 467306
 403830
 419766
 439928
 46195
 4867
 143450
 244839
 273610
 187492
 376760
 297520
 255451
 359607
 237968
 32915
 491883
 117459
 171376
 495081
 226123
 62338
 102397
 128104
 440258
 171477
 23790
 232727
 7195
 359167
 172802
 335353
 484238
 162856
 72886
 446568
 185533
 210736
 398987
 219535
 462504
 122684
 339811
 400680
 330451
 467382
 116795
 320455
 71694
 267577
 141822
 284575
 431991
 400108
 134858
 154145
 212019
 357274
 283204
 386297
 165149
 275471
 469432
 386140
 128058
 443783
 450487
 487771
 71870
 438782
 295219
 199927
 416573
 245670
 316331
 299700
 38549
 229703
 380341
 38614
 165266
 177402
 214265
 281619
 25860
 241408
 378020
 268763
 151216
 264799
 344917
 96136
 225255
 342864
 315373
 71852
 365030
 260221
 79748
 219977
 272727
 132986
 222515
 286344
 110136
 173826
 292353
 216982
 310404
 257796
 492212
 94547
 416232
 26052
 86387
 151541
 249437
 143517
 368444
 392086
 462579
 118888
 436265
 54344
 450049
 485924
 163181
 151392
 80669
 129496
 27256
 105716
 61626
 170023
 489371
 85398
 413270
 439658
 275309
 181259
 466199
 374027
 456491
 498354
 456721
 339561
 376474
 11259
 332835
 204036
 104006
 423498
 16195
 266354
 455163
 280925
 198937
 123569
 156963
 471403
 43645
 341397
 189729
 483610
 74358
 416870
 159591
 71600
 206999
 260000
 198506
 113507
 81566
 366056
 344649
 258710
 457797
 43366
 209919
 14245
 243917
 384093
 114817
 326516
 460924
 267759
 56770
 325091
 449776
 153390
 249050
 347877
 167394
 220486
 202
 195088
 64844
 156509
 176938
 386278
 244768
 37529
 464301
 229073
 46400
 67399
 385756
 270227
 249393
 146288
 347731
 241700
 78547
 421105
 383773
 346663
 291559
 258651
 259915
 440248
 222433
 235903
 368493
 222102
 366726
 281528
 126592
 310938
 377035
 344057
 231947
 472838
 32942
 131528
 351272
 150896
 454232
 491092
 315669
 125319
 94524
 248624
 125226
 262180
 81050
 480934
 414655
 479085
 490754
 173241
 490398
 132432
 182782
 308046
 35227
 307794
 414940
 403022
 108096
 83193
 370449
 179968
 392992
 246959
 79933
 352685
 107867
 141359
 303048
 234024
 230713
 443975
 130849
 16649
 109662
 55515
 1046
 487157
 405081
 97396
 382098
 78811
 218936
 19336
 411756
 317131
 498890
 160130
 76998
 128237
 252997
 35186
 480825
 245190
 43964
 141701
 492615
 71548
 92946
 497764
 421052
 240969
 489409
 190645
 447328
 112511
 9319
 353393
 149242
 477970
 464563
 60757
 430287
 429388
 92643
 197541
 14128
 387438
 481195
 285437
 449738
 64542
 46475
 293162
 198325
 17016
 195969
 112561
 142546
 152249
 467737
 329268
 491520
 31747
 250685
 445474
 229690
 297826
 473130
 337020
 83638
 269488
 264275
 352585
 400530
 127187
 243837
 338811
 351443
 456097
 309146
 348117
 320684
 149632
 308510
 356571
 249890
 332040
 124647
 483617
 472078
 499780
 45417
 123753
 446752
 331347
 248736
 108538
 329454
 368209
 112683
 160987
 405393
 353623
 156004
 50409
 102900
 300891
 424504
 117134
 368029
 409453
 117964
 342475
 390641
 232361
 99849
 429269
 59055
 153021
 396496
 433182
 211930
 445515
 443114
 324970
 135577
 477342
 484280
 218868
 446254
 326780
 305495
 104271
 306818
 32874
 133061
 320957
 135159
 68688
 193134
 495531
 243446
 155134
 114099
 355771
 183781
 216240
 8925
 330645
 256957
 354248
 129532
 297950
 428693
 419157
 425764
 148015
 4382
 389241
 263460
 220792
 95303
 113617
 53107
 275204
 452884
 36817
 363012
 56560
 163701
 182523
 78081
 213160
 256035
 91760
 445385
 15994
 475456
 174975
 317629
 442152
 321903
 39356
 26902
 125788
 393725
 11725
 180893
 469000
 204046
 497840
 88935
 270951
 337533
 493260
 98566
 278541
 300048
 477177
 225235
 7277
 458202
 433893
 84429
 331894
 125581
 325054
 470234
 300683
 209572
 145054
 279686
 432293
 304680
 319999
 45331
 205421
 331560
 165853
 279597
 62794
 386240
 246310
 367092
 253290
 260203
 257118
 22845
 34209
 30303
 51587
 155017
 380791
 360349
 470571
 375554
 39623
 420317
 379900
 395314
 363619
 140485
 482683
 465708
 193740
 465639
 39855
 402898
 289727
 237912
 241875
 355082
 80398
 279747
 492929
 355478
 292185
 418151
 332254
 410473
 35814
 468763
 192204
 20030
 434100
 470425
 178183
 208677
 289929
 451612
 78305
 283262
 78965
 113156
 424789
 477337
 95339
 365976
 450331
 258506
 361483
 22248
 203052
 155099
 198658
 429503
 284683
 314408
 454608
 252175
 71428
 423305
 68692
 372755
 418206
 136855
 43510
 402560
 9103
 74429
 460392
 118493
 74916
 491292
 44573
 337958
 205575
 373728
 13902
 256487
 488727
 267544
 412774
 31415
 262044
 282316
 238735
 165255
 337662
 239939
 167731
 468222
 158320
 286679
 219861
 269345
 142506
 352911
 246218
 114908
 373866
 171545
 306181
 246511
 497505
 212838
 110845
 334625
 219822
 284672
 352324
 140829
 33717
 225992
 78546
 321994
 384111
 226169
 471472
 482371
 93200
 25453
 181818
 70253
 408409
 211369
 48917
 428768
 5157
 125840
 286202
 108154
 374082
 468678
 378977
 227244
 149243
 340416
 354203
 465301
 378726
 54042
 210204
 478420
 61166
 101847
 284459
 222105
 322299
 229910
 479415
 320835
 106798
 332438
 169753
 41298
 283279
 311644
 54671
 202094
 452810
 412710
 445359
 411167
 462291
 36987
 433240
 240177
 135637
 447378
 167359
 26552
 35260
 138494
 173983
 37037
 204872
 228841
 229286
 180500
 466237
 250721
 107678
 106718
 499789
 187598
 95368
 5262
 362635
 108108
 368427
 73869
 100193
 207022
 391399
 188622
 155280
 307971
 332292
 382693
 246458
 219164
 212171
 299578
 409090
 376131
 439102
 2844
 348945
 282940
 173567
 337751
 92161
 21375
 422451
 310115
 442071
 23042
 160782
 16330
 470
 273450
 93332
 321505
 349614
 356038
 412698
 428057
 59303
 254683
 355204
 197959
 113888
 476104
 332281
 130017
 390
 435814
 104409
 276679
 26989
 280537
 8836
 413793
 205761
 61272
 392254
 448210
 100832
 364236
 361633
 35608
 33442
 332181
 68798
 452484
 93319
 296655
 82039
 385765
 132258
 297312
 479640
 91178
 205299
 127145
 218967
 184475
 14173
 357410
 124488
 442724
 168394
 352861
 245851
 358241
 155775
 320091
 335159
 396166
 140131
 181665
 179359
 380929
 313197
 241444
 168992
 466141
 305833
 291218
 90615
 460100
 428571
 171912
 372954
 51452
 138643
 344064
 13910
 271857
 392294
 164551
 427222
 116968
 142589
 448103
 498591
 87140
 42038
 211232
 59976
 303063
 247739
 444444
 39141
 51430
 42686
 374381
 314707
 166785
 326086
 324257
 182055
 63693
 75185
 30721
 246476
 56713
 13856
 246180
 163987
 119957
 83959
 361516
 423337
 499513
 385355
 376273
 8944
 182318
 49191
 69147
 65470
 204583
 416690
 119097
 272533
 109274
 418801
 175271
 57874
 127537
 214594
 260869
 184639
 71778
 220694
 243404
 437072
 303914
 142608
 75029
 117827
 353461
 385656
 46956
 341512
 322561
 204971
 12436
 462151
 133957
 170188
 338480
 430148
 233586
 265834
 192231
 452080
 218739
 398269
 293597
 126262
 162365
 126050
 331484
 236087
 20460
 488513
 318632
 387825
 299457
 25921
 201880
 349116
 41956
 356858
 413726
 31817
 444857
 298438
 403917
 384513
 53537
 162477
 176096
 255600
 330535
 437718
 131098
 427748
 331649
 396356
 229801
 1544
 206896
 439742
 72610
 241863
 202550
 412036
 319446
 372805
 264306
 355572
 384484
 239296
 84832
 449246
 303201
 116045
 213255
 206465
 5246
 44724
 375229
 107111
 259236
 498119
 338873
 275394
 340804
 239526
 232301
 23636
 479428
 264076
 369778
 207297
 49625
 4841
 421737
 412624
 119651
 225243
 299413
 139840
 477972
 344913
 15246
 17105
 492533
 201743
 281059
 177932
 492466
 105100
 104420
 153846
 427765
 291005
 50269
 300345
 308320
 225573
 136983
 38657
 466769
 126124
 296307
 37627
 30506
 117203
 493720
 495663
 61877
 11587
 193901
 249591
 363201
 476744
 169110
 366972
 484702
 408838
 285979
 181796
 380087
 57506
 41796
 0
 342677
 128782
 342690
 92498
 41584
 180679
 40391
 76300
 251084
 323004
 422303
 402097
 409299
 163478
 122366
 402866
 187798
 278507
 294283
 235691
 462790
 171801
 360851
 416297
 445145
 313878
 348727
 377018
 177481
 399377
 119848
 437552
 11491
 265499
 360147
 94704
 402315
 80520
 336993
 498111
 70019
 88629
 10367
 69760
 12979
 226931
 111159
 174806
 256680
 254058
 433220
 465612
 79407
 393689
 395109
 225335
 5685
 145236
 438823
 294009
 7175
 130440
 291417
 100064
 245083
 102988
 62132
 93130
 107620
 48513
 177608
 319850
 25071
 72707
 81042
 129751
 14814
 380497
 471358
 177204
 226523
 124593
 62841
 277602
 84346
 206693
 115929
 386243
 278687
 8248
 212095
 107901
 276760
 380614
 215185
 436656
 368378
 93948
 228782
 253603
 277452
 453773
 486622
 32290
 495459
 422945
 402141
 382525
 192893
 432868
 442049
 20523
 88512
 83925
 348319
 312051
 474261
 104360
 55488
 175744
 179654
 144904
 355215
 33379
 253249
 326657
 440932
 386772
 164319
 202493
 143574
 229545
 339997
 94876
 313139
 239247
 76290
 94752
 211492
 408196
 228054
 153423
 351270
 347667
 430167
 313617
 459420
 358185
 398168
 357206
 487186
 153197
 316699
 86206
 487736
 456664
 394838
 427240
 111138
 73155
 339951
 251060
 125612
 251125
 167988
 165379
 217816
 200222
 407641
 239874
 119456
 232187
 5146
 288193
 336065
 356692
 125217
 189759
 282953
 155474
 211269
 308604
 340971
 56747
 475726
 377
 271862
 425264
 60259
 258566
 451747
 236789
 35745
 75460
 361213
 314060
 304375
 250140
 7620
 113784
 359281
 415634
 259624
 187939
 155108
 176506
 30634
 194135
 399311
 493284
 97160
 422279
 15593
 135965
 263819
 257652
 310450
 441364
 356979
 154203
 249430
 268039
 39328
 480465
 461479
 118168
 427978
 251811
 254483
 473788
 52147
 314338
 13566
 297659
 26963
 414906
 52393
 491321
 473218
 422424
 232175
 427899
 109182
 314576
 446269
 72347
 368852
 280771
 318728
 196184
 62234
 154621
 136258
 125139
 70906
 188179
 307757
 440430
 383758
 206979
 7682
 250448
 224481
 271375
 160893
 75049
 209395
 380463
 80303
 387835
 476491
 87130
 100213
 477693
 385866
 496280
 286873
 24501
 67278
 171137
 187303
 141207
 212507
 121648
 59692
 231986
 248202
 110798
 387320
 411144
 343881
 117856
 357984
 33942
 497913
 395728
 244827
 9505
 196007
 333393
 194155
 29050
 212603
 408086
 220905
 141117
 431578
 355975
 491045
 475864
 55646
 359897
 406530
 350364
 389242
 464147
 50673
 186634
 87210
 83923
 117668
 408827
 190476
 407193
 83968
 443617
 216756
 193530
 143975
 490877
 298131
 59999
 395422
 217311
 346913
 355482
 447402
 294368
 313107
 460410
 5045
 280384
 305034
 24392
 430798
 342032
 229007
 160935
 245655
 445497
 77663
 431724
 206190
 423856
 38466
 92660
 45874
 411685
 437963
 248529
 276808
 89914
 68317
 195756
 287079
 488113
 213662
 183597
 379188
 213681
 40563
 346598
 469393
 342642
 274569
 60747
 287282
 52237
 163673
 169187
 427173
 259217
 78162
 205231
 362829
 438962
 472649
 94896
 388590
 396058
 33012
 172135
 430030
 169314
 248452
 454341
 150259
 159493
 14780
 185437
 141739
 181560
 88746
 175647
 431157
 478467
 234697
 291666
 254269
 267964
 9225
 8942
 4816
 386838
 285290
 447336
 332972
 217257
 149034
 89456
 333865
 406730
 32500
 224119
 377148
 189531
 111386
 371417
 119827
 192554
 214237
 384652
 75498
 146565
 308240
 57386
 352162
 197102
 309133
 121155
 328292
 374538
 51576
 106441
 152498
 438337
 135804
 266741
 39857
 202006
 411654
 459858
 448851
 361152
 262525
 16666
 53550
 423923
 478107
 344977
 9891
 456322
 437976
 167398
 256447
 360978
 177299
 150571
 480555
 346755
 49278
 429807
 379146
 435229
 265661
 191579
 127493
 428327
 137931
 186892
 10398
 111480
 452184
 444452
 53072
 494871
 448183
 471679
 388959
 491355
 7850
 180528
 58332
 193333
 427037
 108897
 86897
 132604
 317930
 128515
 290532
 190136
 132001
 17045
 423710
 260846
 317869
 171461
 247236
 86775
 95980
 6577
 418461
 394021
 29363
 498353
 90572
 373578
 209399
 407470
 169712
 379971
 231802
 216906
 42813
 395083
 108623
 106255
 77658
 56930
 399278
 187184
 197456
 152084
 134788
 383593
 264864
 193152
 454368
 106666
 369237
 219154
 181065
 415730
 393719
 228028
 119022
 158520
 492346
 164565
 105780
 327773
 231482
 102187
 437182
 372637
 461951
 425954
 358407
 301749
 190353
 436203
 406200
 101752
 442286
 205154
 237184
 342716
 242315
 259493
 70583
 484184
 261428
 158834
 399684
 455330
 59106
 190602
 260222
 281376
 108755
 121331
 38441
 112644
 117801
 395281
 365169
 51242
 289323
 268163
 426549
 35133
 419223
 398479
 144867
 106575
 411609
 25689
 454864
 340547
 435575
 426203
 3005
 8453
 70227
 461179
 6948
 133829
 337510
 209300
 459128
 94517
 230718
 322273
 185316
 426794
 246402
 464595
 253296
 21222
 345063
 310612
 53952
 248284
 128263
 124174
 137144
 92327
 17158
 465951
 102816
 189794
 331789
 233650
 164000
 152587
 465270
 237392
 408497
 480459
 31543
 419060
 91930
 303256
 340288
 12760
 394167
 388119
 407378
 362570
 316176
 305936
 124497
 98491
 89539
 470048
 156390
 338781
 369776
 351667
 127508
 32000
 328288
 283869
 279707
 158470
 265198
 381443
 377552
 498155
 345759
 223391
 82816
 377049
 384001
 426201
 334737
 456989
 467758
 310719
 85713
 345937
 375535
 271103
 127379
 414723
 412772
 497593
 238533
 324464
 56666
 202038
 203078
 141382
 124972
 395233
 382324
 284707
 402922
 132879
 52378
 127030
 252015
 287573
 203910
 31571
 108665
 248718
 304114
 183182
 486722
 453592
 360366
 226033
 377038
 258364
 168281
 240866
 82602
 306087
 139896
 141176
 257431
 191006
 90349
 102646
 215514
 242977
 496475
 336000
 279775
 305084
 173292
 292713
 83610
 326555
 391356
 98095
 355164
 415841
 209713
 469357
 196590
 280940
 149370
 405109
 281170
 123762
 365986
 402078
 87521
 492456
 213911
 55327
 25839
 411292
 298211
 493094
 333871
 271092
 428522
 399936
 393977
 454870
 169319
 17116
 148727
 159420
 368486
 183763
 134680
 367852
 330957
 281574
 17611
 81630
 349227
 251349
 462580
 141645
 118218
 362993
 178122
 158656
 492463
 220930
 369708
 359284
 161798
 234695
 476435
 61752
 82922
 222748
 387655
 91429
 152911
 94661
 119096
 411484
 1985
 360664
 185608
 224854
 19551
 324172
 477364
 151565
 202315
 153634
 161370
 316616
 254145
 471175
 191302
 51505
 4312
 124856
 440576
 156636
 428499
 455066
 354280
 337808
 425823
 34578
 96425
 29254
 37360
 217244
 224137
 177199
 3414
 89530
 331688
 251453
 456363
 362834
 344969
 58372
 295633
 437523
 474367
 105601
 346458
 167467
 6801
 178904
 129762
 490529
 327424
 299075
 307119
 46264
 324469
 13848
 117925
 133096
 21800
 436324
 144300
 72237
 166324
 50401
 109495
 57777
 363184
 33550
 430008
 418311
 287610
 419699
 305295
 473052
 50830
 93571
 404982
 230565
 294951
 443396
 224412
 424291
 293831
 16949
 117378
 458578
 54650
 491896
 341954
 131558
 287262
 80828
 401126
 269087
 397534
 121932
 43786
 41043
 471019
 126925
 120820
 451022
 284476
 420899
 306038
 406128
 275176
 295865
 184198
 402447
 406832
 436170
 239561
 82794
 102638
 267576
 305186
 452820
 414232
 467180
 340597
 807
 235159
 185153
 268860
 454065
 385087
 302457
 62360
 337104
 222072
 271056
 319337
 76110
 345920
 100460
 308851
 141814
 91232
 197502
 361077
 201665
 183797
 282503
 373471
 498625
 415026
 52833
 385603
 494793
 338434
 387892
 95112
 261350
 373405
 110680
 27375
 385776
 477836
 156982
 176905
 163736
 362105
 347637
 278838
 139112
 210869
 51152
 371579
 129343
 64182
 326058
 394740
 449590
 143130
 152468
 303583
 70518
 481820
 230989
 110173
 397635
 152630
 445827
 436580
 393996
 87561
 192307
 375387
 184170
 469250
 53903
 451101
 487576
 99086
 499107
 155305
 267741
 439836
 240533
 53178
 360326
 433877
 126188
 125473
 68238
 476078
 339447
 98478
 336488
 292280
 4926
 275168
 344347
 92763
 271739
 32381
 297273
 261201
 466277
 262037
 273641
 423444
 176956
 398590
 248159
 237868
 250598
 339708
 163457
 130698
 268687
 45549
 477180
 106841
 435065
 348595
 351711
 130614
 194051
 473055
 218870
 5141
 67307
 167459
 63417
 230332
 279890
 386581
 322557
 175662
 299364
 317860
 65800
 28150
 431382
 457661
 96622
 411297
 110557
 107227
 61949
 362499
 262992
 493103
 411443
 87250
 425408
 179593
 258612
 182802
 98562
 482209
 138696
 369338
 356034
 78446
 484938
 95639
 113613
 481716
 387229
 266355
 176287
 312544
 168834
 353271
 202625
 74985
 96629
 13360
 425453
 149350
 371556
 59856
 260353
 467364
 46247
 331920
 259101
 114322
 308058
 325196
 329646
 295760
 474525
 492482
 29330
 468599
 229475
 101230
 239311
 89147
 74060
 219959
 380467
 149719
 254051
 209797
 58757
 342754
 54064
 45162
 482177
 105079
 143436
 306906
 93843
 115979
 262962
 344338
 14838
 232299
 108138
 8574
 238881
 354599
 267030
 27166
 171310
 266611
 285926
 413789
 335640
 297082
 75251
 14197
 342622
 73090
 470071
 330476
 355802
 335567
 5225
 416481
 216309
 10112
 27982
 404307
 474235
 187773
 201954
 235504
 342299
 189316
 254812
 327483
 224345
 497539
 303225
 349247
 457851
 10204
 281040
 314424
 95457
 119308
 260273
 428008
 171256
 434294
 39254
 100555
 45478
 102762
 389415
 333582
 206502
 125944
 351980
 161712
 173782
 16421
 384065
 61198
 256196
 102935
 411234
 419088
 211070
 86584
 135767
 474051
 438816
 230769
 107372
 65608
 402728
 80698
 92777
 411378
 445561
 99630
 2085
 381366
 413172
 308123
 220940
 496657
 459458
 139908
 453220
 397552
 405033
 328252
 388237
 160673
 420673
 433235
 308970
 369257
 199996
 266134
 373218
 246508
 70235
 91839
 286052
 29420
 355611
 178108
 406123
 377171
 182079
 36935
 484813
 494449
 352640
 57485
 327597
 19970
 260523
 283571
 118578
 139132
 69083
 370560
 383777
 315012
 367150
 265479
 190477
 218154
 125912
 113271
 179068
 383178
 71326
 205618
 482118
 66574
 24119
 461149
 275646
 432339
 252771
 417711
 143030
 251434
 333131
 89928
 209550
 363865
 92261
 45350
 316300
 71195
 11932
 216080
 8824
 279291
 9661
 422434
 322675
 192913
 358024
 393591
 287833
 68208
 489392
 346753
 483122
 253902
 355708
 165959
 52767
 167460
 181325
 2620
 486172
 416305
 154079
 147686
 151482
 57014
 64112
 134559
 161914
 81770
 483072
 151776
 41490
 206382
 184975
 115765
 253715
 367306
 431186
 476406
 432548
 352572
 319321
 438744
 16242
 408863
 177220
 186327
 412825
 485088
 230047
 337110
 375444
 385426
 282801
 220841
 359880
 419339
 322136
 271247
 114867
 444438
 424654
 7751
 309191
 259775
 76257
 130711
 60654
 152874
 151025
 274553
 6352
 131919
 11002
 121977
 360344
 465579
 66525
 652
 398541
 306380
 471109
 183366
 50209
 59001
 69281
 466133
 426524
 82421
 233801
 115611
 337427
 369741
 412331
 12531
 297697
 45722
 333292
 349095
 244092
 19476
 313671
 105354
 413985
 444383
 68462
 199601
 332875
 419787
 173658
 5396
 416740
 484076
 207746
 466101
 482632
 131940
 112999
 364678
 262615
 245356
 1653
 196200
 77625
 250670
 316873
 271386
 184672
 57274
 218038
 413583
 295497
 190997
 290126
 217942
 286452
 313393
 282276
 227298
 422345
 111793
 366486
 254682
 277264
 51674
 253318
 359714
 471611
 152132
 479013
 229039
 109601
 448876
 331170
 188080
 172876
 68679
 216975
 25003
 473666
 486420
 248663
 77259
 101152
 428600
 284121
 369255
 497517
 477136
 423368
 139771
 214272
 164825
 357226
 118069
 108543
 245549
 57712
 373737
 263348
 189465
 478203
 484752
 52811
 49942
 35581
 67567
 221606
 375655
 308531
 344644
 369938
 496020
 459054
 240970
 464225
 410777
 330236
 445526
 33727
 211550
 233568
 119384
 88445
 458901
 493564
 187558
 233743
 477491
 499121
 38646
 201803
 87651
 146514
 369402
 452247
 379605
 383782
 237873
 3088
 83845
 245927
 35098
 151835
 288367
 11548
 120993
 53338
 397052
 173802
 128291
 118607
 187500
 199859
 117145
 64110
 252763
 21660
 197755
 233802
 445959
 214176
 78651
 136030
 233380
 67951
 408811
 162909
 144329
 126441
 191562
 173956
 207186
 343528
 341304
 409448
 376776
 282698
 48915
 91092
 415340
 118262
 21227
 140010
 361139
 38484
 236158
 100325
 495034
 243437
 266964
 239380
 466524
 148403
 393505
 410455
 328534
 158575
 22556
 181784
 492675
 74104
 317603
 51309
 415901
 61458
 145073
 320931
 56291
 357730
 211585
 251412
 69110
 233557
 407571
 391304
 822
 258975
 40896
 141873
 57911
 160712
 380486
 357018
 165165
 455660
 427094
 417898
 333947
 331230
 397702
 266615
 304650
 494431
 487047
 27717
 128668
 251459
 213278
 173723
 234617
 329154
 323308
 135934
 15625
 152568
 336252
 448514
 453314
 420000
 441341
 302567
 48192
 367784
 110110
 461649
 228587
 37597
 5681
 438614
 476294
 162561
 66823
 333559
 42153
 492748
 38473
 304655
 414938
 66207
 391273
 17544
 418448
 86929
 454699
 4407
 95971
 339340
 281353
 320473
 96061
 23619
 226192
 399147
 354147
 284815
 355733
 82995
 396527
 240569
 168357
 495665
 111456
 241348
 87085
 436363
 82160
 191929
 269202
 244833
 105695
 30240
 168069
 464125
 380234
 223404
 53628
 341713
 357345
 56820
 270270
 221706
 459613
 184312
 56332
 427211
 336842
 123601
 464359
 358165
 292054
 434530
 164326
 75977
 252341
 335164
 137044
 210627
 433753
 333349
 206929
 387378
 81461
 252234
 487655
 171389
 422637
 292492
 332992
 117981
 141296
 177910
 284523
 260368
 15519
 35475
 359731
 24350
 147969
 76039
 372734
 326172
 82300
 94773
 223908
 212556
 405750
 78432
 315845
 378145
 244389
 491051
 250523
 349742
 94639
 157534
 456953
 236683
 428136
 333849
 70307
 3895
 221806
 479538
 326335
 102247
 53108
 18884
 492208
 139724
 306619
 3049
 216875
 66070
 57263
 155830
 279818
 462430
 91952
 137936
 121417
 324579
 334713
 96971
 144957
 479491
 327658
 146462
 33071
 370700
 386868
 92934
 485306
 474411
 292079
 229678
 79051
 329474
 327639
 68792
 24531
 42816
 449327
 120084
 123823
 204780
 218466
 35653
 439675
 412380
 496266
 132024
 243953
 247080
 113869
 149941
 81912
 88565
 414704
 19804
 109236
 451167
 496691
 295716
 79150
 28319
 345627
 281903
 465657
 152176
 366999
 210645
 21473
 328167
 97280
 307872
 322073
 398904
 84472
 466813
 429067
 406607
 7363
 271120
 248414
 54054
 283446
 481229
 210937
 93561
 173018
 343165
 149252
 390818
 46415
 452768
 226619
 80444
 475336
 419884
 237563
 327074
 496367
 177563
 333763
 73812
 315165
 127087
 140772
 296758
 2873
 455572
 162425
 298056
 442211
 420382
 65140
 370448
 242901
 224093
 487744
 323893
 489327
 120996
 435189
 124054
 458948
 495515
 69224
 80717
 16251
 105877
 239003
 329492
 394509
 57880
 359269
 374669
 352407
 136560
 38786
 186746
 2168
 357059
 45105
 46482
 457825
 472895
 324201
 425748
 257453
 342873
 295898
 354392
 133754
 444471
 3367
 150941
 19446
 452524
 323059
 483266
 250547
 158224
 74827
 307285
 149448
 414236
 354321
 47808
 143888
 375108
 411307
 47654
 39203
 8716
 36278
 87119
 412011
 487473
 313191
 39622
 276814
 372151
 488870
 335919
 283038
 92702
 253662
 238417
 129580
 229006
 372809
 440154
 319925
 176673
 61072
 132372
 90554
 27443
 491319
 65918
 139436
 253478
 300132
 329376
 204191
 294095
 332342
 183658
 34159
 347233
 118045
 348650
 367003
 470123
 241757
 179487
 60615
 43944
 299021
 300845
 49865
 315475
 493536
 265729
 396945
 74974
 337864
 165343
 258278
 312805
 178655
 347226
 407243
 332276
 288434
 13353
 88314
 322751
 326745
 18938
 92825
 307689
 11629
 88963
 289904
 311808
 450517
 481176
 482583
 70370
 252488
 15082
 86586
 11111
 489551
 35930
 288057
 292973
 466570
 366391
 210193
 90546
 414640
 94559
 252411
 258078
 388054
 407600
 81500
 216223
 420141
 152668
 208871
 289220
 319858
 409738
 59391
 58883
 434608
 411310
 23703
 328566
 31326
 106716
 88771
 258465
 189125
 45492
 194746
 369979
 242393
 41828
 408060
 37819
 219429
 369682
 26045
 493000
 272013
 441792
 191510
 75459
 87112
 90082
 270683
 89700
 250086
 130075
 109888
 118419
 385929
 415372
 328809
 70291
 141002
 484793
 50761
 340234
 451383
 102899
 74308
 258258
 254508
 304540
 199999
 122641
 176349
 191176
 448905
 227272
 154110
 493642
 432650
 142825
 48484
 167729
 288209
 184979
 259
 252035
 415395
 246417
 85164
 495345
 425670
 383916
 14050
 43906
 91038
 22961
 422312
 126797
 103104
 335091
 955
 69941
 441753
 333193
 345086
 334140
 404700
 329798
 431031
 315177
 51954
 94817
 99923
 140195
 311522
 450865
 289810
 309009
 407798
 250000
 298801
 220202
 283903
 312822
 155074
 312378
 54903
 121231
 446479
 441042
 11722
 434117
 285278
 25816
 94783
 475278
 410755
 441274
 380180
 273051
 397222
 45305
 148976
 292204
 315403
 435076
 362538
 97226
 5799
 190451
 132575
 382716
 299363
 129266
 5632
 400773
 413700
 9721
 218613
 16353
 321371
 340148
 117642
 461380
 249097
 359793
 198290
 341089
 190553
 82455
 380161
 156606
 126529
 9854
 110000
 191181
 399183
 293557
 243477
 260126
 361707
 53264
 7619
 81529
 143341
 411595
 51982
 283934
 93088
 319063
 101902
 280864
 7481
 291106
 150952
 141452
 60377
 405470
 51470
 204747
 448605
 472982
 378239
 481174
 88062
 219009
 278351
 445966
 381714
 241722
 275245
 497608
 40863
 415995
 90742
 28940
 219751
 172968
 262392
 102948
 396626
 62784
 340592
 436854
 11158
 13550
 269662
 195350
 290604
 122896
 51158
 40375
 267527
 161238
 347889
 279454
 120206
 485944
 63108
 207352
 265128
 439091
 483928
 85962
 282489
 433667
 204068
 429168
 381598
 253067
 319422
 404046
 278717
 395077
 1290
 402702
 19721
 261737
 92478
 405022
 249538
 279458
 21304
 93211
 217890
 62500
 276660
 409573
 233065
 323292
 162202
 162531
 404740
 365616
 26739
 419910
 498264
 220251
 387011
 97871
 433808
 126036
 69012
 223067
 127547
 51177
 432944
 187119
 249024
 44978
 299263
 66756
 223146
 169910
 201896
 340223
 362723
 478790
 25933
 382182
 396274
 66877
 233933
 178663
 271443
 10948
 469678
 397672
 309048
 289407
 223870
 153515
 170252
 348159
 208077
 46371
 400790
 253361
 312753
 140529
 53088
 342945
 203460
 333333
 305694
 396067
 481467
 28599
 179568
 436863
 96220
 466010
 64726
 77657
 246825
 182839
 455114
 382352
 285681
 150289
 30612
 380962
 224421
 255352
 272556
 297951
 456962
 325712
 375809
 194557
 18501
 112995
 131674
 224936
 179188
 246710
 154275
 368
 223592
 315592
 45827
 123117
 238466
 495877
 435228
 418002
 21487
 112305
 214725
 232263
 248153
 455040
 159545
 201635
 499557
 402193
 451337
 352479
 258408
 5268
 494150
 205376
 153712
 14410
 66106
 212585
 257297
 365797
 172260
 100456
 478043
 50949
 368829
 88181
 423129
 83438
 357101
 454228
 259380
 247544
 30487
 357554
 25636
 388385
 412762
 286484
 402631
 326227
 387261
 311822
 265468
 78145
 124871
 255203
 494872
 451219
 279699
 35262
 436693
 475946
 103441
 289878
 188446
 319610
 93264
 387236
 322737
 259423
 222011
 273601
 81884
 89163
 268386
 105569
 232173
 142062
 168925
 49951
 199040
 44431
 302282
 273356
 440568
 480055
 242976
 176439
 358963
 478927
 61259
 460895
 474172
 327764
 198184
 492706
 4826
 146441
 74193
 316983
 328068
 479166
 64828
 323568
 305652
 483369
 267341
 456869
 38128
 127964
 332834
 74074
 294701
 371124
 135355
 303228
 212632
 54083
 84045
 360510
 229559
 429858
 95657
 137298
 345078
 396017
 44867
 251100
 373849
 71865
 407001
 434004
 146179
 337570
 123028
 327965
 67235
 33307
 71724
 334602
 125650
 408978
 183611
 427456
 377209
 167374
 56164
 171579
 391692
 227729
 466928
 418898
 207331
 463069
 392647
 25481
 194580
 263452
 88333
 32306
 415704
 466178
 51028
 25164
 402612
 442265
 426991
 420835
 437592
 148125
 371715
 374855
 23940
 262340
 272929
 210418
 53939
 136950
 130062
 217842
 157816
 185778
 297113
 386493
 419448
 442857
 434242
 492267
 67539
 240601
 296616
 81094
 94664
 222531
 444804
 320239
 227762
 274880
 443482
 344809
 153803
 330404
 75024
 120184
 243188
 150204
 393420
 414375
 170877
 165715
 143992
 5557
 214233
 371498
 201371
 94571
 50501
 203912
 215193
 65711
 462403
 234839
 183349
 147439
 1453
 28241
 240980
 245324
 380273
 216000
 134494
 262561
 40666
 252981
 255409
 204351
 236571
 57928
 65457
 39936
 340721
 229005
 231230
 32907
 108271
 267480
 427134
 239665
 354368
 85574
 423280
 462
 3449
 254322
 388790
 337009
 253159
 390946
 442176
 211892
 174544
 141895
 438848
 429700
 403026
 289961
 85020
 69877
 318968
 340508
 35676
 427990
 263370
 140412
 61605
 260370
 170919
 286551
 104293
 403826
 365832
 61335
 129014
 369208
 30985
 220333
 404374
 453825
 308678
 246412
 322682
 218574
 145577
 24118
 373272
 149076
 273546
 57444
 312216
 218597
 162028
 128361
 9947
 32735
 205523
 124753
 221085
 94008
 344255
 421388
 489187
 42013
 176830
 295908
 39509
 79881
 170204
 301691
 60386
 123686
 440583
 358545
 64196
 202930
 435198
 200554
 345724
 449972
 205678
 319544
 176763
 222168
 262967
 120008
 277063
 293315
 272160
 236028
 164661
 182670
 411435
 174887
 259427
 213397
 369757
 328760
 16192
 90538
 414469
 270962
 89548
 257325
 41800
 65612
 173099
 87780
 431867
 444099
 298437
 94606
 42951
 201284
 403636
 287417
 435489
 194638
 481027
 436882
 255280
 125495
 344829
 233676
 382613
 266763
 243853
 192878
 465988
 55555
 241235
 83433
 363636
 450513
 454022
 405086
 64074
 477345
 239536
 9158
 14471
 327410
 169582
 58265
 247870
 62952
 182796
 75847
 397727
 405405
 214768
 412895
 153685
 393309
 181300
 122254
 275401
 96303
 10596
 293029
 95867
 212730
 221279
 4548
 98904
 411600
 154676
 1461
 18639
 128234
 491203
 203289
 16371
 89519
 225645
 31994
 230759
 411262
 267162
 42991
 451129
 3445
 96638
 41004
 237523
 212982
 178112
 438496
 60924
 21212
 428699
 79623
 175199
 308474
 297447
 248055
 115310
 101679
 3932
 97583
 33937
 444939
 391052
 444327
 193705
 361596
 316213
 302774
 261434
 266655
 181228
 56678
 233026
 376093
 108695
 256051
 206209
 456791
 471235
 460510
 424971
 54416
 328697
 495299
 43371
 244027
 17206
 355633
 122333
 416504
 283864
 353815
 489554
 39853
 111440
 107516
 343686
 408068
 243936
 100631
 84030
 16049
 297252
 152107
 269404
 201503
 22550
 221928
 149793
 82061
 474281
 128189
 197744
 343360
 5762
 124823
 229536
 175142
 247804
 236593
 416231
 348335
 253846
 220646
 479022
 469924
 424570
 221375
 368902
 22628
 177943
 347632
 331932
 435025
 81054
 456442
 499775
 77767
 381831
 492273
 466507
 122509
 412350
 142857
 199698
 311840
 316893
 388172
 5012
 355348
 151153
 126999
 237005
 259768
 319387
 240890
 294454
 219606
 365154
 290748
 