275
 534
 1099
 1131
 1672
 1774
 1973
 2313
 2493
 2979
 3101
 3174
 3398
 3795
 3924
 4184
 4252
 4721
 5006
 5153
 5286
 5368
 5412
 5564
 5820
 5952
 6282
 6700
 6817
 6921
 7050
 7079
 7186
 7328
 7488
 7738
 7907
 7988
 8233
 8413
 8569
 9275
 9398
 9436
 9506
 9579
 9837
 9870
 9949
 9952
 9890
 9853
 9816
 9524
 9505
 9427
 9360
 9197
 8541
 8259
 8000
 7939
 7757
 7548
 7461
 7224
 7118
 7053
 6992
 6864
 6755
 6398
 6032
 5875
 5786
 5453
 5382
 5327
 5242
 5110
 4813
 4403
 4248
 3976
 3800
 3465
 3275
 3137
 3090
 2973
 2360
 2254
 1819
 1732
 1264
 1118
 592
 381
 177
 147
 