386
 541
 662
 848
 1056
 1079
 1284
 1473
 1531
 1617
 1667
 1777
 2234
 2540
 2735
 2747
 2916
 3099
 3132
 3366
 3455
 3925
 4030
 4268
 4825
 4895
 5136
 5230
 5390
 5420
 5476
 5830
 5930
 6257
 6452
 6706
 6949
 7116
 7294
 7395
 7499
 7699
 7985
 8356
 8592
 8899
 9301
 9514
 9828
 9988
 9818
 9434
 9203
 8898
 8372
 8153
 7951
 7613
 7474
 7305
 7149
 7114
 6743
 6571
 6385
 6138
 5865
 5562
 5448
 5396
 5315
 5166
 5111
 4878
 4731
 4144
 3954
 3486
 3421
 3162
 3125
 3072
 2777
 2738
 2614
 2511
 1923
 1712
 1665
 1597
 1515
 1332
 1204
 1063
 899
 700
 634
 399
 381
 85
 