499772
 499435
 499359
 499302
 499150
 499115
 498837
 498703
 498677
 498544
 498425
 498162
 498093
 498092
 497811
 497779
 497716
 497705
 497679
 497537
 497409
 497169
 497092
 497051
 497025
 496993
 496977
 496933
 496850
 496805
 496768
 496763
 496746
 496649
 496586
 496444
 496412
 496301
 496172
 496099
 496056
 495862
 495775
 495507
 495471
 495295
 495249
 494907
 494895
 494721
 494602
 494538
 494434
 494324
 494291
 494266
 494212
 494115
 494047
 493713
 493646
 493608
 493557
 493431
 493426
 493196
 493055
 492688
 492624
 492603
 492570
 492537
 492124
 492063
 491924
 491891
 491694
 491505
 491484
 491464
 491457
 491395
 491366
 491101
 490994
 490990
 490945
 490572
 490566
 490491
 490446
 490427
 490233
 490125
 490043
 489997
 489738
 489463
 489250
 489239
 489228
 489095
 488825
 488778
 488700
 488657
 488634
 488477
 488434
 488312
 487889
 487717
 487630
 487615
 487609
 487520
 487194
 486966
 486798
 486764
 486556
 486499
 486376
 486269
 486125
 485989
 485965
 485855
 485811
 485803
 485735
 485712
 485679
 485622
 485322
 485226
 485049
 485008
 484915
 484848
 484846
 484645
 484407
 484357
 484284
 484231
 484178
 484173
 484076
 483928
 483908
 483778
 483740
 483648
 483425
 483401
 483022
 482995
 482969
 482844
 482648
 482606
 482526
 482491
 482350
 482349
 481995
 481975
 481764
 481738
 481736
 481646
 481625
 481517
 481441
 481417
 481301
 481296
 481107
 480876
 480585
 480479
 480284
 480093
 479939
 479676
 479516
 479457
 479432
 479284
 479260
 479188
 479113
 479109
 479033
 478947
 478888
 478717
 478601
 478567
 478558
 478476
 478218
 478178
 477932
 477873
 477766
 477687
 477683
 477588
 477423
 477082
 477064
 476597
 476560
 476407
 476336
 476245
 476083
 476065
 475944
 475893
 475885
 475880
 475803
 475548
 475434
 475231
 475221
 474983
 474827
 474778
 474730
 474549
 474501
 474358
 474173
 474136
 473964
 473955
 473908
 473736
 473724
 473718
 473684
 473650
 473548
 473525
 473469
 473441
 473234
 473229
 473193
 473140
 473057
 473033
 472796
 472699
 472658
 472600
 472583
 472567
 472470
 472410
 472335
 472291
 472281
 472201
 472134
 472069
 472061
 471918
 471846
 471686
 471521
 471339
 471284
 471283
 471086
 471041
 471023
 470988
 470971
 470833
 470711
 470647
 470645
 470635
 470628
 470592
 470588
 470474
 470452
 470209
 470131
 470094
 469920
 469741
 469631
 469619
 469498
 469406
 469399
 469360
 469212
 469105
 469090
 469075
 468989
 468966
 468803
 468708
 468689
 468607
 468492
 468354
 468252
 468066
 468048
 467961
 467856
 467855
 467774
 467630
 467581
 467517
 467397
 467387
 467304
 467000
 466780
 466692
 466690
 466609
 466550
 466465
 466209
 466178
 466167
 465993
 465991
 465959
 465889
 465854
 465846
 465733
 465504
 465388
 465048
 464996
 464993
 464987
 464763
 464589
 464541
 464518
 464513
 464391
 463901
 463893
 463881
 463592
 463214
 463185
 463107
 462913
 462710
 462677
 462675
 462673
 462592
 462271
 462238
 462116
 461966
 461859
 461812
 461538
 461275
 461165
 461137
 460925
 460892
 460717
 460466
 460431
 460366
 460317
 460237
 459996
 459904
 459840
 459816
 459763
 459474
 459455
 459317
 459280
 459221
 459143
 459061
 459012
 458673
 458593
 458536
 458489
 458441
 458378
 458228
 458219
 458217
 458140
 458069
 457934
 457922
 457801
 457595
 457510
 457287
 457175
 456877
 456750
 456709
 456649
 456624
 456605
 456425
 456358
 455993
 455979
 455958
 455905
 455748
 455737
 455692
 455626
 455595
 455449
 455436
 455427
 455251
 455246
 455201
 455096
 455001
 454830
 454789
 454658
 454624
 454030
 453639
 453485
 453473
 453455
 453372
 453294
 453237
 453179
 453166
 453161
 452909
 452829
 452606
 452418
 452351
 452329
 452157
 452155
 452109
 451893
 451824
 451781
 451612
 451481
 451252
 451219
 451056
 450815
 450607
 450512
 450470
 450421
 450366
 450288
 450283
 450270
 450128
 450091
 450081
 450054
 449925
 449906
 449903
 449861
 449787
 449777
 449683
 449626
 449607
 449589
 449584
 449574
 449512
 449206
 449190
 449186
 449129
 449054
 449044
 448992
 448922
 448828
 448420
 448340
 448174
 448040
 447960
 447804
 447664
 447571
 447430
 447402
 447352
 447255
 446902
 446835
 446808
 446794
 446723
 446315
 446204
 446196
 446110
 445940
 445934
 445770
 445677
 445675
 445444
 445365
 445295
 445205
 445159
 445099
 445052
 445017
 444983
 444850
 444741
 444559
 444516
 444448
 444444
 444416
 444228
 444134
 444115
 444110
 444089
 444003
 443960
 443914
 443807
 443779
 443709
 443661
 443459
 443434
 443405
 443340
 443106
 443003
 442848
 442824
 442737
 442593
 442536
 442522
 442332
 442320
 442197
 442129
 442071
 442002
 441828
 441793
 441702
 441700
 441603
 441517
 441477
 441423
 441387
 441382
 441335
 441271
 441068
 440907
 440895
 440647
 440465
 440380
 440373
 440368
 440303
 440256
 440223
 440203
 439860
 439850
 439641
 439635
 439507
 439488
 439436
 438872
 438854
 438848
 438583
 438582
 438575
 438500
 438475
 438319
 438303
 438246
 438048
 438047
 438012
 437980
 437913
 437675
 437666
 437565
 437422
 437288
 437196
 437192
 437069
 436936
 436829
 436791
 436616
 436479
 436332
 436146
 435903
 435897
 435827
 435775
 435709
 435664
 435571
 435483
 435470
 435346
 435160
 434965
 434899
 434724
 434543
 434301
 434262
 434258
 434256
 433847
 433749
 433731
 433730
 433705
 433460
 433412
 433284
 433122
 433104
 433043
 432985
 432910
 432735
 432666
 432291
 432190
 431704
 431686
 431544
 431518
 431244
 431194
 431048
 431046
 431034
 431020
 430972
 430658
 430183
 430179
 430136
 430003
 429947
 429889
 429870
 429806
 429738
 429729
 429653
 429632
 429580
 429320
 429155
 429108
 428813
 428755
 428662
 428641
 428555
 428482
 428323
 428256
 428163
 428147
 428098
 428091
 428052
 428050
 427976
 427784
 427779
 427762
 427727
 427586
 427417
 427328
 427297
 427177
 427170
 427133
 426980
 426947
 426684
 426645
 426500
 426192
 426083
 425977
 425840
 425832
 425736
 425619
 425317
 425202
 425120
 425090
 424947
 424887
 424816
 424812
 424633
 424597
 424564
 424547
 424517
 424291
 423937
 423893
 423892
 423816
 423716
 423656
 423636
 423607
 423597
 423529
 423513
 423128
 423096
 423092
 422777
 422597
 422593
 422541
 422525
 422337
 422294
 422278
 422042
 422030
 421915
 421716
 421582
 421400
 421383
 421336
 421301
 421259
 421208
 421052
 421047
 421041
 420916
 420844
 420624
 420480
 420450
 420263
 420152
 419899
 419845
 419827
 419791
 419642
 419482
 419364
 419180
 419038
 418823
 418805
 418733
 418679
 418566
 418202
 418069
 418045
 417996
 417743
 417606
 417588
 417542
 417481
 417359
 417306
 417258
 417191
 417171
 417136
 417014
 416946
 416893
 416793
 416761
 416750
 416643
 416625
 416515
 416397
 416210
 416146
 416108
 415968
 415964
 415940
 415860
 415772
 415693
 415589
 415523
 415516
 415454
 415295
 415201
 414898
 414893
 414889
 414797
 414677
 414634
 414503
 414493
 414376
 414354
 414314
 414301
 413973
 413776
 413733
 413689
 413375
 413345
 413248
 413188
 413109
 412979
 412891
 412880
 412852
 412186
 412177
 412140
 412105
 412012
 411974
 411859
 411751
 411634
 411630
 411522
 411307
 411227
 411067
 411049
 411001
 410796
 410705
 410698
 410537
 410525
 410510
 410472
 410379
 410173
 410072
 409947
 409851
 409591
 409574
 409566
 409510
 409229
 409090
 409072
 408964
 408948
 408756
 408745
 408570
 408435
 408416
 408403
 408277
 408043
 408023
 408013
 407968
 407870
 407859
 407651
 407533
 407510
 407484
 407390
 407332
 407286
 407249
 407132
 406936
 406920
 406853
 406787
 406655
 406471
 406410
 406250
 406215
 405995
 405801
 405734
 405660
 405600
 405526
 405467
 405442
 405434
 405113
 404954
 404875
 404772
 404699
 404689
 404451
 404256
 404225
 404219
 404185
 404095
 403972
 403940
 403809
 403751
 403695
 403609
 403590
 403521
 403514
 403425
 402932
 402766
 402698
 402419
 402298
 402259
 402256
 402234
 402157
 402104
 402053
 402009
 401673
 401672
 401638
 401544
 401377
 401207
 401160
 401086
 400815
 400434
 400430
 400283
 400000
 399999
 399875
 399798
 399722
 399720
 399682
 399664
 399528
 399127
 399118
 399040
 399009
 398699
 398596
 398593
 398482
 398051
 397900
 397883
 397828
 397750
 397387
 397376
 397314
 397241
 397117
 397077
 397058
 396994
 396870
 396775
 396747
 396611
 396551
 396498
 396490
 396360
 396245
 396179
 396170
 396140
 395860
 395771
 395756
 395712
 395634
 395454
 395350
 395285
 395196
 395126
 395092
 395077
 395071
 395043
 394969
 394964
 394754
 394736
 394726
 394593
 394449
 394358
 394333
 394182
 393970
 393857
 393851
 393850
 393727
 393708
 393680
 393543
 393470
 393419
 393336
 393325
 393210
 393123
 393106
 392955
 392843
 392761
 392452
 392429
 392355
 392325
 392137
 391951
 391894
 391745
 391645
 391603
 391511
 391290
 391270
 391247
 391144
 391009
 390828
 390817
 390653
 390581
 390527
 390495
 390414
 390336
 390182
 390141
 390061
 389967
 389808
 389784
 389733
 389624
 389575
 389445
 389116
 389007
 388791
 388767
 388564
 388481
 388434
 388372
 388158
 387942
 387652
 387384
 387323
 387302
 387254
 387248
 387169
 387121
 387067
 387054
 386896
 386741
 386533
 386511
 386465
 386462
 386422
 386395
 386302
 386242
 386199
 385802
 385646
 385639
 385567
 385470
 385338
 385320
 384854
 384280
 384213
 384182
 383983
 383963
 383956
 383817
 383812
 383622
 383610
 383459
 383387
 383333
 382978
 382972
 382887
 382823
 382714
 382640
 382618
 382613
 382352
 382289
 382282
 382255
 382131
 381985
 381920
 381907
 381845
 381809
 381644
 381642
 381547
 381509
 381483
 381014
 380961
 380928
 380781
 380744
 380566
 380491
 380132
 380010
 379772
 379504
 379453
 379343
 379338
 379336
 379335
 379315
 379293
 379176
 379161
 379148
 379145
 379052
 378989
 378934
 378931
 378930
 378890
 378652
 378371
 378341
 378317
 378311
 378247
 378246
 378185
 378132
 378084
 378048
 378041
 377966
 377919
 377796
 377705
 377575
 377422
 377385
 377347
 377295
 377210
 377192
 377144
 377071
 377039
 376769
 376719
 376718
 376692
 376622
 376599
 376583
 376548
 376518
 376295
 376166
 375966
 375952
 375923
 375743
 375574
 375558
 375474
 375316
 375293
 375223
 375025
 374972
 374832
 374795
 374657
 374547
 374410
 374399
 374207
 374033
 373903
 373826
 373774
 373765
 373689
 373562
 373515
 373493
 373392
 373267
 373216
 373005
 372975
 372898
 372773
 372522
 372455
 372323
 372293
 372256
 372191
 372047
 372034
 372029
 371952
 371913
 371803
 371708
 371679
 371555
 371449
 371428
 371355
 371255
 371196
 370982
 370925
 370871
 370849
 370833
 370757
 370438
 370389
 370271
 370180
 370175
 370128
 370109
 370106
 370064
 370014
 369916
 369750
 369687
 369523
 369502
 369426
 369371
 369345
 369194
 369173
 369150
 368486
 368421
 368383
 368331
 368259
 368224
 368167
 368144
 368134
 368057
 368045
 368012
 367909
 367882
 367742
 367637
 367591
 367558
 367403
 367175
 367151
 367002
 366982
 366851
 366741
 366640
 366553
 366552
 366539
 366449
 366375
 366318
 366316
 366217
 366086
 366069
 366057
 365919
 365705
 365690
 365687
 365649
 365521
 365295
 365257
 365253
 365033
 365024
 365001
 364955
 364911
 364819
 364656
 364527
 364431
 364287
 364097
 364095
 364093
 364092
 363998
 363943
 363837
 363629
 363433
 363430
 363298
 363045
 362864
 362838
 362827
 362687
 362681
 362526
 362490
 362477
 362444
 362382
 362321
 362230
 362140
 362067
 361870
 361757
 361695
 361512
 361488
 361264
 361252
 361222
 361198
 360977
 360971
 360935
 360911
 360856
 360776
 360582
 360333
 360265
 360225
 360212
 360090
 359903
 359826
 359623
 359089
 358885
 358778
 358724
 358655
 358643
 358605
 358593
 358591
 358490
 358138
 358029
 357841
 357678
 357503
 357343
 357245
 357227
 357208
 357142
 357092
 357033
 357007
 356796
 356732
 356600
 356215
 356189
 356155
 356019
 355983
 355923
 355828
 355713
 355320
 355296
 355080
 355031
 354885
 354855
 354788
 354662
 354558
 354545
 354360
 354276
 354180
 354053
 353913
 353830
 353796
 353661
 353572
 353467
 353254
 353229
 353086
 353063
 353011
 352818
 352648
 352619
 352583
 352356
 352305
 352163
 352159
 352044
 351864
 351779
 351683
 351502
 351489
 351447
 351361
 351271
 351237
 351179
 350960
 350893
 350807
 350760
 350570
 350560
 350427
 350392
 350357
 350282
 350177
 350114
 349760
 349745
 349738
 349712
 349611
 349544
 349476
 349377
 349354
 349264
 349134
 349027
 348910
 348716
 348638
 348400
 348377
 348369
 348236
 348220
 348214
 348007
 348000
 347856
 347732
 347565
 347563
 347305
 346844
 346810
 346765
 346723
 346657
 346551
 346467
 346429
 346394
 346388
 346381
 346347
 346153
 346136
 345903
 345770
 345766
 345690
 345571
 345567
 345350
 345303
 345289
 345167
 345127
 344967
 344933
 344906
 344903
 344771
 344449
 344332
 344277
 344211
 344162
 344155
 344094
 344043
 343997
 343911
 343889
 343651
 343629
 343597
 343590
 343533
 342840
 342730
 342717
 342663
 342484
 342398
 342044
 341948
 341880
 341816
 341639
 341493
 341375
 341360
 341282
 341014
 340889
 340851
 340619
 340604
 340437
 340413
 340318
 340187
 340166
 340065
 339939
 339746
 339631
 339217
 339145
 339012
 338991
 338775
 338654
 338640
 338620
 338481
 338164
 338032
 337940
 337374
 337198
 337040
 337038
 336977
 336697
 336681
 336640
 336633
 336628
 336568
 336558
 336533
 336337
 336327
 336285
 335987
 335962
 335951
 335817
 335772
 335601
 335487
 335422
 335370
 335352
 335300
 335254
 335037
 334806
 334563
 334470
 334434
 334233
 334086
 334038
 333988
 333948
 333881
 333768
 333640
 333396
 333390
 333345
 333285
 333266
 333200
 332893
 332803
 332542
 332265
 332134
 332122
 332020
 332018
 331971
 331964
 331895
 331830
 331787
 331738
 331646
 331639
 331495
 331492
 331379
 331264
 330939
 330852
 330741
 330661
 330634
 330616
 330406
 330333
 330290
 330077
 330076
 329907
 329690
 329416
 329266
 329133
 328957
 328691
 328504
 328396
 328366
 328346
 328264
 328144
 328098
 327891
 327887
 327691
 327676
 327578
 327554
 327529
 327486
 327364
 327309
 327304
 327268
 326761
 326753
 326697
 326680
 326508
 326384
 326225
 326086
 326074
 326023
 325900
 325817
 325578
 325543
 325405
 325153
 325107
 325077
 325023
 324561
 324553
 324339
 324317
 324141
 324126
 323940
 323733
 323726
 323716
 323627
 323443
 323431
 323332
 323323
 323295
 323279
 323231
 323163
 322973
 322939
 322933
 322845
 322835
 322702
 322605
 322564
 322326
 322278
 322176
 322114
 322037
 321985
 321926
 321613
 321608
 321484
 321473
 321444
 321401
 321087
 320822
 320643
 320540
 320512
 320368
 320306
 320216
 320101
 319949
 319921
 319769
 319625
 319602
 319552
 319540
 319461
 319148
 319112
 319077
 318951
 318942
 318915
 318854
 318695
 318606
 318566
 318435
 318354
 318330
 318265
 317966
 317593
 317466
 317322
 317292
 317144
 317056
 316991
 316858
 316770
 316541
 316530
 316503
 316502
 316457
 316400
 316270
 316259
 315798
 315747
 315429
 315394
 315173
 315145
 315136
 315118
 314952
 314898
 314833
 314802
 314703
 314482
 314348
 314253
 314226
 314126
 314123
 314094
 314005
 313996
 313898
 313885
 313870
 313838
 313803
 313658
 313319
 313286
 313255
 313030
 313026
 312949
 312884
 312779
 312742
 312694
 312652
 312396
 312379
 312365
 312308
 312186
 311972
 311971
 311923
 311822
 311604
 311594
 311450
 311325
 311231
 311156
 311029
 310974
 310961
 310754
 310712
 310679
 310564
 310449
 310369
 310298
 310262
 310153
 310098
 309498
 309340
 309229
 309178
 308940
 308905
 308871
 308691
 308637
 308478
 308284
 308249
 308181
 308155
 308088
 308063
 307936
 307830
 307820
 307730
 307656
 307617
 307549
 307441
 307423
 307258
 306800
 306728
 306477
 306428
 306397
 306278
 306251
 306225
 306102
 305838
 305799
 305725
 305702
 305633
 305479
 305341
 305144
 305060
 304938
 304555
 304554
 304019
 303851
 303672
 303493
 302935
 302662
 302661
 302656
 302560
 302506
 302469
 302339
 302325
 302320
 302209
 302112
 301883
 301858
 301716
 301685
 301645
 301549
 301384
 301363
 301355
 301257
 301180
 301152
 300884
 300854
 300836
 300804
 300726
 300719
 300688
 300675
 300652
 300551
 300512
 300498
 300342
 299908
 299802
 299783
 299756
 299705
 299683
 299090
 299045
 299018
 298984
 298924
 298901
 298877
 298839
 298815
 298562
 298300
 298259
 298185
 298093
 298070
 297872
 297715
 297686
 297666
 297635
 297592
 297453
 297390
 297306
 297215
 296877
 296869
 296804
 296515
 296205
 295926
 295838
 295823
 295536
 295348
 295306
 295294
 294761
 294669
 294441
 294310
 294290
 294232
 293917
 293489
 293454
 293280
 292990
 292974
 292964
 292956
 292951
 292744
 292352
 292237
 292134
 292064
 291812
 291653
 291647
 291560
 291457
 291421
 291378
 291366
 291309
 290945
 290924
 290854
 290776
 290684
 290589
 290586
 290472
 290432
 290376
 290355
 290318
 290253
 290082
 290034
 289591
 289399
 289390
 289311
 289248
 289196
 289167
 289053
 288929
 288924
 288901
 288718
 288454
 288452
 288275
 288274
 288158
 288121
 288021
 287989
 287752
 287564
 287492
 287471
 287295
 287173
 287141
 287135
 287003
 286920
 286885
 286836
 286825
 286820
 286789
 286569
 286568
 286567
 286452
 286447
 286424
 286308
 286307
 286269
 286114
 285973
 285957
 285858
 285760
 285751
 285698
 285651
 285278
 285239
 285224
 285223
 285004
 284978
 284848
 284837
 284753
 284440
 284287
 284169
 284118
 283999
 283950
 283893
 283837
 283789
 283697
 283665
 283546
 283454
 283342
 283216
 282999
 282948
 282637
 282477
 282420
 282306
 282122
 282069
 281551
 280962
 280925
 280876
 280611
 280563
 280173
 280121
 280084
 279786
 279403
 279105
 279061
 278948
 278604
 278587
 278494
 278415
 278289
 278255
 278191
 278150
 278039
 278020
 277967
 277949
 277727
 277658
 277524
 277456
 277452
 277217
 277205
 277147
 277102
 276909
 276906
 276785
 276732
 276380
 276259
 276182
 276101
 276015
 275983
 275970
 275969
 275939
 275925
 275922
 275697
 275663
 275654
 275617
 275565
 275547
 275502
 275306
 275269
 275221
 274984
 274974
 274833
 274550
 274521
 274509
 274310
 274298
 274241
 274239
 274022
 274005
 273597
 273558
 273555
 273099
 273035
 272873
 272813
 272727
 272638
 272417
 272410
 272262
 272219
 272121
 271786
 271728
 271698
 271551
 271415
 271392
 271373
 271068
 270955
 270829
 270692
 270609
 270364
 270293
 270286
 270247
 270209
 270204
 269869
 269815
 269576
 269475
 269394
 269382
 269262
 269236
 269184
 269175
 268651
 268627
 268482
 268081
 267788
 267709
 267645
 267641
 267557
 267542
 267528
 267523
 267475
 267474
 267451
 267416
 267413
 267364
 267301
 267284
 267266
 267056
 267013
 266801
 266691
 266608
 266577
 266560
 266314
 266242
 266206
 266151
 266087
 265744
 265714
 265436
 265384
 265380
 265165
 264919
 264903
 264858
 264721
 264705
 264664
 264616
 264615
 264589
 264530
 264493
 264474
 264295
 264201
 264144
 264116
 264030
 263872
 263743
 263582
 263504
 263417
 263253
 263193
 263171
 263157
 263061
 262805
 262707
 262622
 262577
 262407
 262393
 262088
 262029
 261996
 261930
 261919
 261834
 261807
 261735
 261611
 261609
 261579
 261577
 261503
 261445
 261329
 261281
 261146
 261000
 260742
 260540
 260489
 260484
 260454
 260430
 260246
 260120
 260028
 259825
 259740
 259709
 259547
 259340
 259209
 259202
 259158
 259077
 258897
 258802
 258793
 258771
 258521
 258491
 258475
 258267
 258254
 258176
 258040
 258021
 257998
 257836
 257797
 257796
 257645
 257534
 257373
 257326
 257266
 257251
 257233
 257142
 256972
 256848
 256838
 256802
 256756
 256753
 256728
 256621
 256386
 256314
 256231
 256168
 256045
 255964
 255924
 255372
 255364
 255286
 255222
 254966
 254947
 254905
 254857
 254834
 254813
 254810
 254808
 254741
 254523
 254264
 254244
 254216
 254171
 254091
 254013
 253700
 253543
 253518
 253496
 253401
 252885
 252875
 252593
 252573
 252530
 252465
 252446
 252393
 252346
 252330
 252099
 252076
 252073
 252063
 251992
 251869
 251736
 251719
 251644
 251493
 251319
 251168
 250975
 250777
 250735
 250688
 250673
 250569
 250392
 250299
 250269
 250222
 250155
 249797
 249721
 249646
 249633
 249518
 249480
 249459
 249375
 249220
 249167
 249068
 249022
 248826
 248756
 248640
 248612
 248307
 248220
 248069
 247967
 247720
 247250
 247009
 246994
 246992
 246985
 246890
 246794
 246678
 246613
 246526
 246165
 246138
 246131
 246071
 246013
 245975
 245963
 245880
 245820
 245760
 245651
 245622
 245614
 245601
 245580
 245382
 245313
 245283
 245222
 244951
 244745
 244606
 244482
 244473
 244405
 244186
 244125
 244031
 244006
 243976
 243965
 243900
 243751
 243663
 243478
 243316
 243097
 243062
 243029
 242930
 242906
 242737
 242721
 242718
 242506
 242163
 242161
 242101
 241981
 241919
 241569
 241518
 241074
 241005
 240921
 240594
 240416
 240366
 240046
 240042
 239834
 239798
 239699
 239674
 239637
 239625
 239443
 239436
 239362
 239295
 239239
 239034
 238901
 238738
 238532
 238437
 238377
 238241
 238202
 238055
 237668
 237653
 237617
 237615
 237549
 237520
 237144
 236993
 236892
 236862
 236817
 236696
 236657
 236653
 236573
 236216
 236128
 235983
 235935
 235768
 235730
 235681
 235623
 235556
 235500
 235468
 235452
 235451
 235054
 234985
 234965
 234795
 234733
 234526
 234453
 234375
 234299
 234285
 234244
 234231
 234188
 234177
 234024
 234023
 234004
 233990
 233977
 233968
 233649
 233635
 233601
 233434
 233183
 233163
 233055
 233053
 232925
 232924
 232800
 232756
 232705
 232628
 232591
 232563
 232524
 232491
 232477
 232442
 232425
 232420
 232368
 232249
 232077
 232055
 231975
 231746
 231740
 231721
 231666
 231636
 231593
 231560
 231424
 231372
 231172
 231060
 230997
 230936
 230887
 230524
 230515
 230508
 230462
 230371
 230360
 230265
 230237
 230217
 230181
 230087
 230071
 229999
 229982
 229925
 229902
 229837
 229729
 229718
 229629
 229361
 229291
 229159
 229044
 228987
 228651
 228289
 228283
 228260
 228187
 228176
 228121
 227818
 227784
 227650
 227591
 227512
 227413
 227390
 227272
 227177
 227130
 227110
 226996
 226968
 226795
 226720
 226699
 226647
 226644
 226426
 226399
 226341
 226322
 226260
 226201
 226180
 226117
 225984
 225935
 225933
 225845
 225842
 225672
 225623
 225535
 225459
 225457
 225211
 225140
 224815
 224783
 224737
 224634
 224500
 224434
 224254
 224137
 224005
 223792
 223691
 223658
 223603
 223561
 223541
 223518
 223456
 223432
 223299
 223199
 223140
 223109
 222974
 222933
 222909
 222535
 222406
 222305
 222291
 222257
 222222
 222191
 222159
 222068
 222051
 222005
 221860
 221854
 221776
 221498
 221434
 221427
 221140
 221070
 220969
 220899
 220814
 220742
 220713
 220559
 220556
 220428
 220396
 220143
 220093
 219900
 219782
 219392
 219186
 219029
 218939
 218842
 218824
 218783
 218695
 218631
 218512
 218484
 218441
 218381
 218203
 218146
 218028
 217984
 217948
 217945
 217915
 217874
 217781
 217635
 217446
 217355
 217346
 217155
 217143
 216983
 216965
 216433
 216332
 215946
 215704
 215639
 215351
 215175
 215120
 215059
 215051
 215036
 214893
 214867
 214663
 214474
 214411
 214150
 214147
 214100
 214066
 214047
 213734
 213717
 213606
 213313
 213067
 212908
 212669
 212512
 212450
 212244
 211950
 211928
 211813
 211673
 211610
 211375
 211074
 210903
 210798
 210680
 210602
 210503
 210346
 210344
 210189
 210144
 210079
 210044
 210032
 209717
 209531
 209496
 209446
 209340
 209335
 209302
 209274
 209192
 209166
 209051
 209045
 208910
 208904
 208862
 208625
 208617
 208489
 208461
 208352
 208347
 208261
 207999
 207864
 207710
 207541
 207497
 207470
 207455
 207445
 207432
 207408
 207354
 207067
 207066
 207029
 206848
 206754
 206713
 206695
 206614
 206324
 206231
 206208
 206110
 205693
 205512
 205047
 204948
 204833
 204807
 204760
 204219
 204172
 204090
 203858
 203827
 203680
 203408
 203301
 203217
 203119
 203026
 203023
 203019
 202970
 202841
 202675
 202643
 202523
 202242
 202211
 202081
 202043
 201845
 201659
 201653
 201640
 201377
 201234
 200933
 200887
 200873
 200706
 200698
 200574
 200352
 200285
 200182
 200162
 200125
 200028
 199933
 199863
 199853
 199843
 199800
 199799
 199570
 199306
 199015
 198810
 198535
 198509
 198280
 198067
 197888
 197805
 197622
 197609
 197587
 197406
 197160
 196969
 196779
 196428
 196319
 196278
 196238
 196188
 196181
 196117
 196064
 195348
 195270
 195046
 194840
 194634
 194576
 194423
 194394
 194350
 194234
 194220
 194144
 194098
 194085
 193974
 193969
 193965
 193875
 193777
 193773
 193757
 193745
 193727
 193688
 193674
 193626
 193519
 193432
 193385
 193326
 193298
 193269
 193230
 193173
 193076
 193027
 192851
 192769
 192723
 192710
 192584
 192297
 192203
 192026
 191951
 191875
 191726
 191622
 191465
 191323
 191210
 191122
 191035
 190997
 190975
 190909
 190853
 190784
 190632
 190627
 190620
 190614
 190416
 190375
 190371
 190302
 190297
 189864
 189839
 189438
 189345
 189189
 189025
 188976
 188974
 188971
 188967
 188808
 188770
 188767
 188588
 188545
 188468
 188149
 187934
 187902
 187865
 187840
 187340
 187307
 187286
 187234
 187194
 187193
 186964
 186954
 186883
 186756
 186591
 186439
 186270
 186269
 186257
 186065
 185947
 185903
 185830
 185742
 185650
 185572
 185544
 185521
 185382
 185297
 185185
 184959
 184929
 184922
 184792
 184780
 184318
 184169
 184164
 184130
 183937
 183750
 183742
 183649
 183257
 183087
 182806
 182742
 182572
 182569
 182505
 182343
 182201
 182048
 182013
 182010
 182005
 181818
 181625
 181592
 181583
 181580
 181561
 181514
 181358
 181289
 181270
 181232
 181193
 181181
 180944
 180895
 180708
 180649
 180405
 180377
 180212
 180010
 179979
 179720
 179654
 179386
 179308
 179276
 179265
 179226
 179044
 179028
 178807
 178696
 178659
 178470
 178432
 178355
 178213
 178211
 178165
 178146
 178035
 177343
 177284
 177274
 177177
 177113
 177081
 176997
 176693
 176553
 176348
 176191
 176146
 176118
 176090
 175974
 175963
 175815
 175726
 175398
 175339
 175213
 175206
 174695
 174657
 174568
 174441
 174316
 174301
 174267
 173989
 173930
 173918
 173856
 173736
 173704
 173681
 173640
 173635
 173461
 173345
 173305
 173262
 173260
 173179
 172890
 172741
 172727
 172594
 172409
 172126
 171991
 171891
 171707
 171693
 171683
 171647
 171522
 171478
 171440
 171428
 171413
 171144
 171009
 170990
 170810
 170673
 170666
 170502
 170434
 170099
 170068
 169975
 169888
 169820
 169606
 169504
 169312
 169259
 169088
 168943
 168928
 168907
 168876
 168826
 168791
 168440
 168260
 168235
 168195
 168187
 167955
 167818
 167779
 167750
 167183
 167170
 166666
 166388
 166386
 166342
 166280
 166051
 166011
 165844
 165829
 165803
 165531
 165459
 165307
 165288
 165276
 165217
 165189
 165180
 165000
 164914
 164736
 164628
 164620
 164569
 164539
 164389
 164362
 164350
 164219
 163912
 163865
 163767
 163685
 163526
 163203
 163146
 163133
 163113
 163075
 163063
 163004
 162896
 162816
 162601
 162402
 162369
 162211
 162174
 162095
 162043
 161971
 161962
 161884
 161667
 161584
 161540
 161537
 161425
 161397
 161292
 161238
 161099
 161078
 161059
 160971
 160797
 160486
 160006
 159959
 159957
 159953
 159850
 159673
 159502
 159444
 159115
 159032
 158995
 158835
 158736
 158724
 158712
 158438
 158360
 158338
 158319
 158261
 158230
 158217
 158122
 158105
 158052
 157986
 157979
 157924
 157845
 157787
 157595
 157555
 157453
 157319
 157228
 157220
 157159
 157155
 156959
 156957
 156931
 156900
 156857
 156807
 156706
 156543
 155946
 155513
 155454
 155341
 155130
 154988
 154956
 154948
 154881
 154793
 154601
 154320
 154315
 154296
 154142
 154129
 154126
 154043
 154002
 153910
 153884
 153830
 153804
 153691
 153677
 153523
 153290
 153163
 153127
 152795
 152769
 152749
 152606
 152568
 152370
 152344
 152248
 152168
 151902
 151868
 151636
 151612
 151415
 151074
 150954
 150938
 150849
 150779
 150611
 150608
 150541
 150474
 150414
 150260
 150238
 150176
 150106
 150101
 150067
 150065
 150063
 149884
 149817
 149697
 149635
 149484
 149315
 148928
 148922
 148859
 148728
 148587
 148290
 148210
 148167
 148127
 148099
 148018
 147688
 147634
 147208
 147082
 146986
 146984
 146962
 146956
 146707
 146524
 146464
 146192
 146125
 146021
 145987
 145960
 145945
 145904
 145820
 145789
 145765
 145758
 145650
 145464
 145423
 145288
 145284
 145112
 145092
 145080
 145056
 144870
 144851
 144833
 144781
 144677
 144638
 144546
 144475
 144442
 144311
 144305
 144266
 144199
 144117
 144000
 143909
 143881
 143837
 143826
 143821
 143607
 143498
 143452
 143287
 143279
 143239
 143097
 143041
 143003
 142994
 142964
 142878
 142800
 142793
 142718
 142594
 142358
 142323
 141994
 141984
 141967
 141921
 141898
 141894
 141743
 141623
 141592
 141588
 141357
 141328
 141258
 141174
 141049
 140990
 140876
 140772
 140595
 140559
 140503
 140243
 140194
 140158
 140138
 140125
 140107
 140063
 139967
 139860
 139828
 139641
 139602
 139596
 139561
 139558
 139427
 139283
 139251
 139120
 139113
 139071
 138930
 138888
 138875
 138814
 138786
 138631
 138539
 138522
 138413
 138159
 137989
 137892
 137867
 137838
 137752
 137604
 137544
 137264
 137254
 137250
 137184
 137168
 136728
 136708
 136664
 136598
 136556
 136363
 136334
 136278
 136193
 135980
 135892
 135830
 135826
 135782
 135642
 135603
 135587
 135414
 135261
 135220
 135216
 135139
 135054
 134985
 134973
 134901
 134869
 134851
 134759
 134741
 134370
 134146
 134057
 133893
 133847
 133709
 133585
 133583
 133530
 133383
 133333
 133308
 133041
 132742
 132703
 132602
 132556
 132437
 132389
 132224
 132059
 131953
 131948
 131823
 131799
 131709
 131542
 131536
 131500
 131442
 131266
 131233
 131224
 131161
 131065
 130814
 130772
 130678
 130631
 130543
 130468
 130318
 130276
 130212
 129973
 129878
 129851
 129653
 129599
 129383
 129378
 129318
 129315
 129196
 129166
 129107
 129096
 129090
 129044
 128981
 128979
 128881
 128706
 128574
 128364
 128205
 128148
 128121
 128074
 127981
 127562
 127332
 127313
 127308
 127210
 127051
 127038
 126763
 126644
 126602
 126446
 126432
 126419
 126418
 126372
 126358
 126353
 126311
 126175
 126137
 126123
 125881
 125649
 125636
 125167
 124980
 124815
 124683
 124632
 124609
 124553
 124393
 124310
 124194
 124162
 123976
 123889
 123699
 123697
 123562
 123478
 123465
 123360
 123239
 123237
 123232
 123158
 123110
 123002
 122957
 122954
 122886
 122639
 122563
 122548
 122448
 122398
 122393
 122349
 122153
 122143
 121928
 121869
 121818
 121784
 121646
 121198
 121184
 121181
 120976
 120961
 120919
 120880
 120538
 120281
 120111
 120011
 119811
 119782
 119540
 119470
 119266
 118946
 118883
 118778
 118740
 118676
 118351
 118163
 118042
 117907
 117894
 117589
 117576
 117262
 117231
 117191
 117056
 117053
 117010
 116929
 116780
 116666
 116536
 116532
 116504
 116468
 116372
 116272
 116234
 116119
 116005
 115781
 115775
 115707
 115697
 115626
 115233
 115230
 115226
 115200
 115161
 114702
 114630
 114555
 114529
 114440
 114180
 114066
 113936
 113850
 113707
 113699
 113658
 113605
 113271
 112669
 112563
 112545
 112240
 112208
 112197
 112109
 111927
 111871
 111741
 111708
 111651
 111552
 111516
 111361
 111164
 111154
 111075
 111032
 110872
 110755
 110571
 110563
 110520
 110185
 110143
 110116
 109992
 109904
 109742
 109700
 109621
 109449
 109429
 109427
 109397
 109366
 109229
 109214
 109199
 109065
 109036
 108977
 108808
 108786
 108764
 108724
 108695
 108322
 108066
 107710
 107564
 107415
 107103
 107022
 106923
 106875
 106734
 106668
 106626
 106563
 106550
 106417
 106304
 106239
 105946
 105906
 105642
 105274
 105263
 105215
 105201
 105177
 105010
 105002
 104948
 104761
 104628
 104516
 104497
 104444
 104440
 104245
 104164
 104148
 104103
 104038
 103991
 103874
 103776
 103759
 103468
 103431
 103095
 103037
 103022
 102971
 102871
 102772
 102683
 102648
 102560
 102321
 102312
 102272
 102256
 102196
 101958
 101878
 101728
 101649
 101578
 101324
 101281
 101121
 101014
 100860
 100823
 100576
 100550
 100533
 100196
 100172
 100149
 99999
 99887
 99782
 99745
 99689
 99646
 99509
 99504
 99483
 99374
 99269
 99196
 99122
 99004
 98963
 98765
 98709
 98626
 98610
 98521
 98398
 98294
 98140
 98099
 98094
 98047
 97771
 97750
 97716
 97663
 97604
 97575
 97390
 97378
 97035
 96947
 96791
 96774
 96722
 96714
 96693
 96514
 96393
 96224
 96100
 96060
 95953
 95937
 95915
 95793
 95747
 95706
 95705
 95644
 95579
 95565
 95480
 95440
 95415
 95388
 95346
 94973
 94590
 94369
 94216
 94176
 94106
 94095
 93854
 93841
 93698
 93674
 93204
 93077
 92917
 92835
 92765
 92753
 92748
 92426
 92304
 91965
 91948
 91647
 91603
 91591
 91537
 91259
 90981
 90964
 90883
 90622
 90466
 90434
 90398
 90306
 90180
 89926
 89786
 89750
 89719
 89686
 89571
 89495
 89483
 89428
 89348
 89326
 89198
 89176
 89147
 89137
 88907
 88818
 88699
 88542
 88513
 88388
 88362
 88252
 88248
 87950
 87800
 87730
 87512
 87389
 87319
 87276
 87027
 86959
 86899
 86776
 86370
 86358
 86079
 86034
 85653
 85482
 85475
 85395
 85218
 85057
 84667
 84618
 84504
 84443
 84381
 84359
 84068
 84033
 83866
 83759
 83739
 83621
 83570
 83429
 83333
 82914
 82769
 82660
 82245
 82150
 82081
 82069
 81977
 81921
 81891
 81842
 81826
 81788
 81644
 81391
 81222
 81193
 81128
 80993
 80703
 80500
 80463
 80450
 80445
 80159
 79697
 79524
 79492
 79386
 79347
 79273
 79136
 79030
 78902
 78836
 78770
 78767
 78723
 78514
 78133
 77972
 77814
 77480
 77291
 77288
 77270
 77188
 77139
 77092
 77060
 76967
 76757
 76674
 76668
 76619
 76366
 76300
 76199
 75862
 75784
 75600
 75445
 75425
 75362
 75235
 75046
 74958
 74920
 74839
 74798
 74721
 74712
 74661
 74660
 74594
 74409
 74294
 74287
 74209
 74158
 74097
 74009
 73937
 73929
 73911
 73857
 73787
 73774
 73671
 73208
 73191
 73170
 73156
 73090
 72942
 72561
 72470
 72381
 72348
 72164
 72053
 71980
 71916
 71900
 71744
 71609
 71512
 71439
 71428
 71287
 71281
 71172
 71005
 70978
 70776
 70578
 70322
 70244
 70185
 70070
 69879
 69788
 69766
 69628
 69565
 69466
 69393
 69325
 69219
 69056
 69030
 68919
 68909
 68883
 68680
 68652
 68587
 68486
 68370
 68369
 68281
 68177
 67866
 67694
 67618
 67599
 67567
 67448
 67344
 67322
 67294
 67260
 67209
 67193
 67173
 67010
 66958
 66885
 66857
 66721
 66696
 66581
 66523
 66438
 66377
 66341
 66319
 66255
 66086
 65982
 65872
 65772
 65665
 65644
 65631
 65593
 65586
 65439
 65364
 65174
 64757
 64561
 64291
 64168
 64034
 64001
 63922
 63879
 63356
 63238
 63226
 63169
 63147
 63104
 63099
 62940
 62911
 62901
 62865
 62845
 62800
 62651
 62537
 62310
 62083
 61904
 61892
 61643
 61618
 61593
 61589
 61484
 61360
 61134
 60904
 60853
 60572
 60552
 60548
 60431
 60316
 60301
 60229
 60181
 60167
 59990
 59930
 59884
 59566
 59345
 59253
 58966
 58888
 58860
 58813
 58762
 58623
 58242
 58078
 58001
 57958
 57905
 57832
 57823
 57667
 57660
 57658
 57551
 57530
 57523
 57436
 57363
 57360
 57293
 57281
 57254
 57205
 57190
 57148
 57053
 56987
 56963
 56925
 56808
 56638
 56483
 56471
 56467
 56401
 56350
 56088
 56022
 56009
 55998
 55669
 55586
 55435
 55354
 55192
 55117
 55062
 55044
 55002
 54987
 54797
 54545
 54471
 54446
 54435
 54338
 54281
 54232
 54156
 53943
 53848
 53778
 53553
 53507
 53488
 53336
 53216
 53174
 52748
 52655
 52398
 52365
 52338
 52130
 52016
 51942
 51894
 51790
 51749
 51645
 51631
 51380
 51365
 51337
 51237
 51202
 51048
 50953
 50634
 50497
 50420
 50371
 50337
 50293
 50070
 49952
 49941
 49702
 49483
 49450
 49336
 49148
 49091
 49089
 49055
 49009
 48990
 48925
 48804
 48780
 48649
 48552
 48367
 48280
 48086
 47980
 47947
 47811
 47773
 47660
 47616
 47348
 47344
 47164
 47097
 47093
 47012
 46844
 46678
 46663
 46639
 46498
 46247
 46181
 45584
 45228
 45227
 45097
 44943
 44903
 44855
 44847
 44810
 44796
 44788
 44711
 44703
 44589
 44512
 44353
 44090
 44001
 43913
 43707
 43626
 43625
 43606
 43510
 43476
 43430
 43404
 43402
 43394
 43147
 43135
 43056
 43033
 42757
 42605
 42439
 42276
 42194
 42065
 41995
 41766
 41730
 41697
 41696
 41636
 41544
 41537
 41510
 41405
 41375
 41332
 41265
 41237
 40983
 40917
 40806
 40715
 40615
 40516
 40496
 40436
 40387
 40381
 40372
 40361
 40314
 40300
 40256
 40206
 40016
 39989
 39877
 39776
 39717
 39605
 39233
 38852
 38602
 38594
 38508
 38404
 38342
 38267
 38250
 38187
 38013
 37979
 37964
 37950
 37820
 37724
 37689
 37654
 37433
 37376
 37173
 37156
 37011
 36948
 36803
 36680
 36585
 36534
 36402
 36287
 36264
 36235
 36164
 35558
 35457
 35395
 35246
 35211
 35123
 35009
 34677
 34471
 34287
 34250
 34237
 34223
 34172
 34148
 34109
 34026
 34013
 34011
 33997
 33909
 33829
 33684
 33668
 33576
 33453
 33432
 33333
 33322
 33240
 33188
 33047
 32503
 32467
 32395
 32350
 32327
 32269
 32175
 32167
 32144
 32116
 32101
 32083
 31992
 31937
 31902
 31863
 31772
 31744
 31713
 31707
 31691
 31590
 31585
 31426
 31217
 31088
 30910
 30786
 30710
 30646
 30419
 30398
 30373
 30228
 29888
 29844
 29804
 29627
 29555
 29261
 29244
 29220
 29187
 28939
 28890
 28872
 28627
 28498
 28359
 28242
 28135
 28131
 28027
 28023
 28009
 27999
 27623
 27591
 27578
 27551
 27493
 27466
 27362
 27279
 27268
 27243
 27202
 27063
 26898
 26576
 26549
 26514
 26510
 26396
 26381
 26250
 26239
 26235
 26022
 26004
 25993
 25981
 25598
 25504
 25495
 25310
 25283
 25139
 25086
 25076
 24955
 24902
 24813
 24750
 24684
 24676
 24556
 24455
 24262
 24033
 23857
 23628
 23332
 23255
 23244
 22965
 22842
 22540
 22532
 22510
 22401
 21993
 21621
 21554
 21512
 21311
 21212
 21150
 21107
 20804
 20801
 20655
 20508
 20308
 20261
 20132
 20078
 19805
 19621
 19613
 19521
 19417
 19037
 19006
 19003
 18965
 18927
 18700
 18623
 18604
 18601
 18600
 18518
 18495
 18494
 18383
 18359
 18235
 18233
 18203
 18187
 18021
 17967
 17924
 17742
 17693
 17340
 17294
 17241
 17213
 17173
 17099
 16989
 16942
 16941
 16863
 16825
 16666
 16262
 16065
 16025
 15847
 15815
 15788
 15625
 15412
 15381
 15143
 15132
 14783
 14773
 14505
 14287
 14261
 14250
 14129
 13747
 13671
 13286
 13282
 13184
 13176
 13047
 12584
 12345
 12326
 12264
 12251
 12160
 12136
 12075
 12008
 11939
 11899
 11816
 11729
 11717
 11514
 11373
 11368
 11360
 11290
 11177
 10999
 10989
 10827
 10812
 10765
 10752
 10674
 10623
 10605
 10241
 10179
 10028
 9900
 9667
 9541
 9520
 9324
 9233
 9176
 9034
 9033
 8889
 8886
 8864
 8611
 8412
 8384
 8358
 8303
 8283
 8152
 8028
 8009
 7909
 7682
 7680
 7657
 7503
 7494
 7423
 7390
 7359
 7246
 7126
 6991
 6940
 6760
 6733
 6599
 6590
 6211
 6110
 6109
 6044
 5995
 5918
 5833
 5750
 5664
 5612
 5589
 5552
 5541
 5370
 5314
 5166
 5072
 5006
 4800
 4521
 4427
 4347
 4143
 4129
 4022
 3546
 3531
 3525
 3468
 3458
 3421
 3164
 3131
 3107
 3097
 3081
 3062
 2960
 2881
 2454
 2436
 2399
 2356
 2209
 2199
 2093
 1706
 1597
 1560
 1367
 1199
 1011
 1007
 994
 853
 614
 437
 363
 341
 306
 281
 254
 149
 0
 