499909
 499899
 499892
 499475
 499443
 499345
 499255
 499198
 499195
 499171
 499112
 499035
 499034
 498907
 498781
 498777
 498762
 498457
 498452
 498363
 498356
 498314
 498218
 498182
 498177
 498090
 497860
 497852
 497828
 497777
 497726
 497676
 497550
 497526
 497427
 497416
 497371
 497203
 497106
 497051
 497010
 496993
 496976
 496840
 496830
 496816
 496680
 496428
 496333
 496327
 496324
 496141
 496116
 496072
 495735
 495732
 495688
 495602
 495534
 495501
 495478
 495340
 495332
 495263
 495236
 495180
 495168
 495118
 494812
 494671
 494594
 494578
 494545
 494482
 494456
 494439
 494382
 494357
 494197
 494155
 493956
 493931
 493896
 493791
 493630
 493468
 493434
 493346
 493149
 493126
 493109
 492995
 492992
 492932
 492782
 492781
 492470
 492402
 492370
 492360
 492054
 491950
 491869
 491831
 491678
 491592
 491428
 491350
 491328
 491286
 491091
 491064
 491049
 491046
 491045
 490992
 490759
 490560
 490484
 490280
 490222
 490196
 490146
 490123
 490070
 489889
 489538
 489492
 489423
 489292
 489200
 489126
 488890
 488815
 488655
 488631
 488593
 488502
 488485
 488425
 488378
 488181
 488158
 487829
 487765
 487698
 487306
 487234
 487126
 486727
 486705
 486649
 486449
 486399
 486207
 485820
 485701
 485507
 485464
 485240
 484771
 484691
 484627
 484241
 483910
 483637
 483620
 483541
 483504
 483376
 483222
 483168
 483066
 482687
 482482
 482444
 482305
 482110
 482024
 481894
 481812
 481794
 481735
 481346
 481328
 481300
 481171
 481164
 481071
 480904
 480819
 480481
 480160
 479901
 479863
 479796
 479590
 479247
 479130
 478904
 478626
 478590
 478377
 478048
 478040
 477923
 477823
 477717
 477630
 477343
 477326
 477301
 477253
 477210
 477186
 477038
 476969
 476791
 476705
 476697
 476685
 476546
 476395
 476242
 476096
 476015
 475970
 475931
 475924
 475675
 475526
 475483
 475374
 475341
 475338
 475273
 475248
 475200
 475129
 475128
 475091
 475046
 474984
 474704
 474523
 474501
 474491
 474362
 474341
 474115
 473944
 473910
 473749
 473684
 473628
 473611
 473599
 473463
 473457
 473409
 473310
 473286
 473174
 473128
 473117
 473114
 473106
 473074
 472789
 472765
 472727
 472510
 472410
 472398
 472340
 472135
 471947
 471830
 471487
 471423
 471345
 471285
 471272
 471149
 471129
 471090
 471088
 470966
 470873
 470802
 470740
 470593
 470527
 470442
 470282
 470212
 470108
 470097
 470017
 469912
 469887
 469759
 469745
 469532
 469418
 469197
 469177
 469015
 468958
 468758
 468729
 468654
 468524
 468431
 468231
 468208
 468121
 468078
 467912
 467887
 467854
 467649
 467608
 467518
 467425
 467409
 467270
 467106
 467038
 467004
 466888
 466867
 466861
 466747
 466711
 466666
 466486
 466371
 466101
 465985
 465709
 465523
 465447
 465230
 465208
 465003
 464935
 464509
 464497
 464402
 464135
 464128
 464108
 463953
 463948
 463871
 463783
 463602
 463601
 463592
 463432
 463410
 463354
 463295
 463240
 463116
 462957
 462722
 462537
 462481
 462385
 462226
 462091
 462035
 461952
 461770
 461667
 461538
 461305
 461278
 461274
 461139
 461083
 461007
 460901
 460829
 460755
 460577
 460526
 460481
 460347
 460313
 460301
 460014
 460013
 459994
 459779
 459744
 459550
 459383
 459374
 459097
 459075
 459036
 458999
 458963
 458769
 458669
 458555
 458526
 458500
 458437
 458397
 458363
 458354
 458339
 458335
 457931
 457836
 457810
 457475
 457450
 457337
 457328
 457316
 457270
 457244
 457226
 457205
 457129
 456964
 456777
 456433
 456287
 456261
 456200
 456118
 455998
 455814
 455809
 455793
 455787
 455742
 455709
 455657
 455525
 455509
 455433
 455200
 455113
 454818
 454808
 454730
 454682
 454651
 454649
 454607
 454385
 454229
 454201
 454087
 453999
 453915
 453882
 453846
 453826
 453720
 453674
 453628
 453599
 453578
 453379
 453219
 452929
 452902
 452834
 452802
 452742
 452692
 452614
 452516
 452365
 452286
 452219
 452044
 451814
 451749
 451690
 451589
 451500
 451360
 451276
 451198
 451043
 450877
 450826
 450808
 450604
 450450
 450433
 450425
 449741
 449613
 449596
 449594
 449486
 449409
 449401
 448923
 448467
 448404
 448370
 448349
 448324
 448321
 448289
 448198
 447995
 447946
 447923
 447819
 447592
 447478
 447373
 447362
 447332
 447331
 447041
 447006
 446859
 446791
 446753
 446725
 446575
 446374
 446301
 446032
 446006
 445892
 445632
 445578
 445544
 445525
 445352
 445318
 445284
 445125
 444948
 444844
 444444
 444251
 444212
 444163
 443972
 443847
 443688
 443633
 443495
 443355
 443351
 443282
 443228
 443226
 443214
 443039
 442981
 442953
 442877
 442704
 442693
 442454
 442388
 442279
 442224
 442218
 442161
 442129
 442065
 441667
 441571
 441494
 441401
 440997
 440941
 440613
 440589
 440404
 440353
 440304
 440186
 440121
 440062
 440040
 439916
 439701
 439686
 439424
 439403
 439397
 439251
 439250
 439241
 439171
 438860
 438845
 438582
 438492
 438491
 438409
 438373
 438246
 438233
 438172
 438078
 437613
 437529
 437481
 437372
 437350
 437079
 437074
 436995
 436512
 436426
 436320
 436129
 436073
 435561
 435291
 435034
 434965
 434815
 434772
 434768
 434719
 434677
 434650
 434250
 434193
 434190
 434179
 434153
 434027
 433918
 433704
 433371
 433350
 433344
 433321
 433258
 433238
 433221
 433091
 433066
 432957
 432851
 432836
 432667
 432569
 432531
 432494
 432330
 432325
 432311
 432266
 432248
 432115
 432032
 432000
 431895
 431635
 431573
 431480
 431462
 431330
 431133
 431127
 430848
 430590
 430579
 430559
 430531
 430449
 430299
 429896
 429762
 429696
 429615
 429498
 429426
 429397
 429332
 429274
 429205
 429112
 428883
 428880
 428693
 428584
 428551
 428538
 428512
 428377
 428290
 428274
 428239
 428238
 428002
 427911
 427796
 427795
 427775
 427541
 427388
 427371
 427172
 427145
 427130
 427092
 427064
 427061
 426976
 426808
 426718
 426683
 426417
 426304
 426231
 425982
 425936
 425810
 425762
 425666
 425490
 425441
 425348
 425322
 425270
 425207
 424972
 424886
 424825
 424721
 424676
 424675
 424560
 424509
 424489
 424423
 424279
 424256
 424230
 424209
 424170
 424133
 424019
 423965
 423952
 423829
 423755
 423485
 423324
 423304
 423250
 423221
 423206
 423126
 423076
 423069
 422844
 422807
 422698
 422620
 422410
 422391
 422360
 422320
 421629
 421521
 421448
 421394
 421350
 421218
 421180
 421152
 421090
 420965
 420919
 420910
 420848
 420478
 420467
 420324
 420234
 420037
 419939
 419897
 419836
 419572
 419461
 419452
 419294
 419267
 419167
 418918
 418584
 418478
 418468
 418305
 418303
 418207
 418162
 418119
 417879
 417745
 417743
 417609
 417575
 417549
 417520
 417519
 417453
 417389
 417277
 417184
 417125
 417008
 416957
 416884
 416666
 416391
 416383
 416123
 416121
 415940
 415907
 415796
 415711
 415551
 415458
 415187
 415069
 415019
 414339
 414132
 414108
 414050
 413858
 413580
 413533
 413466
 413427
 413339
 413182
 413145
 413079
 413043
 412985
 412937
 412884
 412754
 412670
 412647
 412626
 412425
 412320
 412119
 412106
 412021
 411956
 411852
 411738
 411536
 411350
 411343
 411279
 411220
 411159
 411042
 410922
 410879
 410684
 410604
 410535
 410529
 410418
 410292
 410289
 410204
 410181
 410125
 410083
 410034
 409980
 409976
 409857
 409743
 409731
 409626
 409331
 409165
 409090
 409083
 408912
 408785
 408666
 408657
 408571
 408533
 408456
 408297
 408206
 408201
 408151
 408099
 408084
 407956
 407913
 407841
 407663
 407562
 407419
 407353
 407134
 407111
 407079
 406680
 406662
 406613
 406288
 406163
 406015
 405741
 405369
 405346
 405306
 405141
 405044
 404923
 404768
 404725
 404710
 404625
 404551
 404524
 404276
 404241
 404135
 403969
 403966
 403864
 403846
 403711
 403700
 403681
 403678
 403465
 403388
 403049
 402545
 402477
 402474
 402131
 402113
 401988
 401882
 401802
 401651
 401484
 401433
 401420
 401382
 401330
 401123
 401041
 401008
 400868
 400805
 400709
 400599
 400267
 400064
 400049
 400000
 399999
 399971
 399883
 399829
 399783
 399415
 399199
 399135
 398754
 398730
 398715
 398709
 398606
 398293
 398220
 398063
 397972
 397954
 397851
 397664
 397660
 397637
 397590
 397480
 397426
 397364
 397273
 397270
 397170
 397144
 397136
 397041
 397007
 396945
 396899
 396828
 396825
 396731
 396543
 396541
 396499
 396188
 396053
 396018
 395981
 395915
 395762
 395695
 395556
 395539
 395385
 395369
 395184
 395117
 395115
 395087
 394871
 394765
 394699
 394629
 394628
 394611
 394520
 394515
 394486
 394317
 394299
 393918
 393877
 393815
 393548
 393538
 393509
 393254
 393217
 392816
 392769
 392589
 392395
 392391
 392298
 392265
 392231
 392216
 392142
 392134
 391819
 391643
 391521
 391504
 391485
 391410
 391344
 391341
 391309
 391240
 391187
 390757
 390753
 390746
 390702
 390387
 389981
 389804
 389783
 389621
 389406
 389320
 389304
 389142
 389001
 388994
 388946
 388840
 388813
 388756
 388667
 388613
 388437
 388372
 388322
 388228
 387971
 387951
 387862
 387483
 387338
 387296
 387211
 387033
 386971
 386780
 386627
 386596
 386274
 386265
 385867
 385717
 385524
 385299
 385170
 385050
 385019
 384895
 384879
 384749
 384681
 384615
 384526
 384502
 384207
 384178
 384162
 384109
 383979
 383917
 383825
 383821
 383788
 383734
 383733
 383718
 383667
 383546
 383495
 383464
 383260
 383218
 383032
 383008
 382987
 382842
 382699
 382592
 382438
 382422
 382333
 382308
 382073
 381969
 381962
 381824
 381817
 381702
 381570
 381474
 381418
 381313
 381193
 381165
 380996
 380926
 380797
 380706
 380667
 380636
 380604
 380562
 380494
 380428
 380217
 380019
 379949
 379938
 379926
 379834
 379717
 379679
 379633
 379611
 379432
 379336
 379231
 379221
 379214
 379089
 379087
 379066
 378971
 378925
 378698
 378562
 378402
 378069
 377960
 377782
 377717
 377652
 377392
 377084
 377044
 376874
 376830
 376803
 376604
 376457
 376406
 376234
 376193
 376062
 375931
 375918
 375840
 375819
 375769
 375706
 375588
 375392
 375338
 375254
 375204
 375071
 374983
 374762
 374758
 374744
 374714
 374623
 374584
 374570
 374384
 374307
 374275
 374044
 373964
 373941
 373732
 373540
 373536
 373501
 373397
 373333
 373282
 373274
 373195
 373124
 372983
 372935
 372723
 372695
 372650
 372421
 372351
 372065
 371890
 371828
 371696
 371597
 371579
 371516
 371494
 371415
 371368
 371328
 371323
 371191
 371045
 370948
 370790
 370673
 370648
 370610
 370548
 370503
 370268
 370240
 370129
 369866
 369584
 369535
 369421
 369417
 369250
 369080
 368690
 368625
 368566
 368495
 368407
 368249
 368233
 368092
 367816
 367789
 367775
 367754
 367707
 367518
 367378
 367228
 367003
 366905
 366748
 366723
 366666
 366609
 366603
 366591
 366580
 366576
 366481
 366421
 366280
 365927
 365882
 365650
 365470
 365313
 365168
 365073
 365028
 364932
 364924
 364864
 364551
 364192
 364043
 363955
 363826
 363547
 363503
 363496
 363329
 363295
 362961
 362884
 362700
 362691
 362534
 362329
 362247
 362181
 362087
 361697
 361653
 361645
 361631
 361467
 361417
 361390
 361259
 361072
 361026
 360995
 360869
 360728
 360533
 360445
 360182
 360010
 359903
 359810
 359774
 359740
 359716
 359651
 359626
 359463
 359443
 359253
 359238
 359154
 358959
 358944
 358933
 358814
 358604
 358518
 358501
 357962
 357860
 357609
 357558
 357512
 357503
 357441
 357411
 357370
 357364
 357343
 357333
 357195
 357142
 356980
 356849
 356787
 356775
 356756
 356726
 356493
 356483
 356427
 356336
 356015
 355826
 355472
 355300
 355184
 355173
 355133
 355118
 355060
 354976
 354764
 354676
 354643
 354530
 354526
 354502
 354461
 354415
 354396
 354367
 354136
 354063
 353859
 353658
 353584
 353476
 353406
 353223
 353192
 353127
 353082
 353076
 353064
 352941
 352783
 352607
 352589
 352474
 352463
 352380
 352198
 352143
 352057
 352028
 351988
 351982
 351818
 351496
 351449
 351370
 351317
 351267
 351258
 350905
 350727
 350708
 350556
 350468
 350456
 350282
 350269
 350220
 350100
 350047
 349999
 349972
 349954
 349599
 349347
 349163
 348979
 348956
 348801
 348782
 348734
 348727
 348570
 348510
 348504
 348332
 348242
 348209
 348123
 348083
 347872
 347775
 347752
 347615
 347568
 347552
 347516
 347382
 347155
 347011
 346833
 346749
 346709
 346698
 346228
 346209
 346196
 346153
 346113
 346102
 346041
 346034
 345963
 345898
 345888
 345849
 345792
 345605
 345235
 345098
 345088
 345079
 344849
 344795
 344741
 344340
 344256
 344201
 344187
 344105
 344032
 343950
 343795
 343649
 343430
 343400
 343300
 343206
 342990
 342897
 342894
 342809
 342793
 342737
 342734
 342718
 342594
 342492
 342405
 342372
 342245
 342172
 342096
 341949
 341711
 341685
 341656
 341463
 341313
 341207
 340917
 340886
 340807
 340353
 340277
 340271
 340259
 340155
 340118
 340097
 340039
 340020
 340011
 339948
 339930
 339729
 339674
 339558
 339469
 339229
 339190
 339017
 338958
 338808
 338427
 338296
 338224
 338102
 337987
 337938
 337910
 337830
 337764
 337748
 337682
 337301
 337203
 337114
 336768
 336699
 336593
 336581
 336483
 336383
 336051
 335955
 335897
 335816
 335706
 335579
 335470
 335420
 335286
 334986
 334943
 334742
 334665
 334633
 334565
 334464
 334176
 334121
 334091
 333981
 333962
 333739
 333679
 333167
 332945
 332916
 332883
 332621
 332569
 332183
 332066
 331961
 331665
 331626
 331546
 331491
 331454
 331295
 331228
 331212
 331210
 331208
 330998
 330961
 330775
 330717
 330632
 330534
 330488
 330450
 330366
 330356
 330340
 330339
 330282
 330195
 330194
 330174
 330163
 330146
 330138
 330067
 330044
 329802
 329741
 329732
 329682
 329613
 329609
 329399
 329393
 329356
 329192
 329159
 329126
 329095
 329040
 329028
 328907
 328700
 328581
 328473
 328265
 328176
 328148
 328135
 327933
 327876
 327873
 327675
 327520
 327482
 327451
 327348
 327341
 327280
 327232
 326944
 326929
 326699
 326541
 326446
 326069
 326049
 325804
 325572
 325508
 325470
 325420
 325346
 325093
 324934
 324817
 324758
 324708
 324675
 324595
 324234
 324144
 323831
 323529
 323294
 323172
 323115
 323085
 322922
 322845
 322768
 322730
 322404
 322005
 321937
 321819
 321778
 321712
 321632
 321266
 321206
 320810
 320713
 320685
 320599
 320459
 320357
 320193
 320149
 320037
 319929
 319791
 319759
 319673
 319538
 319476
 319336
 319292
 319209
 319186
 319045
 318858
 318820
 318770
 318622
 318556
 318483
 318181
 318026
 317979
 317753
 317406
 317306
 317161
 316719
 316538
 316497
 316434
 316335
 315879
 315789
 315768
 315553
 315545
 315516
 315490
 315373
 315347
 315282
 315195
 314556
 314354
 314189
 314091
 313807
 313741
 313490
 313333
 313317
 313250
 312618
 312443
 312385
 312326
 311926
 311799
 311764
 311687
 311615
 311497
 311320
 311256
 310855
 310773
 310702
 310638
 310556
 310491
 310239
 309957
 309945
 309918
 309846
 309737
 309488
 309459
 309177
 309097
 308988
 308944
 308938
 308804
 308786
 308541
 308496
 308426
 308299
 308211
 308139
 308124
 308068
 307950
 307944
 307824
 307800
 307497
 307384
 307291
 307214
 307060
 306920
 306846
 306732
 306706
 306629
 306589
 306345
 306339
 306115
 305955
 305892
 305780
 305651
 305430
 305369
 305238
 305168
 305152
 305018
 305016
 304953
 304862
 304820
 304768
 304577
 304500
 304347
 304184
 304154
 304062
 303983
 303827
 303676
 303519
 303492
 303291
 303272
 302985
 302982
 302955
 302719
 302620
 302531
 302501
 302229
 302190
 302163
 302158
 302091
 301991
 301935
 301900
 301712
 301525
 301424
 301407
 301369
 301065
 300821
 300704
 300595
 300565
 300532
 300467
 300460
 300375
 300286
 300221
 300171
 300000
 299946
 299882
 299821
 299665
 299262
 299249
 299138
 299052
 298949
 298771
 298769
 298661
 298603
 298599
 298443
 298308
 298304
 298065
 297912
 297584
 297544
 297517
 297462
 297374
 297297
 297218
 297103
 297016
 296985
 296941
 296912
 296904
 296882
 296823
 296742
 296690
 296550
 296539
 296538
 296469
 296405
 296261
 296116
 295848
 295744
 295727
 295625
 295619
 295335
 295322
 295145
 294318
 294124
 294067
 293864
 293694
 293551
 293276
 293026
 292629
 292593
 292464
 292242
 292211
 292062
 291879
 291833
 291798
 291704
 291691
 291666
 291549
 291504
 291426
 291244
 291234
 291138
 291044
 290791
 290789
 290786
 290735
 290720
 290660
 290651
 290650
 290415
 290377
 290256
 289955
 289628
 289621
 289552
 289331
 289232
 289201
 289172
 288883
 288793
 288749
 288590
 288418
 288376
 288288
 288261
 288228
 288213
 288203
 288009
 287888
 287874
 287756
 287510
 287362
 287319
 287303
 287258
 287190
 286976
 286955
 286693
 286662
 286501
 286206
 286195
 286130
 285990
 285827
 285826
 285818
 285651
 285581
 285549
 285471
 285461
 285443
 285381
 285224
 285168
 285077
 284989
 284925
 284857
 284847
 284803
 284766
 284760
 284718
 284560
 284522
 284467
 284287
 284070
 284046
 284034
 283986
 283955
 283783
 283744
 283642
 283619
 283556
 283519
 283341
 283281
 283188
 283186
 283034
 282900
 282890
 282797
 282666
 282521
 282469
 282183
 282099
 281951
 281944
 281873
 281797
 281757
 281655
 281601
 281596
 281461
 281366
 281138
 281128
 280827
 280821
 280638
 280496
 280461
 280460
 280023
 279845
 279818
 279720
 279544
 279505
 279424
 279288
 279254
 279163
 278871
 278846
 278817
 278691
 278663
 278643
 278638
 278628
 278618
 278475
 278464
 278399
 278268
 278234
 278190
 278176
 278102
 277908
 277621
 277600
 277483
 277478
 277416
 277390
 277369
 277310
 277172
 277141
 276923
 276885
 276779
 276699
 276646
 276624
 276460
 276300
 275946
 275942
 275915
 275907
 275674
 275649
 275617
 275483
 275460
 275383
 275341
 275267
 275209
 275028
 274684
 274668
 274666
 274456
 274307
 274028
 273747
 273622
 273309
 273291
 273192
 272886
 272862
 272811
 272776
 272664
 272599
 272484
 272429
 272327
 272303
 272024
 272001
 272000
 271999
 271971
 271915
 271556
 271428
 271373
 271298
 271223
 271204
 271119
 271053
 270951
 270946
 270576
 270529
 270448
 270332
 270306
 270168
 270148
 270066
 270009
 269988
 269688
 269612
 269607
 269510
 269502
 269204
 269150
 269005
 268918
 268883
 268830
 268714
 268707
 268679
 268595
 268520
 268444
 268231
 268130
 268113
 268041
 267969
 267893
 267605
 267450
 267441
 267333
 267168
 267136
 267052
 267027
 266961
 266811
 266668
 266666
 266625
 266594
 266586
 266529
 266527
 266456
 266384
 266192
 266053
 266014
 265995
 265927
 265857
 265834
 265499
 265463
 265307
 265171
 265084
 264961
 264952
 264844
 264780
 264675
 264648
 264613
 264594
 264528
 264521
 264463
 264211
 264182
 263967
 263916
 263810
 263683
 263558
 263378
 263358
 263092
 263068
 262774
 262743
 262725
 262487
 262344
 262216
 262165
 262143
 262114
 262014
 261968
 261904
 261869
 261831
 261713
 261417
 261305
 261201
 261053
 261040
 260950
 260919
 260804
 260720
 260571
 260497
 260467
 260345
 260314
 259786
 259595
 259449
 259377
 259300
 259259
 259207
 259033
 258689
 258687
 258637
 258601
 258168
 258128
 258017
 257824
 257823
 257787
 257769
 257684
 257617
 257253
 257054
 257040
 257003
 256806
 256769
 256756
 256736
 256478
 256453
 256267
 256039
 255784
 255694
 255587
 255573
 255505
 255496
 255274
 255251
 255223
 255193
 255191
 255178
 255142
 255084
 254850
 254671
 254398
 254385
 254326
 254210
 254155
 254087
 254045
 253780
 253778
 253489
 253428
 253319
 253168
 253091
 252658
 252585
 252515
 252059
 251824
 251798
 251727
 251549
 251477
 251130
 251107
 250848
 250736
 250577
 250437
 250418
 250343
 250219
 250213
 250104
 250082
 250000
 249824
 249451
 249430
 249414
 249360
 249201
 249173
 249143
 249060
 248889
 248669
 248234
 248004
 247991
 247948
 247894
 247838
 247798
 247741
 247719
 247706
 247625
 247599
 247588
 247488
 247484
 247388
 247274
 247126
 247019
 246654
 246653
 246581
 246565
 246520
 246397
 246209
 246110
 246016
 245872
 245533
 245501
 245425
 245283
 245259
 245258
 245199
 245165
 245117
 245101
 245012
 244971
 244922
 244765
 244725
 244682
 244570
 244347
 244242
 244078
 244041
 243892
 243801
 243660
 243630
 243556
 243455
 243413
 243400
 242999
 242870
 242695
 242627
 242618
 242534
 242413
 242275
 242222
 242092
 242079
 241990
 241966
 241948
 241791
 241733
 241561
 241544
 241347
 241270
 241076
 241053
 240920
 240867
 240792
 240626
 240579
 240486
 240427
 240368
 240120
 240039
 239932
 239801
 239704
 239629
 239553
 239302
 239284
 239250
 239236
 239203
 238881
 238858
 238784
 238577
 238412
 238320
 238277
 238175
 238155
 238081
 238051
 238026
 238015
 237974
 237938
 237908
 237859
 237813
 237509
 237173
 236880
 236854
 236848
 236762
 236748
 236744
 236614
 236512
 236487
 236442
 236335
 236299
 236235
 235945
 235916
 235832
 235807
 235607
 235331
 235294
 235185
 235144
 235056
 235051
 234900
 234783
 234527
 234468
 234301
 234201
 234109
 234087
 234069
 234015
 233994
 233988
 233824
 233788
 233566
 233493
 233415
 233333
 233302
 233240
 233173
 232887
 232829
 232793
 232580
 232533
 232337
 232178
 232175
 231875
 231818
 231743
 231676
 231524
 231510
 231432
 231310
 231277
 231113
 231079
 230878
 230836
 230786
 230775
 230707
 230663
 230648
 230386
 230137
 230128
 230083
 230018
 229934
 229835
 229774
 229656
 229514
 229411
 229266
 229254
 229226
 229176
 229148
 228828
 228758
 228744
 228452
 228263
 228215
 228069
 228041
 227933
 227532
 227495
 227416
 227236
 227180
 227096
 227035
 226974
 226868
 226757
 226697
 226657
 226391
 226134
 226124
 225834
 225825
 225821
 225746
 225641
 225601
 225585
 225563
 225535
 225525
 225372
 224865
 224830
 224655
 224629
 224545
 224367
 224291
 224249
 224225
 224153
 224142
 224033
 223990
 223961
 223958
 223931
 223816
 223793
 223515
 223447
 223397
 223371
 223337
 223235
 223225
 223143
 223085
 222964
 222888
 222858
 222826
 222734
 221966
 221880
 221804
 221742
 220963
 220916
 220877
 220746
 220694
 220583
 220527
 220427
 220392
 220271
 220238
 220204
 219908
 219874
 219846
 219600
 219512
 219477
 219471
 219467
 219223
 219134
 219013
 218831
 218829
 218798
 218750
 218649
 218516
 218495
 218309
 218285
 218011
 217832
 217764
 217713
 217384
 217235
 217124
 216979
 216912
 216737
 216559
 216511
 215841
 215786
 215743
 215596
 215522
 215025
 215001
 214942
 214620
 214518
 214380
 214347
 214179
 213974
 213949
 213947
 213926
 213830
 213779
 213685
 213660
 213581
 213560
 213525
 213474
 213465
 213384
 213374
 213363
 213274
 213228
 213124
 213007
 212899
 212848
 212771
 212625
 212433
 212334
 212292
 212273
 212193
 212190
 212104
 212102
 212071
 212038
 212037
 211976
 211922
 211801
 211601
 211263
 211253
 211229
 211194
 211167
 211162
 211154
 210917
 210914
 210869
 210868
 210843
 210812
 210144
 210025
 210019
 209898
 209797
 209564
 208981
 208971
 208739
 208447
 208358
 208317
 208222
 208119
 208051
 207979
 207978
 207960
 207949
 207748
 207634
 207490
 207367
 206951
 206742
 206714
 206596
 206588
 206519
 206494
 206248
 206143
 205929
 205901
 205864
 205796
 205752
 205725
 205682
 205668
 205515
 205514
 205340
 205288
 205230
 205182
 205136
 205128
 205111
 205014
 204960
 204910
 204907
 204773
 204709
 204708
 204600
 204557
 204549
 204520
 204288
 204036
 203975
 203958
 203939
 203936
 203651
 203625
 203622
 203551
 203398
 203392
 203188
 203173
 203153
 203081
 203021
 202959
 202786
 202735
 202700
 202625
 202363
 202285
 202207
 202127
 202108
 201988
 201814
 201800
 201721
 201718
 201694
 201581
 201580
 201418
 201309
 201260
 201256
 201189
 200871
 200859
 200727
 200655
 200634
 200596
 200430
 200373
 200260
 200245
 200218
 200146
 199999
 199767
 199727
 199405
 199130
 199065
 198910
 198894
 198630
 198610
 198584
 198523
 198499
 198468
 198389
 198331
 198135
 198026
 197927
 197811
 197606
 197602
 197341
 197226
 197209
 197165
 197160
 197133
 196969
 196916
 196850
 196837
 196740
 196631
 196394
 196345
 196079
 195942
 195929
 195804
 195710
 195698
 195606
 195587
 195569
 195567
 195509
 195129
 194995
 194957
 194854
 194736
 194619
 194607
 194374
 194002
 193988
 193958
 193763
 193739
 193665
 193651
 193541
 193513
 193313
 193133
 192963
 192961
 192956
 192889
 192882
 192828
 192733
 192730
 192711
 192702
 192584
 192572
 192565
 192407
 192307
 192259
 192253
 192214
 192010
 191744
 191676
 191615
 191462
 191461
 191036
 190901
 190854
 190476
 190465
 190397
 190322
 190243
 190198
 190164
 190107
 189873
 189634
 189353
 189147
 189127
 188989
 188963
 188483
 188440
 188394
 187952
 187844
 187838
 187752
 187598
 187357
 187192
 187128
 187048
 186790
 186620
 186602
 186551
 186458
 186452
 186357
 186328
 186208
 186171
 185896
 185798
 185661
 185516
 185513
 185493
 185491
 185421
 185387
 185342
 185107
 184981
 184917
 184901
 184817
 184786
 184694
 184564
 184430
 184420
 184271
 184141
 183450
 183434
 183326
 183235
 183218
 183155
 183073
 183049
 182926
 182867
 182670
 182655
 182442
 182312
 182188
 182110
 182029
 181960
 181878
 181735
 181721
 181707
 181638
 181553
 181464
 181450
 181279
 181277
 181275
 181232
 180998
 180912
 180861
 180801
 180775
 180625
 180556
 180429
 180284
 180222
 180159
 180102
 180087
 180069
 179996
 179958
 179948
 179677
 179650
 179625
 179586
 179563
 179488
 179388
 179190
 179107
 178809
 178639
 178493
 178484
 178459
 178406
 178353
 178154
 178055
 178008
 177837
 177687
 177486
 177215
 177141
 176576
 176530
 176363
 176334
 176200
 176129
 176069
 176009
 175908
 175896
 175805
 175768
 175727
 175570
 175370
 175183
 175095
 175036
 175000
 174982
 174924
 174882
 174740
 174418
 174314
 174066
 173734
 173647
 173591
 173488
 173270
 173221
 173204
 173176
 173166
 173118
 173050
 173009
 172936
 172905
 172711
 172323
 172279
 172184
 172083
 171736
 171703
 171420
 171400
 171329
 171151
 170891
 170711
 170639
 170478
 170239
 170008
 169770
 169695
 169536
 169453
 169448
 169420
 169078
 168808
 168603
 168532
 168493
 168472
 168301
 168278
 168108
 168094
 168010
 167933
 167748
 167539
 167411
 167292
 167253
 167224
 166926
 166922
 166921
 166875
 166830
 166763
 166681
 166666
 166598
 166519
 166410
 166110
 165928
 165763
 165631
 165543
 165442
 165212
 164835
 164816
 164612
 164535
 164467
 164351
 164293
 164001
 163939
 163862
 163641
 163581
 163487
 163297
 163163
 162714
 162607
 162462
 162459
 162426
 162417
 162393
 162274
 162084
 162063
 161971
 161824
 161821
 161805
 161719
 161690
 161573
 161552
 161511
 161481
 161355
 161257
 161174
 161137
 161127
 160959
 160919
 160804
 160715
 160709
 160697
 160563
 160544
 160392
 160385
 160321
 160242
 160196
 160136
 160010
 159875
 159842
 159786
 159684
 159655
 159643
 159434
 159403
 159264
 159166
 159100
 159054
 158994
 158985
 158980
 158928
 158808
 158755
 158504
 158291
 158139
 158125
 158034
 157996
 157785
 157756
 157745
 157657
 157636
 157588
 157584
 157582
 157570
 157534
 157156
 157151
 157107
 157038
 156873
 156830
 156507
 156399
 156272
 156030
 155914
 155750
 155608
 155572
 155364
 155233
 155205
 155162
 155161
 155115
 155090
 154771
 154685
 154658
 154633
 154451
 154417
 154412
 154347
 154144
 154095
 153828
 153721
 153703
 153469
 152970
 152963
 152914
 152863
 152785
 152739
 152592
 152510
 152406
 152310
 152304
 152013
 151672
 151649
 151515
 151452
 151123
 151107
 150998
 150995
 150865
 150671
 150511
 150489
 150411
 150336
 150168
 150164
 150064
 150000
 149934
 149867
 149769
 149683
 149677
 149623
 149585
 149534
 149470
 149202
 149162
 148851
 148848
 148679
 148633
 148440
 148418
 148314
 148057
 148030
 147858
 147756
 147724
 147698
 147540
 147498
 147447
 147437
 147426
 147296
 147277
 147219
 147153
 147024
 146968
 146760
 146624
 146470
 146067
 146063
 145803
 145690
 145681
 145560
 145526
 145248
 145164
 144680
 144631
 144408
 144287
 144118
 143806
 143769
 143659
 143441
 143408
 143255
 143204
 142938
 142930
 142663
 142591
 142491
 142449
 142364
 142222
 142192
 142068
 141875
 141868
 141652
 141651
 141610
 141592
 141527
 141379
 141194
 141176
 141165
 141128
 141087
 141019
 141008
 140974
 140940
 140931
 140745
 140741
 140663
 140583
 140519
 140452
 140451
 140393
 140296
 140231
 140224
 140153
 140144
 140052
 140032
 139903
 139821
 139707
 139656
 139534
 139382
 139376
 139255
 139222
 139111
 139107
 139029
 138984
 138894
 138688
 138627
 138604
 138516
 138491
 138403
 138203
 138146
 138133
 137846
 137739
 137682
 137528
 137516
 137317
 137261
 137252
 137194
 137090
 136948
 136830
 136768
 136760
 136706
 136679
 136484
 136398
 136150
 136016
 135551
 135384
 135296
 135228
 135215
 135153
 135011
 134925
 134846
 134840
 134577
 134560
 134534
 134432
 134398
 134355
 134254
 133956
 133898
 133888
 133839
 133723
 133644
 133613
 133192
 133135
 133107
 133082
 133016
 132837
 132700
 132549
 132441
 132352
 132341
 132326
 132257
 132107
 132084
 132080
 132026
 131970
 131951
 131939
 131834
 131813
 131775
 131724
 131711
 131564
 131447
 131439
 131386
 131361
 131248
 131196
 131173
 131089
 131015
 130994
 130976
 130853
 130844
 130785
 130754
 130721
 130656
 130482
 130179
 130016
 130013
 129955
 129935
 129893
 129829
 129774
 129625
 129126
 128988
 128937
 128917
 128480
 128333
 128278
 128256
 128048
 128023
 127996
 127958
 127941
 127844
 127769
 127615
 127603
 127504
 127479
 127478
 127222
 127069
 126959
 126935
 126927
 126865
 126824
 126711
 126543
 126508
 126444
 126341
 126250
 126074
 126043
 126008
 125915
 125837
 125763
 125614
 125598
 125532
 125363
 125184
 125138
 124980
 124883
 124756
 124710
 124688
 124658
 124586
 124193
 124174
 124168
 124023
 123985
 123960
 123834
 123485
 123409
 123407
 123329
 122807
 122792
 122661
 122657
 122605
 122540
 122522
 122478
 122473
 122416
 122331
 122199
 122033
 121982
 121867
 121212
 121143
 121108
 120518
 120431
 120385
 120269
 120268
 120011
 119860
 119784
 119651
 119628
 119625
 119422
 119302
 119231
 119160
 119047
 118998
 118890
 118802
 118800
 118751
 118546
 118492
 118473
 118449
 118235
 118206
 118201
 118199
 118095
 117984
 117981
 117946
 117773
 117699
 117653
 117540
 117491
 117408
 117354
 117295
 117290
 116869
 116808
 116803
 116793
 116788
 116695
 116682
 116577
 116512
 116396
 116301
 116295
 116288
 116074
 116013
 115721
 115597
 115548
 115423
 115414
 115324
 115316
 115283
 115242
 115200
 114919
 114891
 114853
 114564
 114550
 114537
 114529
 114242
 114119
 114052
 113992
 113967
 113939
 113844
 113815
 113777
 113700
 113636
 113492
 113427
 113395
 113300
 113259
 113123
 112903
 112849
 112655
 112609
 112584
 112480
 112289
 112233
 112188
 112151
 112029
 111994
 111970
 111961
 111747
 111731
 111336
 111203
 111165
 111153
 111024
 110774
 110729
 110671
 110645
 110530
 110481
 110412
 110367
 110362
 110286
 110011
 109828
 109759
 109657
 109642
 109473
 109289
 109241
 109195
 109110
 109090
 109004
 108771
 108710
 108356
 108279
 108231
 108224
 108219
 108148
 108064
 108030
 107990
 107749
 107576
 107514
 107457
 107404
 107261
 107200
 107081
 106888
 106846
 106783
 106717
 106654
 106644
 106447
 106210
 105874
 105729
 105626
 105610
 105563
 105522
 105504
 105455
 105432
 105287
 105263
 104972
 104968
 104821
 104479
 104053
 103878
 103657
 103641
 103547
 103544
 103533
 103431
 103092
 102924
 102766
 102755
 102638
 102568
 102317
 102253
 102023
 101991
 101921
 101899
 101836
 101735
 101734
 101647
 101562
 101503
 101466
 101370
 101345
 101211
 101150
 101144
 101088
 101075
 101073
 101022
 100962
 100947
 100757
 100611
 100607
 100494
 100468
 100460
 100402
 100276
 100271
 100207
 100129
 100049
 99999
 99968
 99951
 99782
 99752
 99748
 99597
 99591
 99467
 99293
 99291
 99187
 98726
 98654
 98566
 98563
 98467
 98210
 98156
 98154
 98000
 97841
 97778
 97687
 97654
 97512
 97428
 97124
 97034
 96908
 96833
 96739
 96702
 96692
 96499
 96447
 96387
 96385
 96330
 96286
 96248
 96174
 96146
 96134
 96083
 95814
 95733
 95679
 95457
 95238
 95179
 94987
 94954
 94917
 94897
 94730
 94636
 94628
 94412
 94402
 94371
 94367
 94280
 94256
 93894
 93840
 93836
 93754
 93744
 93546
 93450
 93445
 93280
 93266
 93121
 93043
 92841
 92755
 92752
 92701
 92668
 92592
 92591
 92401
 92369
 92144
 92132
 92088
 92009
 91996
 91947
 91897
 91590
 91494
 91486
 91364
 91358
 91346
 91339
 91306
 91269
 91142
 91105
 91098
 90983
 90958
 90941
 90671
 90653
 90527
 90460
 90389
 90351
 90323
 90210
 90128
 90073
 89955
 89712
 89348
 89316
 89154
 89123
 89087
 89059
 89028
 89007
 88768
 88764
 88753
 88588
 88483
 88325
 88266
 88214
 88095
 88031
 88023
 88017
 87938
 87884
 87799
 87755
 87739
 87719
 87712
 87660
 87634
 87540
 87523
 87218
 87079
 87051
 86470
 86307
 86206
 86192
 86172
 86169
 86089
 86043
 86018
 85965
 85953
 85791
 85714
 85704
 85557
 85553
 85302
 85202
 85142
 85048
 84959
 84918
 84904
 84745
 84673
 84626
 84543
 84458
 84418
 84381
 84290
 84258
 84076
 83924
 83886
 83833
 83684
 83636
 83614
 83510
 83497
 83383
 83128
 83107
 83054
 83034
 82969
 82929
 82722
 82716
 82677
 82493
 82427
 82307
 82294
 82283
 82224
 82003
 81895
 81875
 81815
 81803
 81673
 81623
 81294
 81223
 81200
 81179
 81081
 80993
 80928
 80898
 80794
 80416
 80365
 80270
 80237
 80058
 79950
 79829
 79720
 79717
 79667
 79655
 79316
 79254
 79234
 79105
 78977
 78914
 78740
 78542
 78522
 78431
 78305
 78297
 78240
 78220
 78082
 78075
 77861
 77727
 77689
 77548
 77490
 77468
 77047
 76947
 76936
 76898
 76888
 76887
 76703
 76674
 76668
 76475
 76381
 76176
 76104
 76086
 76037
 76001
 75881
 75834
 75757
 75572
 75338
 75271
 74915
 74898
 74854
 74773
 74735
 74665
 74662
 74643
 74382
 74333
 74274
 74077
 74058
 73868
 73817
 73678
 73563
 73538
 73364
 73341
 73307
 73087
 72899
 72800
 72691
 72655
 72632
 72135
 72131
 71859
 71726
 71706
 71672
 71661
 71575
 71453
 71428
 71383
 71197
 71162
 70907
 70797
 70632
 70533
 70479
 70447
 70398
 70278
 70006
 69967
 69683
 69675
 69604
 69424
 69369
 69364
 69126
 69076
 68965
 68709
 68609
 68600
 68493
 68449
 68445
 68213
 68206
 68202
 68181
 68149
 68126
 67879
 67822
 67821
 67688
 67632
 67603
 67546
 67515
 67347
 67342
 67336
 67283
 67277
 67183
 67149
 67017
 66938
 66843
 66699
 66663
 66534
 66433
 66379
 66372
 66336
 66255
 65977
 65939
 65934
 65929
 65886
 65733
 65484
 65345
 65314
 65077
 65057
 64912
 64907
 64690
 64681
 64486
 64286
 64183
 64127
 64117
 64018
 63774
 63595
 63538
 63449
 63407
 63386
 63153
 62861
 62809
 62801
 62790
 62614
 62504
 62465
 62403
 62397
 62353
 62273
 62252
 62172
 62141
 62005
 61805
 61797
 61788
 61768
 61519
 61411
 61403
 61276
 61261
 61260
 61145
 61127
 61072
 61069
 61012
 60790
 60744
 60727
 60668
 60647
 60454
 60434
 60360
 60307
 60205
 60200
 60083
 59988
 59899
 59831
 59785
 59764
 59705
 59450
 59322
 59216
 59176
 59143
 59138
 58733
 58716
 58709
 58549
 58545
 58515
 58502
 58329
 58232
 58136
 58111
 58073
 58064
 58058
 57963
 57950
 57706
 57669
 57604
 57598
 57355
 57338
 57263
 57231
 57194
 56909
 56868
 56749
 56521
 56503
 56443
 56414
 56291
 56290
 56286
 56152
 56104
 55923
 55908
 55843
 55736
 55394
 55338
 55233
 55087
 55041
 55019
 54945
 54789
 54631
 54512
 54442
 54377
 54363
 54192
 54162
 54094
 54076
 53781
 53778
 53756
 53753
 53699
 53631
 53606
 53426
 53208
 53205
 53109
 53106
 53036
 52772
 52651
 52540
 52511
 52426
 52238
 52149
 52023
 51943
 51751
 51612
 51596
 51545
 51489
 51442
 51213
 51143
 51121
 51083
 51016
 50966
 50965
 50950
 50895
 50792
 50336
 50206
 50200
 50177
 50135
 49944
 49668
 49622
 49579
 49556
 49334
 49279
 49200
 48839
 48780
 48772
 48654
 48445
 48303
 48113
 48025
 47994
 47973
 47924
 47913
 47866
 47831
 47827
 47798
 47664
 47490
 47402
 47351
 47172
 47059
 47035
 46805
 46679
 46511
 46456
 46431
 46294
 46248
 46223
 46171
 46092
 45854
 45749
 45660
 45588
 45525
 45454
 44907
 44906
 44572
 44399
 44347
 44306
 43985
 43926
 43851
 43838
 43774
 43621
 43227
 43117
 42822
 42813
 42524
 42478
 42430
 42372
 42369
 42073
 41706
 41675
 41647
 41583
 41362
 41237
 41183
 41173
 41055
 41021
 40983
 40893
 40874
 40873
 40868
 40711
 40696
 40688
 40596
 40531
 40513
 40293
 40209
 40156
 39978
 39968
 39696
 39650
 39627
 39483
 39250
 39129
 39075
 38995
 38867
 38647
 38566
 38549
 38461
 38371
 38315
 38256
 38188
 38049
 37969
 37873
 37598
 37328
 37306
 37037
 36813
 36710
 36632
 36416
 36349
 36328
 36188
 36088
 35887
 35697
 35676
 35629
 35604
 35464
 35388
 35375
 35039
 35029
 34983
 34969
 34716
 34662
 34605
 34334
 34315
 34275
 34255
 34161
 34075
 33979
 33793
 33649
 33445
 33348
 33333
 33212
 33169
 33158
 33153
 32949
 32906
 32865
 32844
 32832
 32800
 32604
 32505
 32470
 32269
 32267
 32208
 32153
 32124
 31987
 31951
 31923
 31903
 31863
 31432
 31360
 31349
 31327
 31288
 31015
 30994
 30875
 30808
 30679
 30474
 30374
 30333
 30268
 30019
 29886
 29779
 29778
 29561
 29555
 29485
 29398
 29285
 29156
 29142
 29017
 28825
 28677
 28595
 28540
 28469
 28452
 28048
 27849
 27845
 27757
 27714
 27541
 27389
 27279
 27186
 27143
 27091
 27014
 27008
 26855
 26816
 26743
 26617
 26604
 26564
 26283
 26233
 26206
 26029
 25904
 25857
 25762
 25754
 25582
 25574
 25506
 25463
 25427
 25286
 25258
 25243
 25242
 25197
 25179
 25069
 25013
 25011
 24810
 24769
 24634
 24629
 24568
 24532
 24219
 24177
 24025
 23991
 23922
 23809
 23803
 23754
 23695
 23638
 23616
 23567
 23437
 23400
 22909
 22785
 22676
 22594
 22516
 22487
 22446
 22303
 22024
 22005
 21999
 21969
 21812
 21765
 21700
 21268
 21005
 20987
 20924
 20816
 20571
 20547
 20506
 20474
 20408
 20233
 20171
 20138
 20085
 19868
 19831
 19745
 19728
 19656
 19651
 19529
 19465
 19438
 19287
 19054
 18990
 18936
 18907
 18771
 18723
 18683
 18237
 18192
 18026
 17994
 17958
 17751
 17729
 17470
 17257
 17010
 16914
 16313
 16306
 16266
 16233
 16208
 16165
 16094
 15899
 15745
 15649
 15645
 15638
 15460
 15075
 15067
 14933
 14929
 14899
 14839
 14745
 14730
 14640
 14038
 13990
 13905
 13727
 13580
 13495
 13400
 13365
 13343
 13234
 13158
 13089
 12991
 12738
 12473
 12454
 12345
 12098
 11923
 11900
 11843
 11199
 10735
 10680
 10656
 10493
 10427
 10420
 10374
 10257
 10251
 10250
 10069
 9996
 9700
 9651
 9492
 9469
 9357
 9313
 9287
 9181
 9176
 9030
 8972
 8965
 8938
 8915
 8876
 8867
 8729
 8695
 8665
 8633
 8568
 8548
 8539
 8522
 8504
 8479
 8338
 8326
 8299
 8285
 8275
 7849
 7790
 7394
 7331
 7317
 7275
 7263
 7246
 7243
 6779
 6746
 6693
 6635
 6567
 6506
 6457
 6347
 6329
 6289
 6229
 6189
 6018
 6008
 5936
 5786
 5683
 5662
 5594
 5516
 5445
 5305
 5297
 5156
 4851
 4650
 4595
 4474
 4415
 4005
 3796
 3785
 3655
 3649
 3622
 3602
 3502
 3475
 3427
 3367
 3307
 3303
 3254
 3044
 2985
 2862
 2850
 2808
 2773
 2741
 2622
 2378
 2355
 2347
 2341
 2252
 2183
 2119
 2076
 2011
 1990
 1801
 1428
 1136
 1027
 909
 886
 773
 681
 524
 433
 400
 227
 132
 125
 94
 46
 0
 