499854
 499759
 499310
 498932
 498908
 498795
 498722
 498656
 498654
 498547
 498539
 498495
 498328
 498162
 498154
 498023
 498014
 497890
 497846
 497600
 497455
 497248
 497208
 497168
 497059
 496966
 496750
 496609
 496499
 496402
 496294
 496246
 496230
 496145
 496133
 495860
 495708
 495700
 495645
 495483
 495464
 495135
 495034
 495029
 494964
 494923
 494918
 494892
 494816
 494744
 494623
 494465
 494436
 494363
 494252
 494231
 494190
 494183
 494121
 494047
 493926
 493656
 493524
 493518
 493406
 493352
 493139
 493100
 493040
 492997
 492946
 492804
 492795
 492736
 492682
 492625
 492537
 492535
 492507
 492403
 492190
 492092
 491687
 491509
 491504
 491438
 491360
 491217
 491040
 491037
 490958
 490897
 490844
 490837
 490772
 490442
 490373
 490307
 490302
 490280
 490267
 490094
 489698
 489592
 489467
 489431
 489116
 489017
 488509
 488507
 488259
 488151
 488110
 488058
 487815
 487755
 487654
 487482
 487468
 487348
 487321
 487302
 487287
 487224
 487161
 486811
 486772
 486749
 486717
 486689
 486674
 486455
 486384
 486352
 486040
 485576
 485515
 485480
 485479
 485301
 485255
 484923
 484861
 484662
 484459
 484386
 484350
 484225
 484166
 484164
 484118
 484101
 483977
 483935
 483894
 483797
 483769
 483763
 483592
 483512
 483370
 483317
 483298
 483284
 483150
 483080
 483068
 483050
 482926
 482796
 482789
 482662
 482610
 482507
 482459
 482256
 482245
 482217
 482129
 482053
 482027
 481933
 481842
 481510
 481306
 481293
 481051
 480972
 480926
 480925
 480924
 480885
 480872
 480676
 480660
 480641
 480510
 480427
 480415
 480361
 480314
 480198
 480174
 480098
 480047
 480006
 479987
 479919
 479914
 479769
 479457
 479359
 479188
 479166
 479161
 479133
 478901
 478789
 478669
 478602
 478550
 478479
 478470
 478263
 477897
 477876
 477795
 477632
 477483
 477249
 477246
 477214
 477183
 476974
 476963
 476907
 476890
 476817
 476808
 476756
 476689
 476687
 476507
 476388
 476224
 476220
 476212
 476139
 476127
 476079
 475954
 475830
 475729
 475713
 475632
 475609
 475572
 475552
 475430
 475297
 475289
 475202
 475125
 475095
 475057
 475055
 475039
 475031
 474981
 474951
 474842
 474782
 474767
 474666
 474527
 474376
 474217
 474132
 473905
 473891
 473813
 473709
 473652
 473482
 473417
 472950
 472924
 472781
 472679
 472650
 472575
 472500
 472481
 472192
 472160
 471855
 471582
 471580
 471486
 471402
 471279
 471199
 471191
 471178
 471062
 471027
 470956
 470820
 470692
 470646
 470441
 470347
 470271
 470217
 470143
 470118
 470063
 470032
 469968
 469806
 469583
 469575
 469523
 469473
 469393
 469336
 468936
 468853
 468805
 468760
 468745
 468606
 468586
 468507
 468439
 468349
 468343
 468259
 468188
 468172
 468072
 468022
 468011
 467923
 467847
 467766
 467636
 467537
 467450
 467083
 467059
 466910
 466876
 466746
 466625
 466624
 466559
 466474
 466172
 466152
 466111
 466053
 466043
 465912
 465828
 465761
 465656
 465616
 465430
 465408
 465374
 465329
 465244
 465227
 465009
 465003
 464712
 464676
 464670
 464443
 464277
 464222
 463877
 463740
 463658
 463616
 463598
 463549
 463503
 463343
 463094
 463035
 463019
 462948
 462920
 462593
 462500
 462490
 462489
 462388
 462301
 462276
 462242
 462218
 462162
 462015
 461982
 461852
 461803
 461782
 461665
 461501
 461413
 461388
 461274
 461173
 461098
 460976
 460956
 460873
 460773
 460762
 460581
 460408
 460332
 460133
 460042
 460038
 459992
 459667
 459565
 459461
 459294
 459218
 459212
 459094
 458925
 458917
 458829
 458723
 458645
 458586
 458533
 458309
 458229
 458033
 457746
 457733
 457641
 457512
 457438
 457380
 457264
 457237
 457184
 457182
 457179
 457166
 456459
 456140
 455863
 455618
 455604
 455564
 455542
 455499
 455459
 455353
 455297
 454889
 454686
 454642
 454599
 454593
 454367
 454141
 454108
 453995
 453981
 453944
 453823
 453801
 453632
 453477
 453457
 452906
 452874
 452789
 452777
 452380
 452238
 451958
 451808
 451618
 451548
 451373
 451321
 451256
 451253
 450955
 450707
 450595
 450381
 450351
 450289
 450262
 450258
 450072
 449999
 449732
 449721
 449572
 449567
 449494
 449454
 449315
 449110
 448993
 448912
 448849
 448619
 448374
 448331
 448284
 448202
 448135
 448055
 447894
 447820
 447639
 447522
 447187
 447040
 446919
 446902
 446886
 446859
 446808
 446746
 446694
 446531
 446523
 446363
 446335
 446181
 446152
 446004
 445990
 445969
 445725
 445569
 445347
 445160
 445116
 445093
 445018
 444998
 444899
 444782
 444564
 444540
 444471
 444414
 444397
 444283
 444149
 444051
 443995
 443985
 443788
 443597
 443535
 443159
 442862
 442804
 442789
 442760
 442670
 442570
 442227
 441747
 441744
 441676
 441458
 441379
 441378
 441239
 441066
 441010
 440697
 440304
 440274
 440211
 440165
 440125
 440093
 439985
 439776
 439513
 439359
 439244
 439078
 438813
 438791
 438764
 438709
 438687
 438604
 438505
 438409
 438024
 437984
 437585
 437567
 437500
 437339
 437062
 436896
 436867
 436649
 436525
 436445
 436406
 436031
 435833
 435814
 435721
 435449
 435367
 435188
 435173
 435014
 434998
 434782
 434649
 434555
 434538
 434485
 434460
 434260
 434214
 434211
 434099
 433993
 433977
 433871
 433700
 433663
 433614
 433594
 433566
 433502
 433453
 433343
 433333
 433259
 433150
 433119
 432978
 432944
 432845
 432789
 432686
 432432
 432428
 432330
 432270
 432190
 432156
 431978
 431858
 431810
 431777
 431732
 431632
 431593
 431532
 431481
 431382
 431354
 431245
 431191
 431121
 431034
 431020
 430894
 430774
 430725
 430601
 430351
 430321
 430318
 430243
 430160
 430128
 430016
 429724
 429633
 429538
 429385
 429381
 429332
 429132
 429099
 429094
 428944
 428940
 428857
 428849
 428757
 428731
 428635
 428617
 428579
 428571
 428521
 428513
 428494
 428447
 428438
 428427
 428351
 428300
 428256
 428234
 428083
 428078
 428013
 427948
 427864
 427710
 427683
 427654
 427651
 427549
 427475
 427268
 427257
 427135
 427055
 426900
 426859
 426540
 426531
 426403
 426320
 426095
 426028
 425889
 425880
 425850
 425803
 425629
 425595
 425531
 425248
 425183
 425147
 425142
 425090
 425071
 424803
 424725
 424661
 424617
 424477
 424456
 424227
 424145
 423972
 423923
 423839
 423744
 423728
 423719
 423658
 423587
 423500
 423475
 423459
 423458
 423452
 423302
 423275
 423076
 422928
 422542
 422469
 422347
 421895
 421875
 421791
 421751
 421705
 421653
 421639
 421568
 421530
 421390
 421253
 421113
 421082
 421077
 421026
 420750
 420737
 420718
 420463
 420436
 420367
 420321
 420247
 420239
 420114
 419999
 419976
 419889
 419819
 419623
 419548
 419518
 419268
 419105
 418962
 418958
 418940
 418885
 418693
 418529
 418378
 418346
 418258
 418009
 417951
 417873
 417869
 417765
 417708
 417689
 417550
 417328
 417110
 416907
 416836
 416819
 416804
 416769
 416740
 416705
 416651
 416625
 416468
 416345
 416344
 416312
 416202
 416155
 416145
 415854
 415844
 415347
 415127
 414696
 414552
 414393
 414350
 414348
 414298
 414190
 414121
 414040
 413949
 413857
 413725
 413629
 413492
 413028
 412686
 412683
 412682
 412621
 412578
 412559
 412494
 412375
 412347
 412274
 412046
 412024
 411984
 411896
 411736
 411637
 411433
 411389
 411184
 411144
 410983
 410719
 410454
 409933
 409914
 409748
 409660
 409591
 409580
 409491
 409478
 409380
 409128
 409090
 409077
 408978
 408940
 408926
 408693
 408688
 408657
 408593
 408531
 408463
 408313
 408185
 408149
 408126
 408071
 407995
 407936
 407814
 407718
 407695
 407578
 407477
 407351
 407089
 407081
 407072
 407032
 407027
 406978
 406976
 406790
 406779
 406637
 406458
 406421
 406378
 406346
 406303
 406274
 406226
 406140
 406054
 405977
 405956
 405830
 405797
 405784
 405781
 405638
 405405
 405291
 405137
 405022
 405003
 404974
 404915
 404848
 404815
 404683
 404517
 404426
 404227
 403829
 403712
 403514
 403381
 403293
 403253
 403066
 402998
 402745
 402702
 402595
 402540
 402457
 402391
 402362
 402278
 402157
 402145
 402104
 402079
 401977
 401836
 401667
 401537
 401474
 401331
 401284
 401088
 400891
 400798
 400720
 400567
 400408
 400373
 400274
 400021
 399808
 399613
 399580
 399410
 399389
 399222
 399118
 398864
 398674
 398643
 398583
 398544
 398527
 398495
 398427
 398412
 398249
 398140
 398053
 397909
 397837
 397800
 397634
 397518
 397496
 397384
 397151
 397107
 396969
 396943
 396883
 396860
 396532
 396440
 396369
 396321
 396315
 396301
 396253
 396191
 396129
 396103
 396096
 396023
 395536
 395426
 395377
 395244
 395203
 395177
 395161
 394946
 394933
 394929
 394654
 394630
 394204
 394136
 394076
 394008
 393858
 393848
 393819
 393808
 393765
 393604
 393598
 393529
 393414
 393393
 393271
 393135
 393092
 393043
 392942
 392929
 392926
 392870
 392805
 392552
 392465
 392315
 392254
 391954
 391762
 391714
 391669
 391629
 391608
 391542
 391464
 391408
 391405
 391278
 391186
 391162
 391144
 391139
 391033
 390838
 390693
 390561
 390535
 390503
 390463
 390390
 390267
 390190
 390127
 390014
 389961
 389845
 389812
 389760
 389668
 389525
 389426
 389339
 389269
 389147
 388825
 388580
 388463
 388429
 388188
 388114
 388010
 387706
 387589
 387508
 387359
 387352
 387060
 386958
 386809
 386755
 386628
 386622
 386478
 386474
 386283
 386252
 386234
 386187
 386124
 386103
 386079
 386069
 386011
 385991
 385937
 385647
 385504
 385499
 385479
 385339
 385295
 385147
 385031
 384963
 384936
 384930
 384917
 384880
 384844
 384703
 384559
 384507
 384412
 384168
 384152
 384129
 383986
 383922
 383897
 383718
 383652
 383574
 383393
 383171
 383100
 383090
 383003
 382985
 382972
 382847
 382823
 382822
 382521
 382473
 382433
 382422
 382407
 382315
 382283
 382274
 382194
 381937
 381837
 381698
 381654
 381587
 381586
 381333
 381303
 381251
 380861
 380720
 380718
 380616
 380334
 380261
 380184
 379775
 379690
 379683
 379475
 379110
 379103
 378946
 378786
 378774
 378730
 378719
 378689
 378406
 378400
 378176
 377833
 377792
 377717
 377654
 377590
 377433
 377385
 377312
 376930
 376813
 376746
 376727
 376662
 376266
 376164
 376004
 375955
 375888
 375731
 375725
 375704
 375690
 375589
 375486
 375352
 375346
 375315
 375273
 375111
 375028
 374905
 374551
 374492
 374483
 374468
 374433
 374378
 374322
 374155
 374033
 373722
 373719
 373716
 373675
 373617
 373417
 373252
 373085
 372884
 372862
 372821
 372797
 372738
 372719
 372190
 372113
 371987
 371969
 371665
 371628
 371594
 371452
 371413
 371198
 371149
 371136
 371110
 370990
 370950
 370908
 370813
 370777
 370721
 370534
 370506
 370503
 370360
 370328
 370059
 369960
 369958
 369863
 369747
 369675
 369615
 369494
 369491
 369370
 369286
 369204
 369135
 369019
 368912
 368884
 368827
 368753
 368620
 368573
 368394
 368315
 368175
 368067
 367824
 367644
 367633
 367632
 367622
 367617
 367573
 367403
 367282
 367276
 367231
 367229
 367221
 367212
 367105
 367067
 367053
 367006
 366949
 366933
 366919
 366910
 366828
 366662
 366639
 366581
 366517
 366174
 366144
 366085
 365905
 365766
 365693
 365654
 365629
 365440
 365436
 365435
 365401
 365398
 365379
 365287
 365209
 365168
 365105
 365045
 364955
 364885
 364676
 364653
 364577
 364531
 364459
 364228
 364144
 364089
 363963
 363816
 363723
 363704
 363484
 363369
 363346
 363321
 363197
 363194
 363154
 363023
 362999
 362944
 362862
 362848
 362840
 362795
 362610
 362597
 362385
 362262
 362257
 362068
 362019
 361841
 361836
 361788
 361783
 361718
 361410
 361247
 361223
 361217
 360914
 360788
 360544
 360215
 360159
 360039
 359846
 359749
 359506
 359384
 359218
 359196
 359165
 359123
 359019
 358958
 358921
 358876
 358873
 358559
 358447
 358347
 358184
 358099
 357720
 357682
 357633
 357548
 357453
 357374
 357282
 357262
 357218
 357099
 356894
 356781
 356440
 356365
 355799
 355713
 355650
 355645
 355440
 355403
 355396
 355366
 355151
 355136
 355132
 355127
 354925
 354856
 354827
 354748
 354683
 354516
 354470
 354430
 354422
 354362
 354336
 354251
 353887
 353757
 353601
 353578
 353371
 353361
 353349
 353318
 353174
 352911
 352613
 352553
 352484
 352250
 352147
 351996
 351987
 351896
 351778
 351745
 351708
 351695
 351638
 351474
 351262
 351128
 350953
 350899
 350871
 350865
 350798
 350754
 350740
 350603
 350435
 350405
 350394
 350354
 350342
 350341
 350328
 350241
 350240
 350174
 349872
 349755
 349732
 349708
 349616
 349508
 349426
 349362
 349359
 349340
 349315
 349271
 349106
 348817
 348785
 348695
 348660
 348649
 348360
 348305
 348152
 348029
 347970
 347885
 347862
 347826
 347758
 347740
 347530
 347406
 347010
 347006
 346932
 346760
 346484
 346378
 346253
 346224
 346163
 346153
 345823
 345641
 345599
 345555
 345447
 345434
 345031
 344893
 344888
 344601
 344564
 344379
 344232
 344173
 344159
 343710
 343700
 343669
 343646
 343596
 343588
 343547
 343505
 343495
 343266
 343230
 343035
 342897
 342806
 342751
 342704
 342683
 342602
 342520
 342498
 342235
 341870
 341787
 341755
 341532
 341499
 341445
 341419
 341412
 341224
 341093
 340867
 340774
 340742
 340555
 340336
 340074
 340005
 339826
 339681
 339628
 339625
 339545
 339528
 339422
 339192
 339186
 339136
 339116
 339064
 338991
 338915
 338838
 338644
 338544
 338525
 338358
 338349
 338209
 338048
 337969
 337826
 337732
 337500
 337443
 337282
 337280
 337243
 337215
 337101
 336952
 336913
 336713
 336711
 336374
 336222
 336158
 336101
 336078
 336052
 335897
 335766
 335742
 335734
 335625
 335551
 335529
 335516
 335498
 335457
 335329
 335144
 335024
 334712
 334659
 334482
 334350
 334109
 334051
 333982
 333957
 333888
 333773
 333623
 333591
 333560
 333552
 333520
 333500
 333354
 333333
 333280
 333201
 333131
 333006
 332983
 332974
 332944
 332862
 332836
 332812
 332752
 332684
 332389
 332379
 332363
 332344
 332134
 332116
 332094
 332041
 332025
 331968
 331839
 331535
 331425
 331287
 331212
 331147
 331031
 330982
 330797
 330727
 330497
 330495
 330355
 329894
 329842
 329747
 329679
 329604
 329048
 328674
 328595
 328436
 328405
 328355
 328325
 328298
 328254
 328252
 328205
 328113
 328106
 327853
 327842
 327786
 327716
 327628
 327599
 327431
 327272
 327237
 327202
 327125
 327080
 326952
 326621
 326488
 326474
 326424
 326388
 326364
 326193
 326107
 325983
 325938
 325791
 325398
 325386
 325233
 325164
 324991
 324740
 324524
 324408
 324313
 324281
 324188
 324144
 324074
 324023
 323811
 323769
 323741
 323573
 323472
 323420
 323353
 323285
 323279
 323270
 323163
 322691
 322636
 322629
 322056
 321862
 321772
 321585
 321545
 321478
 321351
 321338
 321213
 321211
 321093
 321011
 320916
 320902
 320884
 320859
 320245
 320097
 320083
 320065
 320054
 320014
 319918
 319823
 319772
 319671
 319616
 319545
 319482
 319473
 319404
 319391
 319339
 319224
 319080
 319061
 318971
 318948
 318941
 318840
 318781
 318725
 318683
 318680
 318646
 317921
 317849
 317666
 317584
 317175
 317164
 317123
 317116
 317098
 317051
 316624
 316616
 316521
 316423
 316367
 316183
 316099
 316053
 316016
 316012
 315883
 315852
 315789
 315701
 315682
 315446
 315337
 315239
 315207
 315060
 315010
 314997
 314925
 314472
 314420
 314411
 314366
 314276
 314159
 314136
 313590
 313468
 313422
 313333
 313331
 313267
 313005
 312764
 312690
 312678
 312657
 312461
 312435
 312407
 312319
 312145
 311957
 311931
 311858
 311533
 311458
 311453
 311431
 311403
 311330
 311136
 310850
 310721
 310717
 310630
 310466
 310442
 310281
 310250
 310047
 310036
 310026
 309754
 309668
 309660
 309608
 309512
 309462
 309312
 309128
 309078
 308927
 308909
 308509
 308508
 308379
 308339
 308301
 308045
 308012
 308003
 307990
 307945
 307891
 307692
 307604
 307526
 307444
 307392
 307186
 307147
 307096
 306984
 306829
 306818
 306760
 306730
 306666
 306663
 306532
 306394
 306324
 305991
 305807
 305637
 305445
 305125
 305001
 304946
 304916
 304825
 304657
 304641
 304359
 304112
 303988
 303887
 303884
 303749
 303674
 303614
 303576
 303431
 303420
 303322
 303255
 303167
 303097
 303082
 302916
 302872
 302735
 302631
 302605
 302583
 302548
 302417
 302404
 302338
 302286
 302186
 302106
 302054
 302053
 302035
 302024
 302018
 302013
 301925
 301895
 301852
 301817
 301341
 301307
 301134
 301060
 300781
 300579
 300575
 300485
 300424
 300220
 300196
 300000
 299824
 299777
 299719
 299511
 299422
 299421
 299274
 299204
 299183
 299148
 299080
 299007
 298964
 298863
 298762
 298155
 298153
 298077
 298028
 297890
 297834
 297813
 297681
 297523
 297475
 297372
 297363
 297179
 297124
 296999
 296974
 296839
 296738
 296667
 296648
 296610
 296542
 296493
 296485
 296456
 296425
 296306
 296296
 296273
 296138
 296067
 295973
 295920
 295839
 295823
 295763
 295755
 295647
 295601
 295438
 295433
 295418
 295185
 295045
 295006
 295000
 294832
 294813
 294809
 294690
 294667
 294565
 294295
 294199
 293980
 293844
 293788
 293775
 293664
 293632
 293495
 293425
 293184
 293150
 293080
 293011
 292842
 292557
 292425
 292161
 292097
 291922
 291864
 291849
 291773
 291767
 291763
 291744
 291739
 291710
 291613
 291541
 291504
 291343
 291304
 291177
 291166
 291124
 290960
 290848
 290810
 290689
 290586
 290431
 290262
 290220
 290155
 290106
 290041
 289959
 289957
 289668
 289571
 289552
 289363
 289361
 289093
 289013
 289012
 289006
 288954
 288784
 288692
 288618
 288542
 288387
 288385
 288278
 288033
 288018
 287803
 287667
 287573
 287478
 287463
 287442
 287420
 287364
 287349
 287330
 287267
 287152
 287136
 287121
 286933
 286914
 286888
 286885
 286676
 286579
 286459
 286346
 286323
 286243
 286187
 286170
 286163
 286107
 286090
 286062
 285926
 285922
 285903
 285579
 285367
 285303
 285186
 284707
 284441
 284377
 284360
 284290
 284268
 284153
 284139
 283931
 283927
 283856
 283799
 283701
 283616
 283503
 283462
 283411
 283409
 283338
 283303
 283210
 283138
 282996
 282928
 282529
 282452
 282442
 282325
 282321
 282280
 282253
 282206
 282158
 281907
 281804
 281735
 281672
 281623
 281526
 281490
 281407
 281376
 281270
 280929
 280824
 280545
 280372
 280334
 280229
 280170
 280087
 280038
 279824
 279669
 279337
 279069
 279045
 278718
 278688
 278681
 278663
 278634
 278627
 278576
 278529
 278515
 278443
 278384
 278039
 277877
 277807
 277777
 277395
 277370
 277293
 277235
 277113
 277108
 277102
 277095
 276985
 276861
 276744
 276708
 276672
 276671
 276567
 276521
 276444
 276389
 276374
 276321
 276231
 276094
 276081
 276019
 276011
 275997
 275965
 275933
 275928
 275340
 275302
 275285
 275214
 275172
 274846
 274822
 274806
 274763
 274759
 274742
 274422
 274254
 274213
 274159
 274096
 274002
 273984
 273972
 273896
 273742
 273712
 273584
 273229
 273144
 273118
 273071
 273022
 272907
 272855
 272820
 272727
 272635
 272349
 272328
 272267
 272106
 272096
 272007
 271871
 271763
 271747
 271666
 271604
 271572
 271513
 271485
 271416
 271309
 271108
 271082
 271071
 271065
 271025
 270793
 270755
 270561
 270540
 270181
 270152
 270036
 270007
 269978
 269975
 269905
 269741
 269636
 269614
 269429
 269413
 269339
 269189
 269183
 269084
 268839
 268810
 268781
 268626
 268529
 268479
 268413
 268354
 268346
 268281
 268167
 268046
 267817
 267615
 267600
 267537
 267477
 267399
 267378
 267360
 267299
 267261
 267123
 266964
 266753
 266644
 266616
 266529
 266489
 266470
 266368
 266353
 266193
 266133
 266129
 266070
 266038
 265987
 265952
 265910
 265829
 265667
 265658
 265626
 265442
 265371
 265336
 265284
 265266
 265217
 265116
 265072
 264948
 264811
 264795
 264752
 264719
 264705
 264590
 264339
 264320
 264170
 264140
 263999
 263889
 263841
 263576
 263514
 263460
 263442
 263382
 263360
 263357
 263295
 263185
 263103
 263023
 262937
 262927
 262641
 262620
 262373
 261811
 261724
 261439
 261436
 261352
 261335
 261328
 261131
 261035
 260891
 260656
 260638
 260608
 260487
 260355
 260189
 260176
 260044
 259791
 259702
 259654
 259587
 259507
 259469
 259210
 259124
 258948
 258620
 258457
 258127
 257538
 257171
 256757
 256690
 256559
 256458
 256438
 256083
 256015
 255919
 255825
 255637
 255503
 255493
 255355
 255274
 255268
 255194
 255179
 255013
 254947
 254885
 254863
 254829
 254823
 254344
 254297
 254061
 254019
 253943
 253859
 253731
 253670
 253596
 253437
 253380
 253360
 253003
 252899
 252836
 252635
 252612
 252585
 252520
 252450
 252417
 252236
 252216
 252160
 252115
 252102
 251890
 251833
 251798
 251725
 251710
 251502
 251500
 251417
 251308
 251269
 251192
 251047
 251031
 250849
 250642
 250566
 250502
 250411
 250353
 250325
 250291
 250245
 250128
 249979
 249874
 249717
 249674
 249638
 249488
 249465
 249215
 249203
 249070
 248972
 248817
 248744
 248684
 248565
 248522
 248516
 248369
 248290
 248251
 248077
 248074
 247701
 247573
 247411
 247300
 247267
 247266
 247207
 247200
 247173
 247170
 247072
 247013
 246987
 246984
 246482
 246365
 246211
 245971
 245930
 245843
 245787
 245723
 245515
 245345
 245263
 245207
 245019
 244961
 244919
 244883
 244765
 244726
 244711
 244624
 244618
 244246
 243838
 243724
 243682
 243455
 243323
 243258
 243095
 243016
 242980
 242894
 242809
 242788
 242622
 242611
 242603
 242469
 242424
 242391
 242295
 242205
 242187
 242077
 242028
 242019
 241931
 241885
 241559
 241529
 241499
 241438
 241432
 241361
 241142
 241085
 241037
 241017
 240977
 240946
 240821
 240466
 240195
 240147
 240075
 240017
 239952
 239726
 239644
 239622
 239408
 239248
 239104
 238956
 238866
 238733
 238719
 238620
 238615
 238600
 238513
 238451
 238415
 238305
 238225
 238153
 238146
 237956
 237852
 237613
 237458
 237373
 237259
 237247
 236830
 236701
 236700
 236615
 236066
 235961
 235687
 235684
 235643
 235588
 235587
 235506
 235434
 235424
 235366
 235239
 235061
 235060
 235001
 234937
 234906
 234725
 234471
 234375
 234057
 234034
 233611
 233385
 233379
 233258
 233107
 233068
 232863
 232837
 232774
 232704
 232587
 232487
 232258
 231893
 231892
 231881
 231833
 231775
 231773
 231732
 231731
 231721
 231707
 231380
 231341
 231336
 231292
 231218
 231137
 230972
 230946
 230921
 230915
 230878
 230854
 230851
 230751
 230691
 230560
 230552
 230494
 230427
 230328
 230264
 230233
 230204
 230174
 230172
 230170
 230127
 230075
 230033
 229683
 229489
 229472
 229368
 229365
 229268
 229231
 229203
 229155
 229126
 229077
 229063
 228802
 228681
 228590
 228490
 228380
 228302
 228213
 228137
 228130
 228038
 228026
 228021
 227986
 227920
 227776
 227722
 227678
 227665
 227581
 227470
 227461
 227428
 227189
 227047
 226877
 226826
 226656
 226472
 226467
 226459
 226430
 226402
 226190
 225967
 225891
 225826
 225768
 225649
 225569
 225448
 225320
 225207
 225186
 225141
 224988
 224690
 224513
 224468
 224367
 224234
 224180
 224053
 224017
 223775
 223693
 223678
 223670
 223599
 223485
 223395
 223338
 223245
 223230
 223221
 223189
 223144
 223116
 223023
 222469
 222242
 222132
 222008
 221997
 221996
 221810
 221797
 221781
 221620
 221619
 221476
 221326
 221149
 221111
 220972
 220964
 220941
 220894
 220745
 220688
 220554
 220462
 220427
 220372
 220364
 220350
 220128
 220036
 220000
 219926
 219827
 219622
 219463
 219397
 219298
 219247
 219176
 219071
 218905
 218898
 218865
 218843
 218808
 218549
 218399
 217979
 217681
 217624
 217623
 217149
 217147
 216828
 216613
 216592
 216494
 216369
 216168
 215875
 215661
 215616
 215600
 215179
 215092
 215076
 214987
 214957
 214872
 214680
 214550
 214521
 214254
 214143
 214136
 214114
 214082
 214056
 214055
 214023
 213933
 213824
 213636
 213242
 213205
 213043
 212388
 212311
 212252
 212133
 211759
 211697
 211619
 211565
 211371
 211340
 211267
 211150
 211003
 210777
 210740
 210726
 210510
 210453
 210237
 210182
 210024
 209984
 209977
 209946
 209838
 209819
 209611
 209360
 209167
 208972
 208798
 208677
 208587
 208456
 208288
 208205
 208153
 208092
 208053
 208045
 208004
 207992
 207921
 207774
 207722
 207640
 207491
 207458
 207350
 207344
 207317
 207291
 207206
 206976
 206823
 206738
 206542
 206533
 206477
 206339
 206255
 206207
 206183
 206131
 206029
 205945
 205882
 205820
 205528
 205489
 205420
 205122
 205010
 204929
 204646
 204450
 204347
 204278
 204116
 204089
 203924
 203728
 203709
 203648
 203631
 203300
 203249
 203229
 203197
 203081
 203038
 202970
 202924
 202894
 202825
 202765
 202684
 202642
 202638
 202366
 202266
 202225
 202199
 202030
 202026
 201946
 201942
 201788
 201468
 201379
 201328
 201259
 201168
 201166
 201013
 200969
 200911
 200741
 200733
 200628
 200612
 200564
 200453
 200280
 200104
 200000
 199999
 199738
 199729
 199658
 199457
 199351
 199254
 199081
 198971
 198940
 198675
 198605
 198510
 198321
 198244
 198184
 198160
 198053
 198026
 197976
 197876
 197679
 197649
 197608
 197568
 197398
 197379
 197324
 197320
 197293
 197056
 196956
 196846
 196699
 196489
 196414
 196408
 196384
 196245
 196238
 196195
 196141
 196113
 196054
 195578
 194682
 194654
 194533
 194252
 194226
 194138
 194117
 193940
 193932
 193925
 193830
 193758
 193696
 193539
 193360
 193317
 193292
 193278
 193252
 193218
 193167
 193094
 193079
 193069
 192917
 192817
 192636
 192528
 192447
 192307
 192289
 192281
 191888
 191823
 191799
 191713
 191710
 191662
 191609
 191547
 191266
 191225
 191125
 190957
 190939
 190687
 190598
 190301
 190147
 190114
 190084
 190027
 190012
 189746
 189725
 189720
 189675
 189368
 189346
 189296
 189207
 189165
 188969
 188723
 188570
 188565
 188562
 188439
 188138
 188037
 187239
 187179
 187136
 187011
 186923
 186845
 186767
 186399
 186300
 186174
 185882
 185650
 185641
 185531
 185448
 185430
 185429
 185414
 185114
 184930
 184830
 184776
 184614
 184505
 184415
 184392
 184146
 183917
 183757
 183692
 183613
 183517
 183465
 183199
 183156
 183060
 182961
 182932
 182852
 182824
 182535
 182427
 182379
 182245
 182195
 182112
 182110
 182102
 182070
 181927
 181868
 181849
 181842
 181630
 181590
 181541
 181405
 181194
 181041
 180976
 180935
 180875
 180726
 180649
 180391
 180170
 180133
 179935
 179889
 179841
 179721
 179661
 179585
 179571
 179564
 179466
 179451
 179210
 179181
 179006
 179000
 178977
 178619
 178603
 178571
 178479
 178458
 178332
 178060
 177876
 177861
 177804
 177759
 177691
 177651
 177538
 177290
 177289
 177245
 177064
 177020
 176956
 176821
 176705
 176634
 176616
 176355
 176307
 176231
 176005
 175931
 175858
 175772
 175325
 175225
 175183
 175161
 174972
 174639
 174593
 174447
 174395
 174377
 174307
 174183
 174169
 174134
 174089
 174064
 173962
 173885
 173694
 173599
 173562
 173459
 173404
 173121
 173111
 173077
 173053
 173026
 172985
 172871
 172787
 172752
 172621
 172561
 172494
 172388
 172288
 172032
 172018
 171940
 171920
 171913
 171877
 171773
 171671
 171669
 171570
 171338
 171284
 171255
 171160
 170782
 170662
 170473
 170338
 170319
 170201
 170189
 170183
 170126
 170062
 169833
 169830
 169804
 169764
 169623
 169592
 169452
 169421
 169283
 169186
 169070
 169043
 169019
 168954
 168845
 168690
 168611
 168561
 168310
 168173
 167860
 167546
 167505
 167484
 167206
 167127
 167082
 167039
 166961
 166915
 166726
 166720
 166678
 166666
 166562
 166398
 166314
 166312
 166292
 166241
 166182
 166175
 166098
 166087
 165919
 165825
 165793
 165554
 165283
 165245
 165158
 165091
 164978
 164977
 164822
 164787
 164734
 164729
 164686
 164674
 164577
 164542
 164522
 164440
 164423
 164304
 164300
 164024
 163934
 163815
 163787
 163413
 163326
 163133
 163131
 163053
 162909
 162798
 162415
 162348
 161953
 161911
 161572
 161398
 161357
 161263
 161220
 160981
 160834
 160518
 160483
 160433
 160419
 160406
 160350
 159932
 159830
 159649
 159621
 159448
 159278
 158959
 158935
 158825
 158737
 158572
 158430
 158303
 158182
 157966
 157937
 157894
 157813
 157742
 157719
 157680
 157586
 157360
 157132
 157088
 157078
 157030
 156913
 156810
 156807
 156748
 156588
 156520
 156254
 156204
 156174
 156127
 156073
 155688
 155660
 155490
 155011
 154995
 154943
 154871
 154791
 154777
 154708
 154696
 154684
 154464
 154421
 154380
 154096
 153938
 153739
 153558
 153464
 153445
 153434
 153257
 153078
 152857
 152774
 152615
 152605
 152555
 152544
 152471
 152398
 152376
 152320
 152173
 152127
 151892
 151716
 151683
 151591
 151507
 151318
 151313
 151245
 151190
 151095
 151006
 150939
 150761
 150616
 150579
 150395
 150300
 150205
 150182
 150170
 149973
 149757
 149733
 149659
 149514
 149339
 149297
 149280
 149237
 149207
 149160
 148828
 148811
 148625
 148411
 148331
 148310
 148211
 148054
 147972
 147677
 147669
 147666
 147640
 147540
 147466
 147450
 147445
 147329
 147153
 147095
 147044
 146818
 146671
 146666
 146608
 146580
 146468
 146345
 146341
 146314
 146190
 146063
 145851
 145102
 144978
 144897
 144830
 144639
 144608
 144385
 144330
 144003
 143964
 143911
 143786
 143533
 143448
 143216
 143165
 143131
 143122
 143021
 142833
 142254
 142132
 142099
 141814
 141587
 141579
 141559
 141433
 141423
 141416
 141357
 141283
 141089
 140856
 140754
 140389
 140254
 140242
 140237
 139999
 139674
 139408
 139331
 139239
 139176
 139104
 139005
 138985
 138948
 138884
 138861
 138756
 138464
 138343
 138281
 138255
 137949
 137774
 137613
 137485
 137483
 137188
 137181
 136989
 136942
 136701
 136635
 136540
 136473
 136254
 136245
 136219
 136030
 135981
 135818
 135766
 135661
 135394
 135333
 135224
 135138
 134927
 134917
 134872
 134484
 134328
 134204
 134006
 133957
 133932
 133592
 133448
 133380
 133377
 133181
 132890
 132690
 132670
 132657
 132574
 132373
 132275
 132269
 132234
 132136
 132084
 132013
 132003
 131940
 131872
 131634
 131493
 131481
 131474
 131361
 131314
 131147
 131120
 130885
 130787
 130452
 130410
 130253
 129903
 129863
 129684
 129677
 129503
 129425
 129251
 129170
 129145
 128865
 128824
 128810
 128805
 128775
 128725
 128643
 128558
 128445
 128365
 128340
 128278
 127934
 127866
 127853
 127840
 127830
 127724
 127537
 127506
 127491
 127311
 127253
 127209
 127184
 127078
 126956
 126935
 126909
 126652
 126644
 126585
 126584
 126517
 126459
 126452
 126378
 126313
 126307
 126100
 126050
 125974
 125917
 125733
 125629
 125422
 125406
 125358
 125307
 125162
 125121
 125071
 124979
 124891
 124636
 124582
 124519
 124420
 124377
 124365
 124307
 124289
 124163
 124095
 123977
 123938
 123911
 123877
 123563
 123560
 123503
 123477
 123467
 123420
 123115
 122974
 122926
 122873
 122856
 122697
 122660
 122627
 122439
 122357
 122120
 122108
 122079
 122005
 121909
 121908
 121830
 121749
 121739
 121693
 121621
 121584
 121523
 121335
 121312
 121253
 121130
 120906
 120888
 120858
 120854
 120740
 120689
 120615
 120545
 120529
 120519
 120508
 120387
 120371
 120326
 120209
 120204
 119834
 119820
 119670
 119655
 119629
 119601
 119573
 119528
 119475
 119340
 119272
 119089
 118996
 118983
 118948
 118741
 118717
 118544
 118267
 118239
 118190
 118047
 117997
 117965
 117920
 117666
 117651
 117647
 117560
 117526
 117495
 117490
 117429
 117279
 117018
 116995
 116919
 116777
 116765
 116715
 116582
 116440
 116327
 116288
 116260
 116249
 116227
 115988
 115939
 115938
 115827
 115819
 115441
 115384
 115127
 114993
 114829
 114651
 114624
 114384
 114104
 114066
 114031
 113957
 113900
 113891
 113689
 113333
 113302
 113298
 113233
 113123
 113091
 112845
 112414
 112412
 112411
 112390
 112367
 112146
 111734
 111696
 111627
 111583
 111566
 111395
 111366
 111227
 111023
 110940
 110895
 110760
 110647
 110512
 110445
 110411
 110306
 110048
 110044
 109979
 109885
 109756
 109700
 109618
 109585
 109528
 109329
 109280
 109184
 109014
 108878
 108809
 108762
 108720
 108695
 108289
 108262
 108185
 108140
 108034
 107929
 107920
 107902
 107858
 107619
 107400
 107137
 107094
 107022
 106974
 106796
 106716
 106644
 106572
 106464
 106425
 106354
 106339
 106201
 106135
 106072
 106055
 105976
 105763
 105687
 105675
 105665
 105512
 105510
 105450
 105410
 105293
 105172
 105143
 105104
 105067
 104676
 104662
 104637
 104559
 104535
 104459
 104446
 104336
 104273
 104180
 104166
 104165
 104022
 103896
 103774
 103773
 103688
 103667
 103619
 103554
 103516
 103476
 103281
 103161
 103097
 103053
 102600
 102554
 102365
 102243
 102032
 102029
 101856
 101855
 101689
 101650
 101525
 101288
 101284
 101255
 101068
 100911
 100640
 100588
 100537
 100463
 100400
 100293
 100271
 100188
 100000
 99999
 99876
 99572
 99522
 99510
 99172
 99051
 98998
 98918
 98914
 98885
 98659
 98572
 98499
 97873
 97840
 97780
 97748
 97667
 97590
 97509
 97374
 97330
 97311
 97270
 97216
 97110
 96996
 96989
 96814
 96638
 96557
 96535
 96426
 96385
 96275
 95964
 95959
 95954
 95830
 95742
 95682
 95658
 95597
 95324
 95274
 95254
 95144
 95059
 94982
 94824
 94736
 94713
 94695
 94393
 94349
 93929
 93792
 93461
 93366
 93307
 93082
 93072
 93059
 92960
 92928
 92885
 92866
 92711
 92654
 92651
 92627
 92569
 92507
 92385
 92341
 92277
 92005
 91854
 91711
 91699
 91392
 91388
 91283
 91153
 91078
 90965
 90669
 90619
 90602
 90595
 90568
 90531
 90497
 90221
 89984
 89965
 89942
 89834
 89810
 89668
 89645
 89552
 89541
 89347
 89260
 89226
 89202
 89191
 88957
 88835
 88773
 88757
 88235
 88212
 87963
 87931
 87829
 87677
 87673
 87577
 87498
 87426
 87227
 87158
 87040
 87020
 86654
 86320
 86293
 86128
 86102
 86047
 86039
 85997
 85987
 85891
 85439
 85289
 85249
 85244
 85097
 84992
 84839
 84833
 84829
 84706
 84615
 84575
 84529
 84512
 84499
 84455
 84388
 84357
 84292
 84229
 84122
 84093
 84026
 84001
 83617
 83565
 83556
 83553
 83550
 83542
 83386
 83364
 83333
 83322
 83196
 83046
 83004
 82720
 82708
 82705
 82664
 82586
 82550
 82377
 82191
 82098
 81967
 81727
 81706
 81673
 81638
 81623
 81538
 81483
 81428
 81412
 81190
 81176
 80893
 80885
 80852
 80756
 80745
 80732
 80717
 80643
 80625
 80545
 80430
 80422
 80228
 80153
 80046
 79930
 79897
 79554
 79310
 79275
 79240
 79237
 79227
 79110
 78963
 78880
 78765
 78747
 78574
 78553
 78544
 78462
 78437
 78377
 78297
 78289
 78169
 78152
 78024
 77823
 77761
 77709
 77231
 77209
 77142
 76923
 76910
 76886
 76880
 76700
 76392
 76368
 76306
 76170
 75896
 75715
 75674
 75443
 75221
 75117
 75019
 74799
 74379
 74260
 74117
 73927
 73926
 73658
 73654
 73586
 73547
 73449
 73273
 73086
 73056
 72937
 72803
 72691
 72521
 72396
 72361
 72325
 72264
 72176
 72129
 71996
 71936
 71854
 71238
 71035
 70935
 70913
 70858
 70844
 70786
 70549
 70443
 70031
 69840
 69812
 69784
 69712
 69635
 69532
 69531
 69398
 69249
 69118
 69062
 69000
 68899
 68672
 68394
 68316
 68262
 68118
 67982
 67894
 67760
 67738
 67727
 67676
 67547
 67269
 67027
 67002
 66914
 66839
 66807
 66683
 66682
 66580
 66419
 66346
 66308
 66283
 66250
 66127
 65789
 65730
 65609
 65554
 65448
 65217
 65137
 65044
 64939
 64800
 64693
 64459
 64370
 64263
 64189
 64093
 64026
 64004
 63776
 63767
 63657
 63492
 63464
 63412
 63401
 63355
 63218
 63160
 63053
 62887
 62663
 62543
 62530
 62527
 62399
 62398
 62316
 62256
 62240
 62105
 61968
 61914
 61813
 61752
 61552
 61483
 61471
 61273
 61135
 61134
 61127
 60805
 60755
 60748
 60674
 60575
 60565
 60516
 60391
 60385
 60377
 60248
 60179
 60164
 60017
 59981
 59900
 59286
 59248
 58718
 58696
 58389
 58250
 58248
 58227
 58139
 57912
 57904
 57811
 57732
 57573
 57475
 57239
 57123
 57073
 57014
 56876
 56834
 56739
 56655
 56585
 56449
 56418
 56188
 56064
 56054
 55900
 55894
 55614
 55607
 55555
 55377
 55326
 55172
 55151
 54935
 54852
 54701
 54631
 54482
 53872
 53863
 53701
 53696
 53667
 53557
 53427
 53160
 52962
 52742
 52563
 52545
 52433
 52386
 52159
 52019
 51878
 51391
 51318
 51309
 51253
 51251
 51071
 51004
 50996
 50879
 50857
 50762
 50734
 50702
 50620
 50200
 50104
 50053
 49964
 49726
 49685
 49643
 49614
 49480
 49397
 49255
 49019
 48997
 48887
 48395
 48361
 48218
 48189
 48162
 48154
 48151
 48078
 48007
 47864
 47848
 47723
 47694
 47503
 47494
 47471
 47462
 46986
 46856
 46827
 46572
 46309
 46235
 46153
 45946
 45851
 45795
 45777
 45762
 45535
 45480
 45406
 45307
 45297
 45255
 45214
 44814
 44794
 44627
 44416
 44234
 44215
 44167
 43960
 43846
 43842
 43801
 43640
 43609
 43557
 43534
 43318
 43278
 43173
 43006
 42586
 42536
 42423
 42339
 42253
 42127
 42116
 42064
 41932
 41797
 41791
 41757
 41743
 41727
 41688
 41675
 41666
 41635
 40640
 40429
 40387
 40260
 39972
 39899
 39798
 39748
 39693
 39629
 39457
 39380
 39231
 39135
 39091
 39020
 38892
 38848
 38827
 38821
 38790
 38789
 38740
 38640
 38571
 38461
 38439
 38434
 38379
 38219
 38214
 38198
 38183
 38090
 37906
 37585
 37495
 37372
 37221
 37202
 37058
 37037
 37020
 36914
 36760
 36688
 36679
 36658
 36629
 36602
 36432
 36429
 36374
 36366
 36360
 36077
 35941
 35796
 35651
 35523
 35519
 35462
 35379
 35279
 35232
 35063
 35058
 34978
 34951
 34914
 34862
 34832
 34828
 34791
 34779
 34757
 34693
 34635
 34603
 34580
 34371
 34328
 34318
 34285
 34252
 34107
 33903
 33628
 33597
 33495
 33444
 33402
 33378
 33336
 33298
 33259
 33218
 33198
 33129
 32944
 32868
 32728
 32710
 32644
 32388
 32379
 32300
 32296
 32102
 32038
 32002
 31861
 31600
 31441
 31367
 31362
 31319
 31298
 31256
 31250
 31239
 31198
 30898
 30860
 30781
 30692
 30679
 30509
 30482
 30316
 30308
 30303
 30222
 30121
 30112
 29818
 29686
 29645
 29515
 29509
 29454
 29268
 28928
 28898
 28860
 28822
 28643
 28571
 28442
 28436
 28239
 28207
 28151
 28018
 28008
 27972
 27806
 27756
 27725
 27572
 27294
 26998
 26991
 26758
 26629
 26536
 26522
 26399
 26360
 26006
 25956
 25818
 25731
 25210
 24783
 24723
 24563
 24409
 24164
 24000
 23503
 23496
 23391
 23382
 23253
 23205
 23147
 23072
 23058
 22942
 22831
 22780
 22670
 22611
 22533
 22510
 22498
 22434
 22306
 22179
 22171
 22003
 21957
 21898
 21582
 21261
 21097
 21093
 20973
 20809
 20796
 20785
 20547
 20360
 20339
 20261
 19988
 19713
 19578
 19543
 19462
 19301
 19225
 18828
 18676
 18463
 18338
 18317
 18287
 18090
 18049
 18024
 18014
 17984
 17685
 17589
 17427
 16949
 16908
 16905
 16832
 16812
 16750
 16532
 16457
 16146
 16124
 16099
 15904
 15844
 15837
 15746
 15724
 15517
 15357
 15177
 14854
 14783
 14746
 14600
 14537
 14444
 14285
 14238
 14074
 13935
 13828
 13800
 13785
 13419
 13138
 13089
 13077
 13024
 12544
 12472
 12137
 12093
 12050
 12025
 11855
 11819
 11487
 11159
 11053
 11018
 10971
 10727
 10486
 10078
 9803
 9746
 9727
 9657
 9594
 9499
 9316
 9314
 9180
 9099
 9082
 8978
 8954
 8723
 8667
 8657
 8596
 8392
 8309
 8307
 8048
 7936
 7916
 7580
 7543
 7486
 7396
 7364
 7311
 7275
 7245
 7208
 7167
 7138
 6640
 6637
 6330
 6263
 6174
 5741
 5667
 5524
 5485
 5458
 5446
 5413
 5291
 5179
 5133
 4986
 4949
 4942
 4916
 4912
 4886
 4712
 4686
 4664
 4582
 4363
 4313
 4111
 4103
 4094
 3960
 3852
 3817
 3803
 3678
 3676
 3647
 3484
 3426
 3400
 3382
 3334
 3090
 3027
 2941
 2817
 2540
 2526
 2403
 2292
 2207
 2177
 2006
 1879
 1628
 1622
 1523
 1461
 1345
 1093
 1043
 1017
 849
 782
 689
 658
 627
 572
 359
 233
 225
 207
 136
 125
 0
 