811320
 457208
 590519
 479338
 575250
 795042
 841568
 990513
 414352
 446553
 395527
 554971
 468433
 330757
 966617
 507813
 368421
 677484
 982805
 861538
 914774
 859880
 780351
 358350
 19283
 806056
 941648
 18746
 157564
 379044
 576355
 832847
 545313
 706011
 934158
 568950
 375414
 853370
 4407
 205920
 994838
 772335
 770162
 319104
 609252
 909777
 201871
 822897
 447372
 126331
 419354
 206966
 716640
 940498
 472018
 530962
 192083
 820368
 976019
 882874
 737648
 906224
 564694
 378984
 418950
 887202
 252779
 120885
 552227
 669057
 72697
 591836
 235494
 122856
 342793
 37287
 584864
 8203
 812297
 169820
 441318
 408877
 824508
 356268
 53916
 775193
 177865
 713864
 879720
 379883
 714915
 504769
 484909
 603603
 501639
 305959
 776296
 339389
 969905
 814348
 128625
 278339
 693434
 578243
 340495
 931754
 147335
 468257
 12613
 960371
 548008
 413607
 123081
 619968
 443678
 11169
 384817
 426592
 300461
 792244
 532527
 780399
 910355
 987868
 885787
 999705
 111262
 197355
 835314
 577272
 628795
 839357
 633059
 751054
 572657
 237345
 617822
 968089
 438908
 806048
 967213
 917241
 402088
 507750
 160839
 410869
 976710
 488501
 642570
 525557
 232266
 759442
 128908
 956521
 860194
 845048
 324308
 664927
 839754
 242231
 933187
 854969
 768630
 103645
 664263
 462274
 694922
 692836
 889726
 78974
 206051
 755946
 244569
 331936
 336682
 227423
 546359
 40830
 966144
 54232
 802792
 937694
 579001
 433570
 615995
 64972
 547082
 293074
 414885
 575861
 820078
 2219
 215985
 244186
 688030
 648748
 707604
 581289
 477310
 75272
 132970
 660737
 84884
 455902
 82936
 426852
 870445
 641651
 38338
 685111
 875432
 949640
 741286
 644516
 972231
 307445
 31237
 217416
 403302
 721179
 404431
 632390
 894404
 665586
 265287
 960015
 926479
 69730
 826556
 249324
 598784
 183297
 674937
 682099
 431683
 71699
 248083
 787917
 860596
 603883
 176188
 867753
 285876
 657033
 775599
 649606
 814639
 262920
 642975
 570312
 155223
 160804
 277904
 504768
 134802
 901354
 146524
 165968
 487754
 500577
 903499
 320994
 306698
 878973
 141906
 748824
 444651
 178926
 720819
 205384
 186938
 888242
 34786
 885927
 980003
 960802
 657002
 47470
 804472
 448729
 744518
 197313
 499627
 401955
 516214
 141865
 577538
 834665
 212824
 859453
 922272
 484218
 172710
 124907
 542696
 977545
 263817
 579208
 313306
 907289
 777693
 340479
 354047
 846072
 190648
 849421
 758749
 736774
 926199
 171563
 150868
 861481
 131941
 174872
 329920
 683964
 871933
 82233
 758966
 929903
 863462
 455311
 53999
 41128
 251270
 65295
 376502
 487710
 661027
 470359
 837099
 541149
 816074
 1970
 982749
 77141
 796983
 81122
 758227
 536620
 854542
 53012
 727066
 215550
 616228
 440072
 675370
 518014
 941343
 107925
 748234
 903870
 455155
 312595
 253131
 769593
 747997
 221834
 949367
 515897
 849650
 511455
 778976
 650898
 193939
 143591
 487414
 837578
 125330
 429873
 165197
 781272
 821342
 410606
 609837
 258137
 645146
 506271
 285944
 122549
 595918
 875825
 904761
 638054
 792582
 170244
 684571
 127708
 120250
 257835
 865999
 299967
 468825
 475386
 588275
 894994
 331315
 98226
 205675
 618978
 891529
 852054
 564355
 980384
 665466
 298179
 869977
 302682
 873949
 886002
 926264
 973000
 911787
 734064
 869019
 646099
 488787
 593668
 429951
 285904
 154716
 567146
 496264
 655589
 39050
 360577
 590962
 857105
 986762
 944026
 949307
 957154
 985520
 27263
 922325
 406117
 358644
 622950
 40728
 573816
 93023
 731024
 594885
 683935
 557753
 100108
 266043
 817219
 558720
 17804
 669557
 115202
 713233
 343648
 80558
 990981
 275689
 575875
 776860
 978070
 376310
 174426
 597779
 958070
 160719
 767333
 520074
 237322
 87082
 224836
 611292
 525801
 218258
 607393
 224785
 679097
 820394
 296305
 712517
 473527
 937147
 215735
 811868
 697781
 817413
 193176
 964806
 289884
 959247
 370105
 153846
 789237
 962453
 387770
 832663
 829762
 222576
 100187
 922857
 853518
 798678
 107398
 166388
 2757
 534675
 507727
 808924
 662212
 903725
 29735
 650542
 936048
 93289
 702878
 193236
 977941
 159725
 405003
 212784
 802375
 5841
 885459
 930687
 923628
 6685
 961455
 828914
 413456
 953516
 389884
 224681
 106394
 709545
 257743
 331712
 606563
 696757
 203472
 501838
 66544
 596101
 348943
 361753
 221052
 533375
 309463
 800000
 337611
 257282
 62146
 2482
 861777
 58511
 29726
 972972
 0
 2474
 401523
 626010
 335453
 505087
 380692
 295968
 523053
 149267
 895332
 570632
 704384
 290152
 48293
 317442
 841222
 74509
 175141
 645939
 192872
 738120
 336822
 120772
 642793
 171462
 147540
 161473
 485508
 186510
 806749
 785960
 210300
 11821
 927258
 152276
 977976
 18446
 220400
 987069
 13509
 678868
 669461
 63685
 771976
 485815
 236603
 907809
 377281
 543686
 262286
 486306
 817055
 908661
 117582
 997259
 596491
 168223
 761286
 108152
 694400
 12610
 857395
 294209
 164032
 10774
 873103
 938064
 496191
 665614
 600345
 953018
 299080
 747537
 353024
 114318
 71295
 379698
 626141
 13945
 549329
 22988
 358642
 682319
 757454
 17261
 448200
 495616
 204164
 525657
 842944
 418256
 815657
 830928
 572307
 230686
 64828
 965367
 197376
 931703
 181365
 91676
 38968
 317307
 629729
 188727
 373708
 730802
 659991
 721724
 849305
 430680
 469229
 321895
 644774
 907541
 114218
 264535
 127226
 736006
 62717
 874439
 783772
 222222
 971310
 363154
 488638
 812556
 322095
 35815
 320518
 571428
 336945
 85128
 393369
 534699
 228404
 737412
 830134
 541595
 671850
 572250
 191824
 671504
 217452
 666465
 623787
 346024
 586074
 84705
 736404
 221238
 311408
 254374
 882897
 983377
 628860
 157671
 242897
 427654
 397721
 277954
 507384
 579143
 200000
 532125
 312818
 408332
 934557
 372785
 416509
 724854
 419787
 825596
 916911
 587834
 824999
 666666
 379659
 662301
 691272
 364536
 556401
 159836
 853634
 187439
 291523
 630999
 838965
 954710
 916427
 374358
 739919
 219992
 221322
 728083
 735270
 784483
 801553
 718903
 399487
 871794
 896834
 345422
 603867
 632031
 936170
 700198
 770348
 611744
 922097
 400503
 380888
 207006
 48331
 250824
 333207
 418917
 122672
 632741
 910412
 257712
 788581
 592900
 29411
 434782
 228697
 786516
 719588
 301969
 343532
 805519
 292535
 291564
 862911
 687978
 69883
 495903
 897288
 427073
 718750
 1934
 165580
 970553
 608147
 878923
 122725
 484666
 590390
 65728
 715700
 370010
 594031
 691538
 393367
 211631
 697220
 471698
 12060
 461538
 182253
 184318
 925344
 367117
 69867
 359207
 984065
 223999
 106380
 735507
 345100
 75949
 178172
 833705
 330076
 743373
 899318
 410124
 578370
 792526
 830711
 851777
 585939
 667820
 4207
 658736
 201100
 733507
 601150
 732205
 157155
 11470
 422535
 610632
 455057
 555194
 736625
 602139
 539630
 489966
 388772
 307698
 944391
 824268
 150919
 364556
 14342
 29809
 884070
 591976
 947459
 813084
 943902
 172439
 444091
 25085
 635354
 360523
 529913
 446283
 831181
 604698
 993408
 964855
 501760
 716060
 246516
 616514
 148258
 194152
 917683
 752421
 672519
 861454
 61054
 790333
 844844
 13011
 119130
 7396
 338129
 192733
 239852
 950259
 207451
 877932
 670141
 695251
 651535
 916400
 912309
 853398
 926551
 629629
 717824
 80444
 242586
 800895
 630177
 900964
 476279
 21186
 9880
 715151
 166106
 618479
 807662
 755624
 942470
 156334
 832598
 948779
 449704
 70493
 977083
 476839
 210264
 772832
 375125
 464844
 530592
 903048
 683085
 833410
 420637
 749955
 419423
 575133
 311236
 665474
 661932
 696735
 182505
 118777
 101551
 482015
 192161
 779229
 943564
 922468
 869164
 146579
 214526
 136288
 427019
 687815
 857142
 486607
 243528
 619969
 861598
 27865
 352972
 340529
 172
 203618
 623424
 635186
 120156
 330739
 183349
 369036
 572649
 413944
 713585
 440828
 847749
 798965
 319236
 626599
 456065
 614973
 680260
 341439
 525866
 493875
 856460
 193583
 994461
 670538
 691399
 322127
 750722
 87939
 586542
 85687
 763055
 327140
 324111
 360289
 822490
 614202
 713479
 657923
 728359
 254041
 310706
 979801
 304236
 994758
 796529
 344742
 912576
 737001
 788093
 742346
 68405
 548962
 511551
 818181
 882867
 336732
 327858
 524235
 860801
 510776
 242089
 324310
 483817
 682307
 440589
 686448
 904441
 124112
 234829
 234135
 891963
 361127
 300838
 479239
 775674
 676270
 831358
 277818
 564373
 270648
 578837
 844307
 301302
 946732
 803804
 849696
 69729
 551587
 96503
 371004
 698412
 879287
 646512
 298502
 394481
 828770
 552215
 910278
 107526
 598101
 476571
 659850
 540797
 244341
 666872
 445790
 429477
 625945
 91021
 632161
 463954
 137657
 234421
 881846
 348138
 967403
 879714
 519538
 559078
 96599
 645114
 335959
 317279
 704945
 642157
 477858
 190522
 805829
 439429
 862049
 915640
 795978
 73288
 298815
 414459
 782243
 853858
 133796
 128041
 375427
 452466
 561793
 991226
 185269
 339066
 643247
 960112
 901378
 90611
 653812
 406183
 570236
 638832
 15732
 876237
 149014
 807131
 864823
 913950
 127405
 382718
 969122
 710516
 209719
 855580
 783999
 812922
 523816
 637737
 11356
 491580
 836280
 53226
 631748
 265895
 583911
 768163
 716448
 191549
 117917
 668200
 322729
 992731
 77967
 507829
 353620
 654729
 268814
 2397
 716617
 612073
 363225
 745383
 525401
 996813
 94863
 429460
 69893
 452193
 865667
 946236
 97371
 489492
 134182
 865116
 341119
 669253
 335166
 239209
 44237
 657712
 208136
 318685
 539208
 364854
 615805
 690543
 656698
 175206
 111626
 78637
 890262
 421713
 324675
 571647
 701906
 157571
 983443
 507649
 64241
 736129
 653946
 633852
 168916
 980381
 767754
 738676
 362816
 136057
 817600
 581540
 853894
 386959
 491154
 13190
 186879
 926817
 719507
 486507
 676117
 836882
 839784
 710696
 844044
 945501
 315217
 475053
 915237
 160521
 914246
 729902
 962068
 367436
 16274
 126894
 4042
 941021
 136790
 30638
 320400
 20293
 643305
 555419
 162937
 97894
 951362
 240643
 6444
 326361
 832959
 32053
 35001
 223396
 508620
 709730
 741308
 396438
 716703
 820576
 201846
 136633
 893398
 344827
 109777
 357859
 937423
 10771
 325581
 160773
 560509
 977010
 201289
 220877
 535632
 844895
 176470
 652121
 200581
 463965
 251908
 701942
 981432
 731434
 819134
 450347
 992932
 811446
 640720
 823379
 33438
 191343
 542446
 538310
 456755
 116902
 580834
 323331
 22073
 894514
 756428
 665558
 685586
 900973
 575312
 475210
 191092
 553240
 238967
 592757
 725740
 562314
 846756
 211180
 864458
 651685
 975804
 186366
 13938
 148358
 153685
 401997
 942133
 446004
 890935
 240697
 224481
 329650
 654626
 999656
 499197
 949447
 16158
 689222
 464734
 527312
 125938
 731360
 488903
 582356
 590597
 696468
 150350
 56560
 438286
 396322
 499938
 178929
 779792
 650245
 792861
 555285
 100760
 59593
 611338
 755362
 384319
 906954
 629169
 975715
 748663
 997542
 2041
 985835
 329060
 230636
 127207
 18777
 853456
 219081
 581373
 33841
 99466
 585737
 949048
 616939
 698343
 771081
 804100
 710526
 110891
 677303
 753959
 77915
 731636
 202989
 96961
 429665
 687559
 263738
 505832
 612021
 991798
 303778
 615551
 683670
 871529
 373164
 33967
 5039
 771374
 116389
 526816
 634920
 947059
 389708
 955314
 849620
 915662
 724444
 631511
 33123
 725299
 785208
 420518
 359974
 297816
 764378
 449812
 942582
 539028
 249272
 941775
 613860
 139824
 63911
 618392
 246157
 886408
 220807
 212320
 120674
 620493
 520499
 297801
 623188
 40080
 618677
 646616
 841886
 110340
 182899
 196560
 14134
 828348
 550433
 901472
 594421
 136588
 276006
 899652
 831387
 488048
 182201
 69191
 284786
 103254
 915997
 893942
 711605
 979998
 814852
 586948
 376716
 636171
 616833
 550961
 282303
 889783
 771113
 79286
 962552
 206158
 450486
 36037
 356521
 492160
 302762
 31258
 672651
 670027
 497524
 321295
 231073
 115794
 304736
 679498
 280486
 151370
 90887
 312465
 670308
 474627
 606929
 440366
 152082
 159010
 268900
 949303
 319815
 679368
 913094
 323642
 902255
 555920
 127118
 573222
 472517
 846908
 696411
 329144
 146815
 949948
 187203
 15249
 442321
 443432
 104249
 144625
 638928
 426891
 974610
 387190
 431264
 772069
 910115
 741081
 412847
 233649
 463444
 174582
 983436
 387200
 173103
 771935
 910423
 39056
 206647
 858400
 995791
 500728
 881974
 165273
 890318
 321167
 918946
 23272
 642034
 371284
 151776
 414129
 436675
 162668
 808242
 576697
 720417
 355830
 271032
 613076
 58352
 702140
 122869
 680575
 918708
 99942
 205811
 576092
 229411
 520106
 275187
 600237
 74278
 318246
 582613
 128685
 710511
 207167
 92442
 869109
 908814
 41820
 18495
 972884
 561719
 25838
 488119
 88661
 763452
 155763
 95714
 33422
 371954
 763335
 439593
 275469
 627611
 717377
 330763
 618722
 990391
 303914
 914712
 264772
 842387
 690413
 734718
 314465
 944773
 34087
 51900
 343572
 960805
 623062
 80436
 971867
 438788
 988791
 247970
 65753
 286452
 60522
 383434
 135023
 928498
 807551
 788757
 664997
 34130
 147971
 391997
 167332
 792458
 873153
 797427
 988827
 414607
 133081
 382303
 659047
 987089
 664091
 563182
 131515
 543319
 162916
 286566
 261697
 491221
 838770
 908556
 447865
 890788
 23103
 348068
 737782
 277006
 464624
 665977
 521158
 281562
 39151
 85061
 329470
 703320
 101162
 909260
 619902
 856428
 965438
 607315
 12987
 875853
 300512
 989048
 696341
 174011
 811709
 229951
 665420
 552948
 865858
 820857
 322275
 777501
 352142
 529780
 490850
 565289
 969667
 510104
 603453
 171977
 531885
 797765
 545454
 620641
 195002
 960777
 524535
 743395
 573822
 495966
 360782
 128819
 584626
 929086
 309498
 263106
 997672
 196296
 800554
 205479
 565188
 43989
 974702
 43813
 915343
 704620
 34868
 382861
 100218
 191362
 190395
 665524
 982950
 50678
 674150
 760257
 238232
 299194
 48565
 595939
 515701
 168058
 182431
 933221
 596169
 302288
 231574
 510188
 697636
 445993
 120508
 554956
 680970
 336926
 581844
 790468
 133308
 742616
 870246
 360824
 210166
 719849
 888916
 444212
 59214
 679655
 839579
 138852
 726095
 695244
 312460
 990706
 669470
 937601
 324358
 911025
 985578
 762081
 555656
 187290
 916541
 112796
 704459
 946580
 208862
 414756
 679972
 507797
 312218
 69249
 633180
 143147
 335671
 551163
 46849
 192970
 453875
 461447
 700683
 464126
 122849
 282442
 525998
 553517
 939461
 652028
 495142
 136628
 580249
 302910
 20860
 72749
 109566
 246186
 844097
 606956
 921531
 786620
 467774
 689701
 462171
 296538
 143273
 191500
 945085
 759303
 624224
 642074
 307890
 987927
 850971
 438674
 168930
 583333
 369981
 736379
 193001
 309895
 210515
 994671
 329240
 851442
 563085
 832408
 141712
 552238
 291676
 239557
 36297
 601289
 592977
 590665
 640442
 523326
 226717
 332323
 63366
 800620
 492565
 613418
 556701
 78463
 903498
 29055
 86090
 829203
 544217
 571599
 361556
 702912
 218491
 849769
 101701
 303926
 144098
 608514
 997616
 75906
 11693
 271063
 691434
 762346
 588191
 453129
 993883
 668449
 828492
 900373
 187310
 628365
 806384
 171005
 887982
 730886
 39141
 778625
 739303
 500000
 814953
 527760
 845063
 967325
 832306
 882656
 853316
 654695
 876838
 386012
 715928
 724434
 826789
 414451
 269904
 609708
 825386
 653757
 106431
 138898
 732081
 786412
 462770
 533503
 525678
 487367
 72097
 920344
 134504
 586822
 941224
 141538
 718120
 36556
 790401
 574121
 612222
 150509
 974786
 263849
 669271
 401916
 180599
 236440
 853281
 694344
 599116
 325815
 892128
 356399
 508057
 6703
 849585
 452829
 949863
 459643
 583944
 957685
 597291
 248052
 801375
 488202
 812793
 670320
 282791
 319436
 731204
 929189
 275284
 157677
 784421
 606652
 421342
 607628
 818255
 650749
 378138
 18371
 526671
 404291
 663927
 773924
 225995
 570270
 353831
 405680
 509603
 600751
 110385
 387155
 498668
 765151
 777850
 466799
 325779
 405964
 304399
 680120
 478073
 488621
 791599
 755959
 3397
 282829
 857530
 18597
 397764
 737252
 67184
 293744
 169502
 977905
 426062
 791582
 825096
 977492
 588876
 392292
 769506
 545870
 41236
 478764
 315700
 698205
 870131
 746601
 86772
 983676
 784905
 818246
 589327
 766947
 447130
 373000
 761339
 488271
 109065
 39051
 322542
 203309
 588674
 407197
 947356
 124952
 881635
 213579
 173200
 102390
 361202
 159317
 465339
 231457
 479539
 174739
 22775
 977209
 2094
 537004
 997600
 523660
 918743
 67134
 924651
 705615
 969670
 305834
 920255
 20060
 930496
 515719
 420703
 298701
 904557
 872360
 336261
 849599
 783417
 157732
 736985
 984018
 480615
 813642
 502349
 961567
 848739
 23744
 99963
 13262
 240691
 696446
 369567
 141351
 670439
 180043
 864830
 505715
 696805
 52834
 12093
 150168
 152318
 147901
 514917
 503524
 46982
 878616
 819177
 332136
 633716
 523354
 768612
 610326
 681442
 575931
 306133
 213546
 418693
 552132
 240958
 279386
 217946
 273271
 921742
 99118
 929552
 643888
 545062
 636363
 817683
 96310
 531649
 330330
 845066
 288356
 554732
 752253
 245014
 559255
 655290
 898508
 879354
 390062
 87165
 968370
 19968
 958161
 573363
 238628
 169076
 817521
 868350
 467556
 141749
 217024
 48712
 138335
 193069
 743080
 474474
 460321
 98754
 997926
 959999
 116264
 83218
 590748
 565011
 725417
 99716
 190941
 424648
 561677
 695622
 319062
 285853
 69991
 586470
 674198
 467795
 608594
 404995
 804878
 187905
 48433
 753801
 274524
 402470
 410272
 149320
 995280
 484364
 712997
 265043
 310864
 406786
 151315
 888
 657682
 566528
 777456
 484035
 342926
 221085
 477234
 834618
 793539
 908330
 954681
 788636
 850710
 524573
 426930
 226035
 288765
 578947
 693740
 445269
 623023
 544080
 763323
 863258
 577857
 283154
 388098
 243554
 205203
 575342
 154753
 786640
 322056
 532213
 434386
 855878
 578364
 710191
 826060
 889497
 243888
 865731
 143822
 418771
 833538
 646667
 26698
 504041
 741825
 910835
 661579
 885467
 230002
 693026
 171065
 313343
 286634
 180063
 780198
 577708
 82152
 3215
 259000
 208122
 985828
 75308
 767212
 465667
 202738
 84365
 839737
 117519
 584599
 202102
 106343
 353328
 600956
 140498
 122777
 501320
 512282
 24067
 531250
 340323
 160868
 690270
 678084
 65263
 568173
 721419
 372290
 840935
 633015
 161146
 209865
 955380
 44835
 830883
 430521
 4947
 332795
 401459
 943286
 977958
 38604
 132895
 904531
 51955
 618593
 395204
 482600
 889390
 857032
 801756
 997011
 943568
 155001
 652613
 294881
 43495
 365310
 83506
 518029
 177962
 384531
 564938
 795247
 122164
 74146
 155688
 806332
 487442
 140597
 104346
 706869
 344165
 242253
 989936
 555637
 624785
 434896
 743209
 211105
 61907
 389695
 765799
 666018
 30885
 976388
 929064
 6404
 228451
 321999
 91683
 979079
 636959
 66696
 859485
 379704
 552554
 17167
 290572
 751867
 203970
 368696
 936932
 345226
 663017
 366197
 386817
 391424
 971607
 193548
 475933
 729856
 212347
 108743
 305389
 345885
 276666
 978065
 251159
 133333
 808516
 294850
 667554
 632432
 430953
 795558
 130434
 887825
 833693
 977599
 577825
 326756
 262926
 154843
 494530
 382282
 603516
 741697
 696901
 901579
 618267
 810339
 569482
 22880
 260627
 475978
 350364
 393565
 234084
 660172
 899705
 402446
 350808
 803553
 705977
 344305
 275901
 486443
 471790
 229521
 897693
 89271
 889493
 830268
 861880
 971818
 79601
 795957
 708331
 698220
 617254
 884884
 193457
 842460
 195628
 664733
 205599
 763713
 712912
 579238
 209990
 934252
 297397
 774761
 574091
 940207
 933280
 657253
 987871
 211195
 447863
 654981
 677853
 608327
 356115
 354179
 232394
 419153
 255645
 950404
 216164
 998530
 1563
 195500
 379286
 773205
 397459
 293389
 783561
 16999
 121335
 942921
 135401
 750924
 424167
 363719
 882889
 719001
 962323
 747784
 337023
 134471
 412243
 236995
 691234
 427899
 97978
 333991
 268558
 349622
 203810
 816298
 16855
 590971
 966660
 89990
 551132
 491239
 442054
 268493
 252903
 105352
 112350
 258353
 887705
 878139
 171502
 773221
 154558
 844748
 688668
 69952
 412969
 485126
 55068
 119907
 363186
 531405
 898344
 235421
 752112
 945602
 513039
 413663
 850883
 426568
 837198
 440700
 81542
 350750
 571689
 350602
 516402
 431133
 784527
 909418
 469408
 101250
 367352
 566884
 324218
 400876
 74792
 457676
 357485
 870963
 146586
 999114
 82775
 436893
 33848
 432356
 729483
 33112
 596382
 777777
 471349
 719642
 720488
 510381
 350957
 924275
 630068
 778260
 212729
 499116
 200455
 503721
 274725
 541778
 757733
 651597
 722890
 979914
 529523
 306897
 504343
 850579
 750151
 144986
 432217
 469117
 510834
 697526
 355980
 738862
 373112
 166666
 833637
 391823
 117920
 14863
 288578
 994328
 80579
 669854
 786771
 764297
 96969
 286881
 580626
 212957
 786701
 419426
 376889
 963757
 239364
 630014
 79606
 290208
 879611
 542200
 798313
 592448
 93867
 1032
 148604
 136947
 637480
 730393
 145741
 545653
 99346
 929146
 191891
 104483
 791363
 838973
 398063
 847493
 747024
 203074
 99093
 871931
 894920
 985853
 41912
 788914
 139473
 514848
 50489
 971686
 810401
 197305
 936613
 800681
 299948
 830931
 136436
 457044
 101645
 945812
 835282
 197654
 673554
 529963
 502283
 358208
 131495
 916749
 56648
 270805
 976853
 685393
 696841
 271226
 429294
 753377
 619551
 116351
 263499
 720063
 995752
 524814
 323684
 832654
 759343
 332097
 805325
 36354
 935764
 632719
 193166
 743550
 766943
 595348
 525518
 689823
 104935
 462325
 203840
 785625
 527017
 620271
 755677
 724325
 515820
 299407
 474527
 971313
 991047
 258015
 308943
 265623
 3431
 463548
 910560
 751049
 823842
 510835
 909669
 272176
 901658
 29541
 395730
 447407
 401150
 802919
 161611
 135094
 576968
 987255
 375958
 619065
 573319
 987603
 499343
 657928
 498070
 580873
 965600
 426345
 910864
 51222
 816492
 472677
 492541
 911979
 492716
 432757
 114758
 197223
 581230
 136563
 298926
 302875
 887801
 380394
 119429
 198866
 354068
 968126
 556311
 341444
 21454
 892629
 654545
 937607
 989898
 965685
 197947
 949101
 261393
 518535
 265070
 105200
 255887
 812133
 512907
 591658
 405296
 919484
 134672
 524750
 176411
 862473
 152713
 193630
 736842
 142515
 680679
 992609
 286214
 930341
 71519
 22296
 688364
 883485
 154894
 519050
 805337
 717175
 686788
 201118
 706782
 752677
 385490
 59275
 544750
 876333
 137732
 441812
 974710
 728084
 796238
 974647
 590267
 453160
 433668
 73788
 436618
 884858
 750000
 759705
 410672
 724349
 694054
 728363
 169904
 364989
 259018
 273622
 551703
 983836
 650082
 110760
 872030
 152621
 542456
 931927
 232754
 580059
 972187
 17709
 983594
 814318
 213210
 591538
 256484
 686076
 578690
 655511
 883773
 27845
 433839
 357812
 391363
 42563
 740758
 453980
 815311
 312414
 445795
 53656
 778469
 127516
 647966
 463223
 976947
 548376
 798914
 441103
 361824
 96527
 799228
 795583
 472508
 539017
 343379
 648583
 294792
 548479
 606507
 259113
 580088
 167152
 7096
 747533
 928592
 238005
 256960
 379409
 389438
 148038
 667654
 184764
 974404
 985605
 70248
 724274
 439207
 180769
 806914
 19248
 222328
 387793
 542255
 443629
 225546
 482605
 302850
 616195
 259684
 800202
 473551
 468007
 48969
 772124
 797010
 437407
 243032
 726633
 464828
 32439
 999135
 83315
 577432
 557996
 662281
 529616
 558558
 915026
 753894
 975750
 523127
 459739
 584172
 563012
 396590
 414807
 130942
 373404
 803081
 917427
 322526
 521376
 14999
 327202
 172917
 24037
 980574
 103729
 448671
 870551
 396668
 433973
 23836
 641859
 636586
 211037
 910888
 289498
 533432
 361967
 793226
 101346
 750637
 589034
 955505
 685002
 507614
 926300
 699792
 667153
 528634
 28287
 364847
 931993
 604374
 248062
 881824
 48640
 219184
 519800
 407803
 785676
 989057
 7613
 312461
 658017
 874326
 756566
 548644
 128741
 251935
 67582
 972438
 672441
 97483
 136095
 27408
 691823
 796633
 955770
 589576
 75912
 971774
 232142
 469354
 580404
 8019
 108491
 87920
 609427
 325002
 831188
 438879
 14243
 842918
 726132
 501650
 109823
 259926
 872576
 810593
 354145
 513133
 184080
 449181
 125537
 875169
 429162
 633489
 859232
 644230
 817609
 169535
 345091
 588146
 792913
 700202
 245795
 447473
 451457
 526122
 351351
 312141
 66839
 436064
 969876
 317931
 503678
 438253
 27611
 728373
 245398
 520893
 376920
 364455
 100192
 992357
 731301
 157539
 915007
 566442
 823471
 499148
 232938
 907044
 94867
 535191
 179603
 553052
 141752
 680121
 168665
 81829
 687589
 910633
 43019
 66923
 376269
 270758
 524223
 759051
 385380
 382352
 274574
 436831
 945895
 270967
 875928
 694790
 545490
 517647
 694365
 542333
 206389
 991826
 864430
 302586
 471194
 692120
 647748
 538504
 969381
 9777
 941060
 372972
 580246
 604288
 879418
 751401
 233288
 861224
 80798
 365301
 590351
 806301
 304526
 446712
 423914
 578622
 245884
 978798
 882502
 645037
 706243
 444075
 137431
 315000
 797566
 26128
 797246
 119102
 206185
 734555
 714084
 758356
 453034
 309464
 169649
 127536
 67357
 238280
 175575
 562795
 539835
 542997
 870365
 448788
 735795
 517884
 621261
 990365
 350609
 972813
 275506
 416888
 938148
 510740
 590284
 817707
 46894
 949930
 871896
 823048
 892988
 74950
 891217
 402780
 660030
 848448
 469607
 766219
 452894
 857806
 46207
 643256
 553188
 467091
 628589
 476619
 746084
 758842
 515520
 952058
 415338
 514970
 605153
 277048
 926507
 483317
 977328
 675584
 727272
 793055
 397117
 548093
 213906
 10837
 320443
 906706
 953628
 485639
 679362
 136132
 316623
 359179
 372686
 900887
 938005
 137329
 513558
 951075
 644738
 10984
 406639
 352811
 905107
 858319
 250837
 259585
 533296
 708548
 50982
 777582
 431880
 963440
 568320
 129895
 210305
 448275
 381521
 855857
 382326
 523916
 528117
 546987
 852318
 6735
 196822
 690301
 531131
 990860
 848393
 698481
 559055
 611591
 839263
 851971
 947492
 653732
 876823
 984687
 493376
 331352
 854023
 627082
 525490
 828132
 203216
 237928
 725029
 92319
 241579
 556305
 728180
 844141
 820051
 462857
 424744
 126176
 245179
 909771
 38913
 241238
 739652
 315093
 633811
 336568
 38437
 173056
 840463
 19576
 647599
 9892
 169999
 771468
 793650
 364496
 803564
 674979
 323487
 322727
 217794
 902522
 401464
 688241
 954377
 422797
 327949
 860227
 450340
 577415
 372604
 97867
 6590
 699391
 564896
 272052
 855816
 200132
 509255
 758457
 456374
 504647
 868761
 836302
 975278
 173681
 416430
 817170
 785817
 511861
 301942
 123178
 501654
 250774
 202076
 595469
 510541
 194269
 256925
 818321
 843953
 301515
 416481
 890387
 894859
 185461
 279860
 166292
 111845
 347132
 542134
 651776
 780410
 60389
 442384
 800143
 382112
 114278
 899208
 675565
 682159
 923416
 888391
 942925
 878547
 921241
 799569
 397580
 352710
 703970
 827184
 430571
 396649
 886612
 189583
 345884
 754491
 454545
 8163
 435908
 916060
 762623
 347336
 133938
 366598
 849607
 215939
 147895
 981827
 855706
 61796
 784370
 725659
 795340
 979131
 181029
 731155
 148118
 323116
 602954
 36871
 618549
 743418
 678707
 958525
 989536
 387736
 434299
 726413
 792592
 645030
 129017
 730111
 189929
 315926
 177215
 581807
 480510
 941520
 305788
 39706
 429787
 848253
 6589
 751244
 37337
 653987
 442944
 558337
 649715
 666718
 673150
 436074
 213892
 824446
 128967
 353029
 23579
 20953
 327982
 989089
 221454
 119983
 553295
 286374
 762610
 593908
 472856
 822597
 429041
 20807
 98039
 180067
 10439
 861360
 870574
 300058
 924822
 534032
 284951
 911675
 781633
 175190
 877852
 558441
 538461
 239872
 820441
 595690
 585520
 532058
 205513
 737315
 769637
 455862
 820038
 756057
 704574
 348212
 624195
 941908
 406139
 799999
 244791
 1700
 869004
 883529
 461188
 291453
 479799
 854160
 16058
 228571
 217264
 945265
 926615
 845721
 716729
 133555
 381945
 58823
 613761
 142909
 95025
 810302
 432745
 158175
 236526
 918638
 584376
 114011
 170238
 436697
 540958
 159068
 952021
 168664
 367453
 962332
 900952
 835616
 643399
 530546
 372714
 899867
 292514
 508160
 15404
 992285
 634394
 347036
 195678
 818264
 844118
 881250
 428448
 529271
 921847
 484044
 654929
 977808
 652826
 358665
 326844
 146403
 851556
 79410
 941355
 807803
 953120
 716713
 877862
 419288
 58631
 741496
 507131
 219836
 735193
 167715
 911089
 132815
 75141
 543052
 633461
 792648
 908343
 467995
 465641
 326267
 760805
 809568
 442930
 870686
 514745
 461323
 395061
 405446
 381221
 894918
 728027
 454419
 682529
 724637
 330655
 154087
 935849
 232341
 181309
 488476
 447162
 574979
 980540
 847396
 577574
 382613
 315463
 499568
 519986
 483606
 677929
 3951
 260671
 251922
 728399
 435378
 258102
 917329
 547701
 595358
 299738
 563128
 227921
 498094
 960377
 460310
 584127
 538513
 44610
 251533
 565543
 416283
 581858
 457341
 282329
 211011
 211669
 915199
 146826
 751028
 466533
 681269
 994883
 102395
 581471
 790884
 502707
 653074
 589278
 870004
 628059
 934088
 704295
 409699
 420526
 914078
 986252
 750917
 299930
 203140
 816108
 860818
 926206
 853987
 583513
 831626
 482900
 3237
 700772
 600903
 566591
 104475
 768796
 125624
 177880
 486917
 674795
 52631
 76392
 355096
 634274
 570415
 316417
 519185
 471916
 948439
 91842
 350342
 429775
 363761
 206445
 288161
 42671
 849410
 753749
 298196
 761197
 175819
 270248
 652939
 33024
 469931
 159782
 506716
 651933
 89713
 212903
 409794
 296218
 123765
 341969
 320078
 360706
 793271
 834816
 705746
 111816
 54912
 302720
 291826
 592262
 681107
 882798
 436482
 14210
 248430
 278659
 150191
 47593
 712554
 710348
 257096
 403857
 726428
 35002
 19183
 789473
 272925
 308036
 738779
 856527
 462915
 867515
 355179
 72148
 669607
 264766
 766240
 189440
 322326
 99211
 485494
 470755
 903936
 200850
 473396
 642523
 395058
 734296
 778445
 282223
 399613
 546154
 445728
 292240
 890660
 570316
 810228
 635436
 546669
 911076
 364108
 830926
 673776
 368303
 826820
 168183
 821922
 357033
 600000
 641161
 146214
 874784
 274081
 520626
 87133
 953041
 360049
 872371
 351602
 620771
 496816
 287365
 944105
 696582
 391980
 372670
 409244
 911927
 856731
 216041
 187906
 406512
 655020
 19364
 612571
 826501
 68116
 598174
 251218
 464449
 712589
 783368
 967387
 983697
 986130
 432432
 754516
 769438
 164660
 985840
 516470
 767478
 360887
 812560
 960608
 272185
 468882
 808184
 488888
 15105
 294827
 867517
 103952
 886548
 938193
 90955
 360447
 869565
 986400
 522314
 433812
 448592
 667135
 845429
 468783
 858952
 259050
 147982
 962354
 560696
 100934
 508994
 209515
 478496
 858234
 354733
 647419
 853420
 745955
 974707
 840709
 440084
 959595
 881894
 555966
 909553
 358153
 372978
 766353
 428660
 421052
 905667
 290784
 326206
 791730
 697645
 822072
 334153
 100081
 368911
 658411
 184745
 631095
 992832
 757080
 530259
 883058
 648743
 595620
 742816
 288722
 445824
 645265
 232360
 209467
 527481
 534042
 543262
 529671
 859091
 796758
 565873
 811263
 85158
 586757
 243590
 779352
 47619
 806861
 58177
 816131
 902487
 868217
 346030
 650563
 669406
 653276
 111606
 421506
 358408
 157043
 303838
 92035
 37302
 548444
 593404
 455255
 619113
 339123
 533678
 137931
 868542
 223880
 351900
 699508
 151345
 158785
 52504
 69296
 20076
 616813
 538366
 184818
 706492
 392715
 360497
 239973
 98093
 411827
 52048
 740686
 901926
 103496
 807126
 148785
 60924
 735970
 829132
 729186
 336311
 190110
 138585
 880749
 888681
 44572
 294329
 353449
 220602
 887396
 710916
 954073
 379378
 375782
 201667
 498356
 1360
 58648
 610101
 588243
 604676
 118766
 96461
 847190
 769699
 807761
 659618
 562935
 335389
 389869
 231816
 817692
 210143
 716694
 692601
 75063
 709394
 653437
 734682
 643860
 564504
 478061
 312084
 736099
 670169
 243999
 708228
 289389
 156746
 181511
 954756
 619047
 2378
 959311
 708534
 675277
 57038
 339239
 391861
 420923
 542642
 449241
 365655
 948714
 17797
 54563
 151290
 142286
 868722
 581192
 27063
 986890
 312882
 773218
 112393
 456949
 584891
 404764
 687914
 456200
 363819
 85432
 75753
 154807
 929113
 598276
 997343
 908121
 964723
 540563
 952539
 120826
 685122
 874218
 288147
 928980
 98445
 282432
 167315
 52741
 495183
 494191
 767658
 392695
 3207
 612932
 317540
 346548
 443277
 112881
 31704
 16625
 404992
 41728
 45021
 629404
 162983
 309599
 770185
 728630
 808120
 572792
 963037
 140726
 149005
 722062
 373798
 200461
 674504
 700854
 124825
 274250
 623801
 650287
 764237
 761080
 937812
 903314
 62619
 409470
 434937
 698244
 874603
 358993
 731844
 873594
 266659
 953309
 893897
 737281
 215373
 566065
 824883
 927308
 992259
 425140
 770645
 805076
 800967
 523233
 554482
 812095
 871698
 729113
 167431
 521401
 571593
 318840
 27869
 508837
 721490
 28084
 612415
 226071
 439899
 980091
 207203
 839165
 956662
 259842
 41455
 620261
 606345
 584577
 743589
 942492
 961
 454951
 579375
 951641
 721372
 931353
 470225
 382554
 29080
 240900
 893133
 854395
 771775
 458239
 619498
 752368
 655738
 433553
 835046
 438940
 796231
 957894
 541818
 325833
 253318
 377950
 615309
 881153
 577707
 447596
 830917
 458578
 398301
 503090
 999520
 644521
 901512
 380379
 198243
 107600
 630601
 452240
 319212
 638935
 23861
 286424
 790107
 134680
 577282
 115949
 633043
 465888
 708309
 770870
 829627
 400000
 524460
 736108
 806310
 506136
 498412
 69366
 462757
 412296
 547719
 557254
 787152
 213565
 233248
 261494
 512676
 921338
 119795
 514167
 941976
 313450
 807082
 5231
 804073
 293394
 429257
 730733
 143238
 36402
 505758
 858897
 411536
 728093
 902785
 394645
 155207
 404013
 856783
 790966
 66383
 597822
 546319
 459696
 401507
 698614
 988533
 383075
 513322
 295222
 282938
 984192
 430645
 942451
 541927
 67326
 641489
 237349
 421091
 248438
 820717
 566544
 229984
 305398
 310291
 225023
 694933
 508071
 951862
 434600
 250236
 59012
 717011
 329259
 661629
 286303
 361211
 779863
 67528
 968127
 707685
 941769
 512006
 219637
 821786
 807869
 133748
 409014
 990217
 387564
 285118
 365510
 236722
 397711
 674444
 592018
 121293
 556712
 422863
 100227
 117371
 222857
 270986
 25432
 388860
 42820
 409132
 567815
 156771
 286008
 459994
 702552
 281351
 962712
 783027
 469654
 405435
 91078
 866614
 31354
 609231
 50704
 707936
 733333
 715203
 474128
 499075
 476624
 370741
 93850
 230563
 55427
 704020
 118817
 328034
 623122
 822816
 158279
 213013
 102215
 350937
 696794
 773864
 372412
 32014
 832208
 339648
 490591
 166202
 124562
 682292
 274110
 742029
 670018
 956739
 34103
 99497
 628146
 829326
 416826
 726845
 547153
 852712
 748034
 546888
 950877
 408732
 463236
 406030
 182205
 367077
 365320
 108128
 80667
 342810
 446615
 48676
 702298
 450920
 323580
 106735
 101539
 776000
 704310
 851005
 552851
 433365
 125701
 56735
 687361
 80690
 251252
 325302
 483870
 439216
 108583
 958371
 494070
 340159
 178179
 147148
 913085
 628112
 265425
 475712
 219010
 566892
 755555
 117945
 630229
 189568
 252427
 559197
 646729
 603694
 627828
 424495
 391024
 472000
 692216
 768221
 443082
 19673
 262392
 673050
 659453
 530549
 923177
 823872
 883576
 195818
 819523
 544084
 231511
 602201
 314801
 411764
 783661
 744884
 974999
 751278
 651934
 424342
 942332
 736573
 286274
 172407
 848476
 340769
 943738
 606609
 69886
 931764
 806669
 571269
 155505
 459653
 160726
 461761
 153609
 132350
 801763
 78833
 178154
 714713
 496143
 107876
 188277
 494949
 626804
 2493
 950118
 16144
 431072
 208602
 414095
 113157
 615706
 503028
 680550
 495385
 483499
 147582
 136348
 650936
 64426
 891769
 205352
 426364
 786327
 833587
 976145
 128070
 795295
 746031
 791583
 290289
 367475
 24689
 843090
 54250
 289836
 317460
 354367
 354407
 258209
 270551
 707205
 415976
 140290
 977161
 914077
 74261
 55003
 948965
 337450
 767805
 698384
 851234
 234042
 277278
 435351
 966599
 235127
 173715
 9672
 775343
 870174
 515499
 921568
 379611
 181673
 437074
 920653
 943793
 399999
 200930
 836498
 630746
 585942
 678641
 704783
 10928
 976772
 549680
 437218
 629626
 824578
 767866
 520503
 172204
 468874
 977885
 790568
 771781
 367925
 286196
 616745
 244658
 185101
 41426
 879712
 627244
 398757
 710518
 409281
 164308
 254674
 840356
 351527
 947772
 682851
 540255
 289951
 976201
 169497
 662977
 201018
 448755
 856626
 52340
 719447
 405744
 384036
 878429
 218977
 423892
 548279
 971279
 289096
 151001
 872026
 322920
 872431
 31319
 791021
 629308
 190127
 48443
 333802
 628908
 779288
 907760
 178082
 257562
 366184
 123916
 546184
 785057
 701176
 389523
 214726
 874116
 497695
 788398
 757507
 490519
 625301
 630326
 97014
 769176
 317556
 282352
 10200
 974584
 311700
 330802
 164594
 37383
 270742
 192534
 407505
 400082
 755558
 499388
 462395
 873967
 870272
 426764
 223313
 72324
 303983
 219023
 53435
 108786
 607871
 950640
 12724
 720608
 740688
 703681
 982304
 298686
 26091
 798635
 552530
 5566
 272652
 817716
 671008
 720314
 106681
 784163
 183364
 631196
 169659
 245812
 687500
 186040
 310559
 559282
 73637
 375424
 868894
 142324
 896582
 903517
 313599
 141414
 208921
 19245
 783258
 850627
 273891
 875884
 677435
 211618
 561089
 197131
 771869
 805069
 754052
 483048
 69029
 939165
 953870
 955855
 391940
 975442
 401085
 206360
 86761
 552185
 29093
 447390
 3355
 26140
 624897
 141171
 802823
 206382
 827586
 687164
 889699
 421111
 441581
 335570
 460399
 22059
 559011
 956084
 601859
 716247
 973276
 621616
 177272
 362650
 369907
 365924
 151271
 958841
 653392
 381655
 488669
 477308
 687356
 380416
 292639
 272773
 590649
 25053
 414472
 839166
 691990
 420585
 76902
 34911
 72200
 561666
 11540
 432947
 193944
 516749
 476908
 183086
 628599
 105506
 812099
 924348
 301779
 891454
 682361
 414558
 897370
 290664
 544161
 971802
 482956
 503920
 295002
 544550
 722951
 869797
 739840
 758677
 898090
 35645
 117865
 174029
 739265
 734854
 811965
 11546
 300968
 489598
 38997
 869973
 557853
 860376
 674849
 709221
 462078
 632857
 501510
 695115
 694108
 339073
 99999
 985622
 979286
 556681
 296416
 360344
 530880
 77362
 925336
 619602
 113774
 946124
 344061
 982680
 672115
 832111
 206831
 348731
 247671
 703789
 801784
 539438
 316612
 484058
 62308
 778091
 312327
 344769
 252928
 839880
 250944
 91986
 30866
 166554
 161354
 660396
 682545
 603701
 718491
 575482
 859060
 723179
 392079
 919130
 525467
 193896
 434576
 241750
 478481
 895679
 698907
 843361
 737587
 107116
 282641
 139611
 705812
 483648
 100031
 883321
 711808
 952166
 518424
 261660
 915230
 195469
 911782
 60769
 798764
 905927
 760316
 104529
 167874
 61137
 872464
 511934
 815739
 223976
 918800
 103245
 943520
 497706
 717650
 238095
 787492
 896851
 802436
 131549
 224752
 586434
 55997
 517615
 56466
 907824
 559374
 219840
 29401
 411540
 476518
 516778
 189349
 598310
 387473
 664959
 728781
 117069
 928143
 921221
 497553
 938238
 164264
 515764
 990839
 815402
 562070
 905503
 930043
 716733
 733788
 686962
 920690
 554692
 702450
 601589
 532631
 468455
 96256
 342840
 652717
 791136
 706099
 740235
 279689
 237887
 186012
 616358
 999558
 647043
 6706
 25296
 508273
 588789
 9580
 562757
 33724
 882177
 723309
 618554
 399691
 94440
 203509
 160855
 623394
 250445
 536959
 643446
 329770
 858614
 424137
 679874
 135314
 190749
 775483
 285714
 618926
 629791
 566328
 302558
 885182
 286694
 605362
 518122
 665501
 731163
 118944
 791078
 960544
 531295
 245824
 436059
 650268
 375000
 849835
 375012
 500204
 870078
 547561
 688037
 713441
 330868
 256940
 84980
 324564
 458503
 848533
 505617
 295443
 576336
 198019
 392213
 808753
 781430
 332227
 267729
 227482
 552493
 705422
 985739
 82290
 635547
 147671
 296418
 325264
 175629
 877750
 265108
 457167
 977064
 939890
 396417
 678625
 222525
 916554
 357740
 628741
 477785
 588471
 78183
 635902
 374449
 698077
 718582
 568015
 996085
 111691
 882135
 965397
 116788
 122332
 453027
 936057
 462375
 145591
 715695
 916524
 149989
 453016
 771382
 63339
 380963
 566978
 627906
 431530
 375909
 318986
 346881
 102576
 831484
 170670
 369712
 448615
 168829
 136890
 905064
 475974
 176000
 704277
 992796
 899004
 478524
 341433
 989577
 870967
 129547
 195996
 638638
 27983
 82413
 767315
 158949
 227409
 687562
 569648
 508492
 321806
 735878
 936711
 465784
 342049
 814358
 49296
 463218
 873285
 74635
 758327
 623415
 826287
 724562
 958600
 318383
 450746
 689320
 341703
 692605
 988092
 681359
 724842
 365751
 66392
 440172
 341385
 789600
 810951
 634915
 323247
 720477
 308368
 106901
 477374
 953163
 928030
 282127
 545684
 519235
 417699
 959875
 533947
 584390
 894704
 548971
 296244
 672147
 821642
 957083
 815189
 729283
 605381
 224109
 494643
 930106
 290464
 380156
 775455
 330510
 572601
 514635
 193170
 987538
 685164
 14558
 333907
 837209
 951595
 343452
 48701
 916891
 463505
 143430
 782573
 964032
 508196
 285641
 881822
 880582
 658631
 774969
 270132
 705363
 819469
 865962
 370656
 667188
 731961
 144931
 683891
 884289
 139153
 312442
 207959
 103715
 919263
 248623
 82594
 111111
 515784
 172531
 801033
 841807
 500492
 883361
 185037
 199999
 814169
 329363
 229499
 759161
 19853
 842879
 80707
 617166
 250371
 108836
 899595
 946670
 751729
 611022
 504961
 508426
 11805
 409192
 271805
 850473
 853771
 440166
 421785
 12824
 974550
 513951
 921005
 818046
 423003
 386768
 570310
 978068
 576785
 223985
 602426
 538026
 960662
 937252
 916631
 458772
 595419
 780196
 71391
 407744
 298989
 216216
 657851
 498189
 404458
 825036
 857179
 424739
 587502
 499258
 864891
 87998
 390629
 312236
 162422
 971556
 281978
 278417
 924486
 741780
 280149
 985309
 916433
 789922
 981818
 302295
 39126
 931914
 953381
 918672
 906932
 993669
 453213
 5092
 209229
 889646
 963261
 426691
 596140
 643484
 634100
 22887
 669523
 718910
 380695
 25426
 974732
 219227
 795751
 159169
 916539
 109670
 533587
 431367
 157975
 305111
 162967
 100861
 350402
 625835
 862231
 744112
 836010
 42291
 668100
 80333
 65490
 289279
 874138
 704422
 121806
 930306
 359497
 299488
 935470
 48068
 797232
 303637
 199891
 702873
 982456
 180205
 695817
 807486
 95097
 250117
 929466
 810628
 788311
 999053
 619076
 975216
 290719
 122061
 190689
 351446
 607098
 825846
 25453
 351685
 609602
 42175
 241135
 342350
 334374
 142857
 849914
 779313
 772427
 270821
 731007
 2628
 818770
 210270
 860205
 313850
 989135
 599404
 218309
 301931
 359764
 657205
 817133
 639220
 735600
 281454
 244693
 603849
 152037
 831654
 69548
 240362
 550163
 183896
 120780
 545073
 24208
 71260
 85737
 581569
 915631
 617630
 299216
 633079
 432002
 993115
 7075
 313588
 577907
 44750
 518755
 305120
 822558
 842860
 317378
 742328
 126782
 770015
 876284
 593912
 953099
 247078
 605823
 274389
 415658
 973625
 751100
 688854
 24523
 641360
 198562
 181676
 64457
 247137
 267686
 227666
 703667
 68179
 864929
 205667
 963817
 609049
 335049
 811402
 132769
 97287
 195286
 951200
 291777
 896150
 557102
 299114
 271304
 676628
 181276
 748026
 248599
 320014
 800505
 570681
 615124
 905535
 131349
 88555
 406267
 341288
 442013
 7685
 576154
 68161
 829687
 455210
 285441
 785662
 895755
 771012
 970404
 654933
 147038
 173076
 906495
 159
 394952
 492792
 953716
 829477
 981267
 383542
 77171
 888575
 317304
 583267
 292984
 98189
 306012
 380491
 464670
 611198
 683555
 649345
 131333
 339793
 515375
 972265
 477325
 407608
 7914
 665585
 980843
 458386
 163701
 147206
 626722
 552031
 986840
 572874
 200594
 830769
 260202
 151975
 330376
 139408
 598949
 190379
 890254
 969960
 526992
 868537
 709547
 625954
 327278
 679093
 306461
 173278
 889923
 449248
 425928
 653054
 885726
 1511
 868147
 802756
 738841
 147649
 519379
 700167
 24584
 337568
 657084
 996023
 390166
 94549
 192996
 116503
 335015
 515318
 801034
 90128
 975355
 280865
 841634
 301494
 510480
 107255
 417406
 528878
 62672
 240287
 849462
 470644
 507200
 246219
 777576
 469604
 789223
 381509
 977289
 693943
 888253
 382671
 156229
 326940
 971190
 185959
 426480
 161377
 860853
 825972
 908347
 490200
 474727
 171581
 684218
 990465
 357586
 162823
 845772
 678441
 916196
 133627
 712062
 821958
 841811
 876176
 795650
 424909
 322971
 769331
 579317
 591785
 439968
 709079
 262798
 212862
 807818
 130693
 569255
 807491
 86015
 191968
 588433
 547945
 194571
 237269
 520150
 582703
 377704
 841584
 383115
 744423
 878173
 250102
 196702
 855879
 789946
 993221
 937813
 676487
 567738
 20134
 632431
 471568
 484929
 786118
 878787
 249089
 803677
 199986
 104972
 419278
 562898
 287328
 67448
 207185
 291117
 819881
 36289
 928842
 700324
 373285
 1626
 25376
 343404
 35891
 151957
 316092
 186271
 587496
 694690
 127971
 672514
 374956
 941873
 823294
 876470
 556082
 326057
 517382
 215767
 539444
 249918
 319045
 186740
 26818
 822843
 561358
 891107
 76658
 76606
 534248
 208355
 674315
 182042
 776549
 18471
 1430
 299574
 883479
 941478
 660499
 156374
 423378
 385182
 660915
 110114
 321437
 561205
 744117
 472928
 297691
 487750
 982958
 425688
 488424
 127999
 788844
 893624
 174076
 295254
 650424
 53619
 18800
 350021
 65564
 549711
 942857
 223133
 287031
 24438
 324434
 200380
 526202
 971123
 235294
 920116
 652651
 337433
 724596
 792760
 778023
 534787
 366436
 731868
 124022
 618938
 598331
 792416
 117629
 474951
 590675
 227153
 27555
 451636
 24375
 857900
 225585
 670912
 270879
 947331
 193624
 776278
 349694
 282478
 582140
 453834
 215366
 697413
 735751
 357366
 934358
 112049
 323320
 410071
 231231
 494258
 968542
 831710
 834030
 549601
 852358
 517163
 301677
 222344
 241366
 275907
 379221
 742079
 941434
 641441
 203094
 635883
 601075
 809938
 378586
 163918
 535832
 261675
 115032
 325917
 171399
 210464
 798563
 616426
 541714
 187531
 38578
 566630
 707800
 423497
 280032
 3437
 692908
 3827
 893297
 958896
 947275
 782038
 525577
 745256
 725941
 713111
 102635
 978806
 298245
 254966
 631238
 66623
 631578
 603250
 280462
 893443
 558314
 48085
 75403
 786135
 946365
 249041
 881965
 586364
 463671
 720430
 257683
 234642
 654464
 185081
 813980
 35329
 660153
 504730
 666798
 306772
 505746
 936010
 82962
 275353
 704316
 454873
 764064
 309885
 374561
 103151
 758769
 915201
 283256
 337746
 629447
 534842
 699039
 725842
 953858
 856213
 574717
 582231
 783543
 350220
 423125
 2235
 427236
 773242
 400250
 456467
 626314
 787998
 195485
 300167
 72270
 525479
 778538
 492594
 211365
 153497
 631553
 889694
 711997
 382662
 578593
 790826
 502487
 490834
 340337
 554797
 602401
 861529
 641179
 112106
 930379
 149672
 914580
 499436
 434329
 808219
 294267
 61237
 963016
 11784
 778517
 559130
 865208
 256302
 399610
 386418
 818949
 331738
 794540
 743357
 479258
 773656
 207601
 523426
 543046
 733097
 589989
 273356
 586206
 247250
 828778
 700224
 786223
 120687
 740921
 356715
 990997
 673335
 794718
 683052
 968782
 933653
 490158
 830103
 589395
 355353
 927015
 282510
 110999
 135007
 717795
 812404
 150943
 31053
 583872
 889880
 372202
 187408
 361117
 421570
 962805
 774668
 770292
 85470
 794135
 216791
 926394
 519001
 266992
 174123
 201705
 648508
 149325
 455193
 650020
 802253
 197418
 248551
 631125
 280754
 725249
 39524
 40366
 390136
 810153
 751241
 833437
 263107
 293782
 319428
 85066
 824911
 930113
 120560
 452070
 15713
 213067
 503713
 139484
 768476
 137578
 404493
 618281
 503422
 665036
 169332
 86847
 294085
 789359
 847414
 935044
 22465
 556476
 970330
 765872
 635710
 815295
 298871
 195280
 79496
 444535
 140855
 327365
 294605
 760594
 495000
 928208
 844183
 57670
 30303
 221522
 685539
 652061
 991603
 228298
 641452
 881360
 334082
 607639
 917663
 947500
 980977
 667907
 840275
 396938
 994044
 568379
 2877
 553699
 433182
 122086
 878172
 840133
 236236
 53922
 343491
 352297
 598040
 870806
 482071
 708317
 432702
 755949
 786430
 912755
 586298
 157145
 488265
 365451
 68464
 75536
 595453
 637142
 714643
 501165
 656587
 877310
 313992
 941354
 3370
 940161
 632373
 385007
 559566
 302564
 489946
 243544
 984763
 292370
 626253
 449552
 811761
 202266
 722982
 526420
 717990
 689632
 847794
 304327
 872780
 859936
 500469
 872239
 127463
 716574
 928878
 200853
 753890
 638044
 353977
 935970
 536066
 368833
 393509
 982503
 68080
 99577
 387434
 805940
 72337
 964428
 534978
 825904
 650107
 114722
 895130
 960809
 147015
 168598
 198973
 839516
 935814
 299663
 589285
 849608
 705413
 593543
 33390
 795850
 689310
 516735
 553741
 748949
 901193
 241086
 215234
 486912
 705036
 735456
 824895
 356272
 696483
 318477
 804994
 215294
 229946
 29627
 667590
 641942
 17106
 681046
 472015
 52032
 838982
 24111
 441704
 973252
 82312
 910159
 127006
 134001
 925148
 999541
 807048
 128487
 801916
 795517
 700037
 947290
 456368
 378122
 532540
 591099
 410426
 503986
 225941
 85257
 201486
 509440
 915076
 672005
 390256
 499228
 76705
 890844
 721809
 731910
 973512
 244383
 147319
 783914
 705725
 754150
 258593
 243817
 183782
 827361
 697057
 56065
 822485
 240579
 984932
 722665
 603799
 282206
 626806
 102649
 971754
 552890
 191322
 500646
 808375
 768362
 321537
 477601
 656488
 667579
 869298
 659634
 690821
 736197
 138152
 99065
 114083
 909399
 271449
 310492
 110733
 958474
 434940
 972131
 11799
 473457
 910017
 50847
 253310
 172906
 597965
 352793
 369617
 571169
 479477
 933828
 468513
 27760
 339636
 796174
 486515
 627669
 823008
 491364
 189348
 520878
 546326
 656688
 447383
 655913
 405926
 457575
 201996
 785122
 38609
 473982
 69217
 850724
 979788
 202867
 186415
 61778
 9586
 154121
 429583
 557951
 549075
 356530
 987306
 672981
 967663
 834645
 63530
 333911
 718610
 8065
 77539
 181120
 352824
 944255
 207301
 550774
 704697
 139558
 401054
 134821
 659755
 601272
 880886
 335678
 601193
 185789
 408519
 512555
 450071
 276024
 776677
 650415
 790641
 863291
 980951
 966037
 609846
 789976
 189608
 696487
 648802
 216124
 118031
 39644
 566384
 688326
 155047
 857378
 242106
 954864
 661006
 430257
 567635
 546509
 266935
 897398
 734410
 816746
 999784
 148866
 848128
 469701
 917661
 103117
 69035
 753297
 930175
 913125
 540252
 765074
 424148
 325670
 611590
 173479
 576912
 305543
 153436
 351987
 29964
 821582
 237223
 881444
 507194
 878835
 397022
 329868
 13065
 639758
 104484
 532218
 54777
 477521
 809976
 835262
 635412
 608135
 682223
 876649
 859751
 927738
 819978
 400650
 372219
 621470
 117647
 716614
 606292
 442507
 138602
 223688
 79520
 904939
 715494
 679031
 685541
 562326
 931312
 910036
 268784
 936168
 326509
 442584
 721052
 478434
 827893
 550852
 271227
 741852
 63276
 106661
 916906
 44621
 886399
 860115
 364874
 491003
 900381
 427956
 43046
 728318
 683836
 520302
 901744
 272501
 297077
 202123
 920930
 198675
 695587
 117179
 556593
 39836
 411161
 200964
 472781
 7246
 406829
 871078
 380746
 25054
 133842
 395932
 657719
 47595
 111517
 980725
 780766
 369893
 571128
 680293
 883595
 792936
 287381
 313608
 664164
 194713
 968837
 909799
 988553
 327005
 713642
 786617
 807971
 702702
 832220
 226111
 839195
 248616
 270871
 259259
 63013
 825698
 828655
 419250
 364902
 683204
 318364
 636032
 930332
 673246
 105019
 663716
 496979
 310875
 410463
 140109
 595589
 137340
 821111
 404466
 2019
 745017
 222399
 150203
 634486
 634217
 505996
 192035
 144195
 603442
 247303
 58420
 341798
 596144
 286027
 49958
 146556
 967435
 105969
 466299
 473484
 443232
 879659
 972154
 724956
 533509
 170028
 201763
 795346
 666016
 347826
 488870
 822961
 757314
 952786
 498034
 455447
 35596
 5196
 222590
 56786
 384913
 49944
 96126
 535245
 170571
 753809
 960586
 234611
 775629
 892109
 307298
 347492
 393687
 478433
 417688
 277222
 138696
 568052
 864948
 708343
 697864
 565228
 910387
 776517
 492227
 412567
 332631
 269145
 83228
 881328
 481685
 46884
 973269
 651602
 905053
 401466
 277035
 692001
 791365
 752655
 345213
 260105
 621430
 78618
 429464
 363477
 777459
 772710
 795419
 692449
 945282
 293154
 79462
 530724
 851494
 930960
 943171
 781554
 736095
 975729
 493487
 195847
 478164
 881731
 6694
 589671
 100334
 410020
 466487
 490077
 597874
 114285
 74358
 215963
 127490
 489429
 284297
 546266
 852103
 929824
 520025
 41973
 756831
 98029
 741188
 60168
 702099
 850601
 320493
 503862
 811836
 742634
 778993
 937309
 457831
 575141
 174846
 520348
 963799
 469120
 869184
 969063
 772727
 863848
 922397
 665930
 851725
 599000
 746341
 327198
 666251
 426456
 807156
 276383
 147507
 157024
 61893
 559748
 983519
 882095
 150014
 717905
 82562
 243620
 198952
 804652
 135466
 731455
 7564
 515751
 878155
 183545
 599040
 999031
 38303
 185026
 541194
 605577
 417489
 312090
 756895
 524247
 317375
 207996
 35918
 53769
 499718
 424164
 220590
 55575
 525540
 78643
 100599
 189133
 440037
 32167
 178468
 663560
 222492
 439490
 993863
 32733
 120017
 596835
 373028
 941145
 12548
 47013
 28443
 876974
 293130
 544231
 471032
 764242
 561065
 695700
 914086
 120077
 624063
 389854
 593964
 430574
 116828
 829820
 800888
 815210
 544105
 836923
 726479
 999644
 382030
 380285
 494238
 842599
 576946
 13901
 811430
 620051
 265887
 773927
 474516
 339582
 38138
 436033
 919298
 611408
 105138
 961670
 815568
 877359
 101430
 233609
 167123
 301737
 68597
 193019
 484911
 603415
 363263
 792382
 710448
 876190
 451052
 902988
 776349
 79232
 343994
 346340
 323082
 581450
 29989
 205144
 35037
 118152
 557499
 862208
 531591
 1328
 845061
 490010
 270379
 195707
 703408
 263916
 212494
 901439
 494225
 718222
 577997
 224946
 447482
 909566
 983917
 629201
 919472
 657218
 656746
 169143
 465363
 879457
 561757
 552527
 553403
 19193
 911288
 763360
 754850
 788004
 321020
 511182
 943909
 367372
 411506
 363778
 655559
 16460
 678542
 198637
 1016
 735312
 666970
 322748
 357196
 721989
 901937
 33935
 3627
 684258
 895802
 440008
 774216
 179646
 207936
 670957
 986538
 538880
 264100
 943191
 700401
 74083
 280155
 302730
 283900
 974285
 544577
 812610
 930740
 107844
 268426
 703637
 268712
 697904
 275385
 159785
 104114
 35739
 684782
 900069
 941250
 18490
 125232
 83870
 73936
 175866
 350810
 357747
 335875
 369117
 532428
 397318
 659843
 338301
 764390
 747047
 371248
 783572
 296360
 67993
 554315
 872385
 125000
 112722
 921739
 386421
 233510
 37900
 157264
 574928
 172538
 457627
 190580
 183013
 841269
 581945
 95814
 668059
 519685
 212629
 500078
 816675
 583249
 669136
 538592
 517462
 760529
 972931
 391769
 622855
 632767
 184376
 49255
 757420
 741315
 192094
 66239
 179451
 220392
 476655
 44586
 40110
 501708
 774325
 953681
 763176
 671105
 119595
 209277
 520061
 30947
 357198
 441257
 781479
 92266
 25156
 190099
 119772
 334132
 788168
 218054
 317787
 724866
 199549
 673720
 967524
 719811
 700653
 410228
 237950
 479888
 377105
 788316
 782855
 280936
 276589
 21060
 663872
 783813
 734643
 517960
 830058
 966740
 20665
 782973
 549943
 167732
 78795
 235077
 316290
 978273
 250859
 731132
 308217
 607848
 459497
 942795
 804607
 463595
 325332
 384607
 70047
 113704
 646479
 53509
 946892
 353780
 474134
 569137
 132299
 797933
 471155
 599221
 910846
 156838
 903768
 514929
 342163
 763616
 797833
 119056
 964593
 939572
 603606
 793272
 606263
 88739
 620178
 970041
 556204
 431989
 591484
 910522
 609410
 187183
 731234
 864930
 989214
 80545
 701837
 991431
 135066
 340588
 814990
 954453
 648369
 81793
 180451
 332464
 439077
 811744
 208325
 252882
 757713
 96585
 614295
 571012
 533161
 765019
 388379
 344197
 43993
 697745
 641215
 758408
 311291
 593161
 414146
 840876
 566082
 362864
 260936
 389511
 601271
 482112
 62848
 747569
 715322
 439280
 623
 127987
 914959
 434437
 657825
 503099
 851768
 957038
 354857
 317303
 982263
 774353
 752311
 489260
 584905
 282871
 407121
 494779
 842290
 705943
 20606
 835922
 794887
 81339
 636197
 644468
 169455
 984271
 813283
 208955
 862015
 759973
 536896
 215887
 811211
 964915
 509885
 726901
 789959
 375013
 509578
 451925
 779650
 714343
 114924
 28548
 761467
 90329
 534116
 288445
 404688
 447289
 602790
 671999
 96659
 603821
 863038
 939742
 401100
 138856
 25844
 611888
 778661
 480620
 577052
 899075
 587890
 366609
 321432
 845614
 647462
 865235
 414920
 479999
 363558
 111815
 726256
 817607
 168984
 65672
 914613
 715183
 545009
 609079
 944612
 959302
 749034
 950823
 948471
 141778
 393197
 823789
 196434
 947203
 103862
 425003
 262739
 461774
 807444
 257971
 831977
 714716
 876408
 781937
 108539
 725578
 625877
 831955
 424935
 459854
 788301
 580547
 284329
 567826
 381181
 642529
 600258
 217391
 633516
 472255
 730071
 428571
 984084
 968746
 440386
 761644
 384056
 633978
 892354
 530647
 860013
 573549
 602702
 876100
 49822
 705670
 53227
 815784
 952996
 223489
 579487
 94624
 501148
 88655
 155569
 91117
 272369
 628779
 753474
 467438
 191463
 999759
 628644
 360678
 36745
 692858
 525864
 469180
 7733
 424762
 19929
 927395
 993798
 411724
 762179
 625324
 648960
 351073
 202805
 233965
 32414
 794538
 631426
 927408
 815999
 980994
 675675
 447607
 301572
 912754
 604622
 676977
 886320
 843925
 498519
 251750
 744281
 511435
 58198
 343993
 562055
 807246
 878321
 703903
 20366
 992000
 85906
 427238
 720225
 859841
 329692
 253866
 805946
 865652
 187456
 283228
 707602
 839457
 372093
 53602
 293500
 884366
 156763
 930763
 468930
 598623
 18353
 22851
 144310
 428044
 739059
 526090
 714022
 408314
 713929
 10434
 70604
 93813
 395638
 671414
 327639
 469355
 702037
 406737
 954799
 523796
 68146
 32108
 101730
 835970
 513944
 329396
 541840
 488897
 746799
 609481
 851993
 422626
 838718
 595486
 603677
 505002
 522935
 173181
 304234
 514184
 487341
 519069
 977006
 122866
 525176
 626391
 775562
 413023
 852129
 363528
 149563
 194779
 449052
 199224
 996636
 156666
 652065
 23264
 196310
 933695
 371569
 919191
 535368
 672837
 631942
 905929
 363533
 910029
 530886
 88633
 146347
 150650
 606261
 351881
 166816
 75156
 759353
 737190
 528209
 587500
 579956
 752
 310328
 627553
 308742
 46949
 32179
 90258
 575594
 66515
 593634
 474557
 967592
 174978
 483439
 254982
 746413
 388248
 207289
 110842
 274408
 498762
 635576
 869701
 238307
 293025
 127343
 321078
 585865
 897899
 174853
 953445
 739606
 882544
 613731
 291481
 839244
 855405
 940559
 125654
 655936
 112636
 281234
 777411
 621764
 465488
 656163
 99857
 308034
 800736
 167118
 968366
 150098
 706471
 396602
 911358
 381844
 639722
 550342
 624703
 987032
 844877
 817945
 416961
 333730
 45977
 209821
 874874
 69558
 384946
 236859
 912306
 406566
 266338
 815023
 978088
 557800
 259028
 53158
 397327
 647416
 550047
 677396
 577412
 65298
 230704
 175068
 716227
 275183
 746011
 182391
 58479
 798611
 834843
 551020
 387833
 291972
 58787
 375145
 127036
 915509
 39362
 119745
 777730
 545673
 986024
 919576
 924358
 722178
 159214
 155851
 611995
 331583
 618030
 628902
 821831
 428160
 939585
 122803
 732753
 297336
 710152
 64178
 570370
 312752
 461126
 273171
 700938
 514211
 89106
 260969
 273774
 36452
 940004
 484825
 926648
 211179
 467403
 47136
 180173
 766942
 94557
 984239
 735744
 520920
 239539
 385105
 473540
 135476
 999736
 551636
 853943
 992610
 508626
 2579
 195236
 444701
 373665
 705698
 300297
 906999
 138522
 464219
 291771
 560574
 376701
 33498
 591348
 799561
 671268
 466769
 124902
 168807
 475499
 642240
 830311
 876661
 352201
 596270
 134663
 628710
 832158
 397727
 360995
 615145
 394221
 215551
 51624
 622561
 596337
 850804
 414478
 334523
 352399
 495869
 225817
 267280
 335413
 621193
 910581
 350782
 924298
 114110
 699457
 376508
 504985
 326563
 185117
 49627
 373552
 641886
 856766
 413741
 182728
 433729
 23255
 507108
 124739
 551186
 746562
 324830
 812903
 273474
 999635
 690776
 739130
 360676
 123623
 492535
 846003
 153976
 976527
 147179
 521306
 614720
 30154
 145850
 469601
 628979
 545640
 464650
 871919
 676194
 622975
 649370
 964319
 203392
 902883
 900569
 493474
 6291
 564749
 980181
 906767
 490780
 296831
 599456
 757894
 345765
 220088
 486616
 806218
 45799
 631132
 993768
 611324
 898963
 228059
 50375
 807896
 693304
 68559
 230556
 371278
 607773
 787770
 277191
 402083
 788979
 841492
 111561
 743445
 770591
 34672
 873304
 694563
 187623
 981255
 738619
 239348
 413216
 232532
 421031
 165720
 700745
 979964
 816802
 14634
 801839
 684609
 268740
 407797
 176663
 473086
 158131
 794866
 574731
 798560
 493287
 595585
 483852
 776611
 421696
 21778
 255205
 902262
 747703
 950738
 392501
 964339
 106360
 242506
 145169
 579790
 262281
 416149
 776699
 526717
 346587
 635020
 412162
 793296
 668373
 975214
 751775
 188806
 439111
 996382
 44892
 395662
 455282
 610515
 577102
 948596
 813294
 722184
 841394
 887873
 310534
 959887
 13649
 434314
 803816
 227780
 17657
 168758
 522954
 522090
 16564
 569110
 375650
 380852
 744118
 692650
 376499
 226469
 480000
 696531
 113180
 535915
 895496
 586360
 236904
 190625
 311516
 832738
 955493
 73280
 181390
 140419
 74917
 50304
 809836
 785180
 589341
 589210
 920172
 232272
 738902
 891246
 395152
 593548
 589524
 742675
 119765
 383654
 592041
 71445
 558988
 902711
 318265
 956765
 561971
 460679
 162412
 972887
 337734
 65725
 888876
 684174
 44399
 625429
 292436
 383025
 435958
 328347
 736872
 409604
 882555
 873169
 490566
 294395
 283595
 176304
 580395
 774303
 851332
 73941
 436969
 871949
 323423
 50168
 130487
 265060
 437027
 126655
 641868
 544539
 407607
 465680
 289863
 639556
 755803
 832630
 909780
 197524
 649832
 543116
 348857
 650112
 385112
 478454
 558480
 560291
 960978
 117241
 734645
 111703
 32869
 419495
 521582
 401952
 190517
 528520
 387495
 320624
 674193
 712933
 596046
 93959
 470406
 783483
 965161
 706046
 177774
 784791
 524142
 382938
 248200
 706228
 214548
 973894
 661837
 984407
 551495
 645713
 87109
 490789
 725653
 293035
 14462
 678034
 633689
 638721
 299177
 30724
 263632
 589815
 528124
 17063
 767857
 909424
 315054
 465768
 328083
 159036
 987396
 594155
 947747
 898006
 910434
 984520
 859702
 58807
 406945
 796460
 925976
 838124
 145999
 872840
 614964
 998817
 945454
 969164
 958199
 878527
 295827
 384615
 471172
 283333
 384763
 4739
 123921
 80726
 855109
 621621
 629726
 558771
 534720
 944472
 585687
 828074
 910937
 507529
 418696
 33049
 450615
 969245
 492046
 269135
 789166
 228090
 927707
 233068
 762551
 253175
 591765
 146072
 895853
 269565
 283969
 200036
 195505
 122703
 798269
 312666
 371819
 489599
 759965
 42271
 744091
 313092
 910993
 358689
 307380
 951503
 777694
 872659
 459853
 29310
 361740
 235278
 200670
 935196
 898538
 82987
 863801
 732965
 137566
 336629
 413680
 476277
 610674
 477401
 875219
 762619
 42489
 342440
 754472
 730105
 767994
 461433
 822197
 614995
 478347
 938183
 534570
 212365
 831980
 627111
 753811
 731396
 926623
 300770
 581973
 125307
 831758
 638176
 517919
 770878
 479744
 640653
 567741
 55823
 94797
 429752
 712168
 606535
 161168
 965957
 291385
 703020
 417475
 244249
 282321
 338449
 11875
 875739
 799967
 364806
 397683
 270411
 834175
 234376
 716215
 103770
 808314
 361730
 323105
 530612
 768543
 361256
 174788
 192575
 913378
 436526
 964708
 378569
 822343
 323943
 246439
 560311
 858055
 32698
 436102
 867860
 647396
 106804
 929228
 419635
 107028
 909396
 756884
 885486
 29641
 103328
 303783
 954504
 440821
 851063
 484975
 391768
 551229
 42960
 191576
 886817
 286481
 418824
 668717
 83650
 996975
 666425
 717444
 95333
 465560
 592622
 387248
 658856
 486699
 94475
 735987
 420038
 327966
 814467
 272484
 888994
 30003
 335961
 658559
 543643
 123116
 638180
 159070
 25594
 463933
 118397
 689688
 713518
 509881
 262564
 694454
 993502
 983783
 763157
 81207
 49389
 914913
 13462
 189542
 738057
 978533
 236513
 59360
 278520
 574382
 721898
 38242
 641423
 650636
 526967
 523105
 399599
 124543
 609311
 458737
 705713
 712991
 947258
 471623
 684684
 511649
 512181
 378377
 932015
 717774
 645862
 941133
 851896
 436894
 44334
 767760
 105545
 909868
 419141
 568848
 487794
 195709
 132840
 196819
 705882
 770546
 662625
 172925
 787500
 395227
 99830
 819090
 428280
 221127
 589661
 386605
 749761
 482410
 397910
 859429
 52813
 182821
 495417
 622474
 129213
 542221
 80731
 723388
 930806
 257641
 648342
 22649
 786179
 571493
 906298
 329179
 395373
 46474
 91967
 884813
 46728
 648907
 464611
 207858
 638494
 303863
 698993
 104465
 734160
 590015
 822854
 74603
 57965
 359060
 588845
 645385
 647331
 391103
 909681
 228556
 717910
 813339
 694560
 63175
 552930
 89088
 42417
 641279
 925574
 952534
 803007
 841651
 659687
 967254
 969298
 54033
 612427
 617021
 376628
 408247
 616099
 686210
 101434
 730316
 767309
 193046
 287705
 86425
 608028
 753494
 519591
 872560
 781727
 48780
 363437
 842616
 303462
 556068
 715562
 510928
 727327
 265894
 645731
 306715
 631987
 837331
 386500
 945775
 583273
 423841
 333333
 843137
 986029
 522683
 956068
 372296
 260717
 623933
 402845
 672097
 523612
 254730
 855201
 743341
 564705
 266801
 301886
 491687
 2288
 194173
 442996
 897176
 972327
 325724
 633244
 21084
 968051
 280162
 27501
 375319
 27459
 30358
 44464
 481260
 630399
 756641
 295619
 84799
 883720
 604232
 356659
 532166
 238444
 354756
 840170
 602774
 17416
 558473
 541497
 974358
 600538
 244442
 788437
 613691
 340425
 38119
 800053
 860323
 36208
 52790
 374290
 943714
 12327
 602254
 751079
 662597
 942973
 829187
 182200
 800968
 472652
 861463
 821052
 365635
 39699
 880059
 982112
 396787
 718355
 636605
 185253
 625998
 699408
 888497
 132659
 945888
 886234
 723792
 557127
 851918
 283408
 181544
 273649
 465734
 868852
 52535
 675709
 601085
 686110
 913904
 638757
 475472
 178523
 739170
 307853
 969174
 194906
 696314
 247662
 202866
 173718
 437520
 912472
 424552
 340380
 90252
 29782
 93249
 118769
 493520
 408157
 132616
 962793
 444583
 337960
 141714
 102657
 398933
 660937
 140303
 624035
 420399
 998899
 261822
 410879
 607735
 228346
 610641
 520244
 410174
 536345
 749648
 72186
 472591
 424327
 791678
 292212
 192405
 908263
 729766
 415500
 937842
 584388
 267268
 445300
 91817
 392248
 676883
 547223
 712988
 948260
 501243
 976938
 56201
 631954
 986493
 358117
 929265
 313345
 536864
 628006
 650416
 476586
 490630
 460248
 964408
 84127
 947630
 822242
 992337
 728530
 573895
 864596
 649180
 970030
 569206
 523774
 273297
 615178
 192660
 103092
 627761
 386708
 329113
 841586
 899210
 685197
 271944
 422802
 827542
 733791
 324503
 677791
 460956
 824120
 232146
 559577
 793633
 939939
 813753
 565728
 949712
 725061
 261647
 380812
 757199
 449745
 96602
 872245
 379722
 706485
 225412
 446910
 722785
 760608
 718944
 505787
 62201
 648502
 350501
 396984
 834782
 646872
 470128
 459591
 699281
 159048
 381375
 149106
 383331
 368761
 516171
 604731
 943204
 206349
 958549
 911115
 570948
 579406
 883349
 25965
 746567
 236566
 332420
 530474
 525552
 172700
 965592
 487475
 957833
 114204
 138151
 101714
 102211
 609227
 779019
 644361
 374727
 156780
 11968
 453159
 938434
 162696
 906904
 286660
 588724
 232692
 71
 164440
 511138
 321913
 710556
 998302
 623285
 989537
 861397
 216776
 254609
 758239
 898021
 980690
 808306
 778777
 547103
 366995
 249229
 569248
 200920
 481682
 500885
 363473
 511982
 680830
 227424
 911342
 20650
 560135
 772378
 525793
 255307
 439347
 345019
 90124
 394686
 311223
 385915
 220396
 623941
 133291
 839980
 940479
 872944
 885714
 203169
 819667
 837807
 443514
 387262
 9640
 194995
 136125
 722250
 276963
 474524
 941139
 735777
 303890
 394903
 73682
 388727
 539489
 43773
 663053
 997514
 350332
 333111
 270302
 918038
 143086
 24660
 97199
 36466
 740119
 933597
 306529
 88545
 489818
 825593
 510927
 14869
 851571
 379421
 860779
 609421
 618947
 738649
 668878
 294787
 241122
 412424
 749482
 743881
 189205
 241042
 764248
 746629
 701033
 995719
 692550
 976175
 481128
 244311
 764195
 574972
 620504
 144670
 323426
 746427
 538654
 868001
 522799
 702654
 193593
 817467
 250157
 908664
 831721
 519953
 334653
 802946
 46526
 150714
 823805
 15112
 694474
 736013
 159900
 167419
 277310
 884641
 134408
 621215
 140157
 49963
 586515
 285860
 929896
 520462
 714178
 698765
 57771
 692307
 549593
 740219
 482968
 905842
 855600
 264314
 932806
 938945
 560703
 871172
 686826
 696142
 991418
 64520
 870830
 925572
 542863
 5763
 688840
 786537
 858052
 531193
 607979
 65073
 686950
 901033
 933990
 792400
 870026
 715601
 183061
 415495
 648754
 707791
 942336
 450772
 863938
 672768
 932960
 19063
 356842
 38545
 852641
 184000
 315549
 971860
 282544
 160392
 511470
 335615
 546180
 732184
 326575
 840210
 517495
 706638
 479222
 465715
 250051
 509639
 640176
 832079
 607139
 208644
 519877
 496111
 83009
 207274
 221164
 376186
 566145
 898707
 709156
 989615
 115583
 49634
 760636
 998511
 374844
 295792
 737237
 881645
 282547
 13021
 980756
 652416
 104528
 557362
 232048
 511251
 753177
 996115
 58661
 982302
 128297
 230503
 174681
 276849
 906789
 642384
 827566
 150402
 769041
 561836
 889999
 656194
 781091
 225138
 591824
 574120
 790458
 573262
 804231
 941932
 500784
 133752
 66425
 294861
 419810
 333059
 911472
 265789
 68010
 908727
 749225
 559185
 512635
 420074
 190206
 730181
 876197
 42112
 796560
 756556
 484048
 22298
 550693
 691725
 623457
 869005
 88641
 32418
 17903
 866072
 731771
 817644
 967830
 672320
 972443
 455092
 845184
 363951
 142066
 939
 780785
 251958
 154966
 850396
 513905
 904824
 480112
 659906
 480750
 411185
 147272
 366119
 508280
 717157
 473143
 313323
 22815
 271071
 254273
 986882
 266059
 852797
 978404
 230944
 920060
 482017
 146019
 725766
 608323
 353712
 924622
 708066
 614705
 240632
 769109
 200510
 783040
 249668
 681318
 414356
 798488
 430656
 102912
 300682
 588131
 255397
 132358
 899776
 146676
 562289
 975529
 815361
 283185
 4418
 969211
 507262
 693488
 811918
 75842
 88974
 678580
 929577
 884039
 363908
 627774
 991679
 713201
 870548
 838007
 243910
 583338
 804612
 16220
 390248
 355039
 129488
 458126
 765160
 20270
 771621
 284262
 114310
 816049
 124367
 908509
 338072
 320085
 696177
 219076
 75241
 930510
 587032
 540932
 677586
 163123
 584993
 440291
 256857
 329645
 594276
 457013
 803170
 950861
 489144
 626870
 784244
 242098
 862871
 940307
 329900
 442361
 572246
 599339
 240808
 773552
 790892
 76769
 473488
 66924
 690503
 327790
 899713
 187195
 781172
 474232
 229743
 880723
 941123
 585962
 514338
 138791
 548346
 773551
 129028
 133070
 822949
 409177
 188765
 306597
 79025
 173012
 576844
 149599
 522105
 730937
 79201
 122661
 857884
 873596
 746321
 819662
 589033
 729132
 532852
 862625
 510893
 678638
 767156
 557947
 120087
 251904
 365906
 320810
 790856
 601335
 545344
 250976
 58192
 106631
 227147
 806618
 584945
 794083
 552147
 133690
 442598
 249205
 14778
 558537
 293221
 886620
 977099
 515141
 164202
 170365
 11714
 356229
 183499
 751601
 849860
 508417
 635744
 936305
 389714
 808148
 984552
 134952
 981195
 577296
 185602
 433944
 46735
 548788
 533064
 692827
 5361
 722019
 411805
 546716
 3066
 496189
 914161
 284202
 836126
 355854
 335386
 205096
 828004
 479905
 186979
 429342
 34030
 417130
 694506
 666167
 431876
 571849
 889837
 741726
 88143
 569834
 385579
 654828
 322931
 614466
 435798
 551607
 687349
 737523
 176720
 432389
 179866
 333986
 127098
 376363
 570114
 700352
 804265
 558123
 522024
 105816
 3734
 981886
 273712
 568609
 12884
 208792
 44956
 219924
 420841
 530291
 179204
 498032
 698164
 503683
 371226
 78918
 59449
 831422
 772118
 935424
 542576
 749186
 556552
 424438
 398388
 514765
 179974
 814859
 545376
 376284
 360080
 8359
 781743
 924485
 611305
 441975
 657252
 709889
 773360
 219540
 830082
 210410
 134688
 676108
 181008
 685166
 132055
 218400
 164501
 287043
 249192
 694298
 405266
 555705
 54054
 924203
 775377
 375386
 278946
 358946
 806347
 974971
 902061
 288564
 850392
 164800
 700029
 300546
 992319
 984048
 708078
 366742
 932510
 332831
 435796
 825152
 901818
 218943
 259602
 434628
 877839
 223168
 334851
 139332
 675870
 416260
 827103
 586922
 262815
 618111
 464516
 564881
 409885
 230687
 673469
 41897
 100000
 713365
 393968
 290789
 566341
 122678
 781916
 265202
 695831
 675379
 131302
 61725
 168698
 855687
 365037
 181324
 470183
 511644
 516279
 42345
 428844
 686184
 946512
 153682
 945011
 340021
 259785
 987120
 943892
 714693
 395383
 59811
 351418
 859870
 260857
 915195
 910300
 963576
 399620
 807155
 694623
 96545
 258502
 118813
 453263
 377468
 882773
 798432
 346206
 811641
 592893
 314315
 667850
 312094
 83333
 455719
 446101
 747086
 211302
 474576
 638584
 727321
 797555
 434732
 645354
 778254
 49275
 64551
 367781
 584445
 191489
 939422
 924019
 540166
 868769
 438503
 629773
 262084
 670375
 807556
 381805
 414283
 967498
 660096
 183729
 198141
 477620
 562131
 186968
 365090
 277513
 58397
 82005
 590461
 109473
 873255
 764973
 86419
 462672
 709537
 79207
 534798
 599029
 472680
 149957
 62788
 499077
 661725
 563616
 227114
 604662
 985175
 717829
 498855
 321935
 513248
 758254
 730623
 13541
 470884
 379580
 756994
 656040
 714199
 337729
 674209
 685212
 756543
 219178
 16633
 81767
 562211
 451939
 820833
 610962
 633657
 576218
 705605
 455652
 131628
 777391
 730808
 966653
 346364
 852248
 154011
 574252
 213521
 77939
 998850
 626219
 757476
 255538
 356281
 791719
 152939
 476390
 609666
 891409
 3972
 8411
 231048
 475205
 190106
 157581
 446301
 562090
 407126
 16931
 443901
 530869
 734786
 662111
 506267
 928398
 295819
 729405
 687362
 88083
 849387
 524206
 830188
 675029
 875476
 915352
 375032
 715576
 985626
 886505
 12449
 305257
 350000
 374347
 63084
 557376
 602675
 247524
 635820
 223711
 826784
 654093
 726577
 372170
 227364
 969690
 848555
 288466
 901093
 224409
 361750
 585612
 636963
 398800
 237818
 590930
 454413
 205314
 506541
 99154
 366879
 653495
 661560
 417100
 878592
 126636
 371172
 982898
 847684
 697337
 387832
 401930
 153349
 336316
 674048
 207290
 216261
 695604
 321616
 578618
 517758
 783455
 120955
 127750
 403829
 309595
 751687
 418868
 147934
 262593
 815340
 724820
 640341
 430526
 855483
 94153
 789505
 3199
 775622
 391376
 456147
 966003
 428063
 549743
 370261
 315605
 84957
 620468
 111383
 357728
 677315
 902614
 233914
 20833
 79100
 699568
 354333
 136641
 995344
 465668
 444627
 9528
 426727
 360973
 379640
 973353
 990319
 232366
 478617
 225240
 950075
 324606
 924809
 464128
 509090
 425790
 846833
 96253
 854595
 807497
 545699
 618454
 44178
 354372
 852104
 142373
 990520
 831083
 513361
 862404
 518924
 72354
 299581
 974218
 318824
 464614
 98330
 103036
 109774
 23755
 447779
 604925
 701246
 377794
 683321
 350412
 433337
 242296
 259096
 170872
 580232
 133376
 103190
 346623
 657139
 446360
 794823
 333149
 101076
 197889
 68805
 188544
 1075
 903440
 308626
 667468
 928461
 713075
 639191
 99326
 542039
 880349
 95110
 477850
 171097
 115765
 396247
 537054
 543468
 505875
 875074
 760981
 694014
 403844
 185010
 447792
 930210
 573961
 205442
 844007
 388998
 578027
 354735
 439404
 507600
 282721
 948352
 512889
 107505
 290647
 911816
 639453
 416892
 462094
 51416
 943322
 255011
 282296
 172057
 727020
 174335
 367699
 168926
 273056
 128489
 935574
 285918
 13708
 930184
 380989
 753035
 919612
 16574
 571810
 135242
 506425
 775095
 781384
 998729
 409970
 121489
 833910
 213483
 387284
 169139
 812719
 860964
 11506
 141643
 803018
 354508
 76935
 123083
 517493
 745696
 611688
 596927
 884395
 203798
 677353
 971441
 257287
 711125
 437564
 869688
 138823
 54852
 490257
 329061
 99051
 407532
 367299
 535732
 907578
 908867
 482253
 485602
 390920
 982241
 585683
 689976
 608219
 126168
 645907
 424056
 187096
 838049
 183368
 612821
 577075
 324322
 482657
 725883
 959183
 827344
 822451
 182690
 797468
 724890
 497603
 369253
 895111
 878098
 621313
 300869
 905070
 429495
 587524
 555983
 750428
 769648
 717767
 114347
 199985
 952941
 368883
 397211
 16445
 238410
 368727
 914285
 456455
 939680
 710219
 35434
 875961
 568712
 464633
 894560
 670063
 332239
 655125
 105345
 98901
 802670
 933649
 11096
 240360
 754102
 987785
 665502
 186214
 181675
 833333
 917756
 411567
 579805
 734545
 255352
 805252
 421490
 43251
 892072
 731
 976227
 550742
 957721
 828897
 465198
 894375
 416319
 164836
 174721
 960810
 302880
 81881
 105051
 263139
 181870
 587088
 431923
 913539
 163810
 379498
 796466
 788955
 307471
 490941
 991999
 465846
 267181
 802985
 340429
 976043
 902739
 508096
 924321
 344936
 473295
 640066
 823529
 418352
 87103
 892458
 257266
 494028
 696247
 239337
 196056
 401364
 138976
 463190
 997737
 277605
 484531
 562513
 727664
 796244
 78521
 352941
 807228
 182111
 272348
 376753
 994784
 94370
 352036
 99107
 90487
 485756
 900213
 446675
 462922
 246382
 119982
 283781
 627990
 743909
 798631
 84094
 842547
 225469
 928776
 239542
 341105
 601520
 359167
 532027
 502193
 943080
 390898
 528428
 356637
 69003
 180195
 951598
 346938
 436555
 890809
 153626
 993367
 827871
 998709
 181347
 725765
 379073
 575089
 104310
 430598
 96550
 570320
 744087
 85720
 14244
 58302
 141206
 920900
 696715
 32374
 553935
 303670
 841351
 576502
 866530
 266750
 568147
 559981
 252720
 140049
 476009
 395348
 346774
 319691
 584092
 367998
 602579
 552998
 150990
 188693
 451633
 484469
 990819
 305840
 321809
 735395
 839253
 678890
 382077
 296943
 537672
 543871
 72891
 757417
 963551
 931313
 201412
 868951
 750940
 517068
 289224
 11637
 963755
 449405
 694277
 841229
 799664
 361339
 402929
 687262
 613672
 439740
 261086
 791489
 690489
 915986
 541656
 454804
 177728
 882304
 907877
 643314
 267903
 961181
 94769
 875196
 226577
 629249
 627039
 257511
 653071
 976470
 228125
 932745
 177514
 492507
 60417
 576298
 348289
 951897
 219192
 905745
 23581
 213280
 865261
 826887
 927624
 882391
 732589
 408027
 30612
 338266
 433855
 800931
 918340
 87264
 655067
 649298
 788371
 737546
 689464
 223416
 423434
 250701
 140593
 161770
 678420
 209635
 340332
 261410
 778337
 588235
 317938
 121406
 128798
 247680
 188605
 434476
 964517
 369048
 1523
 583975
 107906
 757227
 362860
 379535
 92041
 508118
 176908
 96680
 784659
 164970
 881970
 460388
 253106
 798902
 933314
 970703
 867496
 792616
 7101
 657370
 291069
 289003
 717732
 704876
 701778
 489495
 460333
 989067
 455698
 622126
 697859
 984613
 356039
 839201
 647351
 695696
 190518
 365423
 145616
 175552
 578301
 220316
 338246
 789909
 512007
 770384
 926088
 717196
 409438
 539746
 278018
 283430
 347694
 348253
 698694
 351357
 45824
 728340
 362785
 728749
 483047
 702321
 94728
 168124
 782469
 797065
 335495
 298982
 438814
 202976
 299223
 682208
 266655
 369190
 226635
 59274
 515358
 936210
 171171
 438181
 338268
 181805
 259883
 531217
 697408
 316509
 210765
 509873
 837934
 705293
 636821
 250457
 984225
 755113
 114439
 860837
 991233
 592337
 894409
 758150
 308596
 171434
 463778
 271818
 941438
 492174
 290413
 309153
 870191
 965425
 87242
 55037
 253208
 155662
 934994
 433852
 214655
 649065
 559698
 866855
 247336
 70360
 18261
 430833
 566063
 111531
 555383
 629693
 84155
 370390
 664202
 88205
 819865
 540732
 849576
 498680
 921558
 649441
 814338
 226027
 359733
 449299
 457079
 11014
 190330
 424363
 384511
 31522
 451029
 239482
 328907
 429227
 626742
 