182677
 862448
 284399
 39040
 973931
 744511
 109350
 501159
 472218
 786247
 295752
 10421
 674937
 407229
 315471
 966025
 489864
 215907
 968804
 736353
 462628
 741509
 205696
 152887
 742998
 408702
 744476
 230769
 882130
 707043
 459146
 200274
 249373
 905349
 646920
 703410
 16634
 32128
 151822
 27582
 457496
 620101
 712518
 950123
 587192
 439434
 236886
 798077
 329713
 726128
 453891
 842063
 962316
 134101
 88644
 236023
 150091
 217481
 404138
 803530
 4253
 899497
 38536
 571799
 106666
 384615
 125698
 313736
 257857
 786739
 181720
 420502
 461281
 803829
 663166
 857948
 341080
 976511
 418742
 631956
 279016
 71159
 464052
 343010
 110296
 976982
 917237
 944568
 805407
 917980
 665393
 758256
 82146
 191209
 967937
 328755
 854422
 923060
 220574
 358681
 638124
 425220
 565156
 979443
 775684
 893968
 517882
 867346
 305730
 891491
 846710
 50732
 581605
 843896
 631643
 720487
 451294
 613747
 106696
 605210
 4445
 450765
 651382
 170814
 150905
 247175
 143047
 612449
 65584
 136715
 860973
 625986
 347183
 658952
 170889
 440697
 431292
 764964
 553169
 442578
 619833
 735422
 574082
 388787
 788251
 785100
 134450
 364127
 454601
 202461
 457266
 426997
 693780
 152800
 399672
 599926
 326068
 890243
 515590
 186721
 794790
 789699
 100362
 589355
 779141
 726387
 298932
 53462
 851403
 829878
 395712
 93728
 145356
 261050
 951944
 347932
 28001
 862995
 491203
 306496
 285024
 363636
 848976
 390492
 145532
 455379
 432640
 352970
 10491
 994064
 956413
 900392
 883401
 819950
 479840
 427826
 583617
 672222
 655154
 572476
 888909
 705452
 842396
 472512
 642231
 923176
 121625
 582573
 513751
 470923
 326409
 20068
 345212
 43313
 209157
 347826
 326322
 822576
 929893
 543966
 67775
 155986
 969348
 972455
 763440
 24775
 792950
 950947
 808260
 79107
 407902
 278378
 725442
 850513
 154443
 900892
 919389
 713207
 679012
 25701
 285277
 526860
 634922
 555995
 679256
 821150
 671735
 899563
 635957
 869522
 188511
 685843
 94254
 788239
 614554
 305466
 770562
 992145
 632169
 374237
 0
 965406
 360493
 40083
 38827
 453951
 720055
 601992
 849756
 923541
 103185
 581482
 491767
 625077
 372270
 648187
 244622
 466364
 631076
 736998
 769108
 925021
 424952
 643828
 349334
 857142
 491365
 162254
 282923
 857288
 622065
 470053
 423636
 731350
 34962
 539436
 817994
 876115
 28025
 434716
 960173
 780624
 246327
 292902
 672548
 504301
 115053
 300125
 757853
 229951
 309728
 301091
 267175
 641620
 277135
 899155
 98062
 238903
 662601
 348277
 812184
 437335
 584310
 75704
 805321
 932166
 616370
 486494
 69097
 41024
 606162
 974051
 378047
 670146
 185182
 692662
 93014
 958611
 547805
 997185
 262342
 292395
 692923
 886170
 58487
 684531
 333082
 193999
 379112
 131181
 216953
 406242
 528126
 986283
 446067
 69569
 874088
 276757
 962616
 90096
 997260
 544171
 876877
 474508
 917316
 280886
 404851
 692158
 111413
 441593
 430484
 827278
 605581
 79655
 483609
 168497
 381083
 45454
 426540
 410522
 951181
 572927
 389570
 811699
 260398
 776558
 930666
 100073
 156308
 350480
 621345
 512411
 632563
 628853
 789047
 618909
 674388
 188736
 970210
 853012
 466869
 479446
 63114
 105862
 923825
 313183
 824162
 953131
 919323
 509000
 424774
 656149
 313788
 433743
 28955
 322124
 371257
 870393
 566775
 343783
 901835
 444951
 279839
 426987
 721393
 715299
 725706
 829295
 780085
 142185
 850587
 413085
 700763
 955600
 464817
 445541
 344016
 790725
 138267
 308174
 211465
 430120
 932242
 989807
 143859
 478834
 710663
 139238
 512465
 874199
 975576
 599230
 590671
 213976
 703786
 363816
 966407
 779109
 935696
 223658
 621822
 167463
 117490
 640093
 564487
 120739
 204710
 224201
 672449
 777484
 291270
 37691
 250267
 296749
 403482
 836961
 547809
 808463
 666184
 606917
 538530
 432045
 820813
 536278
 249295
 697817
 427909
 744544
 65939
 902096
 253034
 159092
 270099
 297026
 124487
 402068
 127123
 228406
 274172
 384765
 587185
 373587
 157261
 637888
 503533
 32371
 921893
 404175
 150291
 53744
 629165
 668669
 210093
 863106
 592962
 828391
 341273
 88010
 747933
 102719
 823109
 204293
 961038
 896191
 393015
 303033
 721240
 855581
 332648
 272727
 439929
 401924
 406841
 317725
 505556
 856301
 14352
 459605
 449735
 646943
 424760
 468939
 367276
 422968
 246353
 269585
 785212
 607293
 727728
 975995
 682705
 544536
 502223
 112722
 649916
 301643
 922558
 642512
 105450
 365958
 618385
 508548
 990604
 898969
 183151
 254194
 864357
 165491
 444501
 126686
 901063
 74074
 285714
 83411
 890233
 947820
 217031
 309958
 835883
 193139
 301972
 74816
 146031
 124183
 215656
 15405
 417778
 756255
 84022
 585302
 386706
 242434
 880937
 35514
 454713
 812206
 43200
 656704
 848984
 608076
 450061
 904553
 935149
 19451
 890164
 919419
 683217
 87211
 416287
 689721
 650574
 737051
 926078
 924505
 660117
 731747
 259692
 996269
 341266
 508786
 455299
 565112
 871985
 922596
 750227
 919823
 377749
 808349
 270842
 516129
 816582
 205359
 863779
 181875
 308783
 852715
 841215
 407319
 434175
 234908
 523532
 944857
 123826
 64273
 626260
 133292
 708081
 691428
 240058
 52951
 352358
 755901
 230325
 549857
 658607
 719601
 440262
 559414
 144732
 956275
 997948
 209846
 482529
 555056
 800233
 767213
 69767
 533435
 768331
 28310
 893294
 493884
 214516
 584932
 399732
 885453
 942736
 596704
 819063
 220717
 724102
 388294
 963541
 277276
 61263
 663150
 463151
 894697
 987872
 880197
 480486
 621947
 436898
 103347
 198736
 231347
 83825
 173664
 783791
 355528
 480095
 313896
 609592
 396110
 339636
 770506
 861050
 20804
 3940
 518032
 441638
 552112
 897373
 508452
 276586
 880042
 296066
 193050
 885747
 696348
 161804
 67080
 857916
 193548
 106913
 520787
 124010
 45906
 679344
 64052
 616956
 896178
 901565
 742926
 366527
 266578
 774639
 508751
 72463
 185108
 817894
 866706
 495004
 148232
 292145
 695958
 868074
 379980
 535608
 289112
 947368
 322959
 89136
 174522
 667988
 431351
 594059
 325099
 442431
 681643
 89255
 993617
 777014
 91974
 61344
 253202
 43387
 452656
 584387
 607785
 552988
 598066
 39844
 584306
 816016
 345032
 123863
 336599
 13953
 331614
 491654
 852420
 337942
 126494
 481106
 52007
 447639
 339725
 890172
 582473
 810340
 640523
 825211
 647058
 493827
 552083
 788637
 636393
 31499
 28039
 843364
 448094
 889223
 235912
 535367
 561983
 416215
 365759
 959631
 345454
 17991
 249211
 839762
 758350
 118697
 276135
 75932
 503775
 596778
 269311
 936661
 393774
 975793
 883163
 776609
 721081
 862151
 352856
 479975
 636703
 817153
 435279
 57435
 709963
 273111
 325953
 541587
 239284
 785901
 663845
 562962
 859339
 989898
 242125
 899209
 333333
 644279
 119436
 959316
 336413
 920712
 351097
 251485
 423848
 372093
 629495
 725118
 365352
 899336
 408681
 927335
 122074
 269864
 358695
 126469
 429782
 388478
 253274
 188885
 208678
 95396
 448159
 613988
 220970
 454545
 575600
 427658
 486416
 907185
 758751
 171627
 517032
 625027
 753407
 996891
 48493
 996370
 213691
 509172
 284543
 647831
 813559
 398800
 291016
 489525
 845028
 494929
 872679
 387181
 986735
 438934
 446658
 293372
 943799
 710455
 127189
 830489
 314094
 108637
 973598
 838653
 783354
 320907
 124453
 99594
 369982
 756660
 966898
 239666
 238875
 734822
 885334
 726801
 368250
 418381
 186666
 660120
 868556
 40698
 934639
 875978
 624755
 415440
 57341
 748330
 699681
 141421
 699895
 337841
 770286
 425829
 912215
 487531
 661062
 712681
 642145
 235383
 570552
 191703
 345849
 777924
 741437
 481353
 398707
 320913
 254512
 567889
 565737
 108585
 982658
 348528
 962011
 623350
 643978
 92948
 933263
 627633
 254647
 756787
 36210
 22261
 396141
 381168
 873053
 233183
 438750
 827668
 545454
 785692
 698218
 472840
 926124
 745484
 824372
 782608
 560051
 95322
 704195
 496950
 232844
 213699
 516535
 112482
 444282
 367545
 76294
 103647
 596622
 141785
 458936
 147717
 671024
 488347
 81666
 596669
 749573
 103143
 531293
 283594
 638371
 41329
 393709
 631032
 858433
 779942
 272903
 969758
 682620
 236728
 78322
 898262
 588224
 394543
 199981
 315994
 99070
 819642
 61874
 200100
 129565
 48351
 536023
 174552
 806207
 52518
 971795
 315978
 607474
 320515
 733041
 148342
 201388
 713968
 384427
 803026
 25745
 778596
 217760
 341553
 326619
 164184
 398682
 806595
 452660
 437641
 526315
 355456
 21265
 417891
 78250
 830481
 842158
 849727
 873829
 431089
 84280
 224069
 83628
 404909
 540365
 412451
 633160
 562084
 817036
 823435
 615207
 858806
 62615
 347313
 727530
 502157
 689287
 343807
 395805
 128959
 354430
 553398
 154301
 891606
 671707
 583033
 800954
 779425
 848934
 642692
 82384
 359889
 810810
 486245
 686274
 33191
 437557
 944053
 489203
 527094
 63933
 361483
 989895
 947381
 4438
 29853
 894856
 871165
 299293
 634956
 696588
 700283
 73427
 716262
 324105
 620882
 485165
 97983
 522252
 372190
 634714
 584389
 300809
 134396
 530343
 763092
 809232
 966918
 470987
 998321
 37619
 876441
 243742
 224950
 155559
 728097
 373605
 892142
 147227
 998196
 437547
 129175
 521532
 237792
 41954
 741475
 139891
 91923
 899555
 243916
 373028
 522906
 722198
 180087
 58472
 898138
 3990
 375650
 466289
 76493
 371572
 564140
 467727
 365162
 820259
 603305
 65572
 300576
 505154
 498783
 520245
 398551
 622385
 201142
 17358
 901118
 417857
 906228
 428681
 317936
 94579
 588749
 395011
 796913
 943685
 339136
 595186
 937902
 715679
 168587
 843047
 760213
 273833
 454447
 670919
 868605
 317026
 31890
 132858
 654442
 114457
 407099
 89069
 315523
 145710
 188516
 248730
 904311
 376681
 441615
 666074
 637860
 319088
 334530
 438726
 383873
 744623
 980783
 460865
 236695
 189864
 455043
 822122
 444071
 286480
 149844
 988474
 763104
 297912
 982817
 817467
 949325
 375133
 326124
 160371
 578832
 672161
 941570
 330179
 439964
 586708
 728181
 325131
 735858
 967265
 104751
 644794
 495071
 276278
 969297
 945187
 6040
 673156
 583554
 576521
 237133
 693716
 879194
 232887
 288733
 508667
 510101
 395943
 268036
 977513
 619640
 745004
 677693
 860893
 695568
 981107
 347226
 693787
 331932
 815032
 461173
 319054
 545444
 254011
 34739
 856351
 684687
 976223
 911216
 136268
 280115
 97631
 930122
 867659
 311390
 208059
 373498
 423655
 538693
 513966
 154591
 549295
 606354
 590459
 941410
 337491
 33128
 365974
 575181
 759353
 900352
 160622
 704334
 567246
 943587
 754318
 132739
 241526
 347877
 11275
 325417
 505185
 135718
 590932
 171594
 12811
 723289
 881369
 390962
 706249
 731289
 826377
 763484
 29198
 312462
 592093
 812876
 760265
 817120
 732657
 122485
 143865
 969816
 431781
 71080
 209388
 75103
 237435
 82822
 585947
 429151
 521501
 764109
 941954
 211271
 870624
 240754
 227534
 385909
 551214
 844801
 89486
 411387
 647154
 195303
 553478
 501658
 684619
 347134
 512459
 662310
 90467
 890672
 210859
 58923
 244031
 906073
 5893
 625674
 369042
 593324
 351413
 441486
 12730
 278823
 332943
 119566
 639170
 250697
 634087
 859072
 456299
 542733
 533470
 245070
 744505
 453343
 348733
 153794
 661370
 494848
 228755
 259459
 94767
 273255
 930933
 890868
 259080
 375603
 282721
 556217
 374449
 159263
 476607
 955823
 973765
 336075
 218962
 690723
 269825
 964560
 922197
 275863
 595437
 806578
 288490
 756167
 924283
 575056
 437309
 604080
 254862
 254534
 777599
 994847
 564102
 279387
 80857
 609929
 637220
 438550
 687917
 589251
 764705
 630985
 93675
 821616
 65040
 753230
 924476
 70921
 853990
 558863
 151971
 362229
 897644
 944693
 849315
 540317
 49211
 52265
 360807
 922410
 413806
 462953
 716923
 480111
 890223
 796112
 279972
 598924
 120810
 748922
 979476
 94311
 794767
 482066
 825326
 929926
 848533
 743715
 835866
 558522
 328488
 545770
 857005
 979856
 930232
 72792
 519615
 292169
 183129
 515060
 328966
 704782
 771343
 63941
 937291
 745338
 177050
 68285
 497191
 952863
 270321
 980708
 132782
 954368
 372647
 344444
 162313
 776174
 752495
 72664
 681086
 206630
 348760
 299321
 961231
 790121
 837182
 728771
 401323
 951744
 783462
 988416
 450307
 450486
 813722
 242540
 940650
 567850
 852096
 727705
 405218
 141261
 746376
 361546
 131933
 162529
 360993
 757500
 451256
 20574
 332729
 498640
 686586
 250742
 125000
 666605
 408438
 169405
 26947
 709796
 866235
 127986
 612856
 755596
 673684
 203045
 581783
 758091
 34567
 69330
 646976
 447413
 592280
 59925
 560078
 990559
 215854
 643958
 541511
 527097
 903882
 240518
 219310
 224916
 606039
 552495
 754985
 496673
 84840
 512690
 339572
 270753
 466630
 200631
 39690
 789580
 119092
 578503
 246676
 799309
 513297
 218637
 595823
 447951
 705998
 575398
 144209
 963887
 536986
 319922
 674133
 505720
 158196
 896907
 174363
 480142
 619008
 813229
 740884
 984415
 112842
 732604
 68614
 269603
 437778
 491576
 252806
 592034
 537315
 721866
 564694
 590423
 436417
 724770
 301886
 644971
 433224
 737566
 69355
 772209
 607658
 273204
 147387
 987158
 778189
 880372
 948717
 869585
 453984
 180528
 388229
 744403
 846265
 373584
 952541
 208914
 227005
 972919
 141569
 682661
 168039
 945261
 817927
 315685
 343156
 61394
 984711
 762850
 628698
 19317
 280383
 476822
 344501
 789913
 585951
 752751
 79804
 397069
 34321
 600940
 221177
 780388
 132961
 856438
 521443
 166065
 872388
 600106
 348380
 996785
 639592
 226844
 829470
 964267
 258560
 880988
 841121
 477869
 144832
 260240
 976314
 77322
 634321
 639853
 903312
 548055
 992859
 185027
 982597
 972728
 981051
 597910
 29341
 720813
 686146
 120377
 775592
 212121
 379533
 709590
 104141
 340562
 450351
 713749
 104642
 142637
 321161
 910022
 821066
 184947
 368316
 886714
 832586
 413793
 402299
 102280
 673686
 853280
 253330
 876942
 415575
 20951
 256837
 468066
 51138
 57064
 659498
 137807
 319136
 625000
 771618
 389857
 145171
 794260
 54685
 358858
 686336
 737637
 157890
 314250
 444681
 845039
 11514
 343237
 19627
 161803
 338548
 758641
 348630
 810337
 851532
 962735
 48083
 674739
 81558
 979749
 867995
 173102
 689748
 85412
 297182
 710469
 440926
 787801
 520100
 657882
 924595
 679789
 222619
 628112
 876831
 231122
 317226
 363466
 929369
 288100
 659295
 251572
 939710
 876088
 723076
 40752
 271854
 228732
 681255
 508265
 762000
 932910
 404222
 808770
 678048
 162271
 297644
 615497
 175307
 306724
 384063
 615882
 502129
 141592
 76370
 202004
 772475
 792478
 362405
 87014
 77311
 738877
 589789
 472718
 991812
 915331
 77824
 433740
 734673
 229583
 223664
 990863
 393803
 673335
 67905
 795339
 895316
 942195
 157725
 438485
 360604
 320510
 297901
 940361
 404714
 62139
 84790
 330992
 468087
 5089
 379907
 939759
 835301
 74899
 842576
 179117
 659217
 473320
 280227
 730201
 930163
 990107
 159464
 46353
 896103
 524072
 991546
 562500
 487352
 776745
 778868
 860201
 915353
 581032
 362153
 156203
 468725
 969593
 342254
 318989
 722646
 458754
 678664
 820789
 63597
 594833
 107526
 59366
 247531
 297392
 628562
 438395
 752293
 721924
 285837
 518824
 490912
 112149
 788121
 981975
 86825
 422047
 929056
 368537
 197723
 614083
 633999
 801736
 79611
 993660
 652949
 723370
 166044
 264107
 29833
 334885
 509239
 114725
 180487
 523770
 615272
 550614
 939917
 681941
 634648
 142460
 827098
 573426
 621310
 701796
 986930
 291030
 108231
 290203
 851783
 877353
 734744
 975378
 81717
 927051
 868379
 563916
 12742
 450164
 564332
 242019
 320601
 479336
 74902
 75889
 447074
 434438
 937256
 796583
 203529
 505876
 267734
 831833
 773405
 439862
 817415
 480081
 501398
 134065
 574069
 35120
 948138
 518011
 961006
 375634
 963908
 160435
 763419
 198818
 822624
 499898
 940675
 244916
 206575
 59825
 439677
 191917
 896024
 726100
 584990
 775501
 67886
 761983
 215580
 883818
 169790
 533562
 600000
 369931
 954943
 233651
 512959
 2419
 495235
 38666
 430373
 876072
 823327
 51121
 506601
 756587
 632653
 142043
 86703
 485072
 677870
 809523
 265877
 963770
 637154
 14844
 983026
 401759
 834827
 269571
 279434
 542052
 25410
 39735
 933267
 513879
 710730
 299880
 991520
 955680
 343859
 933333
 423931
 155740
 646890
 584127
 861271
 977334
 838574
 703138
 784177
 499403
 387351
 33066
 392091
 203360
 935190
 223369
 524902
 435762
 516915
 284818
 133333
 118055
 833620
 801190
 304594
 902003
 323593
 253905
 31441
 663802
 298136
 350118
 36966
 738511
 377686
 601999
 331847
 466503
 877441
 316999
 271040
 214665
 587540
 213710
 788437
 76116
 398064
 828242
 913789
 123999
 173341
 982785
 659691
 479325
 897366
 929034
 804301
 666181
 822762
 100017
 815417
 175837
 736711
 547994
 24038
 629658
 799166
 593005
 600393
 933422
 749000
 565279
 310902
 935150
 162730
 440245
 987546
 935290
 362231
 195793
 74710
 152718
 998574
 520975
 659318
 995153
 213677
 182268
 402618
 320855
 778389
 337673
 148156
 837842
 65374
 549130
 712294
 822938
 605560
 636833
 251063
 830287
 838638
 613992
 288650
 264194
 419926
 80224
 334438
 369246
 934238
 671180
 909149
 969917
 161245
 292986
 171381
 398240
 78325
 390420
 787352
 111025
 442616
 327528
 269855
 498081
 457066
 508529
 204564
 235111
 616095
 323475
 407264
 18824
 936276
 119113
 515839
 388127
 490370
 306072
 58432
 667001
 206999
 901104
 344289
 707403
 110992
 364348
 389878
 359426
 435254
 847113
 762345
 686298
 465248
 633128
 223262
 97363
 436288
 784114
 662909
 896079
 747787
 811950
 556553
 945849
 210007
 782439
 836170
 394093
 205022
 56992
 452261
 777188
 55331
 327967
 164524
 735184
 741188
 546751
 857413
 18012
 735161
 700179
 523496
 286100
 792978
 681203
 448626
 535535
 482153
 430455
 301048
 672792
 340547
 408144
 486391
 795221
 837316
 751898
 641684
 100121
 396926
 132666
 467872
 587729
 764484
 331360
 668438
 490145
 532866
 392708
 105489
 438356
 990883
 200636
 739666
 850695
 148866
 534787
 498712
 946348
 267096
 986
 157738
 539112
 418825
 751124
 296214
 622756
 705590
 657800
 371953
 734928
 593757
 881585
 953990
 792551
 142383
 516929
 531889
 950007
 175137
 631370
 660652
 3074
 858857
 77111
 25450
 674137
 299009
 77142
 539394
 701216
 610718
 950713
 660938
 4026
 403422
 884831
 460354
 973357
 161434
 77791
 979008
 809927
 798789
 297718
 29942
 382683
 1571
 735588
 168111
 816296
 990408
 947136
 219338
 418238
 84552
 855486
 531173
 590436
 411642
 198360
 842690
 236456
 703310
 573065
 26019
 644458
 87817
 927291
 328981
 546089
 144082
 378238
 654234
 908149
 594504
 874458
 536353
 462224
 428113
 87281
 258538
 656160
 707438
 956093
 663331
 537636
 607310
 461076
 514476
 18966
 966101
 482818
 849048
 809817
 43018
 223928
 53828
 399807
 778049
 97794
 706433
 521369
 984836
 542350
 516207
 720607
 3542
 721893
 90017
 896660
 560791
 949942
 124362
 266009
 708609
 121337
 4248
 866191
 962692
 948507
 418745
 575799
 199500
 436842
 978504
 67354
 113104
 942970
 181308
 629079
 188228
 327409
 414634
 225769
 151126
 908063
 42280
 998911
 465727
 123376
 166609
 25744
 993548
 249708
 460236
 250297
 301645
 922593
 615735
 380821
 182510
 642695
 740534
 796427
 536991
 186742
 671990
 743784
 131971
 175955
 683976
 141141
 39956
 285469
 251895
 256857
 205075
 215346
 46090
 365241
 399060
 311782
 727692
 4824
 635605
 474871
 723389
 959611
 520124
 603603
 971989
 142817
 157118
 5729
 47794
 376249
 55024
 52678
 575049
 703335
 756192
 716359
 851950
 709362
 125742
 256909
 408916
 108672
 377557
 891288
 872155
 410875
 591899
 272710
 4687
 370403
 104807
 626809
 747236
 93417
 299492
 287136
 292499
 998871
 938703
 606521
 861931
 595234
 559634
 659516
 678858
 259272
 980443
 754002
 503568
 754449
 520754
 560851
 96248
 725514
 184524
 395994
 258333
 957872
 533929
 357840
 215461
 215395
 918552
 31601
 633705
 733712
 461298
 305594
 94257
 937227
 418419
 446300
 318507
 172490
 645335
 682717
 775735
 780958
 651128
 849158
 893448
 336114
 125034
 272207
 994771
 623409
 889459
 335689
 832985
 469065
 272816
 188412
 217597
 392222
 474804
 812095
 778403
 805202
 364619
 397024
 329119
 313388
 603160
 490740
 9144
 14351
 301171
 428138
 906682
 43945
 34520
 894243
 783915
 478394
 146386
 520883
 432309
 327493
 872465
 342986
 297481
 431644
 459588
 133835
 795584
 793048
 734008
 259372
 555809
 543329
 115762
 726101
 523319
 665433
 303954
 105351
 687859
 142435
 443354
 271107
 630695
 280819
 329079
 680367
 221556
 410667
 826863
 295857
 813514
 580323
 90837
 84515
 54668
 970815
 971173
 565211
 606310
 644220
 390872
 796959
 859403
 311521
 268719
 232120
 291742
 40069
 236604
 833582
 793736
 380469
 693641
 207303
 336529
 500576
 317104
 600597
 681659
 410290
 549143
 805036
 803461
 155883
 167079
 648698
 19373
 648979
 199316
 199701
 130268
 745050
 892782
 591665
 574355
 381777
 332673
 482000
 714422
 400954
 3768
 492041
 997627
 615730
 767516
 685033
 539663
 812854
 335382
 189457
 820379
 712576
 654406
 93594
 533525
 270528
 784974
 200751
 928031
 856127
 94596
 699296
 71839
 348714
 422964
 792839
 65107
 582449
 711203
 996958
 75161
 883569
 554840
 845258
 438347
 636309
 10043
 976853
 138949
 371282
 126471
 110197
 418618
 817592
 34571
 642417
 135738
 179241
 195038
 398543
 869851
 511680
 549569
 343447
 317197
 846318
 175070
 542949
 259610
 539857
 587677
 885075
 676274
 179068
 270871
 85723
 889210
 638099
 17937
 364512
 533128
 713981
 781932
 374034
 424657
 206293
 892434
 908269
 564658
 267417
 279376
 133180
 178883
 104143
 580982
 889798
 372730
 661739
 498255
 125859
 970415
 453136
 299024
 570017
 101979
 202055
 886940
 595723
 448636
 946615
 720051
 696263
 434198
 612121
 933419
 983424
 368484
 679791
 688706
 170477
 719916
 476500
 396365
 162910
 236665
 495920
 946038
 232806
 472888
 769168
 667097
 309130
 515920
 354170
 40117
 335451
 751479
 399323
 121951
 386796
 364082
 37718
 251336
 208107
 744402
 852192
 875538
 60135
 474120
 359647
 646656
 661393
 497531
 993124
 776112
 858960
 296060
 139919
 807542
 659437
 637580
 975453
 60281
 353210
 47454
 39240
 794936
 821141
 308601
 904137
 584676
 9575
 789720
 762574
 160023
 9625
 566336
 532613
 668246
 482211
 912985
 343982
 184815
 414436
 548151
 131965
 950519
 346129
 383765
 160344
 493436
 600820
 924055
 261455
 819787
 861440
 993343
 564734
 446239
 16838
 91354
 495153
 774566
 42659
 724334
 790074
 702255
 327904
 720431
 25627
 173446
 598584
 58788
 714463
 669294
 781804
 372845
 237752
 918196
 78843
 692220
 530382
 902633
 955910
 636541
 295949
 15560
 262307
 513443
 428725
 353227
 875000
 592529
 359376
 122721
 302405
 158524
 612703
 324804
 380502
 408486
 223097
 416935
 990769
 310944
 515579
 633838
 914546
 414495
 633251
 446414
 997090
 927768
 187798
 565364
 748349
 298667
 369865
 609249
 613040
 728559
 974250
 50999
 688408
 390006
 216755
 747269
 537750
 961867
 545210
 508527
 352235
 95238
 202926
 717669
 697749
 151667
 120142
 469170
 179844
 733267
 478759
 764223
 363048
 549159
 761257
 918406
 977520
 671922
 984562
 187915
 520528
 559982
 552633
 783280
 263348
 496624
 394251
 710081
 859428
 814665
 860370
 561018
 215405
 871975
 906875
 795289
 915017
 426708
 434055
 681900
 667961
 606630
 927886
 367389
 37719
 1947
 492692
 290999
 73158
 240179
 185861
 448322
 699298
 47902
 814562
 757892
 887116
 351363
 304978
 192067
 114502
 643593
 567464
 950036
 375495
 466142
 186292
 343291
 447230
 318836
 537403
 202037
 645273
 47109
 786269
 161839
 379962
 123564
 51527
 749167
 194543
 507523
 798193
 457199
 174658
 721529
 786057
 171384
 320021
 730705
 741650
 105002
 970468
 276505
 244519
 919141
 130879
 709213
 578010
 413906
 958836
 299626
 442751
 218585
 32579
 43677
 709750
 982543
 178401
 898314
 638911
 564247
 543469
 249266
 68722
 184137
 365280
 784218
 145173
 501227
 489584
 88679
 293613
 132291
 981018
 835318
 780422
 298906
 145651
 239436
 964197
 206404
 470315
 343544
 950524
 984905
 631034
 238124
 311713
 741895
 310392
 949065
 674672
 865217
 670532
 968087
 488917
 372173
 673847
 572912
 797393
 175109
 683130
 562955
 822196
 95107
 295624
 538949
 676457
 387046
 881118
 164324
 804967
 818462
 575498
 828571
 997110
 918941
 81017
 884749
 989837
 736110
 464347
 282157
 405588
 233927
 84105
 602477
 170129
 965432
 426215
 841406
 284719
 39080
 228958
 621090
 728294
 212197
 467523
 28391
 313661
 357502
 882606
 687847
 569639
 912805
 780686
 448190
 95356
 568269
 131294
 499411
 59528
 139607
 250000
 555648
 524888
 417204
 938751
 445933
 814028
 474135
 548387
 417162
 823298
 301339
 155015
 329084
 975144
 701411
 285335
 618019
 209929
 827951
 419186
 176729
 572799
 324043
 353479
 396265
 246659
 692825
 943800
 632456
 274376
 234042
 513870
 504421
 369011
 440877
 268441
 1416
 145812
 971101
 648733
 972972
 36460
 56479
 7646
 343864
 109628
 47992
 361194
 332622
 142857
 760837
 118039
 253766
 139546
 272251
 636922
 852930
 967681
 881863
 218983
 253891
 936425
 434915
 879940
 7734
 66770
 499650
 771175
 609718
 247859
 181168
 589823
 671041
 732680
 784641
 559556
 946164
 102449
 401635
 527527
 568150
 181684
 542017
 258500
 699135
 889001
 934512
 145265
 903705
 28005
 189126
 500000
 618483
 928829
 586515
 948407
 729939
 855821
 573567
 248715
 239657
 273775
 865371
 722864
 120629
 654564
 218936
 770670
 753096
 535584
 821633
 125984
 393186
 8234
 294812
 686878
 894517
 298563
 841342
 649382
 252100
 894487
 368000
 158123
 246993
 713423
 198404
 507711
 783710
 117152
 32464
 178438
 406285
 447619
 58391
 69502
 172502
 401725
 521418
 45851
 840264
 318004
 859411
 42648
 8046
 594293
 813575
 300210
 13083
 462759
 344767
 1990
 513710
 255813
 981710
 155117
 29277
 455607
 591993
 766579
 949573
 922818
 628441
 182318
 203921
 884729
 64485
 962581
 16732
 604651
 409466
 997210
 98630
 632171
 723439
 816236
 374722
 538506
 883255
 11573
 500815
 957528
 633037
 645431
 799726
 935483
 663370
 333681
 354909
 653199
 921125
 730762
 918367
 498371
 48576
 29134
 318169
 856776
 445984
 386512
 495309
 181774
 785695
 40917
 948553
 290430
 365940
 878888
 480665
 399082
 370650
 475106
 761432
 231729
 11118
 218290
 998206
 221683
 517488
 542069
 732470
 673278
 828182
 777824
 960608
 591160
 939315
 10840
 813139
 191155
 914893
 760053
 926385
 60439
 243362
 802080
 120446
 721675
 558930
 300586
 734132
 722117
 62159
 187050
 629316
 483812
 820621
 966440
 711945
 252696
 377752
 421214
 658967
 185791
 706270
 175081
 625579
 139571
 818742
 242220
 702070
 751020
 180405
 49171
 17936
 989117
 218204
 35144
 777012
 230855
 270395
 280792
 310718
 265738
 554588
 90224
 827787
 979375
 881436
 870881
 293589
 735086
 96795
 835583
 415880
 11132
 3167
 48920
 144300
 481331
 342124
 498797
 338255
 888342
 533478
 966827
 510645
 773981
 902556
 751548
 439999
 155435
 758852
 506359
 462381
 970046
 489107
 649639
 177687
 561016
 526527
 559096
 54550
 240656
 740861
 714285
 421668
 799582
 974350
 650513
 860416
 533843
 81824
 328914
 808624
 150118
 726545
 200683
 453529
 961425
 431858
 485708
 755548
 816552
 187811
 908284
 780252
 261372
 27667
 65235
 117949
 798977
 69153
 38485
 759579
 660725
 295810
 797463
 180399
 129506
 464445
 371542
 511835
 11717
 942245
 161633
 209672
 385523
 232190
 267674
 64173
 515909
 71399
 59122
 468052
 256465
 750383
 895213
 894281
 722285
 585042
 883058
 190330
 702627
 641161
 425395
 18204
 578395
 724307
 849985
 481776
 996617
 398806
 958195
 785584
 155817
 889197
 805482
 138923
 635107
 170818
 645508
 990270
 372345
 478518
 48780
 858834
 869205
 806010
 767441
 874145
 565654
 264038
 243204
 797815
 267622
 589606
 327398
 785292
 587259
 971666
 470536
 3724
 232000
 588943
 173270
 101634
 970026
 729512
 350479
 867640
 790306
 574156
 293351
 398124
 736382
 124087
 359938
 868233
 312966
 342335
 859874
 548191
 716902
 368705
 581151
 878007
 287245
 497054
 739185
 617627
 788392
 56514
 585559
 976724
 715558
 915832
 38369
 156035
 911537
 158621
 541047
 642098
 684510
 131985
 214174
 881139
 74585
 396499
 599082
 782272
 555366
 469267
 663378
 870512
 325448
 904833
 573676
 839173
 883674
 495944
 452657
 415772
 151299
 300570
 989940
 293526
 878977
 614093
 952380
 953423
 747024
 960882
 265919
 949514
 828314
 408552
 692921
 149463
 403726
 707200
 689211
 466321
 950381
 754857
 414853
 496535
 299534
 762613
 746580
 922388
 328338
 133379
 312108
 850517
 221520
 927196
 320645
 213443
 80346
 204533
 145823
 505459
 741085
 40000
 625263
 833948
 791569
 954608
 104993
 876579
 418227
 126846
 105263
 353544
 74669
 233019
 668202
 232450
 498638
 665053
 522424
 214718
 336570
 818669
 54435
 309242
 926384
 766843
 969606
 906551
 623806
 961243
 197437
 78400
 123252
 134328
 729395
 941011
 899445
 715306
 254251
 863587
 318033
 942084
 856550
 569259
 395159
 150479
 787606
 361680
 253521
 813518
 930570
 244487
 669902
 854160
 970333
 479513
 195975
 739336
 419749
 7003
 768574
 330713
 25641
 404081
 205143
 722955
 990841
 463147
 52570
 177517
 722415
 730545
 687295
 751228
 793349
 22361
 483425
 117692
 491013
 422499
 715537
 196021
 980268
 934919
 890937
 346274
 78239
 697672
 368038
 30202
 603235
 756056
 259848
 804215
 509981
 603819
 942930
 171454
 674380
 235585
 158177
 679733
 657395
 10811
 561006
 701403
 816321
 4273
 249502
 271980
 764487
 593713
 902217
 695956
 539739
 923300
 98742
 240521
 693266
 820408
 321996
 53574
 523971
 760370
 588003
 349258
 507932
 708955
 90531
 532110
 200798
 143991
 211160
 24633
 857266
 977698
 191755
 479747
 931034
 729811
 480769
 916619
 775477
 785200
 653623
 123332
 142250
 208286
 786316
 801666
 470991
 341302
 368456
 195625
 51536
 305989
 336542
 764570
 466132
 169569
 307849
 83161
 75196
 84325
 253012
 919037
 55060
 994179
 492642
 400502
 837435
 920036
 851524
 49261
 511980
 400968
 398651
 265124
 579997
 587266
 224826
 605636
 157000
 15986
 363475
 306782
 414267
 414675
 663718
 275333
 953543
 472247
 268896
 833111
 619077
 833675
 774304
 169493
 291970
 666522
 889145
 292325
 365369
 687599
 821477
 537898
 140734
 804747
 805332
 263664
 132295
 863962
 732006
 147662
 379492
 362560
 580480
 631652
 262759
 314331
 134845
 935749
 78796
 65542
 648658
 508002
 524881
 6514
 252847
 233275
 693341
 853455
 247700
 9470
 273427
 939923
 176370
 264609
 360946
 289749
 905712
 900899
 114834
 734662
 662794
 370850
 527546
 518991
 723763
 403979
 795593
 957721
 130434
 553790
 48575
 982705
 839642
 165826
 503532
 287286
 136149
 930358
 572175
 223213
 880048
 376764
 693
 959949
 849199
 918021
 829096
 747053
 406392
 391212
 334616
 925057
 745970
 67139
 435294
 577244
 53025
 801998
 332950
 315684
 969591
 550905
 130732
 249372
 41234
 253094
 536651
 333742
 251320
 421882
 453474
 822650
 892932
 961935
 997305
 370282
 597487
 64441
 37486
 455620
 534446
 720918
 492524
 826086
 131316
 777407
 916297
 678133
 167309
 579148
 614218
 450086
 566621
 348784
 224114
 200562
 268370
 451761
 583090
 585657
 94264
 339658
 612061
 232098
 229580
 147100
 970561
 884468
 362821
 831615
 500793
 746254
 52499
 566363
 385046
 46351
 773555
 498814
 922776
 243935
 771236
 27120
 736281
 704924
 694338
 985564
 566679
 750298
 367752
 634391
 312522
 470249
 557719
 687920
 200000
 290973
 266541
 198840
 889410
 625552
 490066
 179925
 182224
 282109
 681237
 691456
 252392
 137142
 72574
 885338
 216346
 45036
 903182
 591133
 263629
 986207
 904321
 171341
 537190
 877572
 251103
 398039
 196147
 432117
 681654
 326332
 19083
 295683
 798649
 388201
 526254
 184117
 805812
 145305
 510863
 492588
 197387
 163899
 862373
 967076
 172932
 255821
 122820
 670106
 135395
 813637
 582377
 620113
 634869
 884264
 520000
 564570
 352941
 212286
 496382
 325429
 759197
 349786
 15298
 259888
 444195
 686244
 90909
 200081
 277614
 655229
 292787
 119311
 753026
 771672
 831422
 661323
 31447
 563066
 883280
 490731
 252372
 716746
 693194
 555060
 847313
 351807
 600439
 210297
 41230
 676429
 26628
 245174
 237486
 454890
 724666
 274327
 829240
 679077
 946459
 577834
 507600
 446808
 466873
 945658
 932685
 919550
 310638
 79385
 530941
 994247
 98813
 309351
 995756
 676145
 104082
 716023
 48006
 896325
 81771
 819644
 309943
 180060
 567443
 361790
 240215
 304749
 561617
 111791
 191590
 676321
 270935
 527935
 183449
 803690
 823806
 132375
 801015
 209161
 46753
 422819
 896240
 36359
 400782
 592592
 389883
 73882
 605843
 336525
 5617
 304203
 941812
 106065
 529944
 572301
 233414
 702341
 477135
 792102
 396737
 861613
 244209
 129091
 141589
 173278
 686005
 705130
 665566
 165997
 575410
 693231
 455764
 756903
 972420
 84300
 63792
 752287
 228261
 1592
 627083
 852918
 841058
 67281
 693478
 131506
 998699
 351054
 758599
 742348
 377049
 181631
 702611
 765193
 956521
 575368
 5370
 176936
 935126
 801614
 925636
 336296
 634265
 271942
 185233
 363978
 188936
 989926
 150906
 548531
 735384
 644721
 219408
 396743
 617072
 58299
 424379
 892146
 221593
 692307
 171519
 686012
 177467
 626060
 166990
 897581
 592237
 287447
 530705
 732730
 680111
 995749
 465004
 485480
 330365
 593406
 993339
 925137
 28169
 298951
 85922
 490839
 56430
 631230
 46439
 177548
 552410
 124363
 694934
 737962
 869747
 678693
 955313
 342681
 212692
 371460
 765713
 799542
 73855
 317640
 302622
 955647
 93801
 288969
 217244
 322818
 91773
 973213
 526179
 124602
 477763
 742752
 924274
 759068
 156650
 147357
 877238
 579604
 413805
 317535
 810611
 990851
 487994
 304719
 658447
 804324
 709116
 874848
 348106
 414838
 59828
 356883
 775491
 755058
 616194
 875776
 284147
 948231
 372549
 685227
 308290
 368883
 856753
 908886
 707447
 702187
 199299
 54580
 993940
 31879
 240697
 646893
 464578
 425196
 253020
 420246
 52906
 821819
 439432
 753196
 1310
 14856
 331715
 175460
 25643
 348892
 343561
 634749
 143680
 449290
 426074
 20761
 261324
 22246
 34981
 947826
 899429
 831417
 263398
 967430
 344303
 963213
 429251
 250899
 813430
 465158
 973129
 571350
 718217
 121900
 941901
 931198
 190476
 975466
 181432
 299712
 727359
 247960
 691466
 16041
 519916
 740802
 280189
 131252
 589541
 652482
 965120
 820143
 719856
 399564
 921236
 940219
 100986
 304023
 818181
 973880
 557301
 632681
 859963
 413683
 43622
 929142
 399444
 222783
 573667
 740448
 633550
 787093
 863583
 724671
 636173
 50156
 977682
 226207
 459405
 735656
 396494
 321609
 535686
 583546
 971275
 110719
 621814
 83187
 755180
 338168
 607806
 634111
 511487
 350224
 313711
 439357
 207079
 655862
 300308
 125645
 754640
 703564
 309499
 981412
 556213
 190979
 102698
 878461
 273434
 133015
 768186
 953909
 498728
 337633
 199939
 347618
 359306
 501792
 334933
 379373
 726933
 888548
 490812
 972690
 57414
 761144
 725988
 672838
 648782
 211016
 8292
 35024
 111280
 530685
 121595
 912436
 894736
 523114
 430801
 276168
 683586
 190965
 425073
 397129
 131189
 477494
 66723
 828130
 835858
 645859
 305976
 40899
 722202
 345936
 680134
 438363
 533533
 370669
 456310
 677077
 299167
 198885
 399951
 643342
 736411
 996150
 564762
 75133
 13827
 108991
 952200
 459770
 721880
 376152
 239884
 874393
 705882
 405780
 815727
 863570
 600052
 184665
 700268
 997998
 720387
 668073
 460633
 459459
 266946
 636465
 529439
 351535
 184544
 745289
 159198
 292534
 528545
 404867
 811460
 643503
 304949
 522259
 489082
 983674
 827577
 1555
 975207
 899698
 32679
 16590
 241487
 111111
 678051
 242572
 256416
 701023
 284115
 606552
 285843
 463684
 695216
 565295
 707305
 578054
 968709
 800817
 648051
 687955
 930778
 969007
 141577
 478800
 787971
 385093
 166805
 954442
 629297
 84378
 674256
 914815
 262425
 447375
 827823
 389001
 878075
 151953
 60384
 112790
 627967
 689503
 687518
 405435
 302688
 94358
 912280
 172040
 472230
 173396
 59026
 861928
 79526
 132011
 694489
 689042
 224084
 448790
 619114
 214285
 431218
 695086
 198387
 338542
 217188
 134371
 618548
 411639
 832817
 790472
 646525
 497461
 365109
 261123
 643238
 932356
 259017
 111406
 995223
 106152
 838140
 471459
 551020
 979753
 21941
 810565
 456622
 58312
 7816
 447046
 633250
 784954
 73694
 182927
 45604
 785104
 756676
 66332
 490630
 192950
 589472
 549101
 680547
 496051
 782990
 549314
 911760
 689358
 588332
 776957
 849573
 71428
 610145
 990553
 332417
 618442
 252789
 832313
 319636
 442257
 624003
 368114
 475508
 483342
 963112
 879999
 864641
 713318
 307004
 514376
 883206
 23836
 457764
 992439
 416832
 231615
 368337
 149314
 283271
 951942
 573859
 837296
 7336
 254593
 272735
 243375
 923172
 647539
 735549
 496100
 725462
 254835
 520613
 816550
 441880
 382230
 822350
 192052
 270316
 407085
 937210
 67403
 97378
 896942
 541195
 553316
 952419
 692292
 614492
 737152
 834052
 455331
 112568
 454867
 309445
 303115
 194100
 655889
 487218
 762252
 847467
 833388
 691531
 688049
 743033
 916377
 734499
 367748
 276653
 295331
 344181
 314578
 385918
 181700
 157605
 147784
 51597
 174019
 581977
 238744
 658284
 923261
 41976
 647714
 852665
 316021
 531707
 576913
 509849
 24692
 566489
 631960
 407538
 832858
 698361
 415313
 659252
 624761
 466094
 172824
 174611
 176724
 27015
 708488
 324008
 268184
 16318
 351800
 469387
 432728
 89881
 632938
 474087
 48036
 862009
 7461
 452714
 722231
 74917
 129411
 130473
 755831
 211755
 133375
 439308
 388087
 337862
 499162
 551402
 598450
 513888
 120088
 930372
 983911
 433439
 283351
 56090
 510316
 493865
 589828
 209551
 609550
 465838
 529798
 831898
 983724
 921513
 756865
 185390
 555555
 464667
 448768
 796157
 530065
 467043
 396573
 496047
 822489
 743251
 513734
 762144
 30855
 223214
 338666
 419953
 116111
 478524
 115930
 282395
 611069
 356079
 721047
 871657
 373206
 164076
 623305
 413814
 756694
 293375
 150583
 732482
 257316
 539280
 695629
 33753
 80836
 467917
 935285
 625994
 733503
 231872
 776234
 636363
 406949
 746478
 117318
 594082
 680478
 122366
 850127
 178864
 184149
 155678
 961367
 190921
 688747
 481800
 689867
 161437
 192768
 96293
 808690
 397942
 721263
 63099
 680979
 159494
 465387
 229213
 933487
 84690
 978229
 293113
 243117
 992087
 444852
 103893
 587353
 837976
 280677
 738449
 382359
 859318
 63266
 280286
 176610
 868191
 732345
 81310
 331395
 281637
 575046
 204178
 136323
 837681
 594572
 527526
 904589
 544787
 969488
 797110
 575852
 375489
 633699
 545956
 900500
 869731
 246265
 862651
 197814
 573490
 253771
 75857
 530875
 575772
 817604
 997949
 984792
 136812
 34147
 766939
 322460
 797370
 188303
 768575
 273454
 557543
 663944
 903008
 608610
 306214
 535638
 124102
 200764
 364142
 253628
 248837
 311475
 752386
 897648
 237962
 638770
 27198
 387681
 679496
 861885
 770491
 62750
 504879
 409082
 839328
 88755
 247359
 549686
 116774
 621545
 161363
 267156
 295603
 255226
 872936
 853018
 690351
 871003
 730779
 844013
 315960
 774838
 23521
 294386
 453408
 198180
 50784
 173215
 698215
 913310
 263906
 759011
 451985
 907793
 899503
 519475
 976435
 918819
 456984
 974862
 619194
 690007
 359550
 999646
 255111
 480452
 822669
 626101
 987715
 29216
 881195
 864723
 184750
 668143
 867492
 928500
 687091
 381359
 42483
 416023
 864471
 185635
 134230
 164199
 701539
 566248
 855177
 26811
 604882
 859188
 616544
 178064
 979682
 799999
 660284
 251775
 192193
 694046
 228575
 938944
 324120
 934918
 211764
 503309
 739165
 760645
 785718
 742171
 754136
 59355
 619350
 72796
 745209
 868886
 715452
 733367
 187042
 779154
 153567
 506957
 891837
 296119
 527018
 695172
 263075
 262010
 894363
 332472
 24502
 564584
 379325
 699815
 883708
 496748
 224905
 719445
 985099
 188837
 959698
 620853
 866220
 727700
 594623
 205
 125666
 902634
 495669
 516319
 785365
 854545
 816890
 288770
 873488
 512189
 70914
 433818
 530565
 17033
 409113
 840542
 392838
 382557
 132892
 456110
 166416
 692282
 187088
 166569
 405355
 131560
 166887
 979287
 751779
 818840
 680878
 859423
 136657
 669516
 607552
 668652
 95571
 205935
 645812
 327545
 332525
 708665
 616857
 656462
 633362
 137645
 561646
 972442
 936708
 285595
 708948
 810385
 62746
 8683
 817509
 217916
 261112
 53014
 784446
 367869
 991620
 37280
 696011
 672340
 804827
 696610
 316552
 121192
 338319
 309463
 114002
 414624
 393680
 108189
 654126
 536759
 780139
 274264
 947585
 823733
 97018
 232697
 716404
 282990
 631742
 975087
 536898
 690543
 185878
 336139
 174877
 726495
 197435
 80781
 817049
 230479
 618676
 700073
 721704
 605650
 969836
 913375
 905470
 366398
 826871
 986570
 582205
 962686
 854908
 961077
 885161
 260215
 95397
 927835
 599799
 527231
 158296
 302806
 286277
 141643
 741969
 557407
 430388
 969431
 892365
 722647
 599013
 605462
 914398
 871794
 470033
 795023
 83892
 271970
 785221
 784673
 917083
 655388
 747757
 687098
 133710
 146208
 814597
 878944
 770003
 345594
 646984
 14925
 934497
 241379
 165551
 345104
 132075
 408481
 924860
 692137
 368421
 124093
 652888
 796731
 200346
 424634
 480710
 406626
 507289
 904981
 684194
 360401
 789232
 541159
 827244
 439199
 14253
 654827
 114276
 232236
 209957
 282303
 483214
 113911
 827238
 2507
 784135
 893808
 869942
 588769
 561064
 634681
 458423
 691927
 612002
 490643
 417925
 847150
 823722
 668728
 888218
 435513
 159328
 570468
 888714
 705789
 592085
 131100
 417954
 482912
 233825
 702012
 704575
 249322
 405236
 816005
 486648
 457894
 174498
 80858
 117254
 3660
 249894
 655816
 826811
 56177
 798648
 67968
 274835
 621902
 4329
 196750
 449148
 9155
 732388
 77356
 48926
 592417
 91049
 774688
 423886
 897311
 882618
 77178
 214913
 747952
 857051
 533546
 589872
 974219
 770750
 145579
 372617
 499828
 391178
 954349
 584041
 622039
 185899
 808649
 330556
 804951
 276659
 449587
 23108
 39569
 710862
 523594
 354546
 510588
 341985
 413589
 231805
 193591
 645842
 695949
 106463
 823018
 103909
 613879
 399381
 294751
 801162
 939542
 664354
 486127
 650175
 349517
 947652
 559663
 567700
 151499
 775434
 89958
 582994
 745835
 705530
 925813
 48774
 209831
 890149
 243629
 422249
 66269
 356029
 656905
 479185
 981661
 669005
 857574
 295801
 764868
 81516
 247262
 253332
 201460
 716768
 541673
 459240
 37974
 35565
 904836
 304236
 382539
 532119
 443471
 140548
 432419
 910988
 801813
 789342
 790952
 859507
 850193
 910599
 412366
 75840
 305471
 292333
 187071
 755285
 278918
 827872
 319365
 96766
 152666
 136412
 667946
 974823
 683255
 505747
 644684
 217858
 830139
 183079
 534882
 950406
 747028
 856589
 39980
 584858
 454008
 106401
 123927
 547247
 723842
 743012
 975426
 966699
 777554
 303127
 566435
 437136
 912078
 495898
 299766
 878573
 23188
 139465
 76585
 236991
 738222
 179475
 597719
 1370
 174684
 63216
 343696
 581043
 43029
 192158
 733515
 592407
 566175
 165980
 140961
 469411
 787056
 223712
 548731
 377032
 153634
 338609
 106175
 19060
 400801
 995471
 948170
 130381
 374384
 530834
 737690
 876841
 386322
 880608
 331823
 121212
 777972
 369595
 275151
 642795
 135535
 378169
 809001
 62590
 704664
 564386
 148393
 212874
 468191
 711815
 898889
 62314
 488247
 299966
 794275
 795314
 335021
 608312
 776021
 172413
 833565
 92549
 321042
 349264
 154350
 218942
 501252
 78513
 910629
 465146
 901732
 241964
 672448
 505077
 371214
 373284
 82808
 970994
 847960
 527395
 427
 190044
 753129
 731128
 839861
 467526
 48536
 443830
 294261
 744520
 23362
 676187
 144566
 45112
 190140
 243987
 443951
 260969
 338914
 429702
 375709
 970750
 696890
 627122
 621919
 178266
 515985
 805808
 346886
 900675
 58126
 958098
 751200
 438348
 3932
 904066
 483767
 861515
 183887
 658318
 658728
 281829
 7828
 954316
 410238
 7939
 621636
 611464
 473813
 746517
 29182
 873117
 234841
 158546
 894653
 205261
 237277
 64898
 982526
 954416
 719362
 296855
 723845
 325704
 486657
 955371
 404889
 200853
 900512
 350564
 775718
 337887
 770646
 55696
 603278
 260799
 939028
 289785
 686859
 805359
 550451
 520588
 427353
 214367
 664816
 200057
 822527
 639254
 875867
 172984
 619343
 839961
 804853
 682328
 4181
 530249
 902402
 641406
 686371
 121106
 942786
 421683
 695170
 776053
 42524
 33382
 600231
 795100
 310285
 940277
 560935
 119111
 235899
 530597
 719863
 131362
 431157
 624578
 286217
 639028
 428878
 995822
 733799
 92602
 216764
 104750
 24132
 606331
 499477
 430948
 349939
 601505
 268677
 94922
 653852
 647821
 499869
 29373
 886422
 809586
 858704
 589576
 183873
 390530
 778140
 870307
 248615
 808377
 553642
 745446
 526202
 83977
 451193
 364976
 844095
 682331
 580579
 646834
 887136
 801801
 445561
 384004
 734864
 855588
 498740
 41369
 452273
 941595
 242113
 527373
 840501
 418601
 754223
 783132
 34047
 783896
 586163
 615686
 819918
 619400
 921518
 214397
 931509
 720323
 266281
 405529
 936890
 705562
 558603
 712579
 727642
 355163
 937007
 185504
 460755
 761778
 764427
 158636
 960351
 43410
 302816
 750636
 97862
 832462
 700137
 665221
 107293
 859813
 35594
 318567
 776380
 991858
 457123
 584444
 797905
 768701
 689225
 24509
 148283
 68807
 338891
 615921
 840635
 745887
 788273
 938427
 440996
 972514
 680459
 443640
 328286
 490406
 223667
 447317
 593551
 677996
 625214
 64255
 728568
 63584
 186356
 310344
 597448
 686618
 461065
 468330
 743445
 757815
 641611
 54907
 585460
 282933
 59275
 584112
 645753
 658295
 587597
 781807
 938203
 502897
 634379
 241804
 662251
 254134
 924450
 249057
 385050
 395489
 895655
 753238
 511033
 936350
 784769
 234084
 871619
 884684
 846631
 257293
 634052
 484330
 69552
 984224
 972556
 83207
 809873
 361469
 613449
 249811
 399763
 596050
 358732
 32312
 656390
 331481
 389139
 347088
 566670
 82786
 395361
 412309
 231278
 386622
 750141
 854689
 959669
 429037
 547695
 796179
 818713
 208766
 587495
 824159
 945806
 289899
 681137
 940849
 175918
 697156
 936768
 565613
 58251
 414413
 667462
 687516
 701399
 358564
 266634
 676156
 951159
 40339
 637409
 332932
 398459
 106529
 763791
 771053
 798561
 252834
 145933
 903697
 789934
 693138
 884629
 386860
 857425
 997220
 879566
 896760
 527983
 869772
 75562
 107270
 226714
 474820
 683010
 725791
 155582
 362471
 637046
 388527
 379256
 76124
 352427
 691851
 709081
 300878
 653288
 660602
 797878
 916514
 385341
 683165
 738274
 415453
 868778
 956733
 395185
 843857
 345475
 645144
 936816
 36656
 545685
 706479
 194263
 417382
 721668
 149863
 90265
 352623
 143127
 645161
 726226
 227109
 237369
 196959
 551797
 749380
 490842
 275124
 359876
 680404
 573503
 833187
 594158
 549068
 325049
 158140
 778285
 950073
 584070
 566037
 5738
 990990
 62085
 624684
 667653
 153317
 847573
 985221
 194406
 662401
 889122
 268445
 828383
 318037
 33707
 222300
 931814
 466252
 644926
 959649
 739528
 517349
 849883
 514350
 841836
 324099
 848870
 196826
 821393
 885376
 518142
 512993
 655076
 43187
 916773
 76413
 537670
 437746
 343617
 964705
 868932
 670563
 690427
 243760
 831230
 397227
 391498
 160247
 48097
 627736
 80117
 795088
 724156
 267630
 880049
 50271
 46809
 565779
 868189
 821348
 328897
 305195
 924941
 21363
 728911
 675313
 183695
 748325
 740632
 812288
 815132
 411177
 895927
 447362
 715258
 677419
 672303
 149892
 334142
 139072
 411333
 922727
 828680
 314579
 360930
 867090
 454495
 539840
 347979
 125980
 629761
 941344
 394136
 350898
 249773
 148401
 496843
 153536
 304904
 469789
 347290
 772774
 18186
 497598
 699293
 362165
 741605
 970648
 633557
 76094
 136829
 262996
 506618
 555196
 589988
 381335
 304378
 943708
 104868
 983566
 571374
 734640
 564973
 324902
 640282
 430651
 486405
 665354
 258701
 268532
 269403
 157151
 763157
 602474
 126970
 467826
 911550
 584668
 90628
 64837
 218324
 993564
 515420
 240927
 497226
 541387
 387315
 423194
 857758
 432673
 898275
 485906
 847777
 690359
 159867
 194134
 552153
 272895
 839461
 335113
 861242
 720778
 429614
 839531
 556985
 166597
 339895
 845581
 476442
 642147
 976362
 127773
 398864
 514218
 257530
 446781
 659566
 93884
 679606
 799207
 984729
 846709
 291965
 967567
 338639
 457967
 335370
 446469
 103886
 250330
 742303
 939016
 347749
 505862
 620536
 891885
 345794
 763218
 964125
 676238
 433576
 469545
 207173
 166618
 203624
 47447
 32800
 409944
 553326
 165208
 247913
 369340
 655280
 472606
 757834
 248636
 124353
 421330
 311068
 842293
 51768
 957166
 406952
 396364
 663428
 254384
 52392
 692957
 112087
 880750
 863053
 405882
 682837
 614033
 500283
 525042
 796787
 4444
 168118
 810017
 93663
 302458
 737951
 137734
 407307
 578901
 487964
 789410
 798657
 29027
 41218
 876610
 118916
 559182
 92143
 885916
 121533
 655348
 70425
 685355
 886525
 798272
 294049
 833859
 853008
 653216
 389145
 725017
 937521
 429175
 21330
 810452
 672816
 690773
 610208
 508382
 782779
 183266
 131266
 267576
 542586
 71281
 55909
 16783
 863251
 464116
 474234
 999732
 438536
 571052
 103244
 545824
 936067
 1843
 828016
 24565
 928034
 588235
 923930
 941310
 427453
 283684
 567602
 201696
 24965
 645873
 403773
 520334
 708
 861226
 502121
 223068
 484553
 882684
 907763
 85847
 877459
 548800
 784101
 50682
 696629
 670331
 875166
 120093
 756640
 862748
 108071
 25584
 118607
 573125
 765805
 475549
 125217
 944881
 847722
 19351
 89773
 469910
 900240
 252759
 572836
 908730
 882058
 189480
 126245
 222858
 968706
 438307
 523605
 173192
 944388
 811740
 965893
 853955
 368382
 448828
 696636
 377328
 386503
 758343
 827717
 175695
 190370
 272588
 601636
 456132
 408133
 191826
 120008
 381799
 415198
 430277
 117712
 652290
 532672
 421216
 563195
 622944
 317288
 751034
 185942
 521587
 481064
 319159
 533352
 229979
 845535
 107400
 122793
 382954
 26666
 206888
 759702
 752833
 826881
 87783
 420903
 974528
 784477
 916884
 743938
 32817
 810314
 995291
 71478
 824048
 160000
 466612
 535206
 732952
 194788
 735562
 526449
 751204
 609650
 495972
 702035
 331963
 243776
 270073
 777456
 267602
 350271
 769626
 53677
 618941
 940334
 121689
 964996
 616702
 411578
 635469
 472609
 563147
 435039
 977241
 717976
 374602
 831435
 891676
 701038
 15787
 159089
 634089
 595789
 905925
 239061
 548749
 620656
 939956
 623058
 832004
 289120
 115960
 490519
 120977
 989178
 806804
 708059
 751502
 241985
 738224
 284345
 943820
 95162
 573685
 237986
 340193
 167610
 394928
 994043
 102393
 122592
 729506
 524285
 483036
 24733
 8884
 225851
 310085
 484395
 38805
 163222
 333146
 741279
 599229
 441685
 976446
 114390
 615823
 837575
 116599
 759034
 255608
 142974
 723828
 87374
 546077
 279216
 411000
 537411
 117812
 544829
 943044
 752021
 785682
 479550
 426480
 754358
 281098
 355932
 96852
 841744
 658465
 651236
 101495
 496607
 378063
 162152
 672367
 1354
 628713
 799868
 823857
 245303
 612145
 151125
 634146
 432402
 366184
 966962
 417218
 592890
 913829
 633027
 658784
 980069
 97732
 886830
 348087
 594934
 709443
 48458
 921033
 223065
 859366
 646458
 614735
 798652
 10019
 43331
 573110
 795211
 947844
 402207
 598108
 836734
 211037
 747327
 698320
 881469
 882935
 890077
 869294
 114855
 293022
 750554
 406695
 850042
 657128
 593923
 138604
 503725
 506843
 442098
 700686
 411929
 590433
 152567
 187377
 710139
 312308
 880984
 431786
 239222
 441508
 672708
 616399
 226759
 504554
 445662
 719557
 319715
 997402
 886067
 612381
 807900
 181803
 143638
 358434
 697815
 672080
 817919
 429986
 717138
 470028
 341105
 890091
 471180
 272443
 20322
 950733
 479641
 449874
 600441
 160157
 945553
 374579
 108517
 91452
 9172
 456324
 354138
 770599
 836304
 274244
 59377
 880773
 91411
 457404
 331034
 563719
 984321
 855999
 918287
 953967
 833453
 667813
 857056
 782434
 252612
 880934
 870621
 167884
 980039
 444347
 818867
 517761
 508163
 184606
 647228
 872821
 158819
 142181
 283982
 427884
 763351
 106774
 856900
 614073
 446227
 789286
 860305
 374269
 367514
 61551
 24211
 56056
 691973
 608695
 981523
 876944
 208657
 21429
 571174
 402631
 742797
 303448
 932992
 373719
 921523
 260962
 942948
 348888
 951236
 203389
 266416
 35498
 643592
 210191
 985268
 48365
 723190
 455436
 87966
 592599
 375846
 255165
 83417
 490184
 839999
 75531
 816229
 949995
 176947
 34895
 670094
 632231
 965143
 294616
 322608
 461094
 905937
 364638
 399382
 412449
 289167
 580469
 584902
 916519
 970550
 12457
 972515
 213880
 994248
 642849
 112063
 383977
 13941
 368167
 102373
 991253
 34734
 486334
 141383
 22930
 530465
 295867
 394819
 692861
 623591
 705357
 289223
 55427
 531955
 243151
 927297
 284143
 233393
 117869
 433123
 324986
 714646
 784073
 580975
 490163
 179870
 665198
 698512
 279339
 561726
 86107
 395653
 705401
 399811
 176950
 770540
 752951
 210836
 971862
 874523
 20656
 278079
 65552
 753105
 143985
 714757
 935711
 823931
 912336
 607906
 462958
 273927
 325331
 947565
 944233
 343695
 939320
 916975
 165289
 509076
 108372
 146495
 967032
 722488
 9808
 212329
 508365
 602710
 809151
 411657
 162790
 757048
 447299
 981852
 326500
 827179
 379420
 567368
 34818
 823114
 329331
 441671
 965956
 605884
 751412
 993046
 352329
 758583
 487841
 511797
 862237
 325524
 900371
 152605
 532719
 937757
 973136
 909574
 216606
 377962
 182093
 788285
 74825
 746812
 445623
 330024
 476039
 411764
 185086
 897379
 170322
 520480
 654743
 157089
 555286
 422131
 505981
 753478
 496722
 954978
 775806
 719491
 977737
 404012
 322661
 322586
 672701
 55522
 22774
 105590
 639611
 688395
 25537
 730344
 859154
 357157
 706336
 334318
 779038
 60202
 290780
 722142
 702222
 128602
 858436
 707774
 171986
 551415
 343628
 419397
 196794
 814273
 168745
 514636
 245194
 566146
 439252
 859988
 622414
 849953
 959384
 726570
 819519
 270666
 15311
 607683
 246701
 935374
 120490
 383160
 52223
 35128
 322994
 255700
 684391
 699427
 687642
 788900
 143317
 468289
 948228
 757247
 274814
 910931
 162546
 256472
 798742
 348960
 6914
 870375
 718001
 479853
 888902
 701419
 547894
 456283
 882862
 306744
 811316
 554798
 484171
 996356
 417366
 37772
 272490
 918836
 372774
 374314
 721329
 896858
 44707
 70588
 46384
 269723
 727527
 133813
 604016
 859818
 731113
 353875
 917144
 591620
 395903
 641652
 105303
 829569
 872908
 793672
 993328
 810990
 704499
 679180
 944148
 278779
 10778
 980993
 856622
 366430
 968377
 511869
 42514
 835879
 259136
 888888
 795660
 424747
 358058
 281501
 351786
 814014
 597922
 402347
 82600
 113637
 490378
 753663
 558581
 26099
 773251
 428874
 530149
 374082
 858823
 680046
 183753
 240372
 819619
 803928
 384684
 580169
 243262
 638
 200255
 493194
 865325
 731918
 607077
 841187
 122286
 168309
 411995
 127192
 328555
 517690
 940771
 268740
 275057
 275643
 79183
 169316
 219972
 411536
 288730
 621727
 683905
 199865
 760198
 264661
 890909
 351866
 300542
 505759
 276409
 166884
 860717
 255645
 959194
 139531
 150758
 171268
 389304
 827763
 952052
 543023
 899067
 808060
 879452
 83259
 326659
 901475
 269814
 334697
 627917
 927605
 95318
 748305
 818234
 596766
 857622
 218072
 551102
 457568
 771296
 680308
 194549
 362971
 692967
 836830
 453960
 61232
 946967
 653330
 521895
 90304
 954818
 453117
 62068
 117360
 823463
 57227
 631572
 819968
 772727
 115661
 465907
 188796
 340137
 771187
 958549
 341653
 56856
 136931
 659936
 890459
 284685
 15913
 117410
 949731
 427450
 64166
 70891
 950755
 842392
 477227
 911411
 190450
 696884
 266905
 806637
 429369
 414231
 550003
 99671
 78504
 278115
 451404
 793586
 686470
 679614
 850843
 679519
 538615
 98977
 16414
 18502
 165417
 831118
 409191
 640306
 675153
 439005
 186085
 339579
 406271
 12795
 66307
 643292
 383599
 806255
 879089
 794649
 631932
 465403
 644107
 444444
 825632
 58872
 547585
 385744
 480773
 826785
 373443
 48734
 585451
 246247
 547657
 505072
 974153
 543497
 588588
 506978
 464704
 712602
 361018
 319552
 997734
 157829
 515036
 167687
 417530
 640742
 378624
 381866
 29561
 180615
 736012
 444204
 393897
 881036
 561481
 809099
 511047
 564354
 774733
 899648
 714644
 969968
 634569
 337594
 516378
 6424
 686598
 53201
 20946
 331184
 898633
 709278
 676191
 749379
 280991
 966970
 552217
 787375
 424866
 696354
 863567
 74310
 855143
 634067
 984331
 253940
 134191
 505785
 389553
 3027
 491453
 852404
 85487
 151243
 993539
 399324
 735465
 639573
 920325
 861494
 331444
 537710
 3888
 730450
 227230
 364216
 769675
 657984
 611304
 734827
 727381
 111873
 441001
 149878
 709553
 334733
 398962
 790250
 806126
 573257
 573325
 512186
 241837
 35685
 298770
 239169
 51623
 342459
 815808
 156956
 107896
 765904
 828320
 773309
 685991
 872695
 333964
 87599
 476117
 135726
 952101
 975013
 607675
 860218
 629477
 596784
 616615
 616337
 981160
 501920
 37411
 630573
 603537
 429313
 725398
 100834
 630837
 243518
 788027
 997842
 963492
 319971
 705491
 205220
 362776
 120012
 349640
 12174
 144128
 838631
 692464
 766045
 116999
 416415
 282612
 342164
 393301
 506550
 253606
 840320
 975091
 254684
 696998
 173401
 617746
 919086
 926798
 565283
 291183
 421981
 684803
 142376
 807191
 777777
 56133
 723574
 763290
 5826
 685532
 505691
 620516
 330935
 593678
 762175
 958363
 925177
 489074
 384005
 194759
 141739
 850295
 553356
 995039
 541824
 114115
 424400
 311431
 908856
 652104
 305164
 6717
 844055
 352872
 854183
 11011
 392259
 395813
 358403
 249018
 78362
 488451
 528535
 533615
 689343
 2687
 507820
 692213
 410332
 827371
 65361
 516631
 27501
 151254
 323814
 864546
 493493
 684989
 397245
 654068
 288029
 423048
 90797
 737317
 987496
 244115
 351433
 355778
 313908
 327610
 580669
 247999
 210728
 722898
 879612
 21374
 603225
 187820
 298146
 450036
 8964
 557654
 839962
 452415
 738292
 54834
 18197
 251378
 27252
 659152
 211602
 203321
 688029
 22044
 835015
 995009
 217509
 723404
 817635
 280541
 248714
 450408
 279890
 440919
 601776
 480084
 967971
 663281
 621810
 498046
 170006
 964383
 943227
 611584
 158048
 610539
 68763
 824898
 756455
 839572
 39402
 767775
 367466
 373966
 847953
 41680
 487961
 510665
 60391
 503794
 493816
 265685
 977297
 762928
 474747
 291227
 845290
 882352
 290361
 736672
 630319
 80015
 71253
 341317
 405942
 877117
 978870
 3138
 148760
 844961
 389527
 336339
 843097
 207795
 410195
 7822
 158988
 698905
 166472
 887659
 283419
 482550
 646300
 442459
 493228
 65543
 235642
 598180
 555042
 31182
 355538
 460695
 782704
 324331
 439088
 515312
 555916
 252140
 264733
 745902
 226681
 557499
 312209
 232914
 42874
 517430
 61430
 95153
 283935
 286716
 855256
 128175
 319191
 568168
 50780
 56016
 770177
 926242
 216347
 22813
 759834
 565274
 114982
 444370
 156885
 308849
 890354
 145275
 175493
 670461
 618912
 801996
 549638
 944980
 340853
 609259
 924804
 334886
 753137
 151362
 349089
 258185
 143011
 42553
 293127
 894991
 615663
 830341
 898391
 647814
 39645
 616147
 201970
 267647
 231227
 640984
 479623
 702702
 937538
 593199
 758348
 712730
 92070
 147147
 37582
 888194
 130002
 860442
 801292
 92624
 23230
 141138
 227188
 895715
 839939
 880432
 492217
 363581
 581276
 502816
 961564
 291330
 491984
 742986
 860417
 902031
 251604
 663926
 775176
 249307
 418329
 89108
 70937
 674486
 783724
 859789
 12987
 234164
 420112
 908977
 531261
 311599
 405627
 585628
 151303
 396862
 527325
 857086
 86687
 471363
 750370
 982741
 728591
 426580
 527842
 475020
 482379
 169007
 563276
 887514
 562277
 443449
 684881
 235955
 86692
 461800
 106835
 127182
 574002
 35065
 513383
 566987
 45400
 390380
 665416
 842857
 936546
 598416
 106564
 908486
 186139
 430825
 765118
 604166
 291026
 510813
 453648
 614255
 746527
 473477
 511247
 270262
 102805
 136239
 237155
 471816
 558082
 647094
 643344
 154373
 63829
 860729
 599999
 161444
 994563
 640408
 302752
 337929
 837734
 944202
 411052
 748632
 95860
 311806
 422487
 519385
 563269
 671399
 786861
 44092
 348497
 549354
 298121
 275496
 205844
 428758
 120445
 713941
 413198
 455681
 313962
 816977
 864443
 501583
 720468
 922872
 139713
 853246
 116065
 70239
 306666
 899775
 989164
 467806
 954986
 980669
 251908
 745520
 810106
 84953
 82836
 99166
 688231
 217891
 487719
 583330
 78615
 729597
 250106
 914572
 509415
 436963
 729196
 701260
 286096
 149957
 546343
 107475
 261078
 223791
 136191
 947770
 486031
 278606
 299831
 391500
 497294
 126583
 161861
 363431
 322707
 437413
 979218
 542388
 718253
 643926
 726562
 722814
 389492
 535273
 286339
 492988
 979777
 436936
 813389
 16194
 488191
 25841
 717239
 423152
 738606
 377389
 401858
 818078
 69237
 470770
 543808
 327745
 553742
 302036
 131016
 165463
 291585
 69699
 338428
 429731
 739790
 157372
 832049
 953281
 544499
 30470
 410710
 887274
 698956
 751334
 859677
 181341
 960700
 904899
 969438
 398928
 281163
 881998
 793729
 609062
 97433
 500016
 399999
 951277
 815745
 638669
 489099
 61971
 862137
 443874
 303807
 741230
 959332
 491016
 519372
 904201
 16563
 380676
 792836
 474065
 49872
 446683
 692181
 981255
 575730
 667179
 157894
 838167
 343381
 662253
 929149
 537235
 9332
 984650
 112857
 123038
 29152
 114032
 882993
 637255
 420862
 727272
 60800
 545195
 812889
 392863
 659560
 156516
 419912
 588829
 827256
 550686
 32874
 310425
 543099
 723413
 443307
 272763
 173856
 968591
 784117
 548756
 603056
 130369
 207128
 202211
 420883
 301082
 93419
 844008
 263920
 529508
 292043
 106917
 454493
 869461
 554247
 560223
 115772
 241308
 362655
 125761
 975736
 155732
 474855
 278470
 532737
 932607
 30013
 427535
 877442
 471377
 623177
 672880
 315221
 967046
 439264
 966728
 826548
 433537
 696079
 883989
 362195
 48537
 951529
 494984
 722019
 516309
 658013
 138057
 50667
 563328
 230429
 453552
 953035
 839135
 687062
 825220
 291968
 26027
 887504
 818434
 242009
 177996
 679917
 928527
 180049
 840896
 130246
 84555
 630733
 752700
 107281
 492265
 357668
 662188
 510783
 639619
 361342
 426089
 194690
 360132
 572186
 339287
 272650
 221704
 76241
 321164
 373082
 554892
 145000
 978533
 600563
 67613
 887082
 482797
 457850
 159486
 883746
 983295
 902585
 88948
 68503
 470397
 458722
 712053
 450330
 569452
 337980
 979948
 105371
 845169
 209234
 954707
 325812
 557904
 626334
 585886
 399880
 770864
 97591
 786065
 94683
 293261
 941647
 348307
 506861
 608461
 712063
 700495
 2712
 880340
 192006
 750149
 596143
 888311
 303618
 335548
 811357
 219344
 965528
 376375
 297701
 361502
 18995
 440976
 36448
 597014
 590074
 952172
 813897
 297263
 876559
 598298
 328833
 650204
 271235
 396188
 243380
 206008
 298624
 547614
 928513
 795166
 728225
 704267
 644922
 283812
 21570
 404741
 699874
 2107
 874820
 727813
 344080
 130811
 633663
 567394
 877139
 898126
 480569
 379367
 110385
 626635
 899122
 703630
 324653
 523149
 854578
 575187
 123140
 625592
 346809
 460340
 287247
 192373
 973105
 846729
 124034
 673731
 633697
 36850
 304347
 117177
 200406
 192200
 711909
 937529
 633596
 714513
 151556
 518987
 686684
 166752
 12428
 543557
 831778
 699901
 993107
 605398
 552989
 333584
 89571
 27016
 347340
 946629
 457955
 94470
 972197
 474355
 903614
 108384
 149871
 539094
 330570
 834222
 162425
 19854
 23332
 322823
 566299
 817391
 325527
 213867
 196298
 994708
 727371
 333793
 49726
 507540
 740525
 907027
 267371
 695385
 420053
 352356
 736610
 458070
 420378
 646652
 478723
 803278
 214885
 972734
 944246
 503175
 387559
 104477
 522155
 761851
 51282
 172646
 42193
 728355
 801913
 790631
 652167
 88189
 838788
 47065
 741258
 800880
 357105
 438700
 343787
 175446
 790539
 552710
 690302
 112410
 979818
 815078
 756789
 84397
 90658
 303560
 879768
 848646
 254276
 993121
 861644
 119797
 58664
 259596
 204273
 939833
 433619
 861878
 717866
 626595
 766361
 225310
 566600
 678823
 284173
 975791
 357169
 71454
 21027
 586656
 725296
 203445
 765358
 39727
 743741
 457281
 405319
 619794
 402738
 841050
 286910
 449380
 862997
 919040
 378962
 418103
 169753
 531027
 440606
 47563
 778971
 768668
 39263
 678793
 58700
 171894
 331512
 687565
 525948
 726791
 251250
 924731
 768996
 866832
 516571
 180797
 65585
 295107
 118151
 581755
 717240
 64813
 683633
 331310
 554533
 710799
 846821
 539499
 753236
 270755
 59085
 985299
 223968
 635931
 362756
 909432
 253794
 968602
 458201
 349612
 984922
 975609
 639071
 638806
 227290
 42606
 79854
 99127
 529116
 807275
 213934
 649546
 92031
 137214
 37294
 585925
 937949
 178145
 632360
 79308
 876481
 282719
 367204
 241819
 262203
 933673
 328916
 286955
 612937
 622121
 115502
 30107
 864911
 769808
 913388
 718278
 674446
 359543
 652615
 937070
 11220
 130470
 985287
 234474
 561502
 155349
 830396
 97446
 181221
 548668
 89787
 666016
 153141
 917360
 410361
 392661
 695284
 799577
 950341
 811705
 295370
 118291
 615078
 66956
 585006
 625133
 106787
 92833
 752844
 734068
 49412
 849141
 747287
 896551
 921552
 576737
 58823
 18570
 906233
 270806
 188612
 409297
 805254
 762347
 147981
 912975
 368530
 227581
 144118
 971752
 53894
 942875
 25540
 627531
 582524
 316248
 375930
 14459
 981788
 855716
 963808
 190850
 233069
 910578
 236492
 881965
 739934
 530489
 429857
 878669
 362328
 2200
 237789
 573455
 261159
 556908
 868624
 917892
 868913
 801604
 747692
 347236
 937823
 583456
 389636
 945682
 80745
 949919
 252910
 841126
 628366
 417490
 300530
 725012
 523427
 366471
 956716
 463168
 895404
 530534
 175744
 477912
 779625
 617796
 117345
 729262
 575682
 700616
 601569
 781849
 126760
 876923
 515947
 519433
 241223
 974365
 436724
 625561
 25026
 424210
 41848
 438799
 485557
 246834
 219931
 850457
 284745
 429020
 332554
 101617
 107316
 841969
 224914
 724899
 906705
 372252
 943863
 822393
 893459
 686928
 566783
 942429
 200289
 891627
 155137
 259612
 111248
 9694
 984429
 467590
 772372
 390622
 559759
 10914
 127845
 681921
 418352
 774244
 960742
 257061
 853383
 210918
 124563
 791860
 650036
 615704
 551093
 472506
 574645
 875189
 382734
 287471
 821855
 44009
 992905
 874188
 296354
 827752
 400394
 244348
 339783
 125333
 963276
 84236
 98554
 243495
 962067
 283470
 536182
 39126
 759662
 201981
 631904
 913561
 105416
 39312
 276949
 850585
 871659
 456030
 154920
 891354
 983689
 217311
 572864
 220356
 479999
 228056
 731211
 467659
 204673
 177425
 936699
 41979
 962522
 175132
 714745
 325584
 938110
 298245
 688819
 323477
 79553
 716611
 584982
 186147
 308753
 814577
 599687
 867971
 115867
 429548
 246354
 494723
 862557
 687974
 695652
 988457
 693077
 968093
 157408
 730456
 526963
 671366
 624970
 959266
 444794
 345809
 59574
 936348
 620951
 848790
 693049
 51476
 347296
 130563
 922822
 919934
 458879
 666118
 870666
 733368
 586713
 788737
 811853
 828127
 554959
 195277
 137674
 670864
 347235
 221043
 986595
 580575
 813901
 61643
 127344
 657456
 253519
 535591
 117385
 604764
 391723
 409638
 202
 359866
 618965
 56633
 646317
 582168
 79358
 404813
 788
 616029
 779627
 755002
 938523
 897393
 402124
 484539
 489029
 740829
 276808
 542907
 697841
 872909
 743847
 852158
 281641
 152671
 334296
 14133
 878420
 7409
 449487
 603591
 180182
 651999
 352657
 25602
 262145
 665567
 867655
 506455
 788101
 686614
 312913
 477064
 576479
 872487
 758410
 105386
 600567
 544105
 902869
 854564
 852139
 403103
 242549
 173679
 353654
 425957
 481208
 25371
 414454
 201796
 531914
 825287
 879439
 65784
 169303
 193684
 914556
 80941
 198455
 227205
 955300
 463698
 863448
 312961
 841846
 690293
 148971
 300346
 825508
 494645
 294490
 64679
 888159
 274947
 853494
 683407
 183306
 351915
 307843
 107079
 113452
 957055
 513556
 127250
 766973
 911990
 125541
 191269
 297241
 565728
 707287
 576393
 62810
 939283
 404677
 385293
 890704
 610253
 283141
 865994
 565297
 567031
 8662
 189049
 596140
 153482
 141674
 512505
 790533
 547831
 150170
 929983
 847840
 405523
 826413
 130626
 207942
 552140
 269179
 906646
 520990
 554465
 820276
 794402
 296877
 318673
 765272
 518917
 840743
 9721
 564707
 505836
 183229
 387577
 509303
 714447
 290811
 916225
 144140
 865508
 988955
 89832
 48270
 590941
 879638
 887207
 208585
 65573
 289389
 982812
 291964
 742671
 8110
 751043
 293183
 330638
 562426
 275231
 135837
 56576
 271017
 607961
 479682
 391420
 779392
 61926
 449244
 1294
 436913
 770391
 618317
 765791
 256774
 166222
 909090
 235494
 53346
 225806
 721144
 989634
 182550
 670494
 136443
 167924
 968450
 903225
 96152
 860504
 59733
 975314
 639320
 509602
 202903
 334984
 152266
 279623
 608086
 493093
 410585
 676435
 172038
 424242
 107152
 867437
 267300
 572972
 735547
 677392
 233699
 623196
 64481
 916617
 901439
 822616
 28318
 40324
 806850
 350146
 36423
 86492
 104091
 770543
 748053
 158254
 260489
 503561
 567479
 520015
 294134
 315537
 984455
 536256
 660905
 734939
 455189
 107044
 971041
 754797
 860384
 521372
 462631
 22629
 787630
 362288
 585345
 518191
 582326
 835377
 752034
 335889
 413692
 894534
 285974
 164573
 470257
 979041
 881872
 744126
 387667
 959555
 379789
 697297
 775919
 747527
 514674
 284465
 508185
 171796
 739436
 893185
 200628
 560304
 239256
 928302
 720812
 137107
 135868
 406892
 539604
 26258
 760613
 171402
 725618
 115354
 417202
 561757
 648131
 95
 753140
 555477
 88781
 588153
 603264
 568001
 241606
 282591
 174502
 793795
 880888
 943941
 743800
 54964
 666428
 556895
 591567
 516071
 634812
 983614
 236697
 427893
 260994
 546634
 210078
 558803
 908599
 534351
 332676
 628865
 218630
 578642
 698263
 809628
 816459
 933718
 958477
 60529
 367179
 879784
 299316
 545736
 661632
 271758
 209969
 471490
 897954
 872965
 224781
 657765
 807565
 101424
 927355
 587997
 358503
 163986
 22715
 267572
 166760
 181117
 739181
 839694
 705153
 790201
 416865
 256382
 230150
 643844
 23017
 124525
 62500
 535299
 715231
 755159
 856971
 991530
 376121
 569498
 576227
 224060
 217407
 685586
 157777
 225786
 809758
 831630
 81387
 916526
 103300
 940425
 571428
 973346
 602155
 362934
 444790
 74408
 200253
 798927
 618995
 890764
 351380
 38945
 627890
 907625
 121163
 667551
 133645
 311941
 932497
 571449
 607718
 331619
 641399
 87591
 359734
 644614
 142921
 826766
 227214
 148799
 662227
 618566
 440055
 410014
 927164
 316243
 937094
 461850
 629223
 209934
 382786
 55042
 804035
 896532
 38095
 898103
 764308
 101551
 206266
 873939
 741979
 38021
 574074
 705360
 770909
 287373
 931982
 929823
 917266
 374043
 670312
 632179
 877300
 113074
 337680
 652916
 623655
 835152
 967167
 556568
 251442
 132
 481760
 107021
 579696
 837240
 113752
 964336
 611419
 691720
 656263
 506382
 750656
 97179
 882904
 164549
 999593
 407292
 134203
 993514
 804662
 90555
 20124
 115414
 289959
 622983
 260142
 512599
 988319
 298512
 665423
 998272
 244769
 508358
 901700
 251626
 794740
 321259
 205299
 958521
 383813
 729001
 391217
 452886
 820788
 732437
 48647
 700816
 825806
 780530
 37304
 664115
 237111
 383269
 324251
 394751
 423346
 657370
 946019
 454935
 619760
 338983
 97504
 743432
 453842
 441116
 946902
 254301
 450767
 85253
 105131
 661138
 629310
 310679
 272169
 625832
 318540
 778171
 986235
 846186
 603568
 80900
 909972
 803583
 451994
 506024
 327946
 280747
 396355
 697232
 837273
 353687
 678889
 239429
 986116
 376947
 159371
 821284
 600447
 537391
 886597
 819101
 48846
 525305
 22166
 857604
 915660
 413800
 355858
 636236
 34414
 989364
 208406
 549488
 504675
 823502
 783390
 677108
 631766
 117611
 544358
 580973
 202859
 445926
 284020
 955577
 595828
 282597
 798441
 573564
 907184
 812243
 773994
 723483
 452746
 557763
 729310
 443567
 373209
 631025
 542061
 575681
 528401
 220070
 101489
 283350
 112359
 941852
 362052
 506629
 984597
 723143
 338644
 176427
 726238
 196498
 70141
 873873
 408097
 588319
 121568
 316707
 748113
 187363
 400490
 184130
 650031
 704385
 474543
 925174
 620543
 755353
 424900
 144027
 416113
 944717
 358471
 842660
 800187
 314880
 987051
 570836
 478571
 397407
 756351
 667602
 488717
 46939
 877479
 858312
 920204
 904761
 682376
 238170
 98321
 313719
 440156
 911956
 598053
 608117
 314775
 55200
 968636
 281968
 423823
 915043
 928443
 445098
 59396
 441578
 818594
 512305
 934914
 309125
 415580
 394012
 644007
 486301
 675744
 431551
 15281
 364002
 944867
 342577
 128431
 909142
 445074
 8509
 595687
 84759
 732419
 563440
 177085
 174355
 745732
 241198
 251716
 961347
 879484
 215803
 801798
 320667
 47027
 90513
 453908
 717152
 66404
 714733
 332004
 654686
 890576
 48963
 135473
 55483
 997604
 405177
 301960
 354410
 500918
 746541
 29710
 881271
 125807
 733361
 939321
 60475
 248863
 462992
 745546
 927271
 920634
 347839
 834925
 572386
 150942
 267162
 357139
 665761
 833472
 83022
 971452
 118202
 438423
 605223
 936577
 990348
 748663
 676909
 971722
 449946
 732026
 951730
 848708
 698417
 534217
 685538
 222456
 102177
 52837
 952132
 501837
 463911
 147492
 373466
 683963
 221706
 893821
 922311
 287686
 106872
 953228
 308773
 625987
 432916
 476126
 14506
 881377
 162848
 899135
 921690
 257579
 142418
 349274
 666287
 438757
 824499
 2985
 612825
 865848
 970874
 678316
 822121
 846246
 40653
 429091
 490950
 784970
 616478
 373737
 237282
 240898
 776071
 305785
 423206
 161569
 170061
 948060
 922411
 546372
 973518
 916982
 196817
 159861
 241723
 841933
 634264
 436130
 768813
 726591
 676120
 721058
 537270
 312347
 941102
 292786
 114961
 425106
 832321
 84165
 266614
 851195
 67263
 651266
 996928
 731482
 132142
 789485
 735034
 728147
 140921
 310991
 599907
 366074
 106704
 568549
 347555
 27649
 877071
 983630
 830239
 375532
 576728
 504572
 892237
 78985
 229776
 56045
 137303
 949664
 696982
 245676
 797268
 291214
 806006
 594302
 923208
 727703
 295052
 394001
 795097
 34710
 280415
 706691
 948880
 215802
 993061
 76997
 606618
 122988
 489815
 893681
 541899
 747793
 665
 956431
 789830
 952244
 243640
 962099
 643904
 107784
 810709
 451693
 738934
 525235
 984040
 238344
 428781
 365531
 837506
 160314
 611717
 935159
 311297
 239202
 999738
 17246
 375639
 792801
 757492
 264616
 458752
 572188
 52844
 453825
 506506
 964698
 713641
 315177
 700491
 386692
 157772
 338389
 933764
 36467
 401849
 758468
 184109
 478931
 774924
 224821
 196348
 564986
 945923
 730168
 580012
 609506
 387562
 380060
 408262
 35294
 273444
 741648
 412267
 26315
 312016
 524209
 526434
 757552
 899419
 968700
 53723
 128680
 36715
 343921
 636946
 2104
 377780
 178043
 850644
 805347
 432704
 310576
 293728
 31088
 68736
 121562
 174160
 531022
 569738
 991113
 630113
 141430
 822758
 985067
 914515
 459412
 282320
 875242
 166636
 471227
 458956
 117388
 79492
 133184
 425996
 308391
 910321
 992395
 907241
 268091
 820325
 899242
 107415
 415809
 105580
 363738
 262263
 948207
 168778
 220252
 289778
 80930
 228753
 136573
 992105
 572631
 254585
 678552
 545239
 229944
 611627
 866132
 980470
 369967
 621970
 285969
 208800
 548845
 956464
 211213
 936015
 243196
 389965
 496183
 363557
 850161
 120724
 381360
 744139
 801030
 621983
 289308
 681721
 986847
 544099
 878592
 222273
 829122
 860377
 684647
 655362
 715651
 413772
 275089
 373903
 111613
 202284
 294069
 302712
 64629
 185691
 878090
 886709
 420932
 976708
 155358
 604440
 36657
 733550
 633281
 283863
 809168
 896638
 190115
 348864
 550450
 14048
 80138
 548532
 304461
 891025
 832723
 771623
 565144
 155023
 351426
 113716
 54259
 815059
 960375
 650584
 963722
 414551
 50946
 827188
 119382
 527766
 38265
 28207
 471678
 947238
 120743
 880771
 672988
 995899
 16536
 344295
 891804
 127853
 697539
 21875
 187108
 87179
 657583
 569079
 799880
 231607
 691654
 317989
 897870
 372152
 445640
 857040
 890403
 993906
 822264
 199857
 695048
 684182
 330520
 551894
 592395
 672544
 656504
 820662
 975146
 287855
 542458
 821127
 593846
 997271
 510619
 148788
 843227
 743309
 343177
 386594
 723022
 61676
 107144
 548492
 818239
 567307
 285930
 76594
 334578
 814867
 306493
 758054
 642489
 391649
 563412
 764855
 770792
 4576
 705212
 490973
 161678
 792019
 17928
 682697
 730408
 599037
 656242
 609644
 880653
 544721
 438782
 49141
 100769
 18578
 13603
 386175
 607361
 382742
 428093
 754550
 252192
 531728
 62396
 994767
 744246
 824231
 716253
 596429
 486452
 810082
 105746
 971292
 480514
 661361
 979530
 94037
 92688
 725892
 504273
 457452
 891100
 496278
 847084
 768053
 117446
 268314
 679335
 13936
 32634
 473976
 186885
 988124
 853843
 114266
 705972
 381093
 940175
 899126
 824702
 600479
 435448
 160184
 569991
 817519
 912220
 505156
 680431
 744926
 330902
 389302
 374847
 258426
 203626
 563780
 21479
 784323
 893684
 958224
 565100
 164944
 770293
 934269
 220170
 325334
 526020
 572347
 727438
 493513
 990822
 51980
 836303
 251281
 829616
 957726
 424481
 949225
 911203
 348119
 567723
 682396
 136072
 298683
 931458
 258141
 172779
 348837
 373958
 423076
 459744
 449657
 608762
 912648
 664352
 356287
 149932
 425925
 491843
 269808
 350340
 217508
 384894
 31207
 112114
 952708
 842163
 734965
 600220
 533948
 440136
 661233
 402730
 165375
 726256
 68607
 925327
 131840
 868988
 305426
 171843
 509358
 394527
 214489
 429292
 509466
 845888
 632416
 967578
 272881
 125397
 918996
 340385
 188308
 796000
 572352
 156635
 328491
 451626
 303143
 688463
 681606
 126268
 944108
 568287
 521305
 370018
 258767
 508441
 578804
 574088
 613469
 793371
 487102
 689530
 920214
 386129
 38569
 172690
 742831
 925075
 188738
 67875
 40507
 779322
 788186
 472596
 788158
 791764
 816837
 251275
 58705
 629584
 407613
 238616
 305377
 366331
 620422
 223529
 465151
 473982
 20040
 453828
 700699
 269888
 430463
 517747
 475417
 494283
 704948
 304970
 363666
 769218
 213451
 501709
 318586
 84566
 611356
 261548
 409690
 223958
 155214
 845902
 735395
 497194
 886648
 304690
 708935
 915662
 969873
 812520
 966013
 139300
 435306
 236201
 406152
 375506
 71208
 462978
 151431
 502001
 916612
 399846
 787692
 995660
 384039
 415847
 373210
 155060
 920049
 785946
 751798
 748557
 337259
 281569
 14490
 614409
 425471
 452936
 131545
 196389
 192144
 10433
 524219
 734205
 839058
 151078
 188135
 736137
 724956
 296322
 21332
 691832
 92558
 401647
 868340
 598312
 36896
 814262
 964486
 406259
 541731
 698734
 866923
 559719
 159490
 111219
 244352
 64794
 296210
 678192
 798795
 153846
 454728
 286053
 412187
 574314
 363402
 754826
 648351
 683092
 164111
 457826
 219154
 281478
 954456
 415775
 824777
 535513
 284403
 846262
 481804
 768567
 292710
 757347
 481481
 963992
 739018
 7953
 462818
 990862
 808247
 567789
 257408
 875518
 778489
 214252
 577008
 756115
 862939
 435758
 227202
 138464
 337486
 489854
 23181
 182713
 671720
 942277
 228581
 892682
 636523
 130422
 358658
 451641
 165317
 244681
 568809
 518160
 800826
 33049
 809978
 229122
 244153
 119978
 623004
 704188
 895345
 736931
 317070
 765957
 635463
 433473
 75026
 29619
 382851
 16015
 24291
 698153
 448531
 608360
 860890
 966375
 582178
 961328
 579061
 843743
 164773
 159770
 988493
 803085
 982472
 542806
 264915
 10327
 181045
 466000
 294198
 529586
 820073
 