78740
 775104
 267809
 348355
 883526
 669906
 717729
 545872
 96447
 2237
 451851
 448366
 641095
 455523
 270349
 703874
 382368
 893245
 209261
 783282
 998942
 135884
 536585
 681054
 111955
 414043
 338645
 723690
 512949
 8524
 441392
 887044
 31806
 364956
 400886
 928951
 233639
 170128
 641569
 138902
 945573
 216144
 714918
 864104
 8076
 26362
 942640
 415452
 395645
 195486
 826454
 638398
 217954
 460321
 161885
 872727
 386080
 595765
 471261
 670147
 26584
 252631
 803190
 230466
 927272
 893408
 478036
 814060
 807067
 982189
 288702
 863424
 994331
 628938
 463705
 842380
 934635
 332453
 606071
 456647
 216575
 627627
 231065
 876661
 725959
 799127
 342915
 414965
 229835
 185982
 455724
 128035
 237455
 996588
 928614
 254923
 138255
 180605
 25596
 735274
 172395
 670942
 34970
 417365
 898584
 482862
 884749
 66149
 761407
 398783
 374891
 406341
 831141
 349427
 434782
 211359
 232056
 182361
 121515
 988469
 489582
 216554
 870082
 958857
 94876
 356426
 142735
 603020
 274285
 962135
 273016
 899408
 155580
 227843
 533371
 60651
 898468
 693149
 458741
 418447
 984443
 83837
 556413
 322171
 416332
 330382
 915665
 414318
 889708
 986677
 619679
 199969
 655000
 454217
 798321
 457842
 757767
 679464
 986679
 594956
 552180
 5380
 335588
 734948
 320855
 55546
 931087
 576473
 723751
 206343
 678059
 940379
 56673
 202421
 60586
 672338
 275823
 105858
 668096
 567501
 487912
 784364
 984566
 350588
 392541
 834648
 548588
 93844
 818859
 763507
 766014
 137301
 603339
 136111
 252193
 640602
 865489
 680341
 378571
 413779
 100551
 344478
 768157
 814537
 608523
 795905
 750555
 186755
 327891
 684838
 380484
 39250
 260569
 212977
 948063
 615035
 508348
 455919
 184911
 988792
 354497
 832154
 825032
 194026
 571288
 987182
 800845
 195121
 151861
 902472
 935405
 144873
 216508
 994
 30893
 702284
 203466
 580400
 62140
 91944
 158878
 672210
 884812
 207519
 52404
 205427
 306840
 843607
 777979
 507165
 374294
 75006
 394192
 832424
 584148
 359702
 163073
 660917
 871017
 904638
 622829
 86340
 267602
 642129
 702183
 475200
 639621
 943565
 60336
 553646
 168729
 572528
 633747
 70921
 929348
 899629
 568042
 801306
 714510
 228962
 574726
 205347
 689168
 412645
 221453
 266666
 860602
 632652
 225652
 646005
 142913
 618421
 237718
 629397
 894290
 770026
 924183
 225831
 378915
 290870
 623250
 517995
 19661
 96808
 719203
 855485
 523168
 571796
 388938
 161850
 547056
 488574
 818812
 385042
 753360
 297977
 757462
 262625
 583809
 352111
 505363
 337379
 172404
 75452
 962958
 275785
 849965
 835790
 952374
 785627
 758423
 642822
 207860
 729995
 71684
 266021
 264081
 567088
 216494
 208510
 225922
 51924
 907284
 408464
 767203
 181232
 548376
 599817
 500085
 197798
 662169
 931554
 681912
 937302
 286245
 16376
 932046
 95580
 887177
 407668
 534361
 30248
 594934
 425653
 528289
 513553
 255522
 58192
 748211
 210526
 87907
 770359
 475581
 771395
 994577
 653298
 340371
 260252
 605247
 793541
 725061
 775965
 943348
 853080
 800871
 259374
 22349
 990742
 126491
 612554
 275139
 301684
 390101
 902604
 436730
 798316
 664604
 767154
 930996
 15748
 30712
 553293
 138154
 561030
 448202
 475893
 491864
 897824
 88149
 616225
 720000
 918032
 200336
 202432
 230323
 294192
 214894
 404396
 972112
 231844
 899432
 907655
 374321
 802106
 148951
 875270
 935207
 776734
 794721
 684602
 132738
 822428
 804921
 242762
 547499
 506123
 455470
 706866
 592258
 629102
 980530
 296449
 676514
 881057
 481551
 804563
 655479
 418112
 340579
 87865
 819835
 89517
 104320
 918566
 18315
 263346
 323226
 963845
 483373
 923608
 578922
 665338
 541304
 442970
 983781
 314700
 26813
 862093
 694854
 418407
 275627
 510329
 178547
 780422
 162731
 342179
 946326
 282420
 267205
 669345
 673661
 736745
 230049
 141263
 496012
 675031
 426647
 793405
 117713
 927085
 628546
 970594
 677658
 78651
 67506
 973837
 534728
 589529
 369325
 412814
 55080
 615351
 87674
 284335
 227075
 281206
 506415
 162526
 57546
 601397
 720846
 437056
 208770
 173249
 113890
 174513
 745545
 627385
 354193
 106518
 404329
 444017
 199490
 367270
 154011
 146355
 592121
 953933
 34844
 603118
 299633
 878681
 190891
 508462
 149672
 61072
 546207
 696378
 162217
 277299
 745426
 425692
 267783
 795874
 457841
 738918
 620602
 176612
 216161
 270156
 753587
 703622
 380102
 992215
 927248
 336146
 104751
 559352
 36310
 647442
 312746
 323366
 925001
 855887
 710399
 999343
 412607
 959193
 760767
 462802
 172730
 845459
 415402
 561569
 569978
 396518
 386138
 840148
 686576
 461858
 33454
 162695
 265629
 592679
 476037
 649957
 611673
 367748
 774355
 30568
 984546
 575870
 992341
 455714
 669703
 639125
 351793
 116809
 146628
 61571
 393377
 361063
 555322
 293902
 703430
 389247
 173913
 268978
 516755
 778998
 736172
 564545
 950075
 133292
 930300
 486344
 720930
 204227
 187096
 306356
 897280
 549927
 777418
 93942
 442275
 455793
 39603
 678575
 673624
 40765
 491611
 856066
 553936
 560936
 874895
 316392
 922201
 338142
 916771
 43570
 512036
 765977
 113475
 380983
 766826
 661251
 82007
 352392
 234305
 129961
 737274
 579320
 312292
 109882
 963752
 65826
 997420
 139544
 691187
 434293
 696028
 451541
 734593
 42237
 23255
 193653
 81629
 310021
 408302
 147787
 974528
 936014
 46714
 43463
 30689
 777475
 874640
 728408
 108702
 422185
 518617
 7176
 501886
 244639
 594421
 120831
 637540
 198512
 912189
 801381
 805161
 709803
 429443
 621973
 47535
 361581
 709907
 610124
 509357
 500000
 281455
 518565
 654513
 644183
 622414
 205553
 342527
 320260
 639407
 522392
 484598
 434765
 846378
 203922
 387229
 919544
 352874
 381276
 695652
 683377
 369513
 360511
 160711
 738488
 583187
 208466
 517775
 836350
 904333
 96121
 394196
 97484
 887948
 375356
 284768
 938492
 945557
 32258
 888114
 705255
 436910
 984325
 203190
 479352
 645110
 28268
 236500
 797650
 499767
 334332
 382274
 587066
 602240
 971095
 168404
 881332
 641533
 193442
 532130
 538878
 603791
 196578
 813195
 290205
 808992
 427409
 295671
 716051
 919108
 875770
 589114
 950067
 67489
 639856
 76757
 812080
 621218
 122961
 45529
 291293
 370567
 656037
 584141
 277467
 470137
 127536
 818049
 947902
 742616
 64663
 862818
 244155
 200881
 236474
 722012
 473489
 618770
 641087
 624346
 255135
 74563
 147058
 574442
 505136
 916704
 736593
 573491
 162255
 486298
 595381
 963269
 346282
 971274
 340216
 719630
 13446
 672921
 586612
 894728
 202075
 732933
 656213
 251767
 66666
 370964
 75949
 520977
 544731
 78270
 779301
 811587
 896908
 135564
 400114
 614682
 420898
 730300
 190231
 332037
 705263
 368324
 350800
 651983
 283451
 260359
 950036
 209014
 160082
 107006
 350202
 974132
 345476
 454336
 569992
 880069
 200682
 231133
 558088
 494262
 886696
 942492
 69444
 476602
 630673
 243596
 172769
 824425
 670865
 547534
 928870
 687534
 292277
 157018
 535922
 937681
 235412
 81962
 828142
 68004
 474922
 864769
 623923
 6426
 273279
 835001
 649877
 567649
 597908
 105202
 938144
 784021
 120259
 550577
 931773
 33146
 940359
 491948
 323360
 390281
 986903
 780670
 695666
 653013
 942378
 699185
 66031
 293673
 766320
 949554
 410989
 593391
 225172
 224229
 956707
 38128
 995417
 644823
 525599
 217260
 878296
 336744
 376450
 742088
 868260
 907817
 721099
 403865
 464664
 890364
 211762
 476389
 438225
 878273
 225626
 233548
 878995
 607026
 733979
 557650
 636882
 500984
 283261
 693345
 95322
 310762
 848881
 414690
 416575
 811420
 66143
 189832
 165011
 151517
 789813
 626304
 796422
 182783
 993248
 145770
 238031
 179923
 889067
 444578
 347169
 768794
 654028
 569811
 0
 430468
 959472
 376349
 249498
 136741
 658296
 888737
 256880
 267326
 927399
 541920
 280811
 2157
 414105
 936507
 433852
 8624
 91027
 140881
 297297
 268569
 174994
 781970
 380401
 146668
 752450
 597878
 473087
 414209
 534546
 617384
 459772
 895822
 959785
 246471
 288656
 485513
 596895
 978990
 13698
 942791
 1268
 464138
 508361
 401242
 930484
 226484
 245194
 826542
 336340
 457801
 327266
 8694
 241673
 843354
 597799
 39336
 333028
 666666
 550904
 135281
 105399
 634657
 342492
 444054
 947132
 846299
 722284
 798801
 983050
 87872
 154516
 544011
 136688
 91173
 580677
 879786
 342651
 293628
 115558
 929604
 974761
 139089
 15722
 115575
 130353
 896337
 686981
 304042
 95174
 87969
 175675
 446715
 106084
 51744
 503740
 826573
 73497
 139051
 990682
 228571
 408871
 104780
 974522
 665015
 601791
 891566
 760847
 875189
 910607
 590489
 324543
 238469
 704293
 309195
 420101
 270806
 157068
 901210
 526226
 464454
 943931
 104652
 971863
 904988
 883977
 831402
 666167
 580768
 58153
 464240
 815771
 387293
 87227
 650887
 759426
 908359
 317161
 254348
 297219
 237437
 486930
 63444
 603526
 919019
 477028
 887866
 413057
 743926
 814996
 447220
 737334
 907525
 112856
 305084
 389312
 783348
 252702
 927573
 52425
 577562
 278806
 100000
 353443
 495395
 185716
 826416
 590604
 612493
 743339
 212555
 556807
 34045
 924903
 459254
 198751
 766895
 773046
 785014
 404833
 103769
 541109
 790262
 79063
 748894
 966708
 780665
 309697
 976629
 925941
 920017
 447724
 698395
 910812
 956053
 556104
 887709
 674515
 651033
 737878
 159345
 255076
 799902
 157190
 691009
 970293
 264367
 161741
 479127
 412698
 803059
 823529
 871063
 76801
 420282
 239891
 198355
 730037
 195201
 818916
 139167
 754980
 793969
 21436
 728262
 579416
 55573
 591496
 14858
 905707
 468155
 661959
 804969
 503709
 600040
 820895
 77240
 76990
 867381
 829564
 508915
 564969
 176926
 948655
 166683
 444444
 179710
 781399
 229021
 621444
 114620
 938306
 878570
 444372
 484525
 478625
 960466
 246005
 518113
 517275
 813360
 838862
 990763
 543307
 656108
 462168
 546371
 321881
 360624
 632800
 530974
 122244
 197174
 349626
 643230
 825184
 423429
 254143
 949433
 164768
 353172
 118544
 210268
 83997
 515921
 300493
 780586
 856616
 934178
 944175
 34697
 221852
 349030
 251101
 15960
 950080
 74358
 260923
 409480
 644333
 11446
 169811
 969912
 26310
 304451
 650137
 336139
 131825
 873720
 515792
 805516
 411282
 122055
 279193
 27666
 129496
 214532
 513851
 350299
 229019
 739524
 417425
 639771
 114648
 666343
 610218
 484003
 725466
 817959
 919842
 44733
 520430
 905194
 328945
 586165
 373329
 155018
 692347
 471825
 443575
 442572
 755905
 912990
 630776
 767319
 629703
 616713
 691139
 938363
 627989
 797195
 218954
 452296
 878028
 540142
 876139
 140760
 650810
 651334
 56919
 612313
 158324
 159048
 815182
 680255
 344602
 772281
 596469
 40816
 32679
 75728
 41236
 856738
 828958
 144104
 78075
 668166
 991841
 870789
 593053
 385882
 948836
 697831
 475331
 399354
 901820
 942434
 492052
 776052
 536766
 397853
 622315
 793113
 923076
 437242
 968596
 762286
 765079
 115615
 821728
 837434
 303741
 758074
 37766
 31131
 499661
 943893
 821266
 361113
 116261
 890359
 260869
 920770
 7639
 317480
 881200
 296692
 560307
 494662
 644922
 391130
 639549
 567513
 398009
 134575
 953175
 802731
 40000
 357097
 857058
 638550
 441081
 269225
 852371
 539208
 832448
 173161
 164483
 733394
 13800
 667274
 81847
 15965
 304948
 754661
 976112
 126958
 825265
 555237
 169340
 844472
 24514
 267088
 738580
 748623
 685307
 407079
 368388
 996079
 540598
 79389
 6188
 981661
 530239
 42774
 796633
 947859
 254808
 688849
 850816
 796961
 292705
 434600
 749744
 657522
 905406
 71226
 700604
 709493
 774264
 562661
 753946
 34552
 264233
 67159
 588454
 761397
 323978
 849156
 507183
 2438
 575889
 37024
 604751
 355657
 945825
 598473
 438763
 466517
 299159
 315589
 791
 21732
 388870
 164967
 674285
 75544
 822755
 417753
 709557
 232938
 548647
 911623
 905736
 234802
 796306
 964726
 124261
 952327
 627340
 696020
 663666
 907303
 300033
 944619
 176885
 613053
 165927
 479284
 190518
 2575
 685837
 170417
 714049
 510771
 251156
 678578
 432969
 147868
 955715
 571685
 757219
 482309
 539104
 592058
 843304
 616136
 268771
 324576
 944821
 718675
 754018
 245563
 80564
 157961
 892930
 288139
 767388
 509971
 997292
 787490
 263216
 972823
 569236
 318946
 447924
 22993
 611823
 59350
 534600
 626368
 488613
 582755
 837272
 754579
 111999
 153153
 551832
 398559
 540935
 104294
 626210
 673313
 265043
 118521
 620608
 494576
 151737
 751322
 479124
 835158
 665867
 687671
 949118
 224946
 336561
 599081
 853632
 239263
 157842
 732102
 10231
 799489
 483089
 625058
 866790
 882199
 414943
 589008
 180298
 224874
 151425
 53924
 512623
 302284
 756389
 101656
 373705
 500307
 205927
 605310
 87819
 166225
 186346
 14745
 578704
 873159
 585906
 177846
 478290
 580568
 343884
 920187
 51632
 150841
 590156
 174943
 95558
 120066
 645979
 807541
 471694
 30699
 52378
 239436
 385444
 800047
 398980
 300376
 605244
 560255
 626114
 159558
 609664
 476956
 174886
 311364
 410823
 462084
 143194
 549658
 233883
 821554
 888759
 853561
 61917
 813408
 833853
 938505
 250905
 119780
 627523
 229895
 102493
 67752
 944733
 772539
 343788
 803542
 654041
 217502
 869881
 56446
 545251
 431093
 197431
 138519
 969585
 216137
 220087
 836233
 863027
 288397
 779779
 506878
 679424
 169934
 705234
 180347
 400699
 705577
 146752
 505091
 928330
 349763
 187407
 879492
 21576
 349552
 40180
 828365
 108108
 747269
 761904
 425938
 555427
 580278
 592208
 455216
 139211
 395196
 501392
 417085
 367054
 833650
 508196
 605584
 983671
 454289
 790288
 762829
 573283
 493841
 958797
 464966
 531362
 267580
 604651
 256873
 191352
 501303
 929159
 465234
 715148
 854526
 161262
 710917
 477369
 975837
 991869
 334865
 704640
 187465
 271247
 107177
 689371
 682111
 334073
 833657
 124869
 78255
 619684
 716069
 672974
 848610
 288311
 296384
 411996
 468545
 389465
 541689
 369639
 15161
 878441
 842132
 382113
 278145
 947863
 74009
 506555
 970082
 279092
 738441
 219528
 717302
 630594
 318840
 869664
 580870
 239302
 635026
 473680
 995776
 602512
 725895
 943062
 796917
 383993
 796610
 602906
 792452
 480475
 364779
 943594
 753810
 214150
 805063
 213499
 337648
 655128
 988501
 548787
 513013
 172166
 828220
 168865
 877901
 820058
 950269
 330744
 313835
 406408
 941561
 258532
 415042
 771846
 805251
 210879
 417197
 238572
 194630
 722891
 470413
 835987
 216298
 628089
 687474
 904614
 792047
 993283
 808828
 723849
 743133
 286549
 319866
 770472
 558374
 71451
 125553
 773221
 931080
 939196
 361875
 405213
 270920
 405405
 38503
 776889
 504165
 794593
 295746
 593387
 859789
 978308
 513730
 884037
 395148
 699727
 894061
 191503
 188118
 206090
 599070
 389578
 585999
 392279
 777070
 749897
 43405
 326917
 407575
 167354
 779661
 410095
 327344
 255956
 770206
 766620
 297903
 272568
 792763
 244081
 947327
 812949
 81028
 817234
 920116
 365039
 735101
 428395
 347826
 658277
 226112
 349859
 14940
 715139
 993373
 540521
 223312
 153846
 340425
 551072
 528704
 692307
 13561
 574264
 313906
 325960
 819771
 978760
 341012
 64541
 559917
 376586
 526846
 42199
 706372
 293050
 441240
 780082
 737704
 794997
 86010
 264957
 168492
 219650
 538260
 699782
 722280
 728974
 434133
 395366
 411241
 897920
 230732
 203523
 260437
 559628
 416721
 578355
 185439
 389623
 472904
 574045
 587885
 831999
 671670
 300821
 420143
 187455
 465694
 224387
 476749
 742183
 97546
 852400
 721646
 292754
 64388
 757828
 967825
 229814
 390631
 452319
 244154
 743125
 61068
 993145
 769589
 945137
 643301
 732545
 655889
 519209
 839734
 949755
 727500
 673275
 747731
 819859
 463889
 289573
 28070
 877286
 723986
 437236
 280144
 223556
 576733
 833409
 627239
 768193
 606614
 899268
 658643
 954756
 114552
 86431
 202238
 920963
 888932
 281337
 326795
 279707
 782930
 308953
 460642
 896267
 719714
 558195
 307928
 711910
 693337
 93187
 584490
 600444
 920533
 94563
 575830
 163041
 120762
 737827
 458212
 711598
 815848
 390417
 116521
 23567
 836438
 375174
 307295
 324867
 872962
 264853
 693986
 541871
 804117
 83554
 176433
 57793
 674605
 867213
 898459
 998860
 817843
 227426
 868886
 600473
 39255
 168211
 179003
 834757
 732215
 322952
 868800
 929444
 562540
 227613
 165562
 543441
 382746
 315762
 838285
 531367
 167196
 199134
 321428
 742925
 356780
 565682
 549058
 89906
 756246
 270408
 613401
 226631
 476658
 102148
 362239
 699938
 964451
 750628
 181106
 177498
 632476
 348837
 797697
 754585
 944570
 170661
 287980
 316071
 814305
 327854
 547484
 21806
 527425
 53712
 550938
 778025
 609006
 688338
 729442
 110128
 839637
 711991
 484501
 329090
 945704
 459972
 367632
 610486
 537976
 671084
 450567
 300677
 478488
 344065
 644685
 184046
 138712
 534860
 50673
 277364
 851694
 506087
 76100
 919507
 496271
 524648
 424013
 629899
 394577
 423777
 287454
 625692
 521865
 338403
 991381
 75314
 248695
 98584
 66314
 793388
 31052
 266145
 920754
 914363
 173298
 861991
 96479
 922408
 160686
 23913
 22038
 863160
 793923
 664351
 388320
 565867
 815701
 232609
 43762
 278061
 647084
 709600
 58522
 221108
 602426
 271130
 733333
 132518
 102915
 863481
 198952
 409193
 454966
 344682
 132818
 825010
 746274
 819846
 902061
 610966
 898542
 769541
 425368
 912057
 597790
 617158
 729729
 777593
 81992
 481481
 244343
 735537
 490242
 756218
 146608
 30742
 934471
 106843
 269269
 672732
 17766
 361069
 941141
 819196
 967381
 411560
 600936
 850968
 57071
 591004
 186628
 136042
 531355
 977059
 147948
 531726
 649003
 447370
 750277
 768640
 556185
 330029
 479271
 545660
 353733
 492662
 727750
 365044
 368598
 741263
 660964
 961895
 305189
 99485
 291375
 199222
 647686
 304662
 471990
 523178
 850869
 540629
 999342
 311838
 376481
 206292
 187896
 553537
 607962
 930133
 825278
 336633
 959144
 703703
 519809
 200785
 482802
 656914
 998363
 392907
 820088
 832
 718658
 450910
 625722
 745923
 942869
 692905
 578512
 738641
 314285
 782873
 706427
 542615
 647329
 321808
 384670
 439834
 995377
 833468
 416797
 138886
 715355
 796488
 420507
 945666
 67424
 881085
 471539
 198728
 551131
 691842
 38412
 2702
 277935
 278019
 272873
 213614
 953790
 515759
 548518
 973829
 307921
 243321
 249338
 701333
 773303
 43478
 766013
 880501
 559278
 987312
 797042
 342759
 458702
 22653
 39456
 542168
 837363
 801200
 69510
 258410
 264041
 798460
 505427
 4281
 133419
 321652
 203164
 922521
 884381
 707492
 544642
 909518
 517707
 75829
 725944
 608308
 478173
 211637
 348596
 183381
 169907
 481043
 365853
 740465
 137005
 704702
 67998
 596245
 97558
 983441
 938297
 407942
 208025
 900713
 620287
 824278
 524973
 136695
 832907
 507198
 204476
 518613
 701459
 664125
 429689
 213504
 324507
 498599
 755869
 384731
 211678
 112905
 185857
 693150
 798350
 225584
 350804
 538467
 269087
 240115
 695603
 698830
 573122
 12345
 745812
 585523
 728261
 599999
 351533
 993265
 673149
 262302
 522615
 439741
 99352
 174866
 112173
 448487
 943462
 687341
 728243
 606057
 77950
 32337
 147416
 273495
 96018
 364317
 111864
 671541
 755620
 272298
 838543
 480710
 974890
 379329
 96802
 679931
 960720
 223796
 882215
 938780
 562023
 735339
 207319
 948910
 4358
 850034
 347377
 901593
 496812
 752786
 618029
 251038
 56706
 293011
 92077
 881492
 862724
 284907
 71095
 789473
 420217
 768277
 254716
 724628
 684287
 280202
 568313
 218547
 563917
 595000
 522248
 918554
 426690
 988166
 92940
 207232
 835998
 707070
 172278
 187806
 857451
 231595
 71738
 255583
 524002
 393942
 29195
 559971
 9386
 627084
 157235
 683808
 830758
 590084
 927463
 33300
 843260
 8009
 359781
 13395
 334689
 464356
 965158
 965195
 314547
 44213
 284811
 74712
 500831
 800291
 564584
 135027
 912312
 2370
 402066
 517312
 925795
 157828
 186072
 590681
 141604
 590559
 44527
 204013
 237413
 806844
 365859
 195128
 109651
 35232
 709773
 64944
 304347
 181560
 9063
 878462
 214239
 102267
 412432
 941573
 760642
 31118
 629030
 661800
 299868
 740697
 198790
 252763
 521757
 342291
 670993
 977788
 884050
 903178
 286665
 639603
 516216
 428610
 768387
 116328
 498078
 897691
 104533
 555701
 343987
 613073
 323818
 834645
 207130
 267329
 878654
 595466
 852415
 84331
 472971
 181520
 275530
 666150
 223950
 940745
 873972
 760839
 395210
 881476
 537334
 188834
 519982
 235707
 297537
 153493
 991732
 556172
 180662
 727759
 727054
 691054
 843430
 948055
 997095
 74074
 482828
 879998
 232277
 306651
 367391
 899894
 920663
 923153
 757066
 28938
 423248
 478543
 571519
 206912
 159243
 122178
 347560
 643663
 185526
 588851
 475220
 127243
 603835
 634331
 173590
 172617
 68922
 123811
 864867
 996362
 148695
 309621
 784721
 756630
 254971
 414090
 568167
 712880
 415302
 208404
 783468
 771428
 930116
 820512
 270395
 248381
 515492
 756291
 853985
 411159
 276882
 180436
 114896
 443829
 904721
 846457
 808575
 880078
 782202
 514483
 129996
 688475
 503968
 218461
 283711
 187162
 105179
 917808
 910722
 179804
 504990
 634686
 396472
 286709
 432090
 359400
 965150
 490580
 628544
 872550
 503047
 27054
 140979
 617927
 257157
 453387
 914931
 247211
 725421
 27525
 598756
 42031
 108494
 589668
 619529
 851331
 745729
 143494
 379736
 980430
 865270
 857099
 286002
 579041
 145438
 366475
 125255
 556704
 4349
 988248
 889437
 596709
 552238
 260812
 660304
 69710
 916518
 578254
 594947
 764385
 418344
 896096
 412186
 572309
 851412
 51274
 942332
 404644
 490959
 27799
 234002
 795252
 953035
 158884
 483809
 799999
 289054
 609218
 913265
 252706
 391688
 699593
 625228
 904109
 821773
 806663
 581303
 487743
 73069
 204162
 70828
 994478
 902896
 971659
 778889
 455337
 189806
 694320
 553779
 249593
 77209
 578330
 707211
 825243
 225139
 858954
 136381
 639726
 164345
 440493
 884405
 175228
 320997
 583761
 620588
 258495
 464426
 772487
 605422
 692836
 50081
 693625
 606420
 80129
 668471
 690324
 759427
 685247
 925509
 906377
 441327
 176252
 580645
 62399
 858974
 477446
 163498
 13426
 280675
 915254
 195838
 499931
 245953
 318761
 470013
 440209
 127792
 458178
 940117
 747329
 750164
 863622
 472418
 397169
 752808
 399564
 315823
 63886
 617341
 232967
 192992
 292929
 301372
 356076
 383103
 545404
 983108
 279781
 267356
 587616
 119143
 882586
 701432
 77642
 49054
 1246
 776750
 894736
 747474
 313273
 902788
 459414
 727784
 524840
 535023
 786701
 975206
 680224
 312742
 963634
 512732
 276703
 191546
 303523
 385453
 584404
 677631
 722070
 916688
 423660
 295748
 179207
 845472
 92345
 23777
 529417
 410731
 548428
 228062
 609976
 115687
 505915
 258524
 731476
 594884
 708502
 749115
 540284
 798996
 992342
 919746
 316079
 959628
 645106
 378230
 436904
 968131
 216061
 935197
 299209
 489893
 917309
 298903
 183750
 101858
 795470
 69069
 927251
 31362
 657615
 9838
 214975
 816687
 107069
 805178
 440286
 418814
 766562
 636137
 406484
 676566
 136230
 721792
 952851
 804777
 900855
 554323
 1745
 392445
 528624
 380294
 558514
 926268
 343245
 794745
 358258
 479384
 511896
 12010
 172781
 247931
 247525
 160000
 280590
 213687
 829230
 756860
 180145
 478238
 682394
 514165
 848632
 541228
 686581
 61919
 399266
 809958
 517214
 566637
 280397
 770350
 90934
 226649
 198162
 540327
 13258
 176000
 286183
 240638
 306013
 958895
 454774
 93407
 253499
 223198
 957525
 198199
 581180
 704978
 382972
 508987
 38564
 632876
 993677
 113159
 578402
 204021
 109853
 403731
 482712
 655118
 210598
 108553
 527153
 857949
 186046
 543005
 637725
 909709
 682771
 845242
 994615
 495988
 664773
 406292
 284412
 472495
 646723
 291631
 249148
 826272
 972508
 489763
 435534
 235533
 378104
 602878
 598294
 45629
 416058
 48265
 461859
 961313
 853892
 550945
 104421
 608554
 78311
 381205
 957446
 392297
 438709
 465294
 969301
 399071
 33929
 860279
 620269
 862374
 392362
 222680
 243912
 427446
 834904
 113622
 648822
 964848
 861426
 963015
 516509
 963916
 234929
 517046
 742189
 221935
 709653
 184447
 208023
 872405
 298148
 685801
 980987
 20825
 430402
 810604
 408237
 77315
 904539
 104695
 190907
 95043
 885651
 871065
 51780
 344051
 246309
 176095
 638907
 509266
 526995
 427128
 735751
 538547
 139066
 608837
 821935
 959396
 535846
 908429
 607416
 299326
 256419
 413061
 763836
 388748
 258064
 852875
 608918
 342214
 226181
 440589
 598474
 526439
 826856
 204282
 346299
 220272
 773974
 827879
 254661
 300650
 935591
 499127
 275515
 7293
 577576
 924890
 124774
 504092
 436205
 797233
 989342
 623163
 769533
 403475
 791044
 146812
 831194
 913357
 775345
 765537
 161510
 843124
 49475
 176273
 706062
 524581
 74359
 184691
 123423
 134259
 795154
 149296
 92436
 959503
 419943
 839940
 644959
 153226
 629254
 9255
 449106
 876555
 800039
 714259
 288044
 888268
 905451
 99973
 66614
 74123
 737470
 908901
 155059
 282828
 65201
 202613
 953769
 318913
 517781
 44105
 517654
 917466
 445192
 623320
 370277
 332192
 241809
 688270
 726256
 226133
 465597
 255926
 335306
 259725
 4511
 100120
 974097
 390491
 386018
 953488
 761865
 941331
 453
 821419
 345798
 751998
 554021
 536673
 642642
 454752
 401118
 171328
 880667
 761438
 391999
 322408
 320818
 290761
 106985
 16414
 464345
 869690
 439162
 654485
 920523
 712206
 58010
 345549
 583027
 659001
 827029
 748330
 479589
 309508
 729852
 944704
 225919
 323115
 705918
 78228
 195694
 236276
 441409
 36232
 398410
 443078
 724226
 528814
 722332
 648285
 269068
 203595
 99622
 556203
 542316
 96254
 776885
 505572
 2148
 851538
 484178
 764535
 206977
 830274
 218435
 818097
 175938
 137989
 670649
 397147
 441756
 658973
 367577
 288712
 309974
 29771
 799296
 916272
 527218
 756654
 276079
 380131
 368435
 943028
 158857
 562577
 649432
 847842
 923339
 114414
 842023
 769996
 65781
 155435
 700216
 878679
 759523
 694090
 112883
 165626
 328011
 223476
 966753
 871813
 637282
 76152
 387596
 562446
 252007
 670005
 57734
 38841
 160329
 982053
 423529
 735691
 179890
 756311
 228231
 875987
 631951
 585473
 140454
 645355
 479701
 592411
 522636
 211131
 910736
 765834
 32085
 424493
 630789
 798270
 606932
 75494
 961558
 280030
 935384
 844492
 923675
 44500
 786173
 426559
 43258
 467889
 990862
 202030
 301517
 551996
 904640
 408882
 883359
 443939
 762015
 364857
 291361
 255964
 631228
 113924
 453557
 938304
 377602
 489623
 442922
 423763
 342311
 612015
 722483
 388692
 715203
 596332
 443976
 742569
 641924
 50672
 586931
 705080
 312997
 749632
 884561
 64938
 556106
 130344
 435095
 616568
 251770
 542652
 339576
 632142
 372561
 686451
 788541
 85300
 503544
 572849
 353097
 693012
 669908
 856185
 172361
 94818
 305663
 370412
 926315
 770150
 787498
 134680
 975772
 472706
 348069
 523969
 487704
 699523
 14049
 149753
 573187
 946797
 820229
 43833
 788978
 604072
 930720
 604834
 780411
 147284
 454908
 328732
 383812
 983821
 728118
 404742
 48617
 729838
 537067
 328984
 276419
 924227
 361889
 857010
 520374
 780324
 885954
 9700
 420920
 59565
 864012
 258315
 989488
 865449
 712110
 724982
 599371
 381770
 980406
 919218
 338074
 890137
 654739
 864033
 693660
 673859
 324019
 176169
 841251
 254441
 101102
 112164
 805885
 541037
 676959
 178694
 23904
 508572
 92269
 509591
 373743
 310002
 485551
 860551
 872768
 48429
 642926
 304499
 667389
 874504
 538273
 534653
 277044
 898121
 927196
 534142
 637953
 905147
 96195
 13816
 598167
 827447
 266186
 139263
 60606
 953070
 722447
 255014
 712947
 878179
 734201
 833865
 21816
 194783
 694290
 232801
 968335
 104642
 147131
 904615
 921478
 809523
 633695
 965802
 970600
 797349
 328496
 144200
 396930
 237891
 864799
 787460
 137432
 618863
 373720
 208674
 236522
 64935
 23704
 604922
 660490
 464829
 857009
 548493
 752698
 855478
 350127
 937672
 517060
 263225
 661043
 251764
 410480
 2345
 588470
 887515
 72686
 604913
 815716
 669606
 926535
 740873
 78910
 942331
 787799
 402110
 299612
 727282
 916414
 492680
 991247
 142299
 753468
 46475
 2932
 25581
 232238
 53317
 84507
 321146
 197087
 477205
 829325
 421686
 947102
 177470
 941109
 399329
 389050
 303617
 814395
 532762
 414903
 609672
 606489
 249899
 944145
 876581
 708367
 817752
 793008
 842782
 157970
 652494
 465989
 538724
 786442
 244853
 833197
 950680
 662160
 732937
 574138
 467052
 467879
 177276
 145009
 96491
 471378
 86495
 912490
 844515
 372717
 990694
 712566
 366037
 353232
 272891
 283658
 219373
 645150
 508850
 184382
 712501
 411353
 593169
 524694
 5914
 398276
 912713
 989136
 222009
 939095
 805840
 739051
 942082
 203843
 925480
 214529
 331250
 868686
 515809
 965902
 904440
 245577
 240185
 898250
 592711
 168308
 2992
 556184
 714555
 233457
 751451
 22205
 264787
 808560
 377700
 936406
 855636
 547528
 329917
 49012
 856850
 376528
 429988
 402277
 246111
 671256
 579502
 800418
 626038
 762236
 92315
 131199
 946924
 478742
 840628
 648484
 704402
 497224
 201928
 523475
 139640
 206417
 566748
 506564
 616970
 320438
 728306
 825503
 393811
 855514
 995506
 209550
 190341
 780102
 503311
 67526
 972346
 973141
 828517
 366958
 623329
 982539
 391300
 6246
 634523
 255213
 851242
 644372
 367699
 184253
 258958
 127842
 985754
 29911
 346073
 545886
 902047
 39869
 675018
 674386
 884418
 748993
 635585
 311726
 90865
 741316
 79093
 781752
 193516
 886952
 993523
 460296
 526640
 545659
 393743
 68729
 49911
 441801
 603423
 1631
 521367
 95762
 930405
 771707
 466816
 615415
 637188
 485661
 667805
 622758
 204839
 757634
 534273
 147332
 141685
 132732
 446823
 609661
 478340
 588273
 714285
 997349
 308026
 177474
 5205
 954275
 308724
 634666
 535894
 91764
 775765
 861431
 291877
 169369
 744749
 1864
 5062
 791111
 9942
 379088
 829556
 808726
 154504
 379803
 845494
 177047
 730347
 993122
 427273
 362595
 827158
 111997
 592288
 987058
 522419
 147138
 13116
 821948
 922330
 449169
 219114
 596240
 161616
 853169
 434894
 942793
 122342
 549648
 321780
 300278
 567879
 478150
 371074
 22532
 463742
 233625
 206967
 406770
 941376
 422323
 380924
 985559
 789560
 54475
 41394
 525551
 537432
 504918
 137382
 822520
 213875
 250000
 290210
 543080
 271442
 552713
 601471
 787661
 586597
 65605
 397020
 540196
 558171
 484432
 191844
 999918
 630004
 816339
 239115
 985920
 705812
 977077
 677389
 765411
 331235
 649978
 552853
 790847
 68748
 72894
 975615
 962188
 982395
 327845
 969984
 847004
 870829
 555691
 488510
 54879
 183673
 491390
 325553
 574724
 588111
 702291
 770513
 685463
 607882
 359232
 84764
 96617
 890960
 783935
 547672
 80778
 137147
 818181
 712761
 691943
 99118
 133128
 257324
 107784
 318771
 854362
 291661
 424067
 858482
 679688
 872523
 386525
 583142
 592638
 651932
 115140
 137176
 707572
 572066
 337556
 177541
 663746
 633502
 107763
 25827
 774825
 841402
 12808
 939657
 185229
 259336
 160935
 494657
 990198
 963823
 360836
 233604
 551858
 766240
 638091
 316056
 862220
 360288
 168484
 310933
 754567
 815587
 752293
 866654
 784502
 80943
 411410
 730719
 966967
 34755
 882635
 240680
 882780
 352777
 772007
 720036
 731328
 726368
 816509
 45325
 304672
 52924
 873634
 822381
 247324
 193727
 377952
 532830
 618313
 993508
 625580
 171684
 508972
 678068
 445556
 11345
 71938
 322923
 965942
 428438
 740163
 983122
 362713
 17729
 303824
 979701
 197128
 913685
 61193
 253359
 332122
 812628
 922712
 658876
 579878
 466844
 531261
 684206
 364145
 622444
 211859
 866328
 579394
 839570
 941861
 919363
 529372
 869192
 872230
 972179
 3993
 811018
 47431
 195472
 880119
 866813
 778689
 607117
 686491
 490078
 440031
 179972
 23799
 659827
 722572
 569116
 425995
 100472
 390374
 17389
 659216
 870305
 190818
 441638
 200725
 517365
 621621
 837209
 789125
 593697
 625256
 369344
 914161
 818301
 859237
 796911
 928651
 346362
 954668
 331575
 19917
 985545
 12495
 264951
 623421
 472859
 746633
 814727
 532199
 547292
 180350
 493894
 782693
 766906
 159644
 163042
 759537
 636062
 914256
 508808
 137184
 953453
 718690
 682663
 552529
 58848
 563704
 341753
 167424
 930131
 874257
 829169
 267944
 446366
 662474
 171733
 49844
 927673
 930938
 522497
 678185
 364824
 819999
 300262
 886807
 582070
 316938
 619297
 151177
 425409
 645210
 828651
 75265
 246322
 801470
 623883
 299355
 460207
 107506
 299595
 309555
 979503
 892756
 362189
 339841
 604784
 635780
 419354
 440880
 32569
 497658
 731354
 138400
 391011
 847499
 828998
 805524
 542448
 706330
 640302
 871252
 21659
 348532
 484060
 954009
 605868
 362499
 864347
 905170
 120893
 904437
 446518
 887514
 758112
 516304
 802850
 679339
 464599
 495586
 937033
 868520
 754915
 791977
 287889
 746781
 931277
 559532
 472856
 171473
 487481
 417427
 800706
 733136
 521503
 929701
 744633
 187393
 127999
 479965
 409817
 211660
 456618
 998384
 753702
 922278
 440654
 809766
 330973
 54533
 796030
 501479
 628530
 884164
 939759
 47174
 40705
 805185
 450431
 648418
 617256
 723156
 418430
 606615
 861487
 944817
 445865
 61738
 165753
 927215
 239543
 154409
 632091
 197743
 295090
 356730
 156880
 501736
 897175
 841832
 192474
 469076
 323
 540500
 883681
 911160
 638297
 563832
 496038
 33648
 88639
 161406
 986367
 494630
 178962
 530505
 217008
 268905
 253126
 862805
 188094
 701191
 309263
 500703
 513574
 224265
 533833
 763976
 207650
 469907
 842535
 283045
 636087
 574846
 863176
 936743
 643216
 90446
 28987
 743396
 624268
 847392
 774202
 301735
 182156
 138291
 911133
 349428
 727141
 573
 520787
 306427
 356107
 315598
 938618
 681437
 668901
 468139
 427921
 725432
 962457
 803311
 934045
 65664
 984623
 788717
 458837
 689157
 804301
 54514
 563687
 526461
 537492
 783842
 468284
 61540
 274764
 547969
 76317
 757575
 596669
 417048
 559880
 548547
 912459
 96790
 939684
 511916
 452768
 745451
 646981
 226146
 317218
 718148
 900548
 463656
 468103
 227220
 285714
 182454
 514114
 196304
 949401
 494581
 326070
 296486
 623424
 42907
 459290
 50453
 596040
 382135
 623030
 55087
 552102
 517280
 904660
 731290
 703304
 143140
 985693
 261210
 821007
 823621
 603896
 279278
 580310
 229263
 944244
 380632
 425203
 196870
 87248
 606749
 31899
 850259
 536347
 832809
 921677
 272281
 716372
 685867
 711101
 557357
 62500
 888490
 473293
 430809
 646835
 666151
 412143
 807321
 738616
 994682
 101157
 962036
 706112
 36962
 223658
 63122
 433047
 237731
 750979
 921746
 673331
 937345
 509418
 313513
 455103
 926590
 652493
 184598
 612275
 921115
 4623
 565
 118553
 377728
 323893
 185313
 899776
 465801
 719387
 196739
 578235
 371352
 990788
 603750
 133984
 470764
 249098
 397092
 496431
 984340
 252913
 64637
 707866
 574964
 767765
 841789
 636269
 870403
 330230
 207594
 7456
 546879
 761739
 823076
 842970
 442780
 255178
 267217
 395499
 556543
 47536
 689980
 502062
 38074
 156192
 922317
 356321
 754539
 155251
 146604
 65292
 975910
 771621
 59463
 332696
 558219
 933583
 375683
 268568
 955914
 938424
 778938
 91257
 859230
 497704
 456585
 637765
 986009
 981785
 374870
 25244
 514246
 727272
 60464
 571650
 992509
 388460
 298751
 787652
 781113
 44069
 356240
 39467
 277911
 968306
 711362
 575511
 77599
 672973
 228860
 642535
 625566
 515002
 917851
 625005
 186264
 571697
 624714
 365165
 198610
 955281
 414201
 458123
 4956
 114746
 488836
 59665
 797749
 752135
 725803
 774296
 627784
 671683
 250456
 926062
 897145
 739504
 78490
 306829
 971191
 248394
 158150
 222045
 830444
 26123
 883055
 877328
 587023
 965887
 766395
 765999
 283631
 698800
 973354
 223957
 150393
 780108
 590818
 904953
 745240
 335562
 814063
 334475
 457797
 434856
 175182
 61122
 14194
 449055
 271237
 60349
 471930
 367528
 848562
 134802
 443477
 90909
 328034
 605703
 690982
 362139
 661900
 612145
 391603
 900015
 775218
 717584
 161849
 877786
 848117
 43268
 645721
 626026
 97889
 682763
 189185
 842168
 490639
 989037
 251042
 390042
 32360
 589093
 97141
 289352
 40031
 592889
 178019
 721376
 948717
 317505
 865063
 459587
 26416
 7411
 345027
 964564
 879818
 542826
 142813
 140336
 547029
 431606
 588380
 690706
 177724
 847536
 944700
 226207
 479503
 984293
 701913
 546768
 489662
 825242
 444183
 757748
 752953
 796350
 184365
 949494
 511024
 49146
 371696
 873968
 77398
 609649
 729404
 982558
 616497
 183427
 962031
 994456
 561251
 955695
 656771
 777509
 457080
 9689
 19062
 814214
 249058
 950862
 863923
 333333
 355851
 563557
 522178
 133759
 201020
 817872
 75751
 549563
 47376
 604949
 692301
 661284
 905474
 986099
 755167
 205418
 939676
 114934
 94750
 17666
 607401
 436538
 90145
 743641
 984617
 7450
 778743
 200203
 624254
 138702
 303614
 432786
 941992
 284864
 838834
 152590
 651141
 511007
 29180
 761764
 368195
 245379
 922951
 703617
 479129
 732799
 528036
 585316
 832092
 206146
 679909
 517844
 364127
 751621
 607612
 339568
 479067
 490466
 449733
 918716
 10773
 121810
 935229
 626533
 335362
 651685
 33413
 61809
 641598
 468661
 266983
 57031
 629704
 951178
 374263
 351715
 226733
 365187
 201430
 521889
 837696
 183031
 756863
 193712
 83741
 663117
 208932
 547971
 655016
 207222
 307571
 877181
 32913
 968590
 955861
 702552
 814675
 908624
 213746
 764830
 719738
 60389
 704125
 851616
 563355
 879518
 885837
 843766
 746450
 876622
 873573
 841976
 39119
 189358
 61500
 634216
 670820
 715953
 353128
 490917
 944989
 71074
 319635
 877417
 25505
 804920
 862158
 149547
 223643
 819723
 68376
 920455
 470402
 784124
 491143
 920624
 830754
 333113
 542127
 116885
 2473
 442088
 971535
 538845
 194882
 477705
 481092
 684319
 369061
 275608
 560527
 956085
 153496
 334990
 492093
 954260
 435154
 775840
 821644
 294516
 28790
 422861
 300644
 219646
 309196
 76687
 586155
 292589
 361528
 400678
 14487
 761553
 556194
 434503
 467181
 452544
 697689
 970243
 897792
 839554
 213890
 393607
 332606
 919435
 586127
 426888
 889129
 971141
 973487
 231350
 918513
 926185
 335877
 456510
 612002
 930079
 973750
 642878
 929150
 901051
 153331
 589810
 673188
 130221
 950262
 182051
 189760
 69725
 295641
 592750
 728459
 451805
 590611
 935771
 296242
 917505
 256168
 667668
 284124
 154869
 799696
 853372
 533705
 454562
 277304
 149886
 574329
 290709
 55555
 649186
 360765
 862040
 924571
 653862
 782004
 972531
 70902
 635441
 325676
 68684
 173584
 207096
 27507
 854243
 863237
 34231
 523719
 104812
 617580
 67812
 247191
 565664
 973554
 97893
 604309
 406844
 849920
 81657
 311371
 326472
 975700
 44154
 275415
 108999
 34298
 444168
 650994
 207153
 938897
 614282
 793670
 508210
 571110
 398735
 370672
 430335
 794938
 69371
 702453
 815043
 562402
 59543
 479948
 126839
 481809
 360032
 326085
 609203
 495659
 396242
 149165
 927605
 331097
 559593
 121293
 259444
 838798
 792822
 332949
 16327
 830000
 181044
 202504
 232108
 795970
 464414
 238447
 97913
 867988
 631067
 171507
 74504
 812937
 445546
 722299
 557858
 427964
 732360
 30711
 563383
 125890
 8034
 361610
 367579
 394998
 542135
 703389
 154713
 5110
 882730
 608941
 352223
 812214
 167527
 327757
 277629
 896119
 574450
 4416
 551366
 610903
 380894
 872574
 239345
 532725
 674362
 320217
 718830
 753443
 756446
 304309
 611377
 920
 200639
 337338
 862849
 133451
 510819
 353768
 271559
 655391
 684649
 970121
 145902
 98314
 398588
 537815
 544422
 283582
 482252
 564011
 847839
 599826
 601897
 242196
 377628
 942828
 252828
 358762
 462824
 454449
 175770
 733419
 566357
 87974
 23137
 340240
 120853
 816901
 286852
 669470
 376290
 164113
 320663
 314534
 788571
 149852
 429333
 371087
 566549
 789530
 842860
 687782
 386388
 984341
 25599
 304037
 609450
 99721
 605353
 339667
 701538
 148397
 716825
 706807
 314759
 355711
 191512
 552286
 738403
 500605
 928615
 48816
 597320
 205827
 538730
 511323
 369632
 571045
 153310
 256297
 893905
 174283
 13794
 306698
 610259
 728810
 279887
 171132
 992732
 413735
 39435
 21097
 856540
 707824
 751307
 13565
 888888
 66383
 296582
 960353
 369481
 433493
 543467
 679999
 911128
 486524
 957727
 317973
 47244
 228313
 618901
 829832
 198071
 514834
 368724
 758893
 285422
 631628
 609633
 646473
 762949
 581395
 208700
 189223
 77223
 562808
 796501
 55343
 524205
 655654
 294869
 223590
 553672
 637677
 617725
 111061
 550351
 4010
 213680
 730429
 439306
 225071
 163268
 890042
 773060
 505711
 213596
 735932
 612677
 26017
 478123
 551724
 293555
 162740
 925018
 613861
 44682
 214786
 366856
 677803
 340782
 854084
 902967
 607575
 422773
 743831
 595368
 179771
 968088
 58387
 124916
 241659
 246558
 929503
 388440
 693437
 523511
 436498
 537933
 806106
 306456
 240341
 37714
 720461
 753744
 410901
 538548
 629113
 733092
 311144
 806008
 156095
 699267
 181099
 793888
 940754
 871241
 247266
 5594
 275977
 827507
 152975
 234928
 419636
 872135
 993024
 306017
 254370
 648709
 968589
 750816
 674415
 417628
 101513
 596675
 29216
 265632
 304857
 458888
 876747
 882235
 655141
 420780
 115871
 432900
 534299
 737042
 30769
 976507
 238425
 316405
 691581
 606346
 434405
 186602
 304495
 24536
 833685
 415075
 811512
 794599
 33181
 293486
 222087
 127453
 462102
 717383
 602046
 654353
 901615
 790568
 704546
 588180
 170122
 368097
 946769
 372424
 909116
 171122
 993752
 94035
 709257
 814919
 243312
 899755
 582869
 511930
 526682
 498126
 802775
 106060
 604200
 394692
 13345
 240147
 373356
 633157
 937362
 247344
 37344
 519432
 959915
 20090
 76004
 997395
 58823
 478019
 615050
 674519
 21183
 301364
 272410
 429201
 594970
 562042
 488217
 635387
 159231
 921646
 72827
 272010
 225289
 579198
 325041
 6319
 478048
 905525
 452997
 852462
 865506
 138642
 423989
 884725
 156419
 494216
 25675
 747774
 391737
 562995
 579873
 988031
 165570
 281756
 360646
 355468
 239874
 142857
 928354
 231678
 354509
 38339
 191198
 746533
 612363
 907742
 868487
 554768
 268735
 469867
 489204
 943238
 246535
 33707
 338473
 605716
 711919
 54639
 254507
 729707
 994517
 681449
 408226
 148741
 195297
 660496
 973869
 252262
 668750
 100346
 913463
 506464
 725744
 497255
 44631
 183535
 56285
 619276
 9708
 873275
 702459
 742538
 284671
 735842
 131618
 124705
 754516
 548266
 306147
 788481
 815489
 730769
 60779
 820449
 27208
 368700
 384823
 587786
 318312
 526305
 853631
 309201
 309120
 858796
 642640
 320262
 636193
 523971
 226988
 769780
 648088
 632777
 569563
 852735
 477405
 246215
 132193
 753312
 97103
 505585
 344998
 898216
 663709
 167197
 515007
 440848
 52943
 447991
 990350
 282903
 19458
 842263
 434846
 356355
 152104
 753098
 780234
 117815
 211517
 218878
 523125
 90757
 162262
 595370
 676090
 506627
 777260
 546741
 49405
 867030
 970590
 565733
 941181
 384767
 195521
 175154
 179433
 898382
 387586
 946357
 213069
 899942
 226156
 601605
 735485
 939727
 644265
 885682
 995948
 750247
 187063
 696923
 143280
 240611
 312548
 564890
 80763
 735241
 698711
 319768
 139126
 795832
 109772
 473615
 595197
 284485
 264550
 128132
 99824
 37055
 482789
 642378
 417522
 117483
 900335
 361905
 338252
 795798
 648854
 241881
 682969
 765770
 803722
 640874
 570486
 913689
 832963
 902038
 822016
 8829
 225468
 756998
 82184
 321299
 98712
 830976
 346071
 366336
 627060
 640730
 850793
 968788
 387339
 786673
 519117
 832690
 444555
 729537
 618750
 694996
 400302
 734015
 483455
 817989
 797919
 258730
 121274
 763880
 439009
 228786
 24271
 38806
 915974
 784210
 257694
 948959
 972080
 454574
 592972
 312280
 899803
 368163
 71880
 768623
 119690
 55609
 944877
 446307
 235668
 468925
 488740
 783872
 766205
 984945
 706166
 687538
 507163
 37110
 834926
 700107
 194112
 915932
 339615
 828649
 712315
 411913
 370018
 48603
 180654
 391304
 624694
 583174
 658774
 907378
 277983
 480817
 92912
 441558
 200419
 672686
 736195
 867352
 674867
 581312
 340055
 674463
 436652
 976151
 244123
 904878
 853594
 38428
 64220
 554099
 134354
 664484
 144817
 601352
 691046
 54527
 635918
 217689
 459856
 13215
 170731
 250770
 501735
 908378
 993282
 507423
 528558
 340883
 509381
 546260
 937098
 389727
 580338
 685207
 465733
 814415
 471644
 975043
 277377
 544463
 290672
 62106
 874593
 834684
 575401
 20527
 234331
 141208
 871375
 775865
 679224
 267150
 801480
 335274
 542915
 923363
 646892
 626539
 443752
 870894
 354204
 294157
 16140
 988300
 775931
 283529
 268520
 617545
 760452
 856148
 302956
 892241
 262967
 741568
 463465
 660896
 782222
 75833
 566992
 749732
 752642
 94660
 673348
 100955
 384383
 997384
 184886
 720099
 81928
 836962
 534562
 43546
 509822
 839468
 191668
 198058
 120735
 40108
 379757
 470501
 87787
 378855
 702445
 577889
 148714
 552263
 894442
 337679
 401626
 115267
 53836
 614361
 686276
 44722
 205372
 877984
 313368
 229025
 552483
 926542
 609047
 78043
 148263
 750218
 297698
 337148
 364294
 258715
 368220
 496931
 917050
 963796
 26774
 427438
 547364
 891707
 141414
 142943
 196949
 383521
 622544
 329095
 981634
 255461
 755301
 138339
 380097
 388892
 154999
 795551
 892075
 218463
 183114
 909318
 189119
 580955
 874918
 980687
 355866
 85936
 349911
 171883
 76826
 445292
 165689
 988783
 626274
 760731
 727215
 240970
 862842
 208353
 463509
 678577
 496789
 186113
 681120
 175972
 3881
 504347
 431715
 779527
 305274
 295442
 925735
 20989
 66898
 627278
 986721
 260670
 475084
 597590
 171870
 401206
 959537
 678218
 731939
 76010
 308441
 618631
 546635
 792786
 935313
 548106
 795668
 432648
 285897
 586776
 491622
 364781
 154746
 980342
 663278
 720430
 324137
 586022
 90719
 810291
 821846
 825191
 674169
 447880
 397051
 40918
 666123
 386398
 310469
 561093
 141429
 447548
 690379
 852040
 66862
 920992
 545347
 348330
 670502
 638627
 702108
 507031
 95515
 365256
 897037
 953718
 734513
 684560
 114603
 738191
 773680
 853036
 380425
 286211
 60014
 153750
 221228
 699145
 847249
 66817
 703914
 53807
 858695
 522157
 841738
 609922
 830100
 167130
 898403
 213905
 244113
 661766
 50847
 151939
 934539
 371618
 93855
 245
 46723
 73604
 302747
 78470
 132171
 442547
 241574
 220088
 798999
 663078
 341450
 430214
 866526
 854378
 708099
 761137
 472795
 819628
 777777
 491162
 716843
 198493
 696869
 659031
 610468
 921963
 505889
 579831
 644766
 76178
 943452
 47062
 992414
 841532
 259679
 848008
 217861
 722102
 312788
 617847
 850190
 287198
 341212
 627397
 775511
 471348
 123911
 216506
 25927
 351589
 871424
 46059
 937437
 206008
 542282
 907988
 960056
 716457
 584742
 894275
 767966
 829080
 899975
 946590
 816895
 896571
 86705
 228981
 347436
 827004
 390987
 485192
 77739
 778195
 744686
 284057
 888253
 849401
 337306
 905981
 369761
 400966
 415450
 454249
 320297
 386840
 337343
 928243
 212588
 62491
 929351
 85550
 816990
 602170
 374853
 868638
 712504
 301792
 296824
 77087
 744168
 958993
 304229
 413954
 98288
 26650
 891509
 289349
 257577
 23993
 171919
 203040
 2716
 547506
 990281
 394449
 985010
 331957
 42209
 276098
 424193
 618872
 48548
 924446
 706498
 364320
 334827
 228864
 640438
 728572
 959710
 816513
 198507
 329267
 91181
 359615
 994400
 692451
 453791
 259745
 389822
 550808
 959162
 855627
 603762
 855272
 578947
 179126
 508424
 253676
 464541
 163050
 116282
 465023
 424279
 331674
 833918
 676029
 636387
 875219
 662340
 901098
 947495
 501057
 764018
 126855
 313294
 198524
 641390
 843024
 891029
 814655
 645674
 955045
 157540
 224469
 354948
 100558
 659893
 800120
 10445
 508025
 450676
 837602
 339388
 541676
 80376
 166107
 671081
 609638
 414822
 658439
 189639
 450665
 423595
 176001
 451823
 152103
 376000
 943566
 986192
 654948
 115000
 505667
 850636
 449936
 3735
 29345
 218268
 361410
 223505
 836810
 134760
 942065
 26607
 488495
 981651
 9150
 980135
 61488
 930461
 985535
 759539
 79145
 259408
 201261
 611399
 430769
 915671
 263180
 40268
 394578
 496498
 705641
 920844
 454506
 825658
 785379
 879330
 587368
 221094
 276026
 478362
 521815
 863247
 51440
 908810
 873870
 122417
 802168
 551080
 815156
 245692
 850482
 421359
 76493
 928589
 570466
 642084
 20452
 209040
 128639
 722264
 687722
 200000
 345177
 339931
 475022
 832983
 479999
 859318
 45457
 903851
 664540
 205865
 190232
 766631
 562339
 717149
 140866
 377529
 814736
 740040
 269788
 957207
 701776
 305854
 229609
 671399
 125173
 803751
 756301
 917287
 54337
 148413
 741674
 214285
 310536
 164494
 226446
 881031
 464085
 438777
 704531
 261227
 471396
 640636
 917330
 230729
 641291
 170618
 145548
 540124
 146603
 774870
 96452
 472868
 430745
 47005
 927056
 157113
 66965
 94638
 811112
 545023
 315684
 39146
 832787
 517480
 527105
 793450
 826567
 550483
 848178
 737484
 14090
 584467
 461666
 206128
 722958
 583157
 805581
 364893
 893572
 482758
 139341
 691700
 521468
 913621
 708576
 813290
 785829
 207540
 583754
 95708
 172834
 824754
 637273
 255726
 991423
 694732
 891388
 552769
 465368
 420979
 933380
 109905
 530558
 90309
 117331
 240158
 234258
 419038
 49185
 87436
 949253
 28410
 982457
 412679
 56486
 506615
 953664
 214250
 54981
 75036
 626209
 877865
 260205
 85782
 397372
 883652
 682978
 113309
 492899
 758600
 983398
 965688
 182102
 480662
 639875
 238395
 785415
 851485
 844961
 21316
 166438
 831437
 503378
 371728
 594662
 765037
 935650
 349457
 864213
 617492
 371818
 582192
 32185
 968297
 303266
 696883
 114117
 136483
 482326
 375558
 61907
 51016
 525856
 731929
 48165
 413968
 61594
 131378
 924189
 221811
 98536
 197034
 588589
 670250
 558369
 999592
 929971
 981724
 271697
 352253
 142188
 563492
 608568
 297796
 570474
 467030
 55353
 226996
 931404
 469064
 236390
 689400
 884604
 219567
 724810
 959861
 745603
 242146
 573556
 112887
 519783
 42006
 149822
 404614
 408125
 836689
 847061
 206098
 740704
 21729
 762253
 218258
 271334
 763112
 67668
 621531
 966723
 70843
 609608
 543267
 945487
 372040
 264098
 294404
 838782
 816487
 26063
 166425
 977334
 118066
 915231
 622641
 252098
 808835
 258444
 52125
 505281
 959976
 118505
 23865
 30651
 142436
 693973
 414440
 350289
 284361
 336771
 653767
 29141
 261247
 410656
 419041
 511831
 128141
 353357
 850640
 649621
 788623
 594451
 341576
 67848
 324518
 336542
 431924
 485682
 401391
 723240
 278669
 600408
 220316
 185811
 305576
 608108
 765269
 5871
 280188
 899159
 507851
 593773
 506091
 127343
 19708
 724142
 22050
 736637
 84462
 767595
 160853
 155085
 958169
 685193
 979166
 919284
 679192
 380471
 506858
 648612
 835688
 124406
 564302
 172978
 310625
 721611
 182072
 560204
 459353
 408406
 11119
 768689
 502544
 841183
 924973
 34640
 126832
 15071
 883487
 737744
 258434
 846800
 370075
 30573
 973208
 396846
 610862
 966352
 903674
 453835
 942355
 682539
 797162
 368477
 435081
 422645
 345897
 926345
 49630
 925198
 900181
 579055
 173820
 146407
 65737
 773183
 844759
 978494
 735388
 386156
 170441
 284008
 909090
 663866
 298616
 30724
 224154
 63168
 582290
 518887
 258990
 135001
 106620
 416678
 913302
 436347
 859758
 131748
 778167
 336954
 617449
 400885
 24297
 675192
 913005
 2820
 791365
 450388
 220200
 604322
 731097
 782662
 456044
 55410
 468399
 36988
 627586
 128662
 874418
 162475
 274911
 96515
 148466
 719626
 528025
 790877
 831093
 133928
 979300
 503843
 349001
 405971
 860636
 558889
 222054
 565217
 592772
 272005
 937006
 602958
 653888
 927945
 327703
 362598
 141030
 863292
 680920
 727732
 842563
 327698
 74771
 569060
 185899
 633786
 672647
 930763
 838204
 208153
 485764
 117178
 34471
 170345
 206130
 181584
 145322
 381527
 712776
 932597
 310261
 396662
 761097
 456140
 902725
 146788
 3906
 706788
 603998
 610202
 107919
 231665
 228491
 189711
 698232
 971631
 111541
 545787
 600118
 730551
 868528
 468036
 28547
 976822
 645573
 82694
 755499
 557219
 171644
 553083
 987356
 698100
 166251
 135902
 451653
 679531
 935155
 927836
 816349
 940740
 700394
 171094
 189249
 57728
 316526
 232808
 26853
 892495
 838452
 400376
 504753
 426352
 703108
 721371
 39704
 951129
 599243
 302730
 370426
 90165
 257861
 279290
 45016
 166154
 214655
 959614
 745180
 862510
 227553
 352638
 294091
 787626
 966469
 648064
 720067
 816137
 826064
 852441
 727615
 29678
 660687
 549152
 893719
 475065
 425918
 293564
 622317
 596759
 769025
 938385
 577848
 968289
 427184
 329079
 391277
 904203
 622399
 409287
 735982
 424298
 142030
 430278
 174927
 615118
 623756
 624576
 402965
 500338
 721925
 840199
 503601
 262303
 491415
 186932
 568216
 7965
 319406
 51618
 507265
 660742
 357918
 102778
 639445
 536990
 562655
 660648
 462995
 890330
 504109
 964435
 188942
 30362
 348079
 371572
 843276
 513118
 262510
 845267
 201961
 817812
 548029
 430303
 381601
 593177
 187783
 632866
 30499
 952775
 378676
 796187
 179022
 95681
 975649
 853170
 345236
 423017
 238220
 879527
 780790
 98634
 425383
 344346
 880292
 338062
 350093
 873977
 565326
 430592
 454775
 155738
 493539
 668796
 232797
 473113
 483564
 569413
 360390
 983466
 227988
 995807
 437835
 426525
 889836
 866815
 752928
 5386
 291863
 177922
 986374
 116852
 785243
 436671
 19837
 261991
 749841
 43489
 284368
 618164
 34810
 965538
 924956
 996360
 924271
 85427
 754514
 711926
 18823
 678958
 438279
 307062
 739763
 841955
 705107
 664157
 745843
 41625
 948668
 632950
 183007
 421001
 459646
 582398
 345624
 816801
 170456
 588774
 754549
 669014
 216207
 645460
 407652
 578135
 688509
 21819
 249911
 530901
 268570
 16367
 80113
 956245
 491696
 481112
 237167
 867976
 724439
 564068
 819307
 795221
 229061
 756589
 534186
 664311
 51147
 273595
 752812
 331616
 872410
 957399
 76788
 19976
 413840
 324008
 438573
 495007
 595157
 611269
 872908
 120052
 614512
 294063
 25591
 665761
 69491
 919007
 969595
 495992
 636947
 310588
 905100
 540781
 539604
 768602
 176230
 682079
 164235
 269580
 150747
 474617
 612590
 150779
 975901
 865484
 32921
 681260
 502567
 266388
 760892
 302238
 502876
 965003
 24938
 247016
 118003
 101659
 637292
 233663
 106269
 847462
 405904
 846640
 349143
 295060
 965315
 783132
 232586
 350225
 808007
 232445
 361895
 736803
 326078
 706666
 213646
 993806
 106298
 152766
 960662
 825327
 16878
 602139
 487961
 536764
 785731
 925896
 441679
 92117
 437639
 637297
 768826
 422009
 873846
 422091
 751122
 832431
 843817
 443808
 985352
 399125
 600381
 504174
 221958
 420452
 420240
 584436
 180327
 550596
 576445
 790419
 222334
 135617
 290373
 961325
 96705
 834280
 875676
 199312
 640124
 194444
 341197
 362388
 911504
 399999
 890040
 807108
 997419
 386618
 183754
 338728
 205104
 787785
 351609
 586938
 221256
 462278
 251641
 815685
 840884
 985776
 49696
 282554
 261025
 526826
 891931
 154687
 152037
 306210
 682164
 380029
 747182
 516027
 476454
 577331
 292682
 150126
 341477
 413326
 230107
 858223
 136288
 737100
 603203
 544368
 669299
 533468
 412199
 427735
 432271
 339226
 657919
 757926
 987780
 906584
 94995
 106002
 604677
 918043
 338405
 335378
 217588
 489722
 789413
 54441
 238554
 217142
 153059
 426790
 109123
 169265
 462709
 379552
 549617
 451612
 933933
 618034
 379538
 127996
 688153
 592956
 213576
 592673
 762218
 664586
 270144
 253740
 861266
 801215
 496294
 690400
 542629
 157011
 24756
 352033
 316098
 780771
 697440
 322342
 91804
 904732
 390668
 410482
 608787
 31662
 134687
 86639
 704420
 718052
 66478
 511326
 727239
 504247
 110456
 818982
 314172
 929668
 20141
 728449
 431724
 230319
 189303
 864163
 898007
 548391
 168960
 563163
 466933
 260985
 78459
 242307
 279661
 75785
 124139
 363493
 157313
 364859
 675420
 697776
 534515
 49572
 619222
 712328
 917940
 651881
 972536
 686736
 850164
 197938
 913557
 904862
 608503
 998703
 340241
 667090
 925318
 618344
 456551
 491887
 147983
 62992
 607999
 671449
 663725
 463647
 948264
 521016
 445680
 807371
 494599
 260434
 882717
 594872
 413873
 79022
 524334
 787305
 425758
 86956
 214010
 445075
 778705
 377317
 668455
 654808
 799054
 976833
 406224
 22908
 776369
 860474
 212425
 239057
 824139
 877707
 629112
 303960
 972089
 490315
 238698
 141671
 993001
 478049
 426297
 75229
 595926
 993427
 253807
 13061
 173586
 528556
 73123
 365959
 139367
 622846
 675786
 730489
 822105
 932810
 441469
 925780
 763317
 709071
 44284
 390909
 920712
 653076
 232380
 234946
 788819
 274132
 9219
 945181
 721090
 927499
 162649
 461994
 573287
 586305
 732134
 83029
 603098
 745310
 582714
 482033
 76617
 64950
 629519
 105550
 639729
 957141
 726677
 205708
 176587
 774697
 465772
 839267
 161116
 935972
 169264
 651981
 908426
 403486
 94380
 950886
 270879
 810810
 62594
 668554
 27645
 21381
 150692
 591159
 975272
 897053
 97571
 405752
 943904
 123227
 991350
 62135
 260657
 904621
 987010
 344160
 69674
 367775
 794062
 186475
 200400
 493981
 277879
 543915
 229935
 406058
 831255
 263437
 959527
 671924
 207493
 606947
 942343
 877735
 252037
 446557
 677171
 42634
 96378
 20783
 569975
 916790
 386161
 928301
 937233
 410914
 215695
 481318
 355768
 836449
 942249
 401302
 460976
 407032
 894951
 863604
 859190
 926493
 904122
 218344
 790856
 417218
 536208
 103437
 148121
 566712
 42875
 978299
 409141
 32153
 878915
 557708
 565644
 999022
 574568
 330713
 601771
 447390
 853438
 619443
 373979
 508530
 927629
 204586
 895401
 567592
 593667
 464871
 649555
 998078
 97681
 751166
 627257
 80782
 470556
 544864
 542034
 659154
 949733
 980479
 177640
 203931
 382322
 673300
 685888
 85581
 390961
 318695
 121039
 250896
 544295
 940555
 304280
 655543
 824916
 477518
 950474
 417700
 671570
 669216
 253258
 784767
 841765
 643779
 900399
 394463
 17705
 23012
 495757
 945817
 844163
 979162
 901381
 314734
 582504
 646592
 545039
 341907
 656833
 899645
 46692
 401863
 823434
 624783
 561668
 166948
 414191
 993188
 565397
 551141
 880784
 661528
 452599
 984872
 213361
 327398
 437575
 278453
 962283
 722006
 601579
 637924
 104742
 912182
 888807
 653994
 100
 299003
 190867
 873198
 188020
 914819
 710047
 884514
 733132
 626052
 153552
 794326
 856094
 308789
 959485
 990969
 617088
 392065
 541696
 920915
 837579
 721518
 982280
 140625
 498755
 518630
 158478
 509631
 700993
 97371
 563875
 884293
 746640
 985952
 997580
 44840
 789624
 580137
 255116
 370467
 571386
 505727
 743086
 154771
 426049
 278126
 129009
 637831
 790019
 883269
 472485
 650428
 878584
 997885
 59661
 768390
 183307
 827947
 779376
 172659
 7649
 941701
 332493
 219313
 19974
 454833
 288535
 539150
 983279
 995962
 991652
 834379
 138813
 643990
 401823
 636046
 959296
 604149
 706492
 610852
 230744
 466473
 598354
 788266
 903027
 14027
 214995
 211930
 182406
 118076
 948554
 891758
 36866
 189353
 188055
 654365
 479122
 757556
 540488
 260929
 469736
 760438
 685732
 393552
 50255
 774193
 518593
 930723
 638612
 666767
 688969
 738340
 357937
 743917
 599392
 207670
 546085
 497557
 683922
 291357
 98202
 101330
 121599
 219610
 526763
 716083
 978562
 365644
 500039
 228149
 236980
 24105
 342503
 889975
 896358
 415538
 2795
 246430
 167841
 676678
 841669
 874974
 288796
 190581
 546862
 335312
 35889
 274806
 79365
 629487
 713063
 196228
 202190
 877077
 862726
 978639
 423725
 724210
 886511
 528654
 190265
 933338
 550600
 30766
 357556
 525623
 437958
 541439
 240295
 755537
 185971
 579328
 932145
 683642
 977872
 196442
 913513
 580401
 924574
 390980
 541047
 960458
 21777
 346733
 813960
 145676
 587122
 369682
 372013
 206300
 413351
 273367
 88050
 836304
 36450
 730215
 823660
 674381
 422015
 481310
 289320
 704746
 926683
 141518
 329896
 290048
 68997
 846245
 640324
 492894
 191169
 754048
 353312
 137965
 707703
 928283
 984520
 106601
 111320
 305754
 422681
 9351
 720860
 365771
 5302
 384118
 313062
 433362
 241473
 40292
 351176
 368774
 284153
 734693
 936983
 64426
 323639
 299212
 664854
 521743
 686972
 258090
 867123
 141538
 775916
 17340
 765967
 496712
 394369
 73218
 305857
 909413
 571521
 742444
 515340
 870753
 646812
 920007
 374759
 843270
 159798
 862788
 742238
 86688
 212061
 598647
 366555
 255369
 401872
 434229
 397941
 831718
 570781
 40123
 622207
 437363
 807229
 466956
 596396
 976227
 130398
 452497
 525819
 34746
 48194
 892112
 680886
 915616
 837632
 823668
 381247
 407766
 620058
 125500
 740287
 400067
 928519
 649826
 507790
 772164
 705376
 701246
 145173
 834339
 256852
 171803
 406761
 680473
 828097
 63501
 557026
 10525
 252441
 388769
 309256
 147537
 958329
 265244
 770140
 573168
 207039
 846516
 197317
 444149
 394975
 834141
 581171
 755333
 384891
 87791
 547587
 415976
 718646
 177833
 33862
 942940
 775826
 823074
 608595
 438356
 927683
 437734
 374565
 742391
 213246
 18871
 367191
 444670
 67105
 3376
 691251
 716716
 13864
 4582
 322860
 672103
 442910
 813688
 626378
 315789
 844361
 70701
 597151
 769366
 327592
 107725
 268716
 67389
 193362
 387
 718049
 53373
 500392
 83754
 763604
 272128
 36402
 398627
 22841
 331564
 93145
 384478
 844172
 758101
 156422
 351984
 755006
 483792
 801903
 451881
 893180
 485926
 575393
 711505
 920596
 199110
 692797
 628233
 555555
 934215
 931482
 940856
 370271
 748976
 656612
 859536
 546042
 446668
 271742
 490806
 786024
 275237
 793260
 492632
 477475
 860192
 617722
 292200
 274178
 856485
 441388
 728258
 559761
 316991
 14987
 906055
 175283
 461413
 889780
 753684
 823986
 370049
 882352
 10220
 46477
 109076
 179807
 281074
 298712
 609857
 864727
 742375
 220603
 291858
 595430
 642228
 889171
 21542
 292382
 719835
 653866
 493408
 521103
 97522
 91843
 745506
 392034
 462905
 327868
 808475
 503116
 635644
 121063
 796683
 237042
 229779
 443537
 179245
 687315
 640123
 660841
 504365
 456736
 56897
 624974
 426101
 636100
 124223
 600160
 980307
 169282
 736379
 1248
 766602
 688524
 620316
 340891
 788607
 585579
 328379
 379572
 486486
 433942
 698085
 138427
 636933
 629999
 336001
 395964
 214619
 631884
 179437
 173729
 23751
 502518
 347514
 554833
 220269
 176745
 715311
 213197
 439504
 71490
 812648
 669133
 721628
 11178
 38002
 407163
 723812
 173989
 739673
 515354
 860743
 739734
 99858
 636678
 257602
 594466
 970804
 99855
 450605
 937973
 398086
 334395
 948014
 587210
 339258
 652051
 814298
 274845
 893023
 769510
 928005
 177707
 307965
 78636
 882502
 289879
 116178
 773367
 605468
 16668
 552948
 852778
 947987
 673578
 608695
 623238
 211750
 823482
 75695
 734225
 449328
 803434
 55762
 685646
 272080
 742981
 486250
 7682
 781975
 520079
 652642
 254148
 498074
 341213
 511752
 612068
 101704
 539285
 158546
 138163
 483489
 885860
 739219
 210477
 238157
 861646
 686795
 59159
 413294
 685975
 725151
 907070
 826179
 569278
 542642
 568490
 740246
 364199
 102931
 357894
 911231
 31168
 194100
 539446
 934320
 117256
 522927
 398373
 678787
 693661
 907131
 557251
 965832
 563880
 809807
 905660
 867343
 968329
 109845
 743603
 451690
 325051
 844236
 907052
 689578
 866587
 887291
 691701
 382145
 435869
 334840
 406858
 498670
 702308
 6182
 680975
 38933
 19054
 407679
 693002
 861230
 359930
 9925
 863602
 666009
 704208
 136259
 87417
 792665
 651998
 362229
 610474
 916450
 341977
 74732
 384285
 936090
 554608
 317426
 709957
 962719
 149581
 626278
 508652
 688035
 734177
 188000
 694964
 634400
 489057
 225297
 503261
 297572
 68778
 401628
 454360
 384298
 192182
 192244
 205852
 458841
 753904
 379255
 563419
 751131
 233674
 991397
 683458
 487041
 585075
 257275
 429314
 987920
 167314
 391983
 47006
 874480
 617945
 511030
 685920
 586547
 385964
 66147
 190590
 358725
 337913
 130272
 686274
 332418
 196168
 877849
 114952
 730724
 299757
 464720
 946593
 379752
 543390
 531540
 818706
 194424
 920510
 576552
 644525
 476786
 214414
 408340
 235022
 594217
 239709
 301857
 660886
 529182
 485679
 156626
 481838
 707680
 658064
 445287
 700240
 601521
 444855
 896551
 505778
 420928
 452524
 489838
 913287
 246185
 834024
 305467
 84155
 956797
 959767
 719520
 766861
 705229
 216216
 628470
 387344
 699842
 103078
 516883
 549121
 312080
 191054
 763924
 877248
 195857
 792028
 780454
 913832
 809569
 254739
 37564
 139788
 7021
 428302
 365962
 996464
 946772
 358343
 604014
 832780
 188292
 377894
 970187
 966086
 544333
 868501
 54835
 895729
 335104
 22056
 511580
 224489
 183063
 963074
 348392
 484228
 729515
 365466
 434283
 890326
 928476
 555346
 478645
 341899
 355643
 696687
 821523
 741935
 605417
 96187
 926536
 559725
 107225
 929698
 515469
 278893
 107896
 178715
 895532
 250064
 222090
 187878
 238382
 972211
 676556
 475895
 715300
 981138
 294578
 504986
 348999
 541271
 743766
 114672
 4305
 754141
 510630
 700729
 892035
 518618
 569781
 950348
 226361
 389896
 132603
 133939
 561743
 701966
 475524
 645021
 151420
 842883
 922477
 305511
 721278
 539617
 378290
 974692
 22385
 367268
 239557
 193381
 817129
 715329
 474936
 165171
 111111
 905695
 295250
 202285
 449934
 589574
 998071
 297282
 989330
 345114
 401814
 147
 460108
 219310
 359174
 618636
 999542
 662440
 268412
 303564
 16277
 255670
 180057
 225750
 544527
 7476
 481051
 983211
 322613
 818848
 867956
 537552
 835009
 419014
 899031
 240802
 599351
 960104
 69834
 362526
 334193
 621942
 117981
 612571
 485178
 298554
 293669
 191966
 974667
 164282
 543190
 101908
 118253
 676028
 893231
 157769
 719881
 255870
 919222
 68033
 339879
 804871
 689954
 982677
 449948
 272727
 93324
 93500
 436369
 119465
 867170
 77372
 952894
 38367
 57344
 995624
 494274
 596069
 453900
 447216
 700815
 319373
 607686
 188841
 240651
 583950
 883392
 841619
 8799
 195871
 433034
 134515
 524535
 561925
 926050
 864035
 781921
 531951
 407904
 50648
 605754
 33819
 566920
 327607
 484146
 567033
 422217
 204330
 774550
 74818
 711293
 509685
 845175
 657257
 587945
 343134
 938650
 162900
 80006
 493090
 478782
 916232
 382668
 446795
 933147
 894925
 605461
 990419
 283179
 405682
 680418
 111253
 617196
 256360
 843088
 438931
 404911
 819782
 24644
 939211
 738950
 157134
 990596
 585640
 519851
 554755
 769509
 952318
 831586
 652408
 868625
 840049
 258596
 828571
 105842
 746917
 480096
 239999
 590794
 986578
 356310
 905253
 106361
 611634
 569620
 416729
 773550
 980297
 597513
 654456
 48109
 656065
 70975
 775852
 582117
 645419
 579311
 213256
 815112
 609230
 840128
 354625
 923255
 21876
 183414
 493367
 5042
 45267
 654503
 563760
 365996
 604464
 86517
 213966
 445542
 673622
 958987
 73628
 164456
 251732
 933160
 271691
 814774
 225829
 158667
 183082
 626102
 809491
 706546
 250605
 362318
 632531
 342688
 92651
 555371
 214962
 835908
 207641
 555117
 516717
 824746
 433388
 202677
 787616
 293331
 662777
 437200
 742886
 11516
 7852
 560912
 370868
 293261
 544119
 680158
 858361
 402122
 424124
 387851
 803382
 919152
 999460
 358287
 769475
 405822
 889004
 916532
 896370
 59226
 91507
 786270
 204633
 441264
 425567
 866373
 504331
 345656
 953067
 307630
 568557
 528082
 58214
 634948
 93944
 471491
 666851
 987092
 778059
 817325
 824982
 393543
 796810
 527808
 319987
 51305
 841570
 64439
 829015
 571669
 86153
 64617
 191110
 527704
 936813
 103657
 604533
 33990
 664994
 709505
 77362
 44351
 619217
 806607
 758669
 547398
 829324
 775680
 733003
 646315
 191795
 223300
 715771
 589225
 920919
 686844
 947661
 989888
 308474
 778427
 827867
 215674
 537493
 886246
 699232
 598261
 409708
 190141
 973892
 455711
 110017
 417873
 42016
 769829
 129077
 989561
 261408
 961329
 489858
 646144
 262171
 620227
 359135
 997765
 35419
 107949
 272251
 894618
 283590
 313083
 672316
 56779
 968479
 519779
 482293
 341137
 440246
 962279
 249149
 424648
 489315
 843779
 480685
 121932
 417018
 770706
 838929
 369412
 692009
 548911
 441033
 39676
 325899
 750643
 773771
 919999
 439723
 444975
 776688
 926603
 757184
 743608
 251020
 536368
 809430
 913919
 383615
 566517
 396866
 713073
 595375
 334934
 473868
 703827
 865960
 204313
 888925
 19605
 565597
 129764
 340540
 67131
 1786
 953079
 675574
 306491
 169368
 796620
 265307
 640012
 253314
 135287
 670995
 984735
 476323
 886912
 413915
 389288
 776177
 831708
 834968
 368393
 39774
 693306
 103811
 927179
 878110
 110736
 1989
 802909
 311663
 347190
 609515
 695304
 402126
 429048
 805111
 4414
 623931
 491781
 32454
 562148
 669571
 331983
 934960
 307525
 274426
 571744
 114346
 958910
 354942
 581139
 581890
 756082
 427013
 614457
 305444
 283386
 765274
 295219
 426514
 904240
 451564
 97847
 615475
 52910
 558440
 531411
 528641
 798878
 269396
 582887
 953494
 262798
 347053
 913200
 690524
 697530
 329075
 407813
 881874
 829226
 218479
 452503
 62354
 938246
 920508
 559841
 279265
 890729
 921742
 475505
 207759
 398925
 944954
 799935
 339324
 595055
 362445
 991116
 603438
 925666
 148608
 542890
 344932
 236453
 519837
 711409
 313265
 929007
 356244
 333815
 125582
 790887
 854356
 252304
 897959
 330505
 924143
 330488
 448648
 697253
 379989
 782330
 390793
 782810
 487838
 609756
 425945
 487969
 944438
 392299
 474644
 610972
 906680
 546333
 129047
 375289
 292706
 374429
 204031
 185190
 130178
 2129
 151615
 116099
 667692
 630012
 128503
 418994
 184539
 516129
 746844
 505041
 702386
 43089
 433451
 760030
 170253
 455045
 275671
 149488
 177439
 890597
 992653
 981825
 743130
 908588
 262750
 875449
 618506
 356505
 630614
 79541
 328898
 109498
 920903
 404295
 986842
 992581
 182771
 96692
 759507
 413853
 117706
 493513
 296561
 126686
 461900
 865444
 903446
 514054
 782773
 516876
 218697
 520033
 632627
 742290
 979329
 316581
 962906
 77515
 875769
 75098
 465430
 432068
 910476
 951552
 518483
 177396
 627929
 681318
 874765
 520483
 832167
 763942
 596983
 27576
 441964
 109677
 312500
 393316
 75375
 451728
 634340
 336864
 892786
 125675
 9723
 744911
 450856
 57592
 72787
 544596
 449812
 310440
 964991
 620310
 130148
 988023
 234053
 642857
 184653
 359765
 296427
 506600
 917242
 640540
 951867
 139165
 851705
 584158
 116911
 227132
 132611
 543318
 283916
 9855
 982721
 366373
 414289
 609040
 188328
 595837
 606252
 207804
 980854
 965517
 763180
 325400
 761515
 210033
 454794
 536313
 50414
 771043
 527627
 778833
 490848
 460205
 308139
 489151
 433333
 85850
 130577
 563591
 980832
 452279
 574305
 457327
 43966
 697736
 191495
 322267
 928052
 935041
 922145
 481576
 140933
 875560
 958766
 207919
 2437
 135053
 454302
 885261
 582998
 209678
 284573
 970448
 765
 578038
 119999
 762729
 869433
 570681
 639563
 865818
 897459
 39705
 217132
 853428
 422916
 283057
 188098
 388710
 32933
 833134
 566735
 867438
 552971
 518293
 301775
 426732
 854364
 537675
 853759
 36882
 973928
 148089
 139656
 313276
 469965
 194200
 923680
 11536
 676907
 859226
 728833
 396083
 681377
 846836
 596143
 18106
 724184
 55545
 311902
 846252
 263489
 736070
 623609
 675800
 649138
 54944
 993274
 487793
 857142
 436589
 378378
 158844
 226034
 749200
 790520
 781093
 150103
 267083
 289338
 776378
 381680
 455937
 603105
 102150
 59785
 650399
 315260
 939875
 98145
 664885
 867698
 299482
 652548
 490
 285808
 682878
 277247
 459910
 683807
 665421
 65481
 475311
 43305
 68568
 758150
 228176
 225342
 868322
 261425
 754382
 542509
 247436
 829787
 148315
 567778
 908077
 164398
 602917
 657235
 21562
 270723
 976085
 90012
 608499
 914285
 216343
 458005
 68119
 361686
 622165
 134769
 199437
 846308
 292650
 593754
 203137
 427944
 825829
 90352
 555821
 629712
 259192
 214316
 645931
 143705
 350176
 172706
 587000
 720911
 165269
 655119
 166288
 103139
 895704
 295843
 886564
 630874
 775187
 902327
 26132
 346409
 163187
 972014
 328192
 164788
 379997
 95238
 599271
 389459
 786485
 298288
 451137
 968834
 796433
 614563
 715736
 275529
 306072
 740462
 502399
 974662
 461538
 112955
 13589
 289379
 785948
 369531
 74148
 880077
 197211
 203280
 8060
 878481
 626613
 442395
 399896
 646800
 833827
 295768
 705463
 26991
 366549
 131353
 978867
 609641
 556240
 643545
 928554
 145878
 469335
 907486
 50662
 153784
 645337
 832738
 964869
 790295
 189382
 324414
 709890
 21762
 825448
 295979
 373038
 943593
 599094
 510681
 311613
 490980
 126984
 38102
 640828
 919346
 239561
 422613
 995419
 105916
 917525
 122917
 322925
 571489
 878980
 71924
 493926
 197645
 991097
 693413
 410803
 350026
 302775
 541677
 977475
 83142
 249679
 530781
 449474
 70557
 830440
 250732
 384615
 863315
 555724
 529428
 186608
 343308
 950562
 781797
 228549
 510960
 421252
 296973
 187387
 719892
 908797
 718610
 451683
 17425
 389365
 22383
 230257
 108780
 552732
 176521
 207058
 106194
 572636
 577033
 135630
 133333
 258628
 469046
 44555
 942866
 827338
 233128
 302106
 140402
 835451
 846525
 411192
 682847
 582407
 549966
 301815
 637465
 100778
 747872
 239830
 604775
 393873
 308337
 368567
 588047
 243691
 194255
 584252
 168151
 151391
 802314
 145480
 532677
 266672
 883605
 985661
 673768
 710479
 938842
 144412
 849541
 328684
 277381
 497777
 845673
 972351
 220300
 782162
 726217
 67645
 102744
 706276
 784301
 320428
 121311
 444634
 212146
 660422
 806542
 260794
 385207
 254666
 214831
 265019
 853352
 164180
 928977
 877826
 105559
 744501
 265971
 508274
 675748
 764522
 31466
 864369
 610181
 5604
 308173
 944361
 834704
 906493
 326587
 968862
 506334
 642167
 195380
 943508
 180536
 573753
 289131
 601013
 404834
 377606
 453372
 318960
 253387
 695073
 530655
 896498
 189944
 780601
 45968
 641614
 197586
 854060
 283491
 869186
 37066
 474599
 673892
 340473
 991269
 431301
 676262
 288515
 123357
 92805
 527642
 400791
 933352
 484744
 915492
 739844
 313558
 732310
 431484
 209944
 585754
 548295
 30616
 266555
 2510
 74456
 633951
 494579
 134106
 281263
 729950
 722639
 738723
 307524
 928363
 259628
 710701
 840491
 637608
 948962
 853118
 336330
 874873
 831042
 162650
 895982
 447018
 855084
 231871
 156185
 246814
 98867
 130271
 403424
 707203
 348713
 406562
 249252
 950530
 66406
 765378
 674197
 907910
 253521
 310724
 113768
 924897
 826615
 971266
 752048
 904023
 36904
 167144
 366158
 814432
 957901
 713908
 941168
 724676
 647155
 132605
 938689
 33350
 461202
 363030
 276751
 752997
 72623
 28238
 674857
 672727
 4757
 233398
 913793
 816733
 697523
 159491
 298176
 179697
 435854
 356482
 632388
 84519
 672789
 561783
 839513
 911970
 402661
 203544
 417428
 700131
 113799
 609059
 946043
 996825
 847493
 151338
 221746
 16728
 923721
 120701
 363959
 360084
 908482
 975717
 83018
 786088
 95084
 504153
 250358
 55758
 479728
 632818
 175147
 689468
 716430
 948949
 63246
 274584
 709163
 521126
 374401
 897476
 193607
 622694
 26568
 881872
 374462
 547704
 947873
 442531
 455033
 801238
 153752
 910204
 297791
 798068
 157773
 797144
 833085
 308747
 511824
 833449
 623188
 548148
 289615
 739652
 43321
 21638
 465684
 344927
 465649
 389584
 548387
 480917
 684398
 627041
 113704
 383199
 57977
 861410
 788271
 656630
 674001
 948968
 785095
 785815
 507905
 255156
 223786
 158194
 734658
 143851
 37959
 3775
 448155
 316831
 636488
 903642
 493835
 733901
 75374
 47920
 157772
 772355
 151031
 537834
 76435
 465413
 404138
 287212
 782510
 539860
 587057
 685103
 383743
 342636
 444832
 855846
 859533
 956462
 548790
 460357
 961788
 525529
 126566
 371558
 368017
 700145
 820679
 115537
 697117
 321118
 316380
 957527
 707515
 172110
 862462
 544441
 446511
 286755
 920623
 97427
 290570
 507678
 939855
 307496
 221498
 113370
 983521
 858486
 530244
 854789
 428160
 53262
 359134
 618429
 666176
 228018
 595934
 128459
 126576
 633144
 522627
 899713
 231810
 24799
 413546
 145913
 213598
 463019
 862759
 18511
 390882
 758449
 73162
 219808
 920564
 31721
 567600
 154352
 104401
 293532
 153647
 915100
 246006
 388785
 109216
 236036
 959376
 750119
 718525
 120773
 487731
 225197
 330129
 191671
 738569
 729683
 189611
 513781
 603682
 447847
 510641
 660033
 973626
 224443
 111653
 653757
 554498
 86053
 940871
 10161
 592937
 330628
 864505
 932365
 914110
 287799
 112150
 914488
 191896
 97238
 571976
 636962
 985422
 64957
 42831
 484735
 671112
 785824
 336684
 360651
 572977
 388114
 802849
 247131
 136918
 837988
 699279
 670929
 181574
 988573
 188948
 338648
 111944
 201147
 911595
 243697
 73217
 456284
 881297
 732498
 524822
 97650
 522572
 153025
 257801
 174856
 869643
 103075
 77836
 245226
 694567
 4761
 269166
 455550
 308319
 539317
 123576
 304029
 773108
 383299
 173455
 772834
 331893
 855861
 432432
 9085
 361950
 405587
 351435
 309205
 947181
 498973
 524380
 6306
 51204
 893248
 472328
 983365
 44053
 493314
 634255
 504981
 270369
 167573
 985684
 476190
 775180
 221732
 946178
 766800
 805794
 804583
 897964
 179239
 40395
 770248
 194885
 648646
 362246
 255813
 599286
 804651
 566865
 262926
 717627
 714364
 831239
 172071
 765062
 499670
 342744
 380368
 111371
 249959
 622836
 785055
 68563
 502148
 314764
 181889
 179676
 507128
 610134
 859579
 562251
 409028
 843675
 973188
 57394
 173462
 233357
 301864
 732644
 330424
 625165
 544282
 750784
 3613
 954643
 359626
 399515
 706218
 878172
 763869
 133109
 45901
 170619
 301752
 483371
 418911
 99101
 443877
 891267
 811782
 951858
 667740
 342149
 605915
 570583
 617703
 857663
 77099
 288579
 822014
 190819
 528913
 581140
 862171
 885352
 465603
 330156
 683379
 513264
 172751
 794946
 117966
 919322
 411374
 539660
 280315
 597265
 450127
 918644
 535557
 480620
 148742
 850783
 983430
 507920
 788322
 347871
 45381
 663975
 639150
 969740
 468377
 675983
 352799
 311865
 80055
 70597
 270348
 153593
 28636
 767722
 50477
 86231
 31567
 325549
 250672
 429074
 730427
 519229
 997233
 367108
 579834
 636675
 488620
 251160
 622754
 479755
 457249
 918437
 236751
 428399
 833889
 289729
 968771
 342575
 479266
 453390
 464362
 772405
 727231
 273795
 113246
 641681
 546881
 217680
 174360
 528177
 764961
 606326
 514785
 40989
 112449
 604020
 337395
 819412
 31434
 917010
 753102
 456657
 6000
 848171
 549396
 346103
 386298
 468970
 123076
 822210
 717799
 715294
 664574
 283688
 316318
 620369
 277980
 910406
 69828
 534381
 190334
 745393
 978669
 279038
 891794
 357481
 508324
 864983
 820415
 527583
 919374
 436110
 398437
 225080
 98420
 278668
 351205
 150178
 781175
 377275
 236972
 518280
 119537
 65330
 189967
 669654
 918979
 273250
 421184
 602672
 159830
 60217
 878500
 360207
 624487
 968033
 578303
 881931
 196706
 122295
 709373
 463368
 650127
 60253
 671474
 817349
 840743
 377195
 376770
 391797
 597907
 91587
 453623
 89663
 282077
 579648
 219999
 458401
 940766
 262740
 477578
 248491
 817758
 17576
 974829
 855058
 40567
 664641
 988924
 787128
 446388
 996694
 790034
 356976
 960120
 690824
 509347
 407973
 953696
 972905
 152663
 953054
 696731
 997007
 638754
 21050
 828830
 355241
 85299
 101242
 668501
 424521
 193000
 983565
 510934
 661113
 779235
 172913
 531499
 564279
 911043
 850909
 613977
 209988
 648496
 3598
 415971
 707988
 34334
 286130
 182868
 14468
 392733
 922704
 306769
 312936
 979472
 804839
 729896
 112655
 769195
 92401
 905083
 204857
 342532
 985599
 397589
 828037
 762058
 690815
 307289
 226127
 791133
 418778
 32576
 582292
 359550
 674296
 576148
 683337
 292542
 271778
 792874
 434164
 393719
 225171
 91527
 55057
 975953
 288727
 501024
 841374
 718555
 466643
 559605
 857064
 282469
 555952
 874831
 587968
 80556
 452222
 588323
 769528
 400666
 409338
 385652
 101602
 971911
 