0
 0
 0
 0
 50
 330
 520
 660
 879
 1102
 1409
 1731
 2119
 2320
 2610
 2676
 2873
 3111
 3367
 3604
 3717
 3758
 3992
 4062
 4489
 4808
 5164
 5442
 5649
 5809
 5931
 6112
 6211
 6306
 6485
 6855
 6899
 6968
 7435
 7488
 7562
 7763
 7848
 8037
 8317
 8902
 9118
 9230
 9412
 9483
 9523
 9716
 9900
 9993
 10240
 10501
 10596
 10810
 10936
 11304
 11382
 11466
 11523
 11667
 11960
 12150
 12377
 13113
 13122
 13363
 13389
 13429
 13477
 13750
 13897
 14145
 14237
 14322
 14519
 15175
 15384
 15461
 15498
 15585
 15772
 15979
 16057
 16329
 16524
 16663
 16752
 16867
 16931
 17085
 17439
 17638
 17725
 18223
 18587
 18645
 18945
 19329
 19375
 19592
 19855
 19952
 20028
 20084
 20438
 20549
 20710
 20971
 21276
 21452
 21562
 22013
 22117
 22439
 22511
 23014
 23225
 23553
 23671
 23778
 23930
 24130
 24399
 24442
 24625
 24772
 24930
 25126
 25212
 25340
 25470
 25636
 25725
 25936
 26017
 26111
 26467
 26546
 26658
 26895
 27190
 27210
 27331
 27643
 27722
 28208
 28304
 28644
 29212
 29345
 29402
 29803
 29950
 30120
 30345
 30493
 30646
 30769
 30964
 31111
 31216
 31315
 31497
 31595
 31911
 32085
 32612
 32694
 32757
 32863
 33020
 33350
 33747
 34107
 34281
 34457
 34476
 34503
 34600
 34605
 34913
 35236
 35443
 35577
 35817
 35914
 36036
 36157
 36446
 36479
 36914
 36948
 37205
 37411
 38034
 38187
 38420
 38426
 38516
 38709
 38910
 39201
 39474
 39757
 40200
 40944
 41361
 41692
 41887
 42030
 42118
 42285
 42355
 42565
 42975
 43193
 43251
 43279
 43340
 43602
 43720
 43956
 44164
 44316
 44517
 44746
 45352
 45354
 45576
 45647
 45955
 46153
 46647
 46722
 46966
 47157
 47440
 47448
 47496
 47779
 47930
 48178
 48481
 48689
 49037
 49252
 49471
 49627
 49808
 49985
 50202
 50245
 50255
 50405
 50505
 50607
 50642
 50995
 51201
 51267
 51361
 51461
 51704
 51859
 51915
 52171
 52208
 52230
 52516
 52662
 52809
 53005
 53384
 53542
 53677
 53892
 54225
 54499
 54908
 55039
 55060
 55404
 55588
 55825
 56199
 56410
 56482
 56792
 57142
 57309
 57529
 57644
 57679
 57901
 58350
 58646
 58721
 58986
 59285
 59725
 59931
 59978
 60389
 60487
 60936
 61081
 61202
 61224
 61335
 61482
 61626
 61713
 61833
 61950
 62332
 62765
 62858
 62965
 63088
 63155
 63264
 63308
 63552
 63585
 63619
 63701
 63881
 63993
 64505
 64690
 65073
 65152
 65224
 65573
 65933
 66056
 66090
 66436
 66571
 66666
 66723
 67066
 67172
 67291
 67540
 67581
 67732
 67951
 68131
 68324
 68413
 68640
 69387
 69719
 69771
 69909
 70175
 70358
 70483
 70710
 70824
 70880
 71152
 71428
 71601
 71753
 71907
 71932
 72038
 72162
 72494
 72540
 72582
 72644
 72796
 72871
 73359
 73378
 73396
 73691
 73795
 73880
 74090
 74443
 74531
 74752
 74941
 75244
 75320
 75431
 75590
 75899
 75987
 76069
 76144
 76510
 76622
 76923
 76923
 77211
 77506
 77685
 77922
 78562
 78764
 78951
 79087
 79179
 79247
 79419
 79593
 79940
 80021
 80085
 80344
 80402
 80514
 80818
 81178
 81413
 81632
 81688
 81813
 81859
 82202
 82235
 82249
 82481
 82736
 83029
 83371
 83688
 83746
 83795
 83877
 83960
 84172
 84417
 84807
 85043
 85358
 85514
 85590
 85819
 85854
 86104
 86311
 86459
 86709
 86837
 86959
 87201
 87330
 87464
 87682
 88025
 88132
 88359
 88630
 89058
 89552
 89733
 89911
 90192
 90451
 90666
 90759
 90909
 90978
 91161
 91505
 91562
 92091
 92188
 92667
 92936
 93061
 93220
 93286
 93359
 93631
 93654
 93913
 94188
 94467
 94545
 94743
 94951
 94965
 95127
 95244
 95458
 95801
 96181
 96343
 96491
 96558
 96696
 97009
 97066
 97173
 97249
 97427
 97768
 97999
 98311
 98388
 98593
 98667
 98765
 98955
 99041
 99333
 99610
 99644
 99748
 99957
 100189
 100309
 100538
 100803
 100937
 101228
 101372
 101489
 101687
 101829
 101923
 102361
 102831
 103124
 103249
 103312
 103399
 103642
 103986
 104145
 104176
 104321
 104496
 104633
 104784
 104994
 105135
 105254
 105435
 105657
 105992
 106280
 106382
 106471
 106951
 107420
 107685
 107946
 108129
 108474
 108579
 108807
 108906
 109284
 109869
 110116
 110261
 110355
 110588
 110681
 110867
 111194
 111429
 111769
 111889
 112185
 112290
 112627
 112996
 113207
 113240
 113559
 113804
 113880
 114168
 114821
 115099
 115180
 115459
 115858
 116000
 116102
 116579
 116819
 117258
 117572
 117786
 117919
 118047
 118340
 118613
 118637
 118813
 119148
 119250
 119527
 119953
 120049
 120156
 120321
 120395
 120619
 120766
 120960
 121212
 121283
 121472
 121525
 121794
 121906
 122005
 122459
 122807
 123044
 123251
 123363
 123753
 123934
 124037
 124314
 124553
 124594
 124842
 125072
 125289
 125503
 125660
 125768
 125803
 125952
 126082
 126109
 126150
 126177
 126544
 126801
 126857
 126914
 126979
 127040
 127142
 127263
 127417
 127434
 127536
 127666
 127889
 127957
 128423
 128523
 128831
 129032
 129229
 129282
 129683
 130022
 130170
 130264
 130563
 130751
 130901
 131101
 131259
 131342
 131533
 131876
 132165
 132281
 132530
 132995
 133141
 133318
 133402
 133582
 133896
 134134
 134513
 134547
 134769
 134907
 135057
 135174
 135414
 135483
 135639
 136316
 136645
 136659
 136730
 137055
 137501
 137552
 137789
 137954
 138079
 138197
 138836
 138973
 139318
 139398
 140071
 140186
 140309
 140350
 140473
 140556
 140611
 140685
 140845
 141130
 141208
 141531
 141660
 141874
 141977
 142194
 142233
 142306
 142427
 142833
 143058
 143155
 143383
 143583
 143891
 143956
 144156
 144418
 144790
 144857
 145297
 145380
 145549
 145679
 145829
 145953
 146198
 146544
 146845
 147087
 147231
 147388
 147707
 147884
 148260
 148410
 148496
 148594
 148751
 149107
 149192
 149307
 149401
 149727
 150185
 150289
 150595
 150663
 150828
 151084
 151134
 151851
 151899
 152105
 152170
 152268
 153181
 153256
 153667
 154041
 154205
 154328
 154940
 155186
 155403
 155598
 155648
 155693
 156035
 156263
 156552
 156577
 156827
 156992
 157184
 157274
 157366
 157719
 157768
 157920
 158184
 158230
 158415
 158721
 158789
 158985
 159281
 159539
 159814
 159925
 160198
 160611
 160724
 160793
 160835
 160919
 161371
 161565
 161793
 161840
 162364
 162518
 162919
 162935
 163201
 163444
 163836
 164021
 164097
 164394
 164527
 164633
 165407
 165629
 165725
 166074
 166189
 166541
 166781
 166955
 166992
 167275
 167572
 167764
 167842
 168154
 168338
 168567
 168908
 168929
 169048
 169159
 169435
 169862
 170041
 170097
 170457
 170513
 171012
 171404
 171488
 171558
 172300
 172388
 172701
 172823
 173078
 173169
 173228
 173579
 174025
 174069
 174545
 174710
 175018
 175117
 175273
 175387
 175423
 175733
 175804
 175921
 176266
 176354
 176940
 176960
 177099
 177172
 177349
 177659
 177922
 177985
 178077
 178209
 178535
 178768
 179210
 179438
 179860
 180365
 180510
 181250
 181374
 181702
 181818
 182173
 182331
 182346
 182655
 182857
 183007
 183278
 183689
 183861
 183953
 184297
 184347
 184615
 184703
 184834
 185125
 185781
 186015
 186197
 186389
 186503
 186758
 186900
 187534
 187982
 188087
 188168
 188203
 188387
 188519
 188741
 188885
 188928
 189027
 189195
 189443
 189633
 190104
 190660
 190677
 190847
 190905
 191002
 191126
 191294
 191369
 191627
 191741
 191778
 192238
 192505
 192861
 192940
 193024
 193161
 193308
 193411
 193499
 193572
 193765
 193860
 193953
 194505
 194607
 194788
 194986
 195488
 195897
 195924
 196231
 196413
 196660
 196674
 196844
 197009
 197232
 197610
 197643
 197898
 198351
 198405
 198763
 198880
 199235
 199353
 199512
 199935
 200000
 200000
 200015
 200716
 200899
 200969
 201188
 201257
 201427
 201683
 201858
 202049
 202287
 202407
 202453
 202521
 202647
 203160
 203401
 203580
 203606
 204001
 204118
 204513
 204612
 204819
 205388
 205548
 205718
 205911
 205947
 206014
 206225
 206434
 206636
 206654
 206832
 206896
 206922
 207041
 207059
 207204
 207538
 207627
 207797
 207954
 208510
 208953
 209109
 209183
 209387
 209837
 210167
 210328
 210407
 210873
 210935
 210998
 211174
 211267
 211365
 211563
 211838
 211966
 212194
 212351
 212619
 212868
 212964
 213498
 213578
 214302
 214389
 214784
 215114
 215346
 215566
 215656
 215886
 216032
 216292
 216564
 216612
 216942
 217046
 217149
 217436
 217630
 217687
 217757
 217910
 218265
 218314
 218640
 218765
 219169
 219794
 220115
 220179
 220232
 220321
 220623
 220734
 220811
 220866
 220997
 221108
 221269
 221487
 221595
 221730
 221837
 222097
 222457
 222656
 223007
 223341
 223534
 223622
 223776
 223843
 224287
 224456
 224534
 224728
 225062
 225497
 225612
 225872
 226428
 226578
 227053
 227226
 227530
 227613
 227705
 228013
 228183
 228380
 228454
 228474
 228663
 228914
 229085
 229213
 229277
 229459
 229622
 229812
 230102
 230769
 230834
 231083
 231120
 231263
 231505
 231613
 231830
 231964
 231999
 232198
 232381
 232588
 232848
 232949
 233125
 233222
 233435
 233578
 234188
 234223
 234303
 234459
 234484
 234607
 234726
 234966
 235080
 235440
 235548
 235748
 236114
 236205
 236429
 236541
 236556
 236728
 236792
 236995
 237249
 237444
 237759
 237930
 238272
 238673
 238825
 239520
 239806
 240018
 240102
 240161
 240499
 240615
 240730
 240949
 240980
 241092
 241331
 241399
 241669
 241695
 241808
 241914
 242175
 242195
 242650
 242709
 243007
 243157
 243336
 243405
 243438
 243688
 243839
 243925
 244525
 245283
 245442
 245823
 246041
 246180
 246922
 247040
 247295
 247472
 247539
 247671
 247835
 247936
 248075
 248194
 248339
 248400
 248619
 248741
 248872
 248962
 249025
 249094
 249241
 249489
 249822
 249933
 250046
 250172
 250578
 250670
 250913
 250990
 251207
 251358
 251440
 251655
 252291
 252664
 253012
 253339
 253443
 253504
 253786
 253907
 254114
 254282
 254417
 254468
 254673
 254828
 255189
 255304
 255620
 255813
 255867
 255986
 256144
 256256
 256692
 256749
 256852
 257191
 257518
 257629
 258253
 258400
 258832
 259019
 259618
 259701
 260063
 260215
 260949
 261015
 261143
 261261
 261325
 261454
 262046
 262189
 262387
 262672
 262839
 262898
 263323
 263566
 263970
 264194
 264322
 264694
 265044
 265129
 265222
 265439
 265686
 266022
 266089
 266147
 266427
 266816
 266944
 267047
 267219
 267330
 267719
 267862
 268036
 268106
 268144
 268506
 268529
 268861
 269057
 269162
 269396
 270042
 270175
 270290
 270545
 270641
 270770
 270934
 271323
 271510
 271705
 272149
 272650
 272758
 273018
 273328
 273621
 273731
 273790
 274028
 274111
 274264
 274398
 274487
 274570
 274709
 274829
 275226
 275643
 275938
 276023
 276133
 276295
 276344
 276412
 276714
 276940
 277169
 277327
 277357
 277482
 277772
 277857
 278336
 278436
 278622
 278691
 278776
 278941
 279038
 279394
 279411
 279864
 280111
 280613
 280936
 281067
 281195
 281360
 281907
 282025
 282215
 282591
 282774
 282923
 283052
 283360
 283602
 283899
 284004
 284253
 284416
 284433
 284522
 284755
 285105
 285145
 285275
 285517
 285741
 285968
 286275
 286423
 286510
 286792
 287083
 287224
 287781
 287930
 288090
 288326
 288543
 288888
 289017
 289109
 289393
 289463
 289645
 289941
 290203
 290277
 290304
 290941
 291319
 291587
 291856
 292051
 292301
 292398
 292645
 292693
 292847
 293344
 293500
 293594
 293785
 293904
 294224
 294416
 294867
 294940
 295066
 295173
 295459
 295602
 295828
 296063
 296104
 296211
 296303
 296476
 296764
 296847
 296986
 297118
 297288
 297536
 298024
 298136
 298601
 298847
 299032
 299177
 299348
 299926
 300416
 300598
 300626
 300844
 300898
 301110
 301683
 301995
 302073
 302640
 302741
 302793
 302949
 303132
 303282
 303427
 303594
 303822
 303938
 304022
 304057
 304156
 304687
 304947
 305035
 305372
 305409
 305940
 306006
 306323
 306396
 306523
 306776
 306945
 307147
 307266
 307377
 307501
 307692
 307911
 308090
 308288
 308401
 308542
 308578
 308647
 308885
 309174
 309197
 309327
 309572
 309718
 310061
 310309
 311043
 311105
 311111
 311183
 311349
 311677
 311847
 311855
 311981
 312035
 312350
 312528
 312925
 313086
 313105
 313248
 313399
 313967
 314348
 314390
 314641
 314744
 314826
 314868
 314895
 315248
 315576
 315670
 316015
 316541
 316712
 316814
 316998
 317407
 317592
 317874
 318025
 318091
 318319
 318782
 319077
 319148
 319250
 319371
 319467
 319716
 319801
 320064
 320615
 320782
 321093
 321321
 321460
 321556
 321678
 322151
 322373
 322848
 323210
 323325
 323404
 323707
 323748
 323907
 324086
 324224
 324281
 324419
 324683
 324847
 324904
 325203
 325448
 325916
 326114
 326164
 326544
 326637
 326777
 326833
 327000
 327253
 327547
 327655
 328027
 328349
 328747
 328788
 328997
 329131
 329282
 329303
 329460
 329531
 329684
 329895
 330240
 330330
 330505
 330631
 330785
 330939
 331563
 331703
 332126
 332309
 332322
 332378
 332453
 332692
 332873
 332917
 333333
 333793
 334031
 334203
 334430
 334659
 334967
 335276
 335334
 335446
 335777
 335949
 336032
 336108
 336540
 336735
 337028
 337105
 337372
 337446
 337534
 337760
 338134
 338184
 338856
 339050
 339066
 339294
 339930
 340194
 340620
 340651
 340942
 341126
 341382
 341613
 341675
 342049
 342307
 342342
 342498
 342654
 343096
 343225
 343475
 343527
 343698
 343816
 343834
 343963
 344082
 344103
 344262
 344544
 344701
 344830
 344852
 344929
 345155
 345276
 345472
 345572
 345762
 346042
 346414
 346650
 346694
 346853
 347002
 347063
 347201
 347264
 347629
 347952
 348220
 348612
 348817
 349026
 349448
 349695
 349813
 349951
 350153
 350492
 350781
 351351
 351598
 351633
 351939
 352009
 352147
 352465
 352805
 353016
 353324
 353427
 353576
 353707
 353852
 353934
 354158
 354285
 354801
 354997
 355141
 355514
 355774
 355817
 355942
 356210
 356410
 356659
 356878
 357188
 357429
 357888
 358308
 358324
 358371
 358460
 358555
 358987
 359297
 359407
 359561
 359675
 359882
 359930
 360227
 360407
 360671
 360950
 360977
 361449
 361533
 361581
 362239
 362318
 362386
 362554
 362710
 362991
 363260
 363364
 363529
 363653
 364204
 364371
 364982
 364991
 365180
 365561
 365688
 366053
 366125
 366375
 366430
 366739
 366768
 366833
 367144
 367602
 367931
 368078
 368236
 368333
 368646
 368699
 369553
 369687
 369727
 369857
 370285
 370498
 370839
 370940
 371312
 372012
 372392
 372831
 373196
 373767
 373862
 373937
 374005
 374211
 374323
 374825
 374914
 375116
 375335
 375481
 375829
 376186
 376314
 376417
 376670
 376792
 376836
 376999
 377091
 377468
 377952
 378068
 378206
 378381
 378502
 378633
 378739
 378795
 379108
 379141
 379164
 379352
 379448
 379535
 379600
 379821
 379894
 380112
 380345
 380733
 380808
 381107
 381154
 381173
 381395
 381818
 381980
 382312
 382497
 382541
 382850
 383172
 383537
 383904
 384030
 384109
 384286
 384637
 384785
 384883
 385167
 385355
 385492
 385552
 385839
 385908
 386013
 386334
 386547
 386615
 386846
 387253
 387378
 387448
 387484
 387564
 387629
 387841
 387969
 388059
 388167
 388488
 388698
 388935
 389016
 389070
 389134
 389261
 389415
 389513
 389566
 389707
 390051
 390181
 390371
 390491
 390578
 390739
 390752
 390928
 391214
 391334
 391440
 391602
 391774
 392097
 392504
 392560
 392623
 392774
 393082
 393226
 393299
 393348
 393730
 394264
 394422
 394607
 394759
 394930
 395043
 395083
 395141
 395256
 395360
 395508
 395523
 395913
 395919
 396135
 396607
 396984
 397174
 397294
 397298
 397515
 397643
 397710
 397738
 397911
 398024
 398181
 398250
 398415
 398629
 398960
 399146
 399412
 399719
 399925
 400000
 400274
 400321
 400567
 400607
 400841
 400980
 401038
 401139
 401273
 401649
 402046
 402109
 402197
 402459
 402650
 402684
 402831
 402890
 403100
 403163
 403293
 403386
 403568
 403726
 404070
 404677
 404742
 405323
 405415
 405564
 405751
 405782
 406234
 406593
 406835
 407009
 407128
 407161
 407497
 407665
 407915
 407995
 408271
 408456
 408662
 408944
 409504
 409657
 409889
 410039
 410468
 410604
 410828
 411162
 411175
 411444
 411587
 411902
 411941
 412048
 412269
 412426
 412462
 412564
 412805
 412865
 412959
 413044
 413312
 413552
 413847
 414243
 414458
 414521
 415147
 415241
 415579
 415736
 415995
 416192
 416344
 416787
 416891
 417360
 417500
 417610
 417949
 418098
 418163
 418365
 418588
 418602
 418893
 419367
 419540
 419627
 419889
 420019
 420089
 420341
 420448
 420615
 420857
 421064
 421554
 421604
 421678
 421895
 422106
 422244
 422388
 422574
 422623
 422875
 423158
 423303
 423424
 423640
 423867
 423947
 423999
 424148
 424371
 424547
 424732
 424954
 424969
 425166
 425259
 425390
 425787
 426119
 426345
 426486
 427013
 427065
 427279
 427337
 427943
 428190
 428294
 428571
 428612
 428729
 428808
 428864
 429003
 429086
 429237
 429371
 429990
 430151
 430339
 430423
 430502
 430770
 430861
 431046
 431393
 431494
 431662
 431821
 431893
 432049
 432635
 433033
 433197
 433440
 433481
 433526
 433766
 433773
 433937
 434035
 434399
 434474
 434601
 434782
 435123
 435186
 435332
 435483
 435830
 435920
 436040
 436149
 436302
 436670
 436862
 436927
 437216
 437375
 437446
 437561
 437584
 437974
 438149
 438577
 438656
 438844
 438991
 439041
 439165
 439252
 439678
 439852
 440000
 440112
 440629
 440935
 441238
 441416
 441564
 441784
 442043
 442155
 442527
 442765
 442800
 443055
 443140
 443168
 443439
 443708
 443803
 443824
 444021
 444084
 444228
 444579
 444830
 445157
 445456
 445595
 445766
 445925
 446102
 446629
 446721
 446890
 446970
 447179
 447400
 447574
 447669
 447822
 447944
 448313
 448635
 448787
 449017
 449030
 449196
 449281
 449436
 449566
 449666
 449731
 449830
 449973
 450038
 450240
 450311
 450349
 450644
 450851
 451122
 451177
 451270
 451376
 451659
 451718
 451812
 452060
 452256
 452286
 452417
 452444
 452619
 452780
 452830
 453199
 453376
 453413
 453736
 453822
 453917
 454687
 454990
 455138
 455197
 455294
 455405
 455516
 455882
 456025
 456177
 456465
 456586
 456910
 456998
 457235
 457326
 457657
 457729
 457917
 458035
 458427
 458663
 458864
 459212
 459674
 459949
 460245
 460337
 460844
 461121
 461272
 461579
 461611
 461869
 462091
 462183
 462245
 462652
 462729
 462769
 462923
 463099
 463169
 463274
 463295
 463523
 463819
 464228
 464379
 464539
 464864
 464977
 465363
 465675
 465753
 466044
 466150
 466580
 466666
 466732
 466873
 466947
 467049
 467206
 467329
 467398
 467835
 468521
 469036
 469517
 469696
 469776
 470000
 470019
 470410
 470628
 470834
 471005
 471119
 471162
 471444
 471590
 471806
 471987
 472195
 472286
 472415
 472690
 472932
 473134
 473154
 473258
 473438
 473743
 473837
 473972
 474039
 474461
 474526
 474774
 474913
 474926
 474940
 475409
 475669
 475777
 475862
 476315
 476395
 476477
 476610
 476702
 476956
 477131
 477145
 477668
 477929
 478248
 478382
 478489
 478911
 479305
 479338
 479678
 480158
 480201
 480365
 480549
 481020
 481210
 481373
 481999
 482176
 482255
 482326
 482500
 482596
 482758
 483124
 483389
 483542
 483571
 483601
 483675
 483978
 484077
 484139
 484320
 484461
 484631
 484857
 485059
 485125
 485225
 485373
 485699
 485754
 486099
 486315
 486486
 486761
 487170
 487510
 487564
 487593
 488113
 488224
 488557
 489042
 489072
 489208
 489326
 489711
 489978
 490029
 490097
 490290
 490521
 490733
 490891
 491043
 491277
 491415
 491756
 491891
 491989
 492130
 492166
 492614
 493049
 493204
 493290
 493483
 493655
 493731
 493806
 494103
 494199
 494505
 494541
 494834
 495168
 495322
 495566
 495754
 496124
 496158
 496356
 496437
 496619
 496864
 497010
 497112
 497378
 497524
 497609
 497700
 497971
 498190
 498405
 498566
 498664
 498738
 498819
 498916
 498968
 499136
 499425
 499583
 499643
 499878
 499907
 500000
 500204
 500628
 500831
 500931
 501245
 501711
 501816
 502023
 502700
 502970
 503219
 503444
 503545
 503743
 503955
 504142
 504180
 504625
 504731
 504882
 505312
 505506
 505736
 505872
 505965
 506016
 506385
 506561
 506808
 506860
 506889
 507311
 508112
 508543
 508688
 508761
 509001
 509390
 510079
 510427
 510946
 511025
 511307
 511500
 511723
 511888
 511977
 512088
 512385
 512664
 512727
 512790
 512956
 513054
 513202
 513535
 513827
 513986
 514299
 514682
 514990
 515238
 515504
 516047
 516772
 516893
 516973
 517084
 517255
 517351
 517815
 517876
 518013
 518188
 518291
 518607
 518875
 519004
 519218
 519416
 519512
 519609
 519636
 519678
 519799
 519990
 520087
 520182
 520317
 520612
 520675
 521025
 521102
 521160
 521396
 521441
 521826
 522074
 522202
 522428
 522676
 523122
 523169
 523657
 523740
 523811
 523886
 524174
 524386
 524795
 525096
 525332
 525600
 525628
 525902
 525928
 526105
 526452
 526481
 526727
 526955
 527437
 527668
 527721
 527758
 527846
 527904
 528273
 528538
 528802
 528872
 529053
 529218
 529487
 529570
 529868
 530106
 530253
 530528
 530681
 530848
 531125
 531259
 531586
 531674
 531713
 531975
 532138
 532315
 532540
 532651
 532696
 533008
 533075
 533333
 533498
 533985
 534037
 534395
 534626
 534714
 534770
 535003
 535108
 535768
 535885
 535939
 536050
 536225
 536468
 537076
 537175
 537486
 537729
 537900
 538320
 538326
 538518
 538807
 539142
 539184
 539778
 540080
 540155
 540463
 540614
 541239
 541507
 541671
 541804
 542222
 542649
 542722
 542975
 543174
 543315
 543475
 543901
 544657
 544758
 545041
 545290
 545454
 546099
 546220
 546425
 546596
 546786
 546946
 547222
 547245
 547277
 547448
 547712
 547762
 547934
 548170
 548228
 548331
 548387
 548665
 548872
 549358
 549558
 549770
 549839
 550299
 551227
 551967
 551997
 552132
 552280
 552382
 552593
 552715
 552866
 553099
 553294
 553345
 553735
 554224
 554351
 554646
 554693
 554770
 554989
 555389
 555562
 556046
 556099
 556357
 556529
 556557
 556668
 557030
 557128
 557215
 557315
 557542
 557868
 557886
 558053
 558339
 558506
 558797
 559036
 559049
 559517
 559864
 559897
 560313
 560572
 560756
 561313
 561417
 561547
 561823
 561909
 562286
 562520
 562846
 562857
 562898
 562998
 563173
 563246
 563567
 563700
 563932
 564296
 564463
 564756
 565059
 565445
 565949
 566068
 566176
 566366
 566830
 566949
 567224
 567688
 567825
 567901
 568012
 568122
 568295
 568419
 568592
 568731
 568981
 569111
 569223
 569444
 569834
 569962
 570025
 570107
 570165
 570422
 570671
 570759
 570850
 571278
 571428
 571506
 571718
 571991
 572332
 572499
 572556
 572619
 572816
 572960
 573195
 573436
 573552
 573704
 573827
 573859
 574207
 574654
 574808
 574946
 574991
 575146
 575165
 575414
 575529
 575991
 576038
 576139
 576162
 576190
 576241
 576271
 576489
 576725
 576833
 577070
 577432
 577600
 577754
 577947
 578309
 578334
 578408
 578486
 578558
 578616
 578765
 579031
 579847
 580230
 580291
 580625
 580676
 580856
 580961
 581213
 581311
 581759
 582053
 582089
 582346
 582354
 582574
 582627
 582800
 582889
 582970
 583153
 583315
 583556
 583640
 583679
 583704
 583916
 584235
 584328
 584511
 584715
 584905
 584994
 585235
 585504
 585767
 585823
 585980
 586206
 586281
 586546
 586554
 586682
 586812
 587154
 587465
 587648
 587778
 587973
 588745
 588773
 589043
 589364
 589579
 589681
 589737
 589972
 590081
 590190
 590274
 590361
 590521
 590573
 590634
 590818
 591248
 591471
 591605
 591737
 592083
 592216
 592265
 592438
 592598
 592806
 593312
 593358
 593487
 593624
 593867
 594024
 594500
 594660
 594921
 595280
 595360
 595638
 595703
 596245
 596531
 596566
 596703
 597081
 597333
 597537
 597695
 598309
 598466
 598790
 598937
 599357
 599450
 599533
 600147
 600392
 600507
 600575
 600673
 601107
 601532
 601629
 601737
 601804
 602085
 602189
 602237
 602325
 602591
 602659
 602673
 602800
 602846
 603498
 603588
 603646
 603814
 603936
 604023
 604285
 604487
 604977
 605269
 605298
 605630
 605734
 605896
 606021
 606212
 606287
 606373
 606580
 606741
 606961
 607193
 607356
 607451
 607823
 607980
 608140
 608336
 608387
 608680
 608915
 609234
 609380
 609494
 609653
 609812
 609921
 609977
 610415
 610571
 611336
 611464
 611700
 611777
 611803
 611890
 612133
 612280
 612561
 612719
 612816
 613100
 613173
 613203
 613678
 613842
 613964
 614472
 614545
 614598
 615135
 615287
 615517
 615572
 615737
 616012
 616101
 616554
 616609
 616683
 616884
 616910
 617011
 617227
 617366
 617595
 618057
 618119
 618817
 619149
 619225
 619524
 619749
 619906
 620435
 620541
 620580
 620644
 620713
 620943
 621185
 621405
 621518
 621879
 622068
 622099
 622282
 622594
 622857
 623183
 623458
 623612
 623689
 623729
 623910
 624128
 624204
 624267
 624429
 624615
 624946
 625000
 625153
 625369
 625375
 625576
 625790
 626373
 626431
 626514
 626748
 626859
 627232
 627666
 627803
 628144
 628177
 628491
 628805
 628997
 629135
 629629
 629753
 629968
 630230
 630455
 630610
 630650
 631039
 631063
 631281
 631343
 631785
 631889
 631910
 632059
 632206
 632468
 632478
 632849
 633158
 633401
 633454
 633596
 634042
 634265
 634572
 634641
 634844
 634971
 635167
 635313
 635427
 635611
 635675
 636099
 636195
 636363
 636609
 636930
 637279
 637669
 637904
 638154
 638255
 638432
 638555
 638719
 639097
 639818
 640041
 640119
 640227
 640580
 640677
 640748
 640806
 641249
 641419
 641438
 641522
 641718
 641777
 642105
 642452
 642634
 642764
 642873
 642951
 643025
 643116
 643649
 643688
 643835
 644096
 644128
 644228
 644724
 644976
 645569
 645667
 645875
 645915
 646408
 646511
 646770
 647013
 647536
 647569
 647844
 647917
 648056
 648208
 648409
 648685
 648916
 649109
 649164
 649488
 649756
 649842
 649980
 650008
 650295
 650781
 651354
 651570
 651999
 652263
 652658
 653160
 653220
 653301
 653443
 653754
 653860
 654008
 654179
 654352
 654547
 654665
 654738
 654805
 654903
 655075
 655437
 656024
 656533
 656743
 656811
 656972
 657216
 657259
 657400
 657682
 657789
 657967
 658254
 658479
 658707
 658943
 659793
 659943
 659979
 660070
 660172
 660374
 660477
 660498
 660575
 661166
 661255
 661315
 661434
 661587
 661797
 662107
 662428
 662534
 662689
 662771
 662858
 662902
 662993
 663076
 663090
 663187
 663244
 663420
 663683
 663859
 664186
 664296
 664670
 664776
 664804
 665114
 665258
 665366
 665521
 665862
 666022
 666042
 666376
 666666
 666833
 666920
 667080
 667216
 667462
 667587
 667739
 667904
 667978
 668249
 668339
 668459
 668549
 668700
 668880
 669008
 669055
 669133
 669751
 669851
 669942
 670141
 670468
 670544
 670579
 670664
 671065
 671521
 671702
 671758
 672393
 672583
 672819
 672943
 672961
 673176
 673485
 673633
 674038
 674155
 674374
 674556
 675085
 675171
 675421
 675575
 675727
 676054
 676382
 676499
 676691
 676909
 677155
 677244
 677391
 677543
 677712
 678125
 678260
 678610
 678659
 678760
 678802
 678925
 678943
 679123
 679225
 679721
 679999
 680245
 680340
 680645
 680831
 680883
 681091
 681221
 681488
 681569
 681840
 682061
 682168
 682321
 682424
 682839
 683020
 683165
 683233
 683334
 683472
 683689
 683795
 683980
 684190
 684264
 684292
 684596
 684767
 684857
 684998
 685393
 685473
 685762
 685969
 686213
 686228
 686339
 686602
 686976
 687137
 687224
 687388
 687466
 687601
 687798
 687888
 687988
 688206
 688622
 688702
 688882
 689122
 689245
 689349
 689609
 689655
 689797
 689916
 690003
 690108
 690140
 690217
 690449
 690519
 690733
 691090
 691168
 691309
 691600
 691783
 691887
 692125
 692324
 693104
 693214
 693864
 694527
 694791
 695025
 695041
 695096
 695474
 695623
 695764
 695920
 696101
 696275
 696616
 696969
 697056
 697223
 697285
 697453
 697637
 697753
 697866
 698040
 698171
 698297
 698334
 698818
 699261
 699337
 699545
 699945
 700232
 700267
 700588
 700748
 701034
 701122
 701406
 701694
 701795
 702173
 702222
 702440
 702676
 703212
 703537
 703574
 704314
 704360
 704370
 704678
 704821
 705050
 705366
 705574
 705868
 705896
 706100
 706520
 706665
 706766
 706908
 707526
 707723
 707782
 708005
 708032
 708215
 708341
 708805
 708845
 709111
 709272
 709651
 709811
 710082
 710226
 710313
 710455
 710831
 710895
 711026
 711135
 711614
 711687
 711822
 711922
 712236
 712370
 712580
 712619
 712707
 712749
 712956
 713047
 713380
 713538
 713737
 713758
 713809
 713954
 714050
 714111
 714404
 714721
 714809
 714872
 714906
 715058
 715244
 715629
 715639
 715721
 715836
 716063
 716124
 716253
 716410
 716713
 716868
 717041
 717474
 717600
 718165
 718219
 718469
 718712
 718810
 718961
 719422
 719574
 719745
 719813
 719984
 720009
 720148
 720226
 720379
 720961
 721195
 721748
 721902
 722172
 722503
 722826
 722987
 723196
 723203
 723322
 723363
 723550
 723721
 723802
 723865
 723967
 724194
 724233
 724481
 724495
 724692
 724855
 725026
 725277
 725409
 725575
 725791
 726003
 726057
 726173
 726381
 726608
 726648
 726691
 726735
 726848
 727272
 727391
 727856
 728045
 728237
 728423
 728544
 728647
 728718
 729128
 729257
 729345
 729613
 729743
 730313
 730367
 730434
 730638
 730818
 730888
 731029
 731074
 731484
 731727
 731973
 732324
 732520
 732719
 732773
 732894
 733192
 733333
 733470
 733866
 733939
 734100
 734513
 734615
 734758
 735052
 735062
 735226
 735437
 735638
 735830
 736062
 736225
 736504
 736627
 736842
 736932
 737215
 737731
 737881
 737973
 738173
 738566
 738639
 739692
 739982
 740264
 740740
 740995
 741530
 741863
 742043
 742067
 742223
 742610
 742629
 742762
 742818
 743057
 743295
 743411
 743440
 743711
 743752
 743888
 744048
 744140
 744417
 744638
 745041
 745163
 745517
 745653
 745751
 745795
 745877
 746049
 746255
 746355
 746388
 746508
 746709
 746846
 746924
 747036
 747301
 747527
 747730
 747832
 747945
 748058
 748319
 748768
 748923
 749220
 749440
 749682
 749809
 750000
 750145
 750733
 750926
 751064
 751191
 751342
 751517
 751672
 751856
 751929
 752138
 752170
 752960
 753073
 753196
 753230
 753408
 753623
 753749
 754061
 754157
 754253
 754498
 754614
 754835
 755020
 755069
 755375
 755883
 755998
 756192
 756314
 756465
 756559
 756614
 756756
 756985
 757367
 757623
 757746
 757824
 758295
 758540
 758793
 758977
 759154
 759179
 759685
 759774
 760471
 760834
 761141
 761341
 761471
 761676
 761792
 761933
 762175
 762338
 762550
 762668
 762805
 762937
 763238
 763384
 763765
 763879
 764004
 764416
 765123
 765160
 765395
 765550
 765647
 765697
 766070
 766320
 766328
 766475
 766872
 766928
 767334
 767918
 768144
 768247
 768347
 768443
 768722
 768970
 769048
 769145
 769230
 769243
 769476
 769508
 769667
 769784
 769896
 770061
 770271
 770531
 770548
 770697
 770856
 770957
 771285
 771320
 771656
 772157
 772287
 772982
 773182
 773448
 773678
 773816
 773887
 774071
 774182
 774522
 774731
 775062
 775280
 775440
 775520
 775606
 775757
 775864
 776273
 776381
 776415
 776487
 776591
 776726
 776850
 776944
 777777
 777796
 777913
 777945
 778103
 778228
 778429
 778464
 778631
 778789
 778816
 779122
 779393
 779624
 779809
 780072
 780136
 780259
 780333
 780646
 780743
 780789
 780929
 781282
 781303
 781472
 781507
 781563
 781725
 781746
 781789
 781802
 781957
 782077
 782324
 782489
 782949
 783081
 783299
 783424
 783783
 783834
 784102
 784203
 784278
 784641
 784728
 785074
 785209
 785316
 785350
 786008
 786261
 787025
 787554
 787651
 787852
 787981
 788070
 788200
 788321
 788575
 788823
 788927
 788937
 789262
 789428
 789833
 789934
 790220
 790414
 790502
 790552
 790865
 790982
 791188
 791530
 791930
 792176
 792324
 792466
 792619
 792723
 792963
 793083
 793170
 793611
 793885
 793972
 794122
 794475
 794591
 794711
 794875
 795120
 795487
 795645
 795734
 795987
 796579
 796670
 796712
 796897
 797189
 797539
 797616
 797806
 797932
 798124
 798358
 798398
 798821
 799004
 799129
 799554
 799867
 800000
 800113
 800201
 800354
 800970
 800998
 801050
 801155
 801240
 801271
 801575
 801679
 802017
 802377
 802501
 802922
 802940
 803249
 803448
 803779
 803826
 803946
 804223
 804624
 804670
 804878
 805059
 805301
 805596
 805920
 805979
 806010
 806100
 806493
 807218
 807639
 807692
 807776
 807972
 808217
 808241
 808770
 809027
 809314
 809648
 809712
 809819
 809917
 810166
 810404
 810510
 810621
 810673
 810920
 811254
 811290
 811403
 811764
 812441
 812641
 812746
 812840
 813103
 813259
 813318
 813532
 813664
 813825
 813996
 814122
 814265
 814470
 814723
 814804
 815107
 815157
 815274
 815595
 815948
 816239
 816280
 816479
 816635
 816752
 816799
 817082
 817106
 817171
 817309
 817586
 818015
 818181
 818317
 818490
 819034
 819197
 819357
 819644
 819772
 819819
 819947
 819978
 820282
 820714
 820751
 821059
 821279
 821481
 821948
 821998
 822089
 822349
 822575
 822920
 822978
 823403
 823559
 823712
 823970
 824152
 824667
 824915
 825070
 825159
 825234
 825317
 825328
 825580
 825822
 825833
 826028
 826501
 826678
 827160
 827269
 827433
 827956
 827967
 828282
 828565
 829031
 829204
 829321
 829410
 829545
 829675
 829986
 830197
 830314
 830391
 830462
 830612
 830785
 830985
 831047
 831691
 831876
 832147
 832279
 832395
 832681
 832954
 833333
 833553
 833781
 833829
 833885
 834045
 834286
 834379
 834688
 834826
 834926
 835065
 835074
 835147
 835573
 835702
 835897
 836045
 836250
 836686
 836909
 836996
 837154
 837174
 837383
 837393
 837524
 837633
 837910
 838217
 838574
 838882
 839020
 839163
 839273
 839351
 839471
 839693
 839861
 840010
 840375
 840624
 840669
 840773
 840948
 841035
 841149
 841340
 841595
 841693
 841768
 841909
 842014
 842181
 842248
 842355
 842468
 842641
 842870
 843383
 843514
 843547
 843674
 843750
 843890
 843930
 844062
 844179
 844256
 844320
 844366
 844391
 844670
 844770
 844964
 845252
 845691
 846052
 846496
 846933
 847048
 847051
 847269
 847329
 847370
 847761
 847775
 847957
 848234
 848254
 848318
 848664
 848886
 849158
 849463
 849566
 849832
 850077
 850237
 850736
 851617
 851782
 852008
 852142
 852251
 852506
 852763
 853044
 853198
 853310
 853333
 854084
 854096
 854368
 854566
 854675
 854805
 854953
 855015
 855357
 855592
 856048
 856429
 856913
 857142
 857142
 857622
 858128
 858380
 858535
 858632
 859040
 859060
 859627
 859805
 860184
 860209
 860308
 860421
 860557
 860649
 860717
 860790
 860970
 861271
 861605
 861722
 861816
 862093
 862457
 862561
 862815
 863040
 863082
 863623
 863697
 863755
 864096
 864346
 864398
 864456
 864692
 865026
 865275
 865702
 865932
 866045
 866326
 866529
 866918
 867135
 867444
 867656
 867823
 868106
 868143
 868231
 868421
 868735
 868834
 868933
 869368
 869402
 869648
 869821
 870205
 870326
 870726
 870767
 870967
 871012
 871214
 871241
 871292
 871485
 871670
 871921
 872084
 872111
 872201
 872340
 872483
 872485
 872769
 872852
 873269
 873759
 874015
 874236
 874524
 874755
 874764
 874923
 874972
 875048
 875239
 875331
 875395
 875450
 875804
 876139
 876339
 876374
 876477
 876600
 876837
 877038
 877127
 877238
 877439
 877608
 877765
 877907
 878373
 878450
 878934
 879014
 879238
 879253
 879322
 879552
 879744
 879815
 880288
 880537
 880886
 881060
 881133
 881452
 881624
 881668
 882265
 882352
 882558
 882668
 882852
 882947
 883190
 883454
 883817
 883852
 883956
 884250
 884483
 884695
 884894
 884972
 885034
 885618
 885677
 885804
 885915
 886091
 886169
 886273
 886522
 886777
 886823
 887399
 887804
 887816
 887937
 887999
 888065
 888308
 888822
 888970
 889094
 889361
 889460
 890092
 890196
 890323
 890440
 890726
 890783
 890935
 891168
 891203
 891327
 891668
 891695
 891891
 891931
 891972
 892266
 892313
 892415
 892442
 892494
 892537
 892677
 892944
 892959
 893169
 893308
 893322
 893432
 893532
 893661
 893904
 894147
 894708
 895001
 895160
 895615
 895782
 896008
 896279
 896541
 896728
 897043
 897386
 897737
 898065
 898305
 898427
 898583
 898815
 898978
 899152
 899505
 899597
 899738
 899856
 899883
 900178
 900763
 900878
 900981
 901618
 901901
 902092
 902274
 902400
 902867
 902973
 903214
 903249
 903389
 903980
 904109
 904631
 904761
 904915
 904934
 905070
 905189
 905456
 905501
 905547
 905562
 905731
 906073
 906232
 906488
 906573
 906579
 906984
 907120
 907296
 907346
 907619
 907716
 907924
 908045
 908283
 908449
 908558
 908620
 909233
 909394
 909461
 909486
 909738
 910004
 910097
 910235
 910460
 910574
 910831
 911242
 911265
 911543
 911730
 911897
 912000
 912090
 912302
 912331
 913180
 913513
 913670
 914288
 914381
 914700
 914798
 915201
 915233
 915380
 915484
 915552
 915804
 915927
 916326
 916428
 916594
 916645
 916666
 916837
 917094
 917165
 917393
 917444
 917589
 918423
 918474
 918510
 918635
 918709
 918799
 918875
 919060
 919282
 919446
 919678
 920010
 920184
 920477
 920634
 920689
 920931
 921118
 921338
 921558
 921637
 921645
 921702
 921826
 921990
 922123
 922270
 922469
 922643
 922694
 922834
 922944
 922961
 923183
 923340
 923433
 923446
 923478
 923600
 923611
 923831
 923956
 924118
 924462
 924596
 924786
 924922
 925625
 925701
 926078
 926389
 926448
 926589
 926872
 926979
 927272
 927472
 927602
 927680
 927970
 928112
 928644
 928926
 929205
 929347
 929518
 929941
 930248
 930386
 930464
 930821
 931368
 931688
 931720
 931799
 932096
 932471
 932531
 932761
 932777
 933014
 933094
 933403
 933473
 933798
 934200
 934359
 934460
 934684
 934725
 934999
 935195
 935535
 935997
 936056
 936243
 936415
 936623
 936758
 936926
 937100
 937356
 937542
 937774
 938039
 938271
 938700
 938854
 938906
 938966
 939099
 939575
 939670
 940069
 940274
 940314
 940523
 940587
 940842
 940912
 941074
 941657
 941769
 941920
 942120
 942534
 942867
 943022
 943181
 943332
 943443
 943495
 943842
 943881
 943933
 944118
 944228
 944483
 944753
 945021
 945215
 945578
 945690
 945853
 945945
 946204
 946430
 946555
 946619
 946702
 946783
 946939
 947416
 947615
 947649
 947890
 947963
 948264
 948402
 948518
 948750
 948845
 949123
 949227
 949702
 949743
 950135
 950268
 950343
 950769
 950886
 951028
 951228
 951281
 951667
 951820
 952002
 952027
 952502
 952877
 953106
 953147
 953288
 953464
 953602
 953793
 953892
 954061
 954289
 954470
 954625
 954824
 954824
 955201
 955287
 955510
 955678
 955862
 955930
 956146
 956653
 956803
 956902
 957200
 957311
 957699
 957759
 958252
 958317
 958499
 958768
 958833
 959276
 959675
 959708
 959916
 960372
 960413
 960591
 961116
 961426
 961669
 961910
 962137
 962459
 962621
 962721
 962836
 962962
 963569
 963709
 963867
 964060
 964293
 964550
 964705
 964746
 964801
 964936
 965157
 965347
 965466
 965524
 965630
 965648
 966000
 966146
 966269
 966513
 966677
 966754
 966837
 966959
 967179
 967323
 967479
 967545
 967877
 968294
 968362
 968722
 968924
 969032
 969046
 969070
 969174
 969287
 969347
 969506
 969712
 969818
 969940
 970061
 970275
 970693
 970776
 971019
 971128
 971243
 971325
 971631
 971975
 972113
 972142
 972477
 972861
 972932
 973133
 973346
 973820
 973879
 973973
 974013
 974092
 974212
 974573
 974601
 974870
 974960
 975213
 975426
 975778
 975989
 976272
 976434
 976612
 976855
 977082
 977485
 977728
 977866
 977895
 977990
 978086
 978139
 978676
 978920
 979167
 979625
 979737
 980162
 980459
 980529
 980814
 981201
 981409
 981563
 981704
 982129
 982556
 982901
 982948
 983103
 983273
 983311
 983533
 984067
 984263
 984525
 985095
 985214
 985382
 985539
 985614
 985748
 985767
 985875
 986212
 986407
 986439
 986863
 987431
 987517
 988057
 988104
 988245
 988538
 988711
 988764
 988994
 989227
 989760
 989775
 989878
 990203
 990615
 990705
 990910
 991101
 991500
 991584
 991701
 991771
 992048
 992335
 992644
 992751
 993080
 993339
 993612
 993932
 994059
 994096
 994266
 994451
 994474
 994965
 995095
 995210
 995368
 995710
 995791
 996092
 996345
 996422
 996832
 996906
 997069
 997379
 997568
 997624
 997663
 997802
 998019
 998106
 998343
 998425
 998580
 998671
 998860
 999218
 999550
 999682
 999806
 999904
 999708
 999641
 999318
 998927
 998680
 998619
 998464
 998348
 998216
 998074
 998012
 997736
 997662
 997582
 997566
 997214
 996996
 996862
 996726
 996362
 996299
 995947
 995748
 995633
 995272
 995114
 995028
 994664
 994459
 994427
 994200
 994068
 993948
 993661
 993439
 993113
 992876
 992729
 992458
 992198
 991882
 991705
 991639
 991583
 991170
 991089
 990838
 990624
 990352
 989958
 989845
 989761
 989289
 989100
 988835
 988720
 988626
 988398
 988148
 988072
 988019
 987474
 987387
 986636
 986408
 986387
 986046
 985865
 985764
 985664
 985581
 985462
 985315
 985207
 984935
 984347
 984157
 983687
 983524
 983280
 983203
 983066
 982939
 982719
 982223
 981794
 981689
 981493
 981278
 980888
 980742
 980502
 980392
 980148
 979636
 979477
 979020
 978910
 978556
 978103
 978036
 977928
 977891
 977809
 977640
 977286
 976915
 976812
 976478
 976302
 976034
 975900
 975584
 975263
 975135
 974899
 974641
 974597
 974265
 974205
 974068
 974008
 973951
 973870
 973755
 973316
 972954
 972869
 972633
 972475
 972125
 971984
 971868
 971349
 971271
 971204
 971051
 970847
 970755
 970365
 970126
 969976
 969842
 969759
 969652
 969471
 969299
 969266
 969135
 969057
 969041
 969021
 968779
 968713
 968313
 967955
 967847
 967526
 967422
 967200
 967069
 966934
 966777
 966691
 966584
 966435
 966215
 966111
 965920
 965644
 965616
 965514
 965423
 965256
 965114
 964802
 964787
 964710
 964581
 964377
 964235
 963973
 963802
 963652
 963123
 962870
 962724
 962699
 962468
 962275
 961939
 961876
 961663
 961246
 960814
 960591
 960389
 960253
 959915
 959680
 959497
 959216
 958772
 958500
 958366
 958257
 958089
 957746
 957401
 957203
 957035
 956859
 956699
 956521
 955957
 955910
 955824
 955609
 955325
 955236
 955178
 954824
 954684
 954576
 954397
 954166
 954043
 953880
 953752
 953496
 953376
 953231
 953124
 953061
 952877
 952052
 952017
 951855
 951772
 951420
 951274
 951055
 951020
 950779
 950441
 950295
 950229
 949884
 949707
 949526
 949214
 948957
 948838
 948670
 948453
 948344
 948061
 947961
 947712
 947642
 947564
 947288
 946866
 946772
 946648
 946597
 946444
 946322
 946171
 945927
 945811
 945633
 945547
 945166
 944881
 944519
 944294
 944145
 944065
 943894
 943874
 943820
 943460
 943400
 943226
 943178
 942938
 942760
 942199
 941954
 941783
 941710
 941644
 940944
 940889
 940765
 940547
 940371
 940290
 940076
 939930
 939650
 939313
 938984
 938938
 938897
 938782
 938634
 938057
 937914
 937767
 937491
 937143
 936933
 936903
 936723
 936620
 936250
 936154
 936040
 935989
 935483
 935166
 934902
 934697
 934613
 934418
 934230
 934186
 933597
 933426
 933333
 933029
 932868
 932773
 932596
 932503
 932292
 931987
 931741
 931705
 931620
 930966
 930694
 930458
 930324
 929973
 929765
 929356
 929232
 929018
 928677
 928219
 928104
 927927
 927650
 927547
 927371
 927125
 926892
 926863
 926490
 926440
 926359
 926012
 925678
 925547
 924919
 924689
 924472
 924279
 923960
 923867
 923643
 923605
 923533
 923462
 923443
 923401
 923242
 922985
 922959
 922916
 922800
 922681
 922486
 922409
 922252
 922047
 921973
 921753
 921655
 921641
 921619
 921369
 921283
 921034
 920900
 920652
 920574
 920211
 920152
 919796
 919666
 919354
 919110
 919045
 918803
 918727
 918707
 918518
 918483
 918436
 917874
 917582
 917421
 917249
 917154
 916964
 916706
 916666
 916632
 916539
 916344
 916242
 915913
 915683
 915492
 915474
 915362
 915208
 914945
 914725
 914568
 914307
 914150
 913532
 913476
 912603
 912312
 912094
 912081
 911995
 911752
 911586
 911325
 911254
 910981
 910739
 910513
 910256
 910186
 910076
 909915
 909641
 909484
 909404
 909386
 909228
 908590
 908476
 908410
 908235
 907974
 907820
 907667
 907609
 907317
 907250
 907091
 906713
 906574
 906535
 906423
 906098
 905942
 905566
 905553
 905546
 905479
 905361
 905179
 905047
 904919
 904868
 904677
 904324
 903994
 903860
 903349
 903217
 903140
 902964
 902484
 902323
 902104
 902078
 901621
 901560
 900954
 900860
 900242
 899955
 899857
 899816
 899678
 899554
 899305
 899004
 898966
 898642
 898532
 898393
 898103
 897919
 897484
 897169
 896744
 896606
 896478
 896084
 895999
 895674
 895423
 895114
 894837
 894308
 893909
 893884
 893623
 893437
 893352
 893311
 893249
 893044
 892945
 892774
 892649
 892498
 892485
 892416
 892394
 892312
 892018
 891946
 891895
 891880
 891686
 891488
 891266
 891170
 891036
 890884
 890770
 890630
 890437
 890278
 890131
 889917
 889417
 889111
 889064
 888956
 888620
 888170
 888065
 887950
 887842
 887811
 887656
 887390
 886780
 886750
 886518
 886209
 886113
 885937
 885915
 885781
 885622
 885355
 885029
 884955
 884859
 884608
 884353
 884230
 883945
 883838
 883807
 883372
 883075
 882889
 882759
 882595
 882495
 882316
 882132
 881625
 881617
 881387
 881091
 881002
 880657
 880341
 879864
 879792
 879693
 879440
 879271
 879249
 879187
 878978
 878700
 878418
 878314
 877869
 877684
 877580
 877374
 877173
 877103
 876977
 876803
 876551
 876459
 876354
 876224
 876117
 875688
 875439
 875346
 875322
 875103
 875032
 874954
 874847
 874756
 874740
 874481
 874035
 873883
 873417
 873247
 872802
 872634
 872483
 872463
 872276
 872114
 872095
 872081
 871780
 871662
 871420
 871281
 871238
 871051
 871009
 870893
 870748
 870554
 870222
 870044
 869762
 869626
 869372
 869304
 868864
 868792
 868686
 868271
 868197
 868123
 867924
 867750
 867650
 867387
 867103
 866606
 866508
 866301
 865958
 865828
 865551
 865110
 864837
 864628
 864424
 864385
 864258
 863965
 863726
 863629
 863527
 863044
 863032
 862669
 862557
 862169
 862079
 861813
 861703
 861338
 861152
 860877
 860788
 860698
 860643
 860525
 860348
 860273
 860198
 859940
 859637
 859160
 859047
 858951
 858627
 858460
 858258
 857944
 857575
 857142
 857005
 856874
 856105
 855709
 855472
 855269
 855009
 854901
 854744
 854602
 854560
 854333
 854085
 853346
 853319
 853292
 853160
 853036
 852691
 852342
 852227
 852088
 851815
 851780
 851176
 850507
 850096
 849972
 849774
 849478
 849253
 849118
 848795
 848411
 848292
 848251
 848143
 847953
 847767
 847534
 847364
 847282
 847265
 847050
 846949
 846497
 846304
 845785
 845448
 845103
 844815
 844688
 844436
 844375
 844363
 844294
 844225
 844086
 843973
 843927
 843787
 843719
 843612
 843537
 843473
 843176
 842647
 842523
 842457
 842308
 842227
 842058
 841984
 841812
 841723
 841625
 841423
 841172
 841121
 840981
 840817
 840754
 840667
 840562
 840320
 839910
 839783
 839474
 839470
 839301
 839243
 839049
 838897
 838680
 838221
 838051
 837655
 837553
 837505
 837384
 837255
 837161
 837073
 836927
 836724
 836300
 836228
 835963
 835824
 835680
 835428
 835074
 835067
 834972
 834881
 834741
 834467
 834345
 834170
 833940
 833842
 833791
 833724
 833470
 833027
 832809
 832509
 832295
 832258
 832116
 831703
 831528
 831036
 830979
 830621
 830567
 830453
 830369
 830268
 829989
 829949
 829652
 829456
 829396
 829298
 829085
 828726
 828551
 828265
 827965
 827480
 827361
 827199
 826861
 826568
 826166
 825870
 825824
 825802
 825497
 825317
 825262
 825183
 825121
 825053
 824810
 824363
 824118
 823828
 823627
 823502
 823047
 822974
 822907
 822426
 822222
 822039
 821978
 821657
 821303
 821148
 820875
 820742
 820453
 820161
 819951
 819946
 819787
 819743
 819487
 819333
 819038
 819012
 818446
 818206
 818042
 817671
 817459
 817246
 817154
 817097
 816970
 816779
 816650
 816501
 816425
 816260
 816095
 815660
 815458
 815247
 815138
 814824
 814763
 814714
 814363
 814228
 814065
 813882
 813758
 813639
 813393
 813284
 813207
 813057
 812833
 812689
 812541
 812232
 811725
 811314
 811275
 811137
 810753
 810623
 810526
 810420
 810177
 809934
 809906
 809713
 809707
 809345
 809211
 808965
 808755
 808220
 808139
 807794
 807698
 807659
 807324
 806899
 806219
 806061
 805992
 805953
 805651
 805385
 805061
 804995
 804863
 804648
 804273
 804096
 803849
 803799
 803462
 803363
 803028
 802938
 802772
 802398
 802099
 801938
 801582
 801463
 801242
 801218
 801103
 801047
 800995
 800402
 800257
 800199
 800000
 799999
 799641
 799215
 799089
 798960
 798679
 798362
 798301
 798061
 797811
 797759
 797569
 797360
 796929
 796742
 796673
 796649
 796455
 795974
 795726
 795544
 795418
 795010
 794839
 794611
 794527
 794439
 794056
 793933
 793696
 793361
 793134
 792969
 792861
 792679
 792596
 792341
 792189
 792000
 791622
 791427
 791018
 790964
 790758
 790523
 790484
 790410
 789953
 789911
 789638
 789324
 789035
 788928
 788898
 788713
 788350
 788256
 788130
 788035
 787946
 787799
 787644
 787094
 786515
 786183
 785583
 785324
 785288
 785176
 784961
 784641
 784318
 784274
 784188
 783977
 783806
 783620
 783417
 783270
 783074
 782899
 782482
 782229
 782004
 781824
 781801
 781777
 781733
 781598
 781560
 781473
 781408
 781299
 781011
 780827
 780777
 780654
 780616
 780295
 780192
 780075
 780024
 779635
 779519
 779152
 778911
 778810
 778712
 778520
 778448
 778261
 778147
 778053
 777924
 777820
 777777
 777385
 776916
 776842
 776626
 776550
 776485
 776409
 776367
 776119
 775838
 775741
 775528
 775510
 775439
 775070
 774930
 774582
 774405
 774086
 774008
 773828
 773779
 773630
 773286
 773094
 772666
 772208
 771699
 771368
 771293
 771127
 770872
 770777
 770549
 770535
 770367
 770225
 770008
 769810
 769739
 769523
 769499
 769264
 769230
 769204
 769056
 769001
 768957
 768461
 768421
 768317
 768163
 768029
 767860
 766932
 766917
 766599
 766419
 766323
 766226
 765834
 765696
 765551
 765401
 765279
 765133
 764464
 764357
 763904
 763835
 763689
 763282
 763062
 762917
 762708
 762596
 762373
 762236
 762039
 761814
 761722
 761545
 761403
 761198
 760895
 760535
 759971
 759715
 759422
 759155
 759028
 758919
 758626
 758534
 758199
 757752
 757709
 757425
 757103
 756941
 756712
 756569
 756553
 756395
 756271
 756002
 755929
 755855
 755319
 755047
 754973
 754739
 754604
 754455
 754172
 754126
 753943
 753739
 753596
 753337
 753209
 753130
 753044
 752482
 752166
 752026
 751865
 751725
 751528
 751451
 751322
 751186
 751017
 750878
 750528
 750067
 749907
 749770
 749581
 749365
 749046
 748868
 748643
 748139
 748000
 747913
 747776
 747605
 747404
 747225
 746989
 746894
 746835
 746674
 746407
 746368
 746296
 746104
 746003
 745816
 745762
 745714
 745563
 745199
 745042
 744707
 744527
 744329
 744095
 744047
 743800
 743720
 743691
 743426
 743368
 743091
 742857
 742795
 742740
 742622
 742489
 742163
 742043
 741905
 741620
 741013
 740780
 740376
 740079
 739707
 738757
 738625
 738411
 738049
 737890
 737841
 737698
 737015
 736915
 736811
 736545
 736353
 736208
 736049
 735829
 735443
 735269
 735127
 735054
 734762
 734724
 734520
 734463
 734084
 733890
 733808
 733333
 733297
 733102
 732830
 732745
 732660
 732331
 732075
 731972
 731707
 731478
 731049
 730989
 730842
 730769
 730638
 730415
 730353
 729847
 729666
 729465
 729307
 729169
 728919
 728657
 728620
 728445
 728301
 728115
 727901
 727741
 727272
 727140
 726821
 726702
 726656
 726612
 726523
 726199
 726083
 726052
 725888
 725773
 725497
 725286
 725192
 724952
 724802
 724578
 724486
 724480
 724231
 724088
 723880
 723827
 723760
 723650
 723458
 723359
 723229
 723201
 723090
 722939
 722609
 722210
 722034
 721839
 721492
 720995
 720547
 720339
 720201
 720090
 719999
 719928
 719760
 719614
 719540
 719126
 718887
 718782
 718521
 718383
 718204
 717884
 717557
 717117
 717007
 716861
 716599
 716299
 716211
 716115
 716037
 715805
 715711
 715636
 715251
 715201
 714946
 714877
 714841
 714776
 714718
 714285
 714084
 713964
 713827
 713775
 713751
 713708
 713455
 713374
 713030
 712824
 712727
 712638
 712604
 712436
 712300
 712177
 711892
 711805
 711639
 711573
 711090
 711010
 710843
 710760
 710391
 710282
 710202
 710041
 709807
 709503
 709212
 708963
 708839
 708398
 708291
 708185
 708010
 707788
 707776
 707605
 707442
 706836
 706711
 706654
 706240
 706086
 705882
 705845
 705539
 705201
 704875
 704782
 704438
 704361
 704316
 703803
 703557
 703242
 703013
 702638
 702263
 702219
 701945
 701709
 701428
 701150
 701061
 700934
 700594
 700559
 700242
 699999
 699575
 699525
 699280
 698944
 698567
 698316
 698196
 698114
 697973
 697798
 697741
 697546
 697380
 697253
 697203
 697036
 696729
 696460
 696244
 696073
 695885
 695676
 695539
 695177
 695058
 695027
 694986
 694739
 694081
 693375
 693105
 693038
 692154
 691904
 691828
 691660
 691577
 691212
 691151
 690938
 690613
 690466
 690364
 690210
 690112
 690022
 689971
 689848
 689655
 689623
 689466
 689285
 689242
 689119
 688878
 688660
 688212
 688199
 687950
 687800
 687734
 687472
 687414
 687266
 687210
 687127
 686719
 686387
 686236
 686219
 686040
 685873
 685755
 685414
 685152
 684991
 684826
 684666
 684495
 684269
 684246
 683985
 683962
 683725
 683564
 683453
 683276
 683168
 683141
 682947
 682577
 682329
 682274
 682097
 682041
 681610
 681556
 681246
 681140
 680999
 680866
 680720
 680520
 680331
 680000
 679757
 679579
 679188
 679015
 678933
 678833
 678769
 678675
 678646
 678265
 678215
 677966
 677674
 677419
 677285
 677226
 677149
 676772
 676686
 676467
 676106
 675772
 675621
 675461
 675280
 675121
 674885
 674447
 674262
 674074
 673999
 673531
 673326
 673113
 672955
 672888
 672789
 672447
 671942
 671747
 671647
 671298
 670961
 670645
 670578
 670504
 670429
 670095
 669872
 669826
 669574
 669121
 669052
 668985
 668866
 668614
 668479
 668390
 668284
 668123
 667970
 667742
 667621
 667555
 667281
 667139
 667001
 666839
 666666
 666666
 666316
 666024
 665998
 665611
 665376
 665365
 665201
 665089
 664785
 664741
 664559
 664263
 664014
 663761
 663573
 663366
 663234
 663179
 663088
 663047
 662927
 662889
 662835
 662759
 662687
 662494
 662374
 661808
 661705
 661576
 661344
 661311
 661212
 660617
 660504
 660496
 660453
 660212
 660115
 659980
 659979
 659899
 659347
 658732
 658646
 658314
 658217
 657791
 657737
 657411
 657307
 657252
 656985
 656828
 656811
 656560
 656375
 655540
 655345
 654909
 654885
 654780
 654674
 654661
 654433
 654243
 654144
 653863
 653769
 653670
 653325
 653288
 653205
 653120
 652468
 652000
 651606
 651567
 651090
 650669
 650196
 649992
 649968
 649792
 649578
 649287
 649132
 649055
 648791
 648510
 648397
 648151
 648002
 647870
 647739
 647544
 647058
 646967
 646677
 646408
 646064
 645899
 645776
 645638
 645206
 644844
 644313
 644141
 644112
 643852
 643826
 643684
 643521
 643060
 643002
 642890
 642870
 642724
 642628
 642225
 641807
 641727
 641711
 641456
 641425
 641386
 641138
 640766
 640724
 640598
 640464
 640129
 640108
 640000
 639566
 638861
 638707
 638506
 638379
 638216
 638003
 637751
 637370
 637177
 636923
 636542
 636324
 636103
 635847
 635664
 635432
 635387
 635205
 635125
 634870
 634649
 634608
 634272
 634191
 633664
 633584
 633440
 633330
 633056
 632626
 632477
 632345
 632069
 631977
 631891
 631877
 631696
 631312
 631230
 631057
 630735
 630612
 630480
 630352
 630145
 629765
 629731
 629388
 629092
 628859
 628774
 628178
 628158
 628014
 627688
 627565
 627138
 626852
 626627
 626463
 626396
 626171
 625636
 625385
 625372
 625241
 625126
 624968
 624916
 624472
 624283
 624245
 624197
 623925
 623740
 623724
 623679
 623518
 623225
 623103
 622642
 622333
 622222
 622070
 621978
 621644
 621418
 621367
 621126
 620778
 620701
 620585
 620553
 620484
 619991
 619876
 619553
 619435
 619207
 619111
 618518
 618060
 617701
 617519
 617349
 617140
 616930
 616907
 616687
 616614
 616595
 616298
 616027
 615998
 615682
 615517
 615468
 615175
 614835
 614550
 614505
 614439
 613915
 613688
 613251
 613182
 613153
 612977
 612806
 612574
 612429
 612168
 612068
 611886
 611800
 611706
 611591
 611406
 611145
 610436
 609982
 609924
 609861
 609798
 609539
 609453
 609313
 608985
 608826
 608448
 608337
 608289
 608140
 607855
 607619
 607387
 607318
 607064
 606936
 606668
 606403
 606346
 606254
 606181
 606021
 605776
 605659
 605316
 605297
 605079
 604501
 604343
 604177
 603997
 603878
 603796
 603598
 603506
 603146
 602821
 602739
 602670
 602603
 602334
 602324
 602193
 602128
 601897
 601749
 601722
 601575
 601156
 600766
 600600
 600529
 600480
 600171
 599575
 599469
 599409
 598957
 598922
 598688
 598327
 597883
 597594
 597464
 597241
 596822
 596604
 596534
 596416
 596036
 595700
 595486
 595291
 595062
 594859
 594563
 594282
 593891
 593659
 593493
 593478
 593320
 592955
 592673
 592445
 592386
 592255
 592128
 591836
 591715
 591577
 591278
 590820
 590770
 590633
 590535
 590457
 590328
 590230
 590156
 590026
 589898
 589714
 589658
 589567
 589105
 588838
 588773
 588452
 587779
 587708
 587555
 587182
 587038
 586708
 586594
 586552
 586336
 586245
 586025
 585912
 585816
 585597
 585317
 585142
 584918
 584763
 584545
 584350
 584253
 583962
 583734
 583689
 583665
 583621
 583486
 583196
 583072
 582909
 582804
 582703
 582598
 582536
 582349
 582140
 582073
 581920
 581414
 581269
 581163
 580859
 580838
 580630
 580504
 580288
 580053
 579050
 578858
 578709
 578579
 578512
 578483
 578378
 578333
 578182
 577842
 577724
 577589
 577280
 576865
 576820
 576594
 576419
 576254
 576230
 576177
 576146
 576126
 576012
 575583
 575435
 575292
 575155
 575032
 574962
 574837
 574688
 574590
 573874
 573853
 573786
 573679
 573439
 573346
 573065
 572877
 572808
 572593
 572524
 572443
 571993
 571822
 571684
 571428
 571333
 571150
 570829
 570742
 570500
 570339
 570118
 570093
 569987
 569863
 569600
 569270
 569143
 569025
 568929
 568675
 568563
 568300
 568163
 568111
 567980
 567878
 567808
 567266
 567027
 566860
 566375
 566334
 566094
 566009
 565572
 565348
 564867
 564547
 564374
 564060
 563741
 563633
 563289
 563243
 563039
 562951
 562877
 562852
 562730
 562294
 562142
 561853
 561742
 561497
 561317
 561221
 560582
 560326
 560108
 559884
 559679
 559511
 559047
 558815
 558685
 558501
 558265
 557992
 557873
 557585
 557461
 557300
 557136
 557046
 556815
 556660
 556553
 556390
 556236
 556058
 555829
 555477
 555338
 554799
 554719
 554662
 554455
 554302
 553812
 553465
 553321
 553183
 553064
 552784
 552631
 552486
 552308
 552205
 552007
 551971
 551938
 550716
 550072
 549811
 549642
 549429
 549206
 548738
 548467
 548334
 548331
 548190
 548059
 547871
 547743
 547460
 547313
 547268
 547241
 547218
 546843
 546747
 546561
 546296
 546141
 545623
 545398
 545142
 544833
 544757
 544071
 543811
 543405
 543307
 543171
 542885
 542649
 542262
 541806
 541732
 541658
 541480
 540935
 540559
 540163
 540147
 539996
 539652
 539183
 538982
 538606
 538514
 538325
 538298
 537832
 537528
 537258
 537104
 536756
 536370
 536185
 535988
 535913
 535822
 535253
 535091
 534841
 534743
 534654
 534535
 534237
 533997
 533888
 533451
 533230
 533055
 532893
 532669
 532575
 532371
 532204
 532009
 531922
 531692
 531626
 531433
 531171
 531033
 530777
 530564
 530482
 530157
 529868
 529717
 529513
 529317
 529179
 528970
 528834
 528704
 528473
 528243
 527849
 527765
 527730
 527694
 527583
 527008
 526818
 526536
 526477
 526312
 525958
 525910
 525696
 525617
 525423
 525254
 525083
 524421
 524344
 524086
 523840
 523778
 523719
 523320
 523139
 522735
 522598
 522396
 522165
 521864
 521602
 521398
 521252
 521120
 521072
 521014
 520642
 520577
 520260
 520113
 520042
 519914
 519735
 519658
 519623
 519603
 519442
 519372
 519174
 518969
 518666
 518296
 518286
 518054
 517945
 517854
 517608
 517338
 517222
 517015
 516970
 516856
 516109
 515851
 515389
 515205
 514706
 514457
 514050
 513940
 513822
 513371
 513149
 513002
 512955
 512743
 512690
 512544
 512361
 512073
 511899
 511875
 511639
 511480
 511270
 511013
 510693
 510137
 509781
 509304
 508786
 508760
 508663
 508433
 507846
 507260
 506869
 506849
 506625
 506499
 506270
 505979
 505901
 505747
 505518
 505340
 505279
 504758
 504700
 504467
 504143
 504014
 503955
 503575
 503455
 503422
 503115
 502890
 502248
 501974
 501718
 501429
 501218
 500912
 500635
 500592
 500107
 499953
 499886
 499836
 499630
 499448
 499181
 499015
 498947
 498904
 498811
 498687
 498652
 498467
 498278
 498047
 497945
 497674
 497562
 497461
 497226
 497095
 496962
 496687
 496593
 496402
 496356
 496138
 495876
 495748
 495428
 495251
 494880
 494714
 494535
 494259
 494117
 493867
 493764
 493688
 493593
 493300
 493272
 493157
 492978
 492394
 492139
 492063
 491978
 491758
 491590
 491290
 491129
 491025
 490792
 490581
 490328
 490176
 490074
 490012
 489960
 489584
 489230
 489093
 489062
 488891
 488235
 488145
 488038
 487582
 487562
 487223
 486875
 486623
 486382
 486238
 485837
 485714
 485433
 485248
 485151
 485074
 485016
 484759
 484464
 484433
 484273
 484125
 483993
 483720
 483648
 483593
 483570
 483441
 483357
 482837
 482624
 482525
 482370
 482277
 482248
 482171
 481397
 481244
 481127
 480658
 480369
 480359
 480167
 479921
 479462
 479327
 479177
 478686
 478488
 478295
 478066
 477808
 477466
 477144
 477090
 476897
 476653
 476477
 476463
 476362
 476123
 475833
 475735
 475631
 475050
 474939
 474926
 474825
 474626
 474501
 474130
 473984
 473938
 473788
 473640
 473431
 473192
 473150
 473003
 472832
 472419
 472349
 472214
 472075
 471872
 471651
 471514
 471164
 471131
 471075
 470987
 470774
 470588
 470180
 470017
 469879
 469711
 469662
 469421
 468669
 468231
 467774
 467350
 467305
 467179
 466987
 466911
 466787
 466671
 466584
 466406
 466047
 465762
 465701
 465524
 465303
 464892
 464673
 464424
 464354
 463955
 463623
 463383
 463276
 463266
 463136
 463080
 462872
 462732
 462691
 462459
 462193
 462101
 461874
 461829
 461593
 461538
 461178
 461092
 460726
 460296
 460227
 459701
 459217
 459080
 458838
 458478
 458143
 457925
 457879
 457688
 457607
 457263
 457023
 456931
 456621
 456499
 456192
 456102
 455992
 455795
 455415
 455386
 455238
 455184
 455090
 454924
 454219
 453868
 453759
 453662
 453381
 453222
 453116
 452824
 452732
 452449
 452432
 452413
 452262
 452196
 452014
 451799
 451661
 451503
 451322
 451180
 451137
 450980
 450720
 450506
 450318
 450308
 450165
 449992
 449864
 449822
 449679
 449567
 449504
 449426
 449245
 449095
 449023
 448941
 448722
 448545
 448142
 447863
 447670
 447619
 447502
 447192
 447005
 446903
 446855
 446650
 446116
 445972
 445891
 445765
 445505
 445233
 445052
 444665
 444444
 444155
 444048
 443848
 443804
 443774
 443559
 443285
 443162
 443107
 442818
 442767
 442605
 442426
 442061
 442014
 441597
 441474
 441351
 441080
 440882
 440363
 440104
 439891
 439773
 439399
 439192
 439103
 439027
 438912
 438793
 438611
 438290
 438005
 437641
 437561
 437500
 437398
 437217
 437195
 436916
 436745
 436570
 436168
 436097
 436006
 435865
 435483
 435440
 435278
 435147
 435068
 434648
 434523
 434402
 434153
 434002
 433812
 433768
 433559
 433503
 433476
 433392
 433132
 432817
 432292
 431907
 431839
 431757
 431552
 431432
 431315
 431016
 430809
 430629
 430438
 430366
 430286
 430092
 429578
 429270
 429167
 429005
 428865
 428858
 428769
 428721
 428571
 428362
 428276
 428120
 427605
 427333
 427229
 427029
 426841
 426423
 426183
 425886
 425445
 425361
 425170
 425008
 424956
 424765
 424627
 424470
 424253
 424060
 423963
 423910
 423812
 423571
 423321
 423288
 423093
 422733
 422623
 422484
 422249
 422134
 422056
 421739
 421604
 421583
 421351
 421052
 420685
 420537
 420380
 420185
 420050
 419914
 419714
 419621
 419445
 419034
 418876
 418590
 418498
 418326
 418150
 417976
 417664
 417531
 417369
 417051
 416805
 416366
 416316
 416158
 415798
 415704
 415405
 415235
 414904
 414473
 414443
 414125
 413803
 413377
 413129
 413013
 412911
 412849
 412786
 412536
 412458
 412371
 412111
 411970
 411905
 411657
 411566
 411320
 411170
 411133
 410658
 410584
 410230
 409961
 409675
 409597
 409436
 408772
 408479
 408331
 408154
 407990
 407905
 407653
 407224
 407137
 407067
 406918
 406776
 406302
 406053
 405759
 405607
 405533
 405337
 405080
 404729
 404452
 403857
 403693
 403408
 403362
 403259
 403142
 403008
 402841
 402730
 402661
 402616
 402300
 402182
 402095
 401695
 401480
 401270
 401138
 400991
 400958
 400778
 400570
 400348
 400299
 400261
 400000
 399832
 399486
 399262
 398962
 398745
 398448
 398323
 398244
 398058
 397993
 397849
 397721
 397674
 397532
 397339
 397295
 397254
 396990
 396780
 396158
 396085
 395919
 395563
 395509
 395412
 395338
 395145
 395121
 395065
 394936
 394761
 394736
 394501
 394267
 393865
 393483
 393316
 393275
 393215
 392820
 392645
 392578
 392519
 392205
 391938
 391677
 391528
 391409
 391265
 391158
 390804
 390749
 390733
 390499
 390441
 390252
 390058
 389954
 389618
 389543
 389428
 389390
 389221
 389131
 389059
 388963
 388766
 388524
 388194
 388127
 387981
 387964
 387691
 387603
 387521
 387461
 387422
 387253
 387018
 386785
 386581
 386386
 386268
 385950
 385885
 385792
 385523
 385416
 385189
 384957
 384853
 384713
 384353
 384164
 384105
 384023
 383561
 383458
 382988
 382589
 382502
 382428
 382137
 381879
 381446
 381332
 381165
 381118
 380857
 380752
 380348
 380182
 380044
 379880
 379746
 379562
 379502
 379404
 379298
 379163
 379133
 378880
 378762
 378667
 378564
 378457
 378281
 378113
 378040
 377505
 377166
 377049
 376937
 376805
 376703
 376636
 376346
 376242
 375860
 375771
 375455
 375158
 375092
 374838
 374581
 374218
 374121
 373978
 373890
 373783
 373213
 373056
 372461
 372217
 371731
 370985
 370928
 370592
 370358
 370044
 369767
 369692
 369661
 368737
 368695
 368470
 368267
 368090
 368028
 367655
 367434
 367137
 366815
 366748
 366712
 366404
 366171
 366060
 365977
 365607
 365473
 365145
 364985
 364548
 364256
 363724
 363650
 363380
 363299
 363180
 362986
 362573
 362415
 362324
 362317
 361649
 361554
 361458
 361240
 360956
 360758
 360588
 360293
 360021
 359919
 359751
 359580
 359438
 359357
 359245
 358686
 358531
 358378
 358370
 358319
 357957
 357741
 357254
 357019
 356831
 356591
 356245
 356164
 355838
 355810
 355555
 355415
 355119
 354886
 354523
 354166
 354006
 353865
 353846
 353694
 353574
 353424
 353032
 352898
 352673
 352375
 352043
 352002
 351788
 351614
 351378
 351344
 350634
 350230
 350059
 349840
 349754
 349529
 349124
 348890
 348766
 348351
 347971
 347859
 347282
 347236
 347140
 347003
 346934
 346704
 346683
 346587
 346060
 345822
 345679
 345526
 345454
 345218
 345126
 344920
 344837
 344790
 344674
 344386
 344262
 344086
 343965
 343915
 343834
 343803
 343683
 343502
 343234
 343162
 342893
 342569
 342472
 342319
 342070
 341788
 341653
 341566
 341257
 340983
 340766
 340647
 340312
 340005
 339805
 339172
 339066
 338927
 338664
 338135
 337941
 337560
 337459
 337416
 337256
 337039
 336884
 336557
 336319
 336077
 335995
 335873
 335640
 335370
 335322
 335050
 334847
 334645
 334251
 334082
 333930
 333333
 333333
 332906
 332791
 332662
 332391
 332357
 332310
 332225
 331747
 331608
 331489
 330837
 330657
 330541
 330467
 330258
 330232
 329822
 329653
 329479
 329418
 329293
 329137
 329106
 328997
 328767
 328566
 328256
 327967
 327592
 327391
 327010
 326997
 326826
 326723
 326572
 326347
 326128
 326013
 325721
 325377
 324908
 324897
 324773
 324519
 324287
 324257
 324196
 323973
 323893
 323712
 323540
 323404
 323288
 323191
 322812
 322207
 321829
 321604
 321473
 321375
 321243
 320824
 320732
 320336
 319922
 319723
 319663
 319415
 319288
 319194
 319085
 318982
 318681
 318250
 318086
 317913
 317727
 317471
 317372
 316948
 316779
 316570
 316397
 315962
 315584
 315570
 315231
 314874
 314826
 314786
 314694
 314465
 314378
 314123
 313531
 313320
 313244
 313098
 313003
 312820
 312367
 312115
 311999
 311926
 311850
 311840
 311560
 311198
 311176
 311111
 311051
 310843
 310136
 309779
 309627
 309372
 309306
 309182
 309090
 308669
 308595
 308545
 308429
 308358
 308217
 308047
 307814
 307692
 307501
 307348
 307191
 307055
 306788
 306734
 306402
 306368
 306291
 305997
 305553
 305389
 305279
 305027
 304759
 304200
 304137
 304024
 304012
 303934
 303802
 303474
 303318
 303167
 303048
 302865
 302788
 302665
 302076
 301999
 301837
 301606
 300902
 300884
 300704
 300610
 300567
 300192
 299647
 299199
 299128
 298921
 298799
 298539
 298039
 297797
 297444
 297254
 297105
 296925
 296817
 296660
 296416
 296277
 296121
 296095
 295845
 295671
 295577
 295196
 295163
 295064
 294932
 294751
 294313
 293984
 293824
 293729
 293577
 293354
 292867
 292833
 292668
 292553
 292358
 292215
 292035
 291663
 291355
 290945
 290310
 290297
 290212
 290129
 289733
 289624
 289435
 289330
 289066
 288924
 288786
 288483
 288251
 288063
 287826
 287574
 287217
 286799
 286659
 286478
 286401
 286108
 285866
 285738
 285392
 285146
 285120
 284995
 284716
 284475
 284431
 284326
 284033
 283905
 283823
 283505
 283291
 283034
 282857
 282716
 282538
 282182
 281967
 281724
 281333
 281179
 281001
 280914
 280147
 279919
 279661
 279402
 279301
 278947
 278828
 278759
 278632
 278538
 278384
 278014
 277821
 277725
 277430
 277333
 277237
 277044
 276848
 276552
 276406
 276343
 276190
 276088
 275958
 275678
 275434
 275070
 274758
 274678
 274510
 274481
 274395
 274127
 274032
 273902
 273770
 273684
 273557
 273210
 272807
 272755
 272510
 271863
 271582
 271496
 271315
 270803
 270747
 270637
 270388
 270211
 270173
 269875
 269275
 269094
 269021
 268792
 268512
 268277
 268142
 268065
 267948
 267818
 267429
 267222
 267142
 266968
 266939
 266787
 266150
 266099
 266062
 265938
 265588
 265336
 265213
 265056
 264970
 264369
 264269
 264037
 263684
 263349
 263308
 262890
 262784
 262475
 262363
 262074
 261638
 261408
 261310
 261170
 261016
 260987
 260218
 260172
 260052
 259633
 259034
 258958
 258679
 258382
 257844
 257620
 257300
 257129
 256768
 256722
 256525
 256232
 256111
 255884
 255859
 255802
 255376
 255261
 254890
 254810
 254504
 254440
 254326
 254129
 254048
 253874
 253539
 253461
 253421
 253197
 252866
 252534
 251821
 251524
 251367
 251207
 251012
 250978
 250776
 250656
 250248
 250144
 249939
 249833
 249673
 249373
 249112
 249070
 248986
 248905
 248812
 248680
 248587
 248360
 248278
 248169
 248073
 247903
 247793
 247625
 247483
 247381
 247259
 247021
 246284
 246096
 245971
 245545
 245302
 244733
 243997
 243866
 243701
 243633
 243418
 243374
 243320
 243153
 242940
 242675
 242236
 242186
 242050
 241820
 241782
 241692
 241448
 241379
 241243
 241088
 240962
 240931
 240725
 240568
 240403
 240103
 240092
 239824
 239594
 239292
 238784
 238557
 237935
 237787
 237688
 237300
 237113
 236974
 236789
 236714
 236544
 236443
 236306
 236163
 235814
 235592
 235539
 235191
 234986
 234784
 234648
 234505
 234483
 234456
 234288
 234215
 233900
 233502
 233295
 233141
 233124
 232891
 232775
 232471
 232299
 232017
 231971
 231853
 231796
 231613
 231265
 231192
 231093
 231020
 230783
 230230
 229863
 229686
 229508
 229350
 229276
 229193
 228937
 228785
 228529
 228463
 228382
 228194
 228175
 227805
 227628
 227568
 227312
 227111
 226787
 226545
 225971
 225869
 225574
 225118
 224879
 224645
 224485
 224409
 223891
 223795
 223623
 223543
 223493
 223039
 222828
 222648
 222099
 221867
 221735
 221667
 221567
 221280
 221229
 221002
 220935
 220849
 220739
 220684
 220588
 220259
 220189
 220153
 219824
 219783
 219167
 218673
 218404
 218284
 217920
 217813
 217739
 217675
 217490
 217434
 217117
 217023
 216634
 216570
 216419
 216182
 215935
 215838
 215619
 215437
 215339
 214935
 214611
 214336
 214167
 213532
 213161
 212875
 212692
 212546
 212275
 211981
 211944
 211612
 211409
 211316
 211230
 211110
 210974
 210893
 210813
 210342
 210266
 210156
 209486
 209220
 209121
 209032
 208776
 208272
 207855
 207638
 207595
 207479
 207105
 207044
 207017
 206921
 206833
 206662
 206641
 206525
 206241
 206140
 205948
 205911
 205819
 205616
 205513
 204928
 204656
 204557
 204347
 204080
 203927
 203595
 203458
 203368
 202732
 202567
 202472
 202432
 202366
 202089
 201974
 201818
 201653
 201266
 201194
 201019
 200967
 200866
 200553
 200000
 200000
 199999
 199608
 199416
 199321
 198905
 198816
 198438
 198367
 197995
 197752
 197642
 197551
 197082
 196988
 196798
 196669
 196564
 196312
 195973
 195917
 195856
 195174
 194857
 194690
 194507
 194115
 193939
 193807
 193637
 193538
 193465
 193397
 193206
 193031
 192990
 192923
 192859
 192424
 191827
 191770
 191664
 191418
 191312
 191187
 191021
 190975
 190867
 190775
 190668
 190251
 189662
 189498
 189313
 189052
 188990
 188888
 188878
 188691
 188505
 188355
 188174
 188123
 188075
 187619
 187434
 186890
 186607
 186447
 186370
 186102
 185896
 185463
 184834
 184713
 184646
 184557
 184305
 184144
 183898
 183793
 183316
 183083
 182961
 182812
 182477
 182336
 182315
 182156
 181707
 181574
 181331
 180898
 180485
 180176
 179502
 179372
 179019
 178718
 178508
 178174
 178051
 177974
 177784
 177387
 177182
 177157
 177090
 176942
 176921
 176329
 176125
 175815
 175750
 175666
 175412
 175283
 175236
 175085
 174832
 174650
 174150
 174059
 173770
 173334
 173214
 173160
 173061
 172737
 172453
 172379
 172099
 171507
 171465
 171182
 170876
 170479
 170156
 170083
 169921
 169595
 169348
 169077
 168955
 168919
 168776
 168505
 168315
 167913
 167798
 167748
 167497
 167169
 166980
 166952
 166556
 166514
 166170
 165810
 165640
 165537
 165333
 164606
 164397
 164305
 164033
 163839
 163492
 163315
 163008
 162924
 162799
 162517
 161987
 161826
 161623
 161539
 161271
 160840
 160821
 160735
 160704
 160287
 159998
 159873
 159763
 159368
 159018
 158897
 158757
 158490
 158390
 158185
 158109
 157787
 157735
 157637
 157307
 157223
 157016
 156989
 156609
 156558
 156355
 156247
 155963
 155650
 155632
 155555
 155365
 155005
 154536
 154294
 154086
 153757
 153550
 153191
 152491
 152197
 152170
 152096
 151870
 151761
 151119
 150872
 150769
 150596
 150375
 150239
 150059
 149579
 149395
 149262
 149109
 148767
 148610
 148552
 148430
 148362
 148101
 147727
 147553
 147277
 147230
 146868
 146757
 146237
 146048
 145874
 145781
 145584
 145457
 145309
 145170
 144828
 144518
 144331
 144132
 143925
 143738
 143546
 143282
 143070
 142857
 142707
 142382
 142294
 142201
 142083
 141888
 141805
 141639
 141476
 141139
 141068
 140812
 140654
 140562
 140489
 140358
 140338
 140186
 140097
 139406
 139331
 139278
 138952
 138662
 138184
 138050
 137943
 137614
 137503
 137234
 136917
 136690
 136655
 136568
 136205
 135598
 135480
 135360
 135082
 135021
 134788
 134625
 134527
 134194
 134020
 133734
 133421
 133358
 133159
 133097
 132605
 132476
 132247
 132044
 131543
 131456
 131313
 131178
 130941
 130829
 130672
 130395
 130262
 130164
 129830
 129557
 129250
 129044
 128850
 128663
 128459
 128229
 127923
 127877
 127659
 127477
 127417
 127379
 127205
 127052
 127031
 126943
 126903
 126829
 126751
 126521
 126171
 126139
 126103
 125981
 125902
 125779
 125734
 125567
 125461
 125122
 125000
 124678
 124566
 124453
 124081
 123960
 123919
 123591
 123344
 123195
 122816
 122740
 122009
 121951
 121901
 121595
 121518
 121315
 121234
 120994
 120925
 120729
 120509
 120369
 120202
 120133
 119978
 119732
 119508
 119228
 118964
 118764
 118633
 118365
 118332
 117969
 117855
 117655
 117333
 117226
 116812
 116350
 116001
 115957
 115799
 115373
 115152
 115012
 114595
 114105
 113878
 113704
 113342
 113213
 113128
 112741
 112338
 112223
 112172
 111795
 111633
 111423
 111111
 110735
 110592
 110371
 110285
 110199
 109979
 109311
 108979
 108817
 108603
 108480
 108143
 107985
 107776
 107574
 107226
 106669
 106382
 106291
 106176
 105688
 105503
 105396
 105146
 105043
 104988
 104744
 104547
 104447
 104220
 104151
 104131
 103957
 103457
 103392
 103262
 103214
 103091
 102517
 102144
 101855
 101729
 101579
 101459
 101238
 100950
 100865
 100737
 100424
 100250
 100122
 99794
 99706
 99618
 99564
 99125
 99029
 98857
 98754
 98631
 98500
 98344
 98310
 97781
 97468
 97285
 97183
 97157
 97059
 96864
 96675
 96508
 96360
 96246
 96016
 95710
 95308
 95210
 95037
 94951
 94897
 94601
 94485
 94355
 94039
 93723
 93645
 93501
 93298
 93221
 93135
 92952
 92704
 92276
 92142
 91803
 91517
 91484
 90982
 90959
 90778
 90743
 90657
 90225
 90161
 89829
 89579
 89316
 88726
 88604
 88347
 88098
 87824
 87478
 87337
 87263
 87143
 86845
 86731
 86541
 86342
 86274
 85957
 85823
 85647
 85514
 85492
 85327
 85039
 84475
 84336
 84044
 83945
 83798
 83761
 83735
 83612
 83038
 82977
 82586
 82366
 82239
 82205
 82036
 81837
 81769
 81639
 81421
 81341
 81097
 80554
 80446
 80368
 80180
 80035
 80004
 79809
 79536
 79279
 79245
 79144
 78982
 78864
 78637
 77944
 77802
 77593
 77401
 77119
 76923
 76883
 76548
 76384
 76079
 76012
 75910
 75612
 75438
 75352
 75282
 74968
 74935
 74538
 74526
 74092
 73994
 73797
 73718
 73511
 73394
 73377
 73106
 72836
 72677
 72602
 72552
 72511
 72305
 72088
 72007
 71916
 71789
 71653
 71593
 71261
 70891
 70875
 70744
 70649
 70439
 70269
 70054
 69896
 69730
 69514
 69320
 68431
 68376
 68204
 67978
 67740
 67631
 67549
 67341
 67179
 67128
 67037
 66698
 66666
 66523
 66329
 66067
 65948
 65820
 65300
 65209
 65141
 64843
 64642
 64013
 63972
 63708
 63678
 63615
 63556
 63522
 63264
 63159
 63130
 63063
 62940
 62838
 62360
 61981
 61893
 61806
 61673
 61596
 61389
 61235
 61224
 61159
 61036
 60712
 60424
 60356
 59953
 59742
 59496
 58989
 58986
 58659
 58517
 58284
 57726
 57652
 57591
 57507
 57245
 57135
 56614
 56460
 56379
 55997
 55595
 55523
 55168
 55045
 54995
 54599
 54317
 53998
 53802
 53666
 53396
 53330
 52945
 52699
 52631
 52453
 52224
 52189
 52106
 51871
 51804
 51630
 51447
 51319
 51247
 51044
 50949
 50628
 50526
 50494
 50347
 50250
 50205
 50197
 49846
 49725
 49614
 49408
 49103
 48757
 48516
 48327
 48134
 47872
 47625
 47487
 47443
 47373
 47049
 46909
 46665
 46388
 45991
 45871
 45622
 45464
 45353
 45132
 44703
 44340
 44305
 44012
 43783
 43669
 43451
 43329
 43272
 43220
 43154
 42692
 42541
 42343
 42258
 42059
 42000
 41884
 41490
 41359
 40850
 40044
 39559
 39454
 38997
 38787
 38529
 38444
 38421
 38278
 38095
 37837
 37345
 37043
 36923
 36669
 36478
 36302
 36045
 35974
 35825
 35667
 35550
 35320
 34982
 34809
 34601
 34572
 34482
 34466
 34400
 34223
 34100
 33740
 33135
 32963
 32786
 32720
 32688
 32518
 32074
 31746
 31511
 31427
 31256
 31197
 30987
 30902
 30721
 30498
 30369
 30312
 30079
 29901
 29546
 29363
 29285
 28679
 28603
 28251
 28128
 27718
 27464
 27244
 27201
 27042
 26784
 26612
 26468
 26424
 26073
 26004
 25740
 25704
 25496
 25380
 25228
 25202
 25090
 24828
 24626
 24519
 24417
 24320
 23952
 23791
 23691
 23583
 23498
 23113
 22941
 22457
 22380
 22021
 21627
 21555
 21312
 21247
 20761
 20587
 20502
 20244
 20062
 19967
 19937
 19816
 19529
 19330
 19071
 18711
 18621
 18358
 17821
 17639
 17491
 17366
 17057
 16895
 16853
 16696
 16597
 16349
 16093
 16008
 15861
 15697
 15544
 15462
 15434
 15333
 14835
 14371
 14247
 14222
 14008
 13824
 13653
 13436
 13407
 13371
 13289
 13118
 12558
 12232
 12093
 11673
 11576
 11484
 11408
 11348
 11228
 10820
 10609
 10533
 10368
 10166
 9948
 9753
 9550
 9519
 9453
 9265
 9181
 8933
 8465
 8261
 7904
 7820
 7581
 7524
 7454
 7143
 6966
 6864
 6551
 6325
 6233
 6125
 5988
 5918
 5664
 5581
 5190
 4892
 4579
 4213
 4054
 3775
 3752
 3665
 3416
 3263
 2966
 2822
 2620
 2578
 2150
 1779
 1448
 1267
 1090
 828
 556
 461
 307
 0
 0
 0
 0
 0
 0
 