499941
 499806
 499604
 499348
 499309
 499210
 499090
 499045
 498897
 498740
 498589
 498297
 497985
 497847
 497713
 497709
 497563
 497491
 497448
 497345
 497338
 497192
 497162
 496998
 496787
 496699
 496690
 496687
 496465
 496282
 496011
 495966
 495814
 495610
 495603
 495491
 495372
 495045
 494984
 494876
 494773
 494728
 494324
 494244
 494210
 494182
 494149
 494096
 494067
 493939
 493738
 493568
 493545
 493500
 493449
 493421
 493288
 493124
 493062
 493029
 493001
 492992
 492760
 492604
 492470
 492403
 492387
 492222
 492129
 491957
 491765
 491705
 491525
 491503
 491382
 491377
 491254
 490875
 490816
 490787
 490743
 490740
 490623
 490599
 490591
 490465
 490389
 490345
 490016
 489991
 489949
 489945
 489898
 489856
 489814
 489807
 489743
 489687
 489638
 489546
 489504
 489443
 489428
 489274
 488911
 488791
 488702
 488679
 488661
 488638
 488497
 488388
 488345
 488342
 488320
 488217
 488207
 488121
 488051
 487997
 487946
 487930
 487876
 487816
 487600
 487494
 487275
 486934
 486912
 486873
 486860
 486602
 486573
 485911
 485855
 485836
 485651
 485633
 485485
 485467
 485215
 485080
 485058
 485056
 485016
 484877
 484858
 484826
 484762
 484632
 484615
 484602
 484374
 484011
 483921
 483880
 483750
 483550
 483257
 483170
 483122
 483075
 482976
 482854
 482797
 482762
 482692
 482634
 482608
 482300
 482288
 482269
 482131
 482087
 482060
 482025
 481975
 481942
 481938
 481844
 481654
 481643
 481590
 481550
 481436
 481361
 481359
 481211
 481132
 481123
 481007
 480961
 480815
 480810
 480801
 480758
 480614
 480528
 480491
 480330
 480123
 480094
 479945
 479927
 479898
 479825
 479784
 479747
 479728
 479697
 479695
 479461
 479369
 479315
 479231
 479171
 478858
 478741
 478709
 478678
 478599
 478481
 478461
 478456
 478435
 478415
 478146
 478086
 477832
 477712
 477587
 477443
 477387
 477288
 476987
 476885
 476509
 476441
 476406
 476357
 476257
 476243
 476137
 476118
 476025
 475952
 475832
 475822
 475789
 475703
 475666
 475447
 475121
 475013
 475003
 474864
 474514
 474455
 474395
 474192
 474155
 474082
 473885
 473822
 473684
 473324
 472950
 472792
 472613
 472602
 472538
 472530
 472520
 472487
 472450
 472440
 472332
 472324
 472310
 472273
 472253
 472198
 472021
 471910
 471581
 471535
 471428
 471378
 471333
 471240
 471227
 471226
 471175
 471102
 470845
 470796
 470664
 470661
 470595
 470537
 470516
 470473
 470209
 470107
 470036
 469990
 469758
 469696
 469652
 469465
 469458
 469454
 469315
 469188
 468931
 468729
 468726
 468614
 468499
 468494
 468247
 468122
 467598
 467594
 467507
 467467
 467464
 467335
 467300
 467240
 467015
 466968
 466903
 466784
 466763
 466659
 466652
 466458
 466257
 466153
 466019
 465963
 465898
 465775
 465711
 465488
 465217
 465051
 465021
 465018
 464904
 464718
 464625
 464601
 464005
 463957
 463899
 463847
 463821
 463738
 463360
 463274
 462927
 462870
 462803
 462635
 462381
 462184
 462179
 462162
 462156
 462064
 462056
 462038
 461578
 461530
 461309
 461243
 461172
 461139
 461127
 461077
 460999
 460987
 460954
 460937
 460881
 460776
 460770
 460743
 460716
 460524
 460376
 460218
 459760
 459646
 459633
 459418
 459413
 459393
 459271
 459238
 459200
 458859
 458807
 458743
 458579
 458407
 458367
 458365
 458330
 458279
 458197
 458073
 457903
 457884
 457691
 457470
 457362
 457347
 457263
 457217
 457118
 457084
 457074
 457029
 456901
 456714
 456657
 456533
 456439
 456331
 456289
 456177
 456175
 456167
 456164
 456074
 456031
 456002
 455990
 455914
 455913
 455505
 455380
 455360
 455277
 455200
 455181
 454836
 454580
 454510
 454401
 454378
 454323
 454313
 454120
 454008
 454005
 453996
 453890
 453868
 453793
 453585
 453558
 453458
 453370
 453360
 453351
 453256
 453202
 453136
 453121
 453034
 452908
 452817
 452787
 452487
 452437
 452376
 452344
 452193
 452192
 452068
 452042
 451874
 451837
 451809
 451726
 451726
 451713
 451524
 451369
 451039
 450999
 450903
 450777
 450651
 450639
 450482
 450448
 450331
 450132
 450102
 450091
 449954
 449877
 449845
 449746
 449604
 449543
 449543
 449500
 449463
 449430
 449256
 449249
 448922
 448887
 448837
 448744
 448598
 448494
 448186
 448038
 447988
 447888
 447887
 447862
 447458
 447440
 447273
 447198
 447196
 447137
 447102
 447088
 446984
 446974
 446936
 446907
 446812
 446684
 446619
 446554
 446370
 446327
 446323
 446317
 446285
 445661
 445560
 445440
 445344
 445182
 445107
 444974
 444852
 444680
 444570
 444444
 444260
 444022
 444021
 443897
 443867
 443763
 443687
 443669
 443414
 443408
 443346
 443205
 443003
 442939
 442925
 442831
 442736
 442693
 442657
 442332
 442277
 441947
 441694
 441535
 441517
 441457
 441326
 441280
 441275
 441176
 440958
 440924
 440675
 440662
 440356
 440298
 440259
 440198
 439905
 439862
 439788
 439721
 439588
 439548
 439492
 439393
 439362
 439345
 439335
 439133
 439073
 439036
 438945
 438828
 438796
 438652
 438584
 438526
 438523
 438507
 438445
 438384
 438357
 438220
 438034
 437769
 437756
 437691
 437679
 437635
 437538
 437441
 437379
 437375
 437282
 437229
 437203
 437194
 436944
 436773
 436768
 436767
 436617
 436612
 436578
 436354
 436140
 436113
 435992
 435980
 435797
 435643
 435317
 435043
 435011
 434919
 434889
 434888
 434767
 434739
 434565
 434354
 434341
 434102
 434060
 434043
 433912
 433628
 433625
 433461
 433450
 433427
 433258
 433217
 433159
 433135
 433122
 433083
 432922
 432740
 432723
 432498
 432427
 432101
 432017
 431938
 431788
 431625
 431498
 431477
 431414
 431343
 431250
 431236
 430946
 430851
 430840
 430833
 430674
 430549
 430423
 430320
 430234
 430212
 430131
 430094
 429968
 429900
 429887
 429692
 429342
 429312
 429214
 429115
 429096
 428971
 428938
 428678
 428634
 428593
 428571
 428438
 428354
 428186
 428154
 428151
 428103
 428044
 428004
 427943
 427894
 427826
 427821
 427641
 427537
 427513
 427144
 427131
 427007
 426975
 426952
 426837
 426485
 426401
 426380
 426250
 426189
 426086
 425995
 425770
 425740
 425315
 424964
 424943
 424577
 424556
 424540
 424486
 424411
 424403
 424238
 424152
 424112
 423765
 423741
 423658
 423606
 422971
 422870
 422807
 422610
 422525
 422478
 422342
 422294
 422275
 422054
 421970
 421943
 421766
 421729
 421548
 421426
 421409
 421383
 421383
 421306
 421183
 421173
 421120
 421081
 420720
 420660
 420607
 420536
 420490
 420401
 420215
 420210
 420191
 420174
 419948
 419904
 419902
 419877
 419817
 419436
 419402
 419354
 419207
 419107
 418984
 418972
 418820
 418723
 418317
 418259
 418244
 418166
 418084
 418017
 417854
 417835
 417408
 417312
 417177
 417156
 417110
 416992
 416859
 416857
 416694
 416634
 416578
 416572
 416468
 416467
 416304
 416008
 415967
 415895
 415845
 415794
 415792
 415689
 415664
 415623
 415587
 415579
 415328
 415294
 415134
 415019
 415009
 414983
 414878
 414841
 414800
 414742
 414495
 414465
 414368
 414272
 414268
 414233
 414220
 414017
 413961
 413917
 413902
 413867
 413676
 413633
 413300
 413143
 413010
 412875
 412794
 412727
 412543
 412309
 411812
 411775
 411526
 411487
 411467
 411403
 411371
 410893
 410714
 410637
 410569
 410482
 410393
 410356
 410188
 410135
 410127
 409952
 409865
 409864
 409832
 409786
 409716
 409589
 409334
 409265
 409213
 409201
 408960
 408804
 408551
 408353
 408343
 408320
 408311
 408152
 408146
 408013
 407940
 407926
 407829
 407734
 407713
 407654
 407628
 407552
 407486
 407424
 407401
 407393
 407280
 407079
 406681
 406625
 406527
 406492
 406303
 406118
 406028
 405862
 405855
 405854
 405824
 405739
 405570
 405502
 405479
 405410
 405408
 405382
 405328
 405297
 405060
 404887
 404861
 404822
 404819
 404737
 404151
 404130
 403950
 403792
 403579
 403566
 403561
 403258
 403073
 402973
 402961
 402958
 402923
 402891
 402545
 402437
 402394
 402308
 402234
 402118
 402026
 402014
 402008
 401913
 401870
 401823
 401803
 401621
 401530
 401408
 401367
 401327
 401314
 401138
 401052
 401049
 400948
 400925
 400843
 400684
 400460
 400458
 400453
 400202
 399822
 399713
 399690
 399566
 399385
 399314
 399115
 399077
 398944
 398871
 398787
 398721
 398714
 398467
 398454
 398305
 398191
 398117
 398116
 398076
 398052
 398022
 398012
 397769
 397435
 397233
 397208
 396706
 396693
 396620
 396537
 396432
 396381
 396296
 396258
 396142
 396075
 395983
 395944
 395750
 395698
 395648
 395402
 395361
 395284
 395163
 395020
 394972
 394944
 394841
 394823
 394658
 394645
 394631
 394598
 394594
 394593
 394434
 394414
 394406
 394358
 394262
 394213
 394126
 394053
 394000
 393926
 393767
 393737
 393651
 393640
 393598
 393568
 393491
 393482
 393374
 393178
 393148
 392822
 392643
 392623
 392597
 392529
 392483
 392412
 392407
 392362
 392318
 392222
 391704
 391651
 391464
 391400
 391349
 391288
 391213
 391066
 390990
 390832
 390502
 390486
 390243
 390225
 390184
 390120
 390049
 389953
 389868
 389864
 389804
 389747
 389720
 389657
 389622
 389534
 389329
 389241
 389188
 388639
 388547
 388463
 388380
 388360
 388321
 388119
 388010
 387985
 387973
 387966
 387917
 387850
 387682
 387652
 387594
 387412
 387154
 387146
 387071
 386936
 386932
 386738
 386625
 386605
 386501
 386404
 386345
 386147
 386098
 385980
 385950
 385944
 385820
 385706
 385637
 385611
 385514
 385504
 385440
 385428
 385416
 385277
 385228
 385187
 385180
 384867
 384855
 384847
 384616
 384615
 384485
 384437
 384343
 384170
 384133
 383957
 383944
 383845
 383839
 383814
 383807
 383393
 383223
 383075
 382996
 382976
 382788
 382784
 382716
 382692
 382565
 382503
 382410
 382204
 382032
 381822
 381751
 381614
 381555
 381538
 381293
 381276
 381215
 380986
 380883
 380841
 380785
 380778
 380681
 380597
 380564
 380475
 380470
 380401
 380350
 380271
 380116
 379706
 379632
 379627
 379561
 379524
 379310
 379273
 379253
 379192
 379013
 378909
 378888
 378183
 378130
 378042
 377952
 377846
 377756
 377569
 377551
 377536
 377339
 377179
 377105
 377017
 377011
 376981
 376832
 376790
 376563
 376560
 376551
 376354
 376264
 376225
 376208
 376053
 376033
 375989
 375944
 375922
 375858
 375484
 375456
 375379
 375142
 375131
 375000
 374973
 374947
 374891
 374826
 374763
 374671
 374374
 374371
 374092
 374044
 373982
 373844
 373806
 373773
 373762
 373745
 373743
 373695
 373570
 373477
 373427
 373407
 373273
 373248
 373219
 373195
 372916
 372668
 372647
 372584
 372492
 372444
 372405
 372344
 372257
 372236
 372146
 372084
 371912
 371783
 371560
 371352
 371336
 371036
 371002
 370941
 370921
 370918
 370792
 370769
 370534
 370497
 370471
 370403
 370324
 370269
 370202
 370177
 370022
 369571
 369525
 369439
 369427
 369397
 369262
 368981
 368881
 368743
 368688
 368509
 368429
 368418
 368400
 368391
 368375
 368322
 368231
 368230
 368214
 368171
 368163
 368131
 367893
 367875
 367865
 367797
 367626
 367621
 367371
 367337
 367252
 367199
 366998
 366799
 366785
 366688
 366666
 366598
 366570
 366554
 366500
 366356
 366249
 366197
 366173
 365999
 365920
 365774
 365691
 365498
 365178
 365128
 365110
 364843
 364580
 364385
 364375
 364372
 364317
 364308
 364196
 364106
 364037
 363915
 363594
 363421
 363413
 363400
 363268
 363184
 363121
 363098
 362993
 362869
 362754
 362745
 362700
 362681
 362242
 362068
 361949
 361921
 361873
 361835
 361198
 361111
 361108
 360976
 360834
 360702
 360678
 360580
 360536
 360074
 359999
 359840
 359803
 359692
 359569
 359477
 359453
 359375
 359356
 359209
 358902
 358835
 358800
 358798
 358783
 358775
 358633
 358421
 358299
 358208
 358114
 358111
 358058
 358048
 357933
 357789
 357565
 357404
 357403
 357400
 357343
 357249
 357142
 357011
 356995
 356888
 356783
 356702
 356664
 356606
 356578
 356562
 356447
 356420
 356352
 356110
 356075
 356029
 355988
 355836
 355714
 355626
 355586
 355382
 355233
 355122
 355100
 355027
 354903
 354782
 354690
 354597
 354497
 354489
 354483
 354364
 354291
 354049
 353811
 353784
 353746
 353660
 353553
 353392
 353342
 353226
 353137
 352941
 352837
 352735
 352726
 352723
 352469
 352251
 352239
 352113
 352112
 352109
 351670
 351553
 351396
 351204
 351160
 351155
 351133
 350858
 350813
 350802
 350771
 350723
 350512
 350219
 350172
 349970
 349945
 349822
 349677
 349559
 349430
 349382
 349376
 349344
 349343
 349306
 349224
 349221
 349213
 349173
 349013
 349012
 348911
 348909
 348880
 348814
 348719
 348480
 348358
 348103
 347961
 347959
 347936
 347784
 347464
 347428
 347394
 347311
 347302
 347157
 347153
 346955
 346915
 346793
 346764
 346658
 346635
 346536
 346407
 346397
 346335
 346303
 346234
 346188
 346185
 346153
 345958
 345610
 345516
 345372
 345352
 345280
 345276
 344813
 344616
 344503
 344503
 344482
 344463
 344280
 344199
 344186
 344035
 344014
 343949
 343856
 343517
 343467
 343342
 343311
 343085
 343023
 342988
 342974
 342878
 342863
 342741
 342639
 342522
 342269
 342245
 342242
 342131
 342017
 341968
 341954
 341716
 341690
 341634
 341441
 341421
 341229
 341184
 341074
 340856
 340835
 340736
 340625
 340565
 340452
 340206
 340193
 339869
 339841
 339834
 339702
 339544
 339397
 339285
 339079
 339076
 338861
 338710
 338676
 338541
 338470
 338242
 338143
 338141
 338086
 337882
 337862
 337698
 337614
 337435
 337282
 337226
 337170
 337046
 336831
 336794
 336623
 336283
 336278
 336160
 336084
 336065
 335989
 335902
 335687
 335336
 335170
 335141
 334902
 334768
 334621
 334594
 334559
 334439
 334415
 334329
 334314
 334311
 334302
 334268
 334250
 334228
 334080
 333992
 333900
 333750
 333555
 333230
 333191
 333114
 332817
 332732
 332702
 332679
 332635
 332549
 332423
 332326
 332128
 332056
 331739
 331642
 331638
 331575
 331569
 331544
 331460
 331279
 331191
 331176
 330947
 330907
 330864
 330835
 330723
 330694
 330635
 330578
 330519
 330388
 330327
 330254
 330129
 329868
 329547
 329285
 329175
 329100
 328930
 328906
 328820
 328528
 328504
 328359
 328214
 328083
 327911
 327725
 327661
 327545
 327453
 327285
 327231
 327115
 327100
 327089
 327018
 327010
 326935
 326672
 326653
 326560
 326499
 326359
 326318
 326220
 326192
 326161
 325742
 325684
 325511
 325474
 325221
 325032
 325030
 324994
 324727
 324678
 324177
 324159
 323989
 323946
 323935
 323857
 323842
 323757
 323633
 323529
 323369
 323230
 323092
 323085
 323005
 323003
 322808
 322759
 322729
 322604
 322549
 322436
 322412
 322360
 322323
 322098
 321855
 321799
 321765
 321729
 321629
 321506
 321457
 321318
 321028
 320887
 320875
 320738
 320664
 320509
 320451
 320224
 320000
 319993
 319950
 319908
 319819
 319791
 319753
 319736
 319733
 319632
 319539
 319513
 319475
 319297
 318773
 318709
 318609
 318461
 318417
 318330
 318241
 318207
 318181
 318166
 318132
 318087
 317897
 317873
 317805
 317790
 317763
 317373
 317326
 317289
 317280
 317261
 317235
 317165
 317070
 316948
 316887
 316729
 316595
 316476
 316250
 316162
 316093
 316065
 316010
 315936
 315917
 315703
 315576
 315383
 315311
 315126
 315027
 314988
 314963
 314932
 314591
 314526
 314511
 314486
 314186
 314026
 314009
 313975
 313905
 313525
 313504
 313253
 313160
 312994
 312899
 312852
 312750
 312723
 312563
 312420
 312313
 312283
 312203
 312019
 311898
 311864
 311837
 311820
 311635
 311610
 311594
 311549
 310977
 310947
 310846
 310843
 310822
 310675
 310487
 310390
 310278
 310101
 309938
 309904
 309805
 309609
 309458
 309264
 308986
 308957
 308751
 308685
 308251
 308174
 307995
 307937
 307793
 307783
 307692
 307414
 307378
 307332
 307127
 307083
 306970
 306939
 306666
 306652
 306622
 306555
 306508
 306442
 306348
 306188
 306162
 306151
 306066
 305971
 305682
 305290
 305289
 305196
 304999
 304859
 304840
 304712
 304666
 304516
 304435
 304241
 304000
 303934
 303885
 303880
 303753
 303437
 303366
 303360
 303302
 302879
 302796
 302718
 302708
 302689
 302682
 302641
 302583
 302559
 302436
 302428
 302170
 301886
 301842
 301795
 301710
 301665
 301644
 301608
 301420
 301365
 301105
 301052
 300999
 300912
 300862
 300764
 300762
 300751
 300662
 300448
 300403
 300323
 300134
 299999
 299964
 299934
 299934
 299781
 299757
 299709
 299484
 299429
 299280
 299274
 299249
 299050
 298883
 298479
 298456
 298447
 298420
 298263
 298201
 298171
 298161
 297813
 297623
 297472
 297468
 297432
 297390
 297381
 297338
 297215
 297180
 297161
 297093
 297041
 297020
 296940
 296886
 296829
 296743
 296722
 296475
 296462
 296259
 296169
 296087
 295980
 295782
 295684
 295379
 295297
 295269
 295238
 294706
 294570
 294398
 294385
 294338
 294209
 294089
 293900
 293871
 293760
 293610
 293556
 293489
 293292
 293120
 293101
 292837
 292834
 292679
 292647
 292644
 292599
 292590
 292537
 292465
 292313
 292307
 292304
 292243
 292035
 292027
 292005
 291960
 291545
 291442
 291376
 291310
 291165
 291085
 291031
 290871
 290585
 290577
 290385
 290317
 290135
 290074
 289612
 289553
 289311
 289264
 289238
 289177
 289145
 289128
 288986
 288952
 288888
 288719
 288496
 288265
 288209
 288108
 287669
 287617
 287441
 287249
 287066
 286953
 286952
 286755
 286464
 286432
 286376
 286300
 286199
 286196
 286149
 285997
 285980
 285795
 285434
 285398
 285388
 285352
 285295
 285079
 284716
 284659
 284589
 284579
 284434
 284313
 284118
 283933
 283783
 283687
 283687
 283572
 283562
 283451
 283412
 283239
 283213
 283123
 283123
 282777
 282771
 282694
 282282
 282247
 282067
 281963
 281784
 281670
 281556
 281399
 281347
 281246
 281195
 281139
 280966
 280821
 280588
 280582
 280357
 280207
 280138
 280116
 280092
 280068
 280068
 279932
 279577
 279563
 279552
 279447
 279427
 279417
 279411
 279265
 279244
 279223
 279152
 279117
 279079
 278946
 278843
 278826
 278633
 278476
 277775
 277664
 277633
 277339
 277327
 277262
 277251
 277229
 277107
 277061
 276957
 276914
 276905
 276863
 276768
 276720
 276661
 276259
 276167
 276086
 275822
 275756
 275724
 275720
 275634
 275486
 275404
 275392
 275345
 275328
 275317
 274866
 274743
 274700
 274665
 274568
 274359
 274245
 273972
 273824
 273692
 273640
 273591
 273530
 273350
 273190
 273182
 272939
 272808
 272727
 272542
 272411
 272297
 272206
 272141
 271670
 271592
 271490
 271474
 271428
 271213
 271103
 271084
 270823
 270820
 270760
 270687
 270525
 270496
 270463
 270383
 270270
 270000
 269855
 269778
 269525
 269256
 269186
 269178
 269150
 268755
 268705
 268700
 268478
 268390
 268134
 268011
 267981
 267802
 267787
 267767
 267694
 267622
 267578
 267566
 267529
 267496
 267271
 267177
 267064
 267031
 266857
 266854
 266769
 266746
 266739
 266666
 266617
 266575
 266497
 266311
 266255
 266055
 266047
 265982
 265933
 265665
 265611
 265558
 265500
 265422
 265303
 264826
 264822
 264817
 264743
 264705
 264698
 264697
 264531
 264528
 264511
 264230
 264181
 264136
 263994
 263974
 263937
 263906
 263741
 263612
 263575
 263490
 263441
 263340
 263254
 263061
 262702
 262448
 262413
 262302
 262239
 262232
 262223
 262193
 262021
 262021
 262001
 261820
 261804
 261791
 261670
 261540
 261426
 261359
 261246
 260801
 260549
 260326
 260320
 260051
 259887
 259819
 259603
 259344
 259259
 259213
 259183
 259175
 259143
 259127
 259053
 258819
 258813
 258761
 258550
 258516
 258201
 258196
 257934
 257600
 257586
 257427
 257347
 257346
 257343
 257336
 257038
 257035
 257003
 256991
 256910
 256816
 256727
 256623
 256618
 256511
 256461
 256410
 256404
 256267
 256209
 256026
 256002
 255967
 255899
 255785
 255782
 255735
 255719
 255695
 255460
 255314
 254943
 254864
 254847
 254833
 254814
 254801
 254793
 254650
 254562
 254472
 254371
 254135
 254089
 254048
 253916
 253787
 253780
 253673
 253589
 253576
 253348
 253313
 253178
 253125
 252976
 252975
 252879
 252736
 252595
 252140
 252131
 252076
 251950
 251793
 251742
 251714
 251575
 251550
 251492
 251483
 251417
 251355
 251259
 251087
 251040
 250943
 250760
 250621
 250601
 250435
 250361
 250343
 250336
 250303
 250246
 250056
 250000
 249894
 249633
 249567
 249500
 249373
 249341
 249340
 249220
 249114
 248978
 248787
 248747
 248513
 248474
 248175
 248081
 248035
 247962
 247935
 247798
 247683
 247635
 247569
 247441
 247380
 247261
 247188
 247048
 246928
 246925
 246645
 246619
 246586
 246572
 246507
 246180
 246139
 245964
 245873
 245669
 245430
 245330
 245238
 245068
 245047
 244998
 244899
 244738
 244725
 244684
 244625
 244604
 244573
 244533
 244469
 243930
 243804
 243774
 243773
 243629
 243598
 243596
 243332
 243141
 243090
 242647
 242545
 242452
 242047
 241917
 241403
 241297
 241200
 241138
 240916
 240891
 240815
 240745
 240611
 240598
 240578
 240485
 240483
 240447
 240141
 240121
 240088
 240008
 239926
 239712
 239694
 239576
 239559
 239420
 239396
 239177
 238803
 238670
 238606
 238548
 238336
 238280
 238000
 237960
 237782
 237651
 237422
 237325
 237249
 236970
 236872
 236760
 236757
 236624
 236573
 236239
 236227
 236073
 235894
 235839
 235782
 235711
 235668
 235630
 235440
 235247
 235239
 235188
 235120
 235047
 234799
 234710
 234672
 234625
 234488
 234473
 234415
 234319
 234191
 234169
 233889
 233797
 233780
 233673
 233661
 233640
 233574
 233565
 233544
 233464
 233294
 233176
 233151
 233149
 233002
 232967
 232901
 232719
 232571
 232505
 232300
 232249
 232173
 232138
 232062
 232057
 231996
 231988
 231973
 231958
 231641
 231634
 231630
 231559
 231488
 231462
 231441
 231404
 231189
 231077
 231076
 230966
 230847
 230773
 230737
 230716
 230613
 230608
 230520
 230350
 230281
 230106
 229797
 229694
 229454
 229404
 229280
 229186
 229178
 229030
 228934
 228912
 228587
 228490
 228218
 228177
 228169
 228102
 228095
 228041
 227964
 227729
 227587
 227567
 227488
 227272
 227252
 227147
 227128
 227027
 227019
 226954
 226939
 226885
 226864
 226691
 226580
 226542
 226443
 226436
 226310
 226246
 226215
 226141
 226135
 226006
 225891
 225758
 225689
 225612
 225570
 225479
 225463
 225363
 225275
 225251
 225145
 225034
 224816
 224755
 224582
 224521
 224394
 224342
 224291
 224176
 224098
 224048
 224022
 223944
 223880
 223856
 223805
 223692
 223000
 222959
 222906
 222811
 222774
 222726
 222466
 222384
 222327
 222306
 222109
 222049
 221989
 221870
 221827
 221804
 221704
 221577
 221539
 221454
 221357
 221219
 221079
 221053
 221035
 220958
 220913
 220885
 220762
 220699
 220365
 220232
 220231
 220122
 220109
 220014
 219994
 219865
 219563
 219483
 219281
 219187
 219178
 218942
 218393
 218390
 218389
 218307
 218189
 218096
 218087
 217868
 217829
 217803
 217743
 217675
 217672
 217436
 217403
 217247
 217145
 217020
 217004
 216993
 216938
 216856
 216808
 216612
 216598
 216587
 216353
 216282
 216046
 215661
 215568
 215554
 215434
 215416
 215338
 215319
 215315
 215305
 215160
 215035
 214985
 214550
 214373
 214342
 214321
 214231
 214102
 213987
 213859
 213838
 213821
 213756
 213608
 213590
 213153
 213091
 213086
 213031
 212971
 212964
 212931
 212766
 212552
 212516
 212285
 212263
 212177
 212169
 211838
 211711
 211706
 211505
 211209
 211112
 211024
 210781
 210773
 210613
 210460
 210425
 210410
 210368
 210219
 210055
 210043
 209931
 209840
 209519
 209139
 209133
 209123
 209010
 208912
 208780
 208590
 208481
 208418
 208416
 208292
 208234
 208171
 208124
 207762
 207702
 207667
 207633
 207537
 207498
 207469
 207274
 207226
 207173
 207133
 206533
 206475
 206409
 206387
 206247
 206188
 206002
 205934
 205918
 205715
 205587
 205452
 205432
 205272
 205230
 205208
 205170
 205158
 205142
 205108
 204964
 204960
 204914
 204616
 204260
 204225
 204172
 204136
 204113
 204011
 204002
 203965
 203951
 203933
 203899
 203751
 203552
 203506
 203187
 203073
 202843
 202831
 202735
 202531
 202489
 202447
 202380
 202260
 202113
 202085
 202082
 201914
 201893
 201870
 201867
 201829
 201793
 201759
 201715
 201634
 201409
 201377
 201271
 201242
 201205
 200998
 200879
 200866
 200714
 200499
 200485
 200325
 200228
 200189
 200179
 200153
 200128
 200084
 200000
 200000
 199969
 199905
 199783
 199764
 199741
 199613
 199533
 199479
 199418
 199418
 199261
 199152
 198950
 198820
 198786
 198760
 198754
 198730
 198567
 198511
 198469
 198417
 197932
 197892
 197713
 197564
 197486
 197383
 197075
 196837
 196640
 196601
 196378
 196304
 196190
 196150
 196141
 195908
 195740
 195719
 195691
 195583
 195568
 195538
 195476
 195409
 195210
 195080
 194936
 194726
 194595
 194560
 194517
 194369
 194257
 194149
 193970
 193952
 193902
 193870
 193821
 193156
 193101
 193030
 193027
 192994
 192959
 192947
 192941
 192938
 192776
 192695
 192645
 192574
 192517
 192402
 192307
 192307
 192272
 192116
 191894
 191830
 191803
 191721
 191627
 191351
 191247
 191227
 191197
 191194
 191100
 191047
 190993
 190910
 190243
 190240
 190163
 189926
 189926
 189526
 189504
 189499
 189473
 189440
 189355
 189025
 188877
 188770
 188740
 188546
 188519
 188516
 188481
 188352
 188163
 187798
 187761
 187748
 187640
 187605
 187512
 187465
 187245
 187214
 186890
 186697
 186634
 186630
 186480
 186431
 186325
 186289
 186129
 186095
 186093
 186023
 185750
 185721
 185714
 185693
 185498
 185463
 185410
 185069
 184947
 184891
 184767
 184441
 184414
 184155
 184085
 184056
 183957
 183790
 183704
 183583
 183520
 183335
 183331
 183296
 183125
 182795
 182738
 182730
 182722
 182704
 182561
 182558
 182521
 182494
 182313
 182127
 182119
 182011
 181951
 181839
 181818
 181586
 181361
 181214
 181155
 180907
 180845
 180822
 180765
 180727
 180676
 180616
 180460
 180333
 180150
 179397
 179372
 179354
 179342
 179160
 179134
 178902
 178881
 178880
 178878
 178844
 178803
 178687
 178641
 178533
 178517
 178408
 178220
 178119
 178115
 178023
 177969
 177914
 177904
 177835
 177769
 177671
 177514
 177435
 177354
 177124
 177105
 176957
 176599
 176501
 176405
 176332
 176185
 176178
 175979
 175942
 175921
 175906
 175815
 175663
 175569
 175536
 175438
 175233
 175024
 175021
 174765
 174603
 174520
 174374
 174276
 174087
 174055
 173978
 173936
 173865
 173693
 173643
 173469
 173418
 173296
 173246
 173204
 173000
 172968
 172916
 172877
 172819
 172730
 172691
 172650
 172607
 172584
 172316
 171956
 171035
 170987
 170916
 170793
 170770
 170742
 170705
 170638
 170514
 170447
 170434
 170416
 170406
 170225
 170025
 169959
 169953
 169790
 169652
 169616
 169590
 169457
 168935
 168882
 168776
 168749
 168671
 168669
 168320
 168217
 167829
 167353
 167178
 167140
 167071
 166666
 166666
 166611
 166601
 166550
 166469
 166400
 166147
 166096
 166076
 165944
 165870
 165665
 165622
 165527
 165497
 165328
 165214
 165190
 165119
 165106
 164961
 164910
 164875
 164848
 164720
 164688
 164683
 164590
 164456
 164429
 164407
 164292
 164276
 164262
 164251
 164156
 164150
 163972
 163777
 163558
 163383
 163382
 163355
 163333
 163332
 163273
 163178
 163149
 163032
 162935
 162850
 162705
 162698
 162327
 162312
 162281
 162235
 162209
 162038
 162020
 161983
 161849
 161462
 161111
 161094
 161089
 160994
 160972
 160812
 160654
 160458
 160442
 160327
 160131
 160065
 159876
 159698
 159506
 159188
 159068
 159061
 158885
 158847
 158836
 158500
 158421
 158160
 157838
 157757
 157701
 157480
 157448
 157418
 157224
 157126
 157125
 157059
 156979
 156830
 156808
 156716
 156530
 156457
 156272
 155776
 155423
 155328
 155278
 155238
 155085
 155038
 154996
 154986
 154956
 154893
 154883
 154517
 154504
 154338
 154236
 154193
 154163
 154070
 154025
 153959
 153934
 153858
 153784
 153776
 153759
 153728
 153415
 153164
 153029
 153008
 152957
 152952
 152687
 152590
 152567
 152394
 152350
 152303
 152299
 152253
 152226
 152194
 152148
 152142
 151998
 151799
 151603
 151375
 151374
 151322
 151298
 151240
 151115
 151103
 150894
 150643
 150489
 150474
 150414
 150349
 150138
 149719
 149717
 149698
 149645
 149603
 149508
 149468
 149381
 149319
 149304
 149258
 149256
 149205
 149168
 149087
 148945
 148825
 148775
 148410
 148396
 148349
 148327
 148293
 148221
 148083
 147960
 147909
 147806
 147758
 147441
 147313
 147227
 147045
 146960
 146867
 146853
 146782
 146729
 146661
 146551
 146421
 146388
 146345
 146251
 146115
 145839
 145613
 145589
 145433
 145352
 145130
 145108
 144810
 144784
 144566
 144171
 144116
 144076
 144075
 144054
 144020
 144012
 143909
 143893
 143854
 143684
 143520
 143494
 143355
 143191
 142978
 142857
 142777
 142672
 142668
 142587
 142461
 142244
 142107
 142100
 141995
 141869
 141863
 141859
 141779
 141715
 141534
 141520
 141413
 141335
 141262
 141227
 141221
 140878
 140649
 140632
 140568
 140551
 140523
 140459
 140419
 140362
 140330
 140213
 140166
 140141
 139880
 139846
 139788
 139539
 139474
 139354
 139137
 138958
 138954
 138936
 138920
 138844
 138837
 138709
 138615
 138341
 138285
 138219
 138138
 138095
 138086
 137955
 137681
 137550
 136959
 136771
 136674
 136518
 136446
 136402
 136363
 136237
 136079
 135947
 135866
 135673
 135527
 135359
 135313
 135202
 135187
 135062
 134958
 134829
 134667
 134118
 133892
 133858
 133774
 133695
 133667
 133650
 133644
 133627
 133550
 133461
 133444
 133408
 133199
 133020
 132994
 132396
 132385
 132344
 132206
 131999
 131958
 131931
 131782
 131703
 131647
 131543
 131384
 131339
 131327
 131067
 130743
 130710
 130595
 130576
 130359
 130295
 130281
 130030
 129931
 129909
 129803
 129696
 129582
 129400
 129301
 129156
 129116
 129037
 129032
 129016
 128979
 128889
 128885
 128814
 128751
 128740
 128689
 128669
 128511
 128501
 128434
 128393
 128335
 128185
 128069
 127796
 127681
 127579
 127474
 127371
 127094
 127055
 127034
 126990
 126907
 126686
 126551
 126374
 126337
 126117
 126064
 125975
 125858
 125760
 125624
 125529
 125456
 125383
 125235
 125146
 125144
 125050
 124983
 124879
 124571
 124397
 124342
 124324
 124293
 124280
 124166
 124140
 124100
 124017
 123829
 123828
 123695
 123650
 123537
 123530
 123475
 123367
 123360
 123282
 123223
 123110
 122964
 122907
 122705
 122676
 122670
 122570
 122559
 122407
 122370
 122173
 122167
 122153
 122146
 122088
 122039
 121887
 121790
 121636
 121504
 121387
 121350
 121314
 121279
 121066
 120984
 120968
 120947
 120672
 120524
 120507
 120456
 120337
 120198
 120183
 120148
 120141
 120039
 119863
 119838
 119797
 119672
 119390
 119219
 118951
 118942
 118807
 118597
 118562
 118511
 118431
 118416
 118232
 118063
 117987
 117936
 117890
 117813
 117758
 117611
 117527
 117474
 117469
 117338
 117149
 117122
 117078
 117073
 117034
 117028
 117018
 116837
 116663
 116350
 116200
 116061
 116021
 115969
 115925
 115772
 115692
 115384
 115380
 115343
 115036
 114960
 114935
 114800
 114661
 114597
 114438
 114412
 114398
 114285
 113866
 113582
 113482
 113466
 113392
 113212
 113177
 113021
 112900
 112847
 112835
 112601
 112546
 112532
 112506
 112416
 112410
 112282
 112117
 111911
 111525
 111496
 111422
 111394
 111338
 111271
 111260
 111161
 111142
 111111
 111106
 111036
 110912
 110854
 110829
 110666
 110588
 110515
 110476
 110441
 110374
 110374
 110238
 110168
 110143
 110136
 110120
 110070
 110043
 110004
 109915
 109691
 109669
 109629
 109551
 109489
 109088
 108826
 108674
 108632
 108624
 108606
 108547
 108507
 108491
 108456
 108433
 108012
 107966
 107950
 107941
 107714
 107695
 107695
 107463
 107436
 107414
 107190
 107182
 107161
 107137
 107108
 106918
 106910
 106907
 106689
 106686
 106598
 106565
 106544
 106532
 106505
 106493
 106176
 106173
 106071
 105997
 105962
 105669
 105453
 105430
 105312
 105263
 105131
 105122
 105108
 105088
 104925
 104913
 104726
 104686
 104625
 104597
 104589
 104577
 104542
 104477
 104469
 104261
 104016
 103767
 103757
 103541
 103522
 103386
 103332
 103065
 103040
 103000
 102999
 102960
 102873
 102774
 102473
 102375
 102332
 102267
 102158
 102067
 102040
 101980
 101947
 101906
 101868
 101726
 101624
 101438
 101410
 101214
 101170
 101153
 101083
 100851
 100839
 100806
 100804
 100787
 100694
 100622
 100493
 100418
 100409
 100407
 100378
 100347
 100346
 100189
 100158
 100119
 100000
 100000
 99917
 99656
 99613
 99574
 99545
 99535
 99477
 99476
 99418
 99186
 99167
 99076
 98859
 98828
 98769
 98640
 98533
 98452
 98328
 98321
 98274
 98240
 98146
 98130
 98111
 98104
 97771
 97761
 97669
 97563
 97512
 97473
 97444
 97201
 96833
 96573
 96573
 96388
 96241
 96189
 96018
 95988
 95812
 95799
 95353
 95177
 95087
 94968
 94943
 94932
 94750
 94742
 94668
 94657
 94649
 94622
 94609
 94010
 93761
 93619
 93506
 93453
 93242
 92930
 92762
 92610
 92468
 92290
 92110
 92105
 92067
 91954
 91928
 91730
 91699
 91639
 91594
 91594
 91591
 91491
 91452
 91402
 91383
 91350
 91159
 91116
 91054
 90789
 90755
 90683
 90374
 90356
 90187
 90138
 89891
 89814
 89540
 89454
 89366
 89312
 89308
 89056
 88989
 88950
 88687
 88609
 88562
 88218
 87981
 87902
 87799
 87692
 87646
 87578
 87450
 87188
 87128
 86956
 86932
 86859
 86652
 86505
 86500
 86464
 86459
 86433
 86389
 86366
 86261
 86200
 86158
 86120
 86082
 86039
 85955
 85931
 85882
 85712
 85642
 85587
 85511
 85484
 85454
 85376
 85007
 84726
 84611
 84594
 84404
 84377
 84367
 84288
 84285
 84165
 84158
 84089
 83972
 83900
 83782
 83505
 83472
 83453
 83184
 83176
 83107
 83001
 82989
 82728
 82602
 82400
 82352
 82344
 82312
 82188
 82059
 81880
 81669
 81593
 81474
 81320
 81142
 81103
 80940
 80863
 80400
 80291
 80281
 80276
 80129
 79785
 79706
 79679
 79480
 79384
 79249
 79192
 79064
 79056
 78828
 78826
 78718
 78702
 78684
 78633
 78600
 78554
 78546
 78478
 78322
 78040
 78034
 77985
 77824
 77769
 77632
 77503
 77431
 77355
 77348
 77124
 77078
 77056
 77015
 76923
 76774
 76712
 76704
 76589
 76477
 76390
 75983
 75754
 75736
 75671
 75610
 75518
 75350
 75248
 75245
 75216
 75171
 75098
 75098
 74969
 74937
 74812
 74798
 74721
 74712
 74701
 74629
 74565
 74407
 74245
 74193
 74064
 74040
 74018
 73899
 73826
 73814
 73571
 73471
 73394
 73242
 73084
 72994
 72911
 72870
 72765
 72664
 72626
 72122
 72116
 72062
 71967
 71775
 71761
 71617
 71490
 71474
 71339
 71150
 71097
 71048
 71036
 70871
 70743
 70694
 70551
 70450
 70326
 70180
 70180
 70039
 69974
 69970
 69813
 69741
 69667
 69236
 69230
 69211
 69190
 69151
 69045
 69037
 69032
 68838
 68672
 68652
 68627
 68384
 68262
 68204
 68168
 68140
 68073
 68043
 68029
 67816
 67795
 67723
 67721
 67715
 67602
 67411
 67367
 67221
 67185
 67173
 67038
 66812
 66742
 66666
 66506
 66375
 66293
 66189
 66002
 65921
 65888
 65631
 65629
 65479
 65105
 65088
 65079
 65064
 65058
 64920
 64847
 64785
 64784
 64594
 64511
 64502
 64483
 64377
 64293
 64136
 64023
 63961
 63857
 63599
 63583
 63364
 63359
 63349
 63336
 63262
 63255
 63197
 63042
 63002
 62920
 62768
 62720
 62715
 62706
 62425
 62387
 62378
 62260
 62242
 61866
 61856
 61747
 61386
 61348
 61327
 61071
 61061
 60930
 60805
 60754
 60747
 60742
 60693
 60606
 60453
 60390
 60326
 60111
 60026
 59732
 59679
 59612
 59521
 59421
 59370
 59262
 59206
 59190
 58823
 58478
 58357
 58258
 58153
 58044
 57981
 57980
 57921
 57916
 57676
 57670
 57646
 57573
 57518
 57357
 57355
 57250
 57224
 57197
 56982
 56860
 56683
 56619
 56487
 56336
 56207
 55753
 55701
 55628
 55571
 55555
 55051
 54991
 54983
 54968
 54855
 54753
 54752
 54700
 54462
 54462
 54314
 54313
 54130
 54037
 53963
 53864
 53857
 53672
 53627
 53298
 53251
 53229
 53191
 52550
 52395
 52372
 52311
 52247
 52177
 52098
 51930
 51706
 51645
 51640
 51617
 51577
 51413
 51411
 51362
 51225
 51079
 50847
 50834
 50830
 50721
 50685
 50652
 50530
 50528
 50503
 50458
 50390
 50359
 50290
 50259
 50168
 50025
 49997
 49808
 49714
 49669
 49417
 49329
 49261
 49184
 49112
 48821
 48777
 48617
 48568
 48540
 48437
 48381
 48262
 48214
 48031
 48016
 48002
 47930
 47731
 47670
 47347
 47241
 47032
 46777
 46691
 46685
 46589
 46566
 46534
 46479
 46361
 46270
 46255
 46189
 46148
 46061
 45867
 45795
 45722
 45454
 45391
 45300
 45210
 45176
 45135
 45128
 44872
 44856
 44777
 44776
 44620
 44611
 44565
 44539
 44475
 44229
 44050
 43661
 43554
 43449
 43366
 43029
 43028
 43010
 42942
 42445
 42437
 42402
 42194
 41788
 41683
 41252
 40920
 40829
 40820
 40709
 40706
 40697
 40472
 40341
 40087
 39750
 39727
 39635
 39560
 39541
 39490
 39451
 39367
 39334
 39255
 39240
 39239
 39065
 38858
 38820
 38607
 38531
 38481
 38408
 38300
 38264
 38210
 38033
 37944
 37901
 37837
 37725
 37643
 37610
 37566
 37558
 37548
 37390
 37366
 37231
 37213
 37118
 37069
 37046
 37022
 37010
 36906
 36885
 36747
 36575
 36567
 36417
 36413
 36321
 36307
 36140
 36125
 36045
 35933
 35841
 35634
 35513
 35123
 35068
 35028
 35021
 34825
 34759
 34450
 34412
 34412
 34343
 34173
 34141
 34099
 34056
 33941
 33932
 33900
 33833
 33765
 33371
 33333
 33270
 33257
 32894
 32865
 32611
 32443
 32433
 32283
 32278
 32104
 32099
 31871
 31866
 31847
 31694
 31593
 31578
 31543
 31458
 31315
 31238
 31208
 31067
 31051
 30998
 30959
 30769
 30508
 30482
 30317
 30224
 30129
 30052
 29982
 29938
 29895
 29885
 29692
 29512
 29434
 29411
 29140
 29032
 28984
 28952
 28949
 28878
 28868
 28683
 28678
 28637
 28624
 28444
 28335
 28311
 28295
 28268
 28148
 28094
 27616
 27532
 27330
 27226
 26973
 26942
 26879
 26819
 26655
 26624
 26613
 26548
 26514
 26475
 26436
 26366
 26351
 26321
 26315
 26229
 26192
 26109
 26090
 25841
 25623
 25505
 24868
 24850
 24761
 24672
 24300
 24192
 24001
 23972
 23913
 23856
 23737
 23727
 23708
 23682
 23653
 23564
 23478
 23400
 23180
 23107
 23105
 22970
 22942
 22884
 22858
 22792
 22222
 22196
 22181
 22132
 22058
 22026
 21889
 21836
 21715
 21605
 21590
 21460
 21276
 21147
 21057
 21052
 20931
 20901
 20634
 20620
 20547
 20542
 20503
 20360
 20333
 20279
 20021
 19950
 19947
 19869
 19862
 19826
 19815
 19801
 19737
 19539
 19480
 19447
 19277
 19271
 19232
 19216
 19172
 19094
 19018
 18894
 18723
 18718
 18465
 18386
 18320
 18095
 17854
 17848
 17847
 17778
 17616
 17543
 17502
 17394
 17241
 17241
 16971
 16893
 16885
 16858
 16788
 16503
 16484
 16077
 15620
 15372
 15179
 15105
 15034
 14984
 14882
 14807
 14627
 14432
 14208
 14136
 13909
 13813
 13804
 13748
 13607
 13593
 13583
 13520
 13463
 13460
 13318
 13160
 13160
 13157
 13144
 12974
 12908
 12668
 12606
 12552
 12552
 12534
 12523
 12502
 12474
 12211
 12161
 12132
 12057
 12048
 12042
 11984
 11936
 11552
 11445
 11369
 11016
 10851
 10638
 10446
 10289
 10282
 10046
 9954
 9950
 9942
 9775
 9765
 9744
 9724
 9719
 9358
 9346
 9259
 8413
 8255
 8255
 8072
 8064
 8045
 7934
 7932
 7772
 7728
 7723
 7718
 7668
 7661
 7389
 7336
 7116
 6990
 6750
 6708
 6691
 6681
 6509
 6432
 6379
 6203
 6112
 5953
 5883
 5833
 5779
 5662
 5643
 5361
 4946
 4757
 4715
 4683
 4653
 4639
 4545
 4505
 4424
 4389
 4355
 4330
 4256
 4249
 4158
 4126
 3978
 3877
 3788
 3675
 3443
 3416
 3262
 3035
 2857
 2812
 2740
 2688
 2570
 2547
 2536
 2512
 2031
 1949
 1881
 1858
 1642
 1606
 1501
 1169
 1138
 1112
 973
 850
 806
 587
 562
 448
 421
 115
 33
 0
 0
 0
 0
 