499827
 499775
 499572
 499533
 499269
 499176
 499069
 499060
 498867
 498807
 498803
 498756
 498662
 498649
 498596
 498463
 498362
 498339
 498077
 497866
 497858
 497651
 497545
 497444
 497444
 497248
 497175
 497130
 497052
 497009
 496632
 496506
 496483
 496482
 496363
 496210
 496207
 495994
 495868
 495852
 495420
 495294
 495207
 495206
 495000
 494975
 494920
 494840
 494625
 494534
 494505
 494166
 494149
 494015
 493989
 493935
 493883
 493591
 493583
 493571
 493571
 493550
 493481
 493408
 493365
 493355
 493155
 493114
 492999
 492878
 492714
 492655
 492572
 492357
 492083
 492038
 491990
 491955
 491915
 491869
 491858
 491847
 491840
 491698
 491625
 491557
 491493
 491426
 491397
 491349
 491263
 491247
 491208
 491070
 491056
 490956
 490639
 490595
 490554
 490391
 490354
 490166
 490101
 490101
 490013
 489913
 489847
 489751
 489554
 489553
 489540
 489402
 489229
 489107
 489106
 489076
 488888
 488878
 488691
 488558
 488479
 488462
 488402
 488356
 488318
 488302
 488294
 488275
 488165
 487951
 487803
 487775
 487736
 487723
 487683
 487564
 487431
 487298
 487291
 487263
 487240
 487135
 487125
 487101
 487056
 487015
 486825
 486759
 486665
 486651
 486571
 486551
 486484
 486336
 486301
 486067
 485837
 485580
 485312
 485222
 485176
 485047
 484771
 484712
 484452
 484366
 484189
 484116
 484007
 483962
 483903
 483828
 483740
 483680
 483659
 483620
 483571
 483528
 483516
 483454
 483291
 483232
 483214
 482954
 482920
 482859
 482732
 482677
 482662
 482581
 482474
 482328
 482171
 482053
 481826
 481597
 481454
 481422
 481239
 480989
 480905
 480826
 480824
 480771
 480760
 480719
 480603
 480596
 480519
 480487
 480340
 480268
 480198
 480187
 480183
 480051
 480031
 479907
 479804
 479687
 479654
 479309
 479287
 478842
 478784
 478689
 478487
 478432
 478272
 478239
 477921
 477720
 477596
 477572
 477394
 477364
 477247
 477158
 477056
 476849
 476746
 476690
 476662
 476661
 476484
 476333
 476305
 476275
 476190
 476163
 476142
 476079
 476073
 476037
 476019
 476010
 475901
 475763
 475570
 475519
 475513
 475095
 474878
 474825
 474765
 474739
 474604
 474468
 474375
 474344
 474251
 474209
 474208
 474030
 473707
 473677
 473638
 473631
 473551
 473313
 473154
 473121
 472861
 472671
 472649
 472644
 472598
 472575
 472081
 472064
 472030
 471987
 471744
 471478
 471239
 471223
 471177
 470838
 470787
 470732
 470684
 470532
 470362
 470294
 470270
 469976
 469696
 469589
 469325
 469317
 469247
 469224
 469220
 469167
 469056
 468973
 468885
 468589
 468424
 468361
 468293
 468080
 468041
 468023
 467787
 467707
 467624
 467591
 467430
 467333
 467320
 467173
 466784
 466775
 466748
 466686
 466554
 466422
 466320
 465823
 465616
 465549
 465524
 465419
 465411
 465383
 465383
 465177
 465147
 465143
 465142
 465096
 465064
 464872
 464821
 464788
 464736
 464735
 464726
 464646
 464520
 464076
 464033
 463965
 463921
 463874
 463832
 463790
 463764
 463595
 463574
 463546
 463420
 463414
 463036
 463013
 462845
 462792
 462596
 462508
 462504
 462458
 462176
 462151
 462066
 462061
 462025
 462001
 461696
 461569
 461521
 461479
 461222
 460831
 460830
 460826
 460734
 460557
 460510
 460477
 460415
 460212
 460187
 460152
 460115
 460085
 460075
 460071
 460010
 459964
 459682
 459636
 459597
 459411
 459216
 459182
 458704
 458688
 458651
 458553
 458049
 457976
 457953
 457930
 457780
 457765
 457665
 457653
 457599
 457465
 457410
 457393
 457383
 457181
 456989
 456862
 456696
 456695
 456664
 456653
 456397
 456279
 456171
 455834
 455823
 455778
 455724
 455592
 455555
 455545
 455469
 455440
 455176
 455152
 455016
 454964
 454962
 454955
 454641
 454555
 454464
 454376
 454289
 454192
 454186
 454144
 454014
 453831
 453674
 453664
 453655
 453488
 453483
 453265
 453184
 452812
 452794
 452778
 452775
 452771
 452756
 452722
 452671
 452641
 452571
 452457
 452423
 452380
 452370
 452185
 452087
 451969
 451847
 451713
 451650
 451590
 451369
 451320
 450981
 450591
 450552
 450470
 450394
 450361
 450303
 450282
 450151
 450076
 449996
 449935
 449928
 449902
 449827
 449758
 449720
 449716
 449688
 449528
 449526
 449308
 449297
 449116
 449069
 448985
 448920
 448733
 448636
 448572
 448454
 448301
 448270
 448226
 448170
 448087
 447737
 447687
 447657
 447616
 447471
 447223
 447167
 447113
 447082
 447077
 447038
 446998
 446965
 446946
 446907
 446666
 446649
 446421
 446354
 446333
 446269
 446149
 445964
 445502
 445189
 445140
 445115
 444670
 444524
 444418
 444406
 444363
 444346
 444271
 444259
 444206
 444054
 443926
 443904
 443817
 443779
 443718
 443549
 443390
 443352
 443094
 443091
 443060
 442632
 442568
 442202
 442104
 441989
 441988
 441953
 441787
 441657
 441625
 441616
 441561
 441492
 441351
 441226
 441023
 440890
 440885
 440833
 440804
 440585
 440463
 440362
 440274
 440127
 440024
 439946
 439945
 439622
 439525
 439461
 439411
 439403
 439364
 439024
 438979
 438838
 438814
 438765
 438756
 438697
 438635
 438623
 438562
 438461
 438231
 438196
 438168
 438129
 438079
 438055
 438054
 438013
 437946
 437934
 437581
 437572
 437549
 437452
 437300
 437093
 436676
 436615
 436509
 436384
 436344
 436340
 436241
 436236
 436158
 436034
 436031
 436024
 435819
 435812
 435787
 435523
 435483
 435412
 435240
 435185
 435096
 434919
 434463
 434369
 434331
 434228
 434214
 434165
 434127
 434094
 433928
 433778
 433772
 433713
 433301
 432982
 432961
 432711
 432707
 432510
 432446
 432434
 432368
 432270
 432241
 432210
 431921
 431877
 431826
 431779
 431615
 431595
 431578
 431552
 431358
 431279
 431190
 431079
 431054
 431034
 430968
 430839
 430838
 430736
 430684
 430641
 430633
 430497
 430486
 430475
 430472
 430417
 430394
 430021
 430008
 429796
 429784
 429715
 429493
 429430
 429413
 429330
 429321
 429206
 429141
 429135
 429070
 429014
 428571
 428560
 428557
 428478
 428301
 428272
 428069
 427926
 427855
 427832
 427831
 427654
 427602
 427386
 427372
 427366
 427241
 427064
 426795
 426727
 426623
 426440
 426184
 426183
 426091
 425726
 425657
 425527
 425285
 424980
 424879
 424873
 424841
 424702
 424700
 424691
 424675
 424492
 424386
 424246
 424217
 423849
 423683
 423655
 423643
 423561
 423511
 423334
 423235
 423196
 423062
 422916
 422808
 422763
 422559
 422510
 422493
 422490
 422483
 422333
 422304
 422222
 422170
 422078
 422019
 421987
 421848
 421582
 421354
 421197
 421112
 421083
 421071
 421052
 420957
 420845
 420805
 420710
 420569
 420131
 420095
 420000
 419551
 419202
 419200
 419132
 419094
 419050
 419000
 418933
 418658
 418610
 418527
 418486
 417902
 417879
 417589
 417582
 417181
 417131
 417094
 416947
 416802
 416790
 416727
 416670
 416581
 416442
 416418
 416415
 416386
 416282
 416189
 416179
 416171
 415724
 415710
 415676
 415200
 415101
 415060
 415014
 415004
 414965
 414852
 414845
 414836
 414731
 414704
 414700
 414683
 414652
 414634
 414625
 414612
 414511
 414472
 414280
 414255
 414154
 414039
 413898
 413879
 413716
 413619
 413359
 413090
 413086
 412998
 412944
 412919
 412758
 412728
 412582
 412562
 412396
 412366
 412340
 412181
 412029
 411902
 411888
 411850
 411792
 411734
 411584
 411535
 411504
 411411
 411229
 411154
 410936
 410453
 410153
 410001
 409984
 409965
 409527
 409523
 409523
 409502
 409495
 409420
 409313
 409273
 409148
 409009
 409003
 409001
 408906
 408848
 408786
 408772
 408763
 408678
 408638
 408500
 408465
 408382
 408180
 408090
 407897
 407706
 407529
 407418
 407192
 406950
 406627
 406017
 405984
 405883
 405828
 405819
 405716
 405487
 405451
 405335
 405319
 405285
 405279
 405123
 404912
 404906
 404847
 404845
 404841
 404692
 404502
 404446
 404259
 404206
 404158
 404090
 403870
 403626
 403614
 403536
 403461
 403368
 403308
 403221
 403138
 403099
 403007
 402979
 402898
 402735
 402715
 402706
 402567
 402504
 402317
 402241
 402223
 402214
 402177
 401659
 401528
 401127
 401023
 400955
 400947
 400908
 400726
 400557
 399999
 399999
 399999
 399954
 399830
 399657
 399598
 399414
 399355
 399275
 399109
 399092
 399054
 398940
 398878
 398843
 398717
 398703
 398564
 398538
 398503
 398497
 398475
 398265
 398100
 397999
 397959
 397907
 397702
 397644
 397499
 397467
 397443
 397438
 397269
 397111
 397099
 396770
 396767
 396689
 396674
 396591
 396570
 396169
 396080
 395998
 395990
 395896
 395753
 395593
 395504
 395493
 395234
 395223
 395203
 395194
 395098
 395098
 395020
 395005
 394990
 394916
 394908
 394770
 394694
 394612
 394592
 394252
 394223
 394183
 393988
 393767
 393750
 393691
 393568
 393555
 393526
 393324
 393257
 393145
 393096
 392787
 392703
 392697
 392391
 392366
 392340
 392293
 392239
 392231
 391670
 391270
 391231
 391134
 390859
 390845
 390807
 390710
 390701
 390364
 390346
 390320
 390156
 390026
 389978
 389948
 389897
 389830
 389719
 389695
 389531
 389460
 389393
 389172
 388941
 388894
 388888
 388888
 388841
 388788
 388784
 388690
 388213
 388083
 388042
 387757
 387735
 387647
 387285
 387236
 387230
 387134
 387042
 386977
 386759
 386740
 386683
 386509
 386462
 386403
 386356
 386204
 386166
 386075
 386038
 385731
 385693
 385620
 385532
 385307
 385297
 385279
 385161
 385150
 384964
 384951
 384922
 384727
 384674
 384535
 384528
 384078
 384025
 384019
 384017
 383871
 383870
 383866
 383687
 383670
 383657
 383612
 383542
 383250
 383033
 382865
 382754
 382749
 382736
 382732
 382650
 382643
 382596
 382280
 381901
 381793
 381646
 381475
 381401
 381311
 381181
 381166
 381045
 380977
 380924
 380759
 380655
 380554
 380545
 380504
 380329
 380187
 380102
 380015
 380009
 379834
 379813
 379746
 379512
 379402
 379383
 379321
 379245
 379227
 379058
 379026
 378970
 378969
 378919
 378892
 378817
 378721
 378661
 378476
 378382
 378368
 378344
 378315
 378271
 378250
 378200
 378091
 378005
 378001
 377977
 377949
 377843
 377833
 377767
 377754
 377718
 377658
 377480
 377367
 377328
 377177
 377133
 377070
 376817
 376795
 376784
 376689
 376687
 376596
 376592
 376284
 376254
 376100
 376014
 375995
 375941
 375938
 375921
 375913
 375552
 375401
 375373
 375220
 374922
 374861
 374759
 374558
 374502
 374489
 374478
 374461
 374413
 374396
 374298
 374190
 374165
 373981
 373926
 373810
 373768
 373376
 373322
 373297
 373280
 373237
 373236
 373200
 373190
 373141
 373098
 372964
 372910
 372769
 372738
 372677
 372640
 372418
 372275
 372183
 372114
 371882
 371715
 371617
 371544
 371461
 371176
 371136
 371128
 370896
 370892
 370777
 370743
 370624
 370471
 370356
 370319
 370183
 370145
 369998
 369971
 369758
 369674
 369666
 369512
 369296
 369263
 369063
 369036
 369002
 368942
 368902
 368676
 368659
 368593
 368446
 368395
 368101
 367774
 367681
 367623
 367548
 367544
 367460
 367443
 367390
 367309
 367293
 366980
 366604
 366564
 366362
 366357
 366346
 366317
 366055
 365991
 365921
 365617
 365522
 365370
 364960
 364643
 364455
 364451
 364382
 364358
 364358
 364297
 364179
 364117
 363939
 363722
 363665
 363636
 363593
 363407
 363373
 363225
 363157
 363137
 363025
 362974
 362967
 362909
 362878
 362837
 362836
 362817
 362745
 362724
 362652
 362621
 362620
 362550
 362513
 362486
 362188
 362148
 362133
 362093
 362041
 361880
 361865
 361702
 361653
 361653
 361402
 361275
 361216
 360980
 360885
 360812
 360768
 360398
 360213
 360195
 359910
 359888
 359886
 359843
 359813
 359394
 359237
 359058
 358936
 358834
 358642
 358626
 358515
 358429
 358352
 358085
 357904
 357723
 357719
 357677
 357677
 357653
 357597
 357532
 357443
 357431
 357296
 357287
 357283
 357197
 357158
 357142
 357053
 357014
 357005
 356933
 356917
 356792
 356768
 356752
 356441
 356353
 356043
 356041
 355486
 355258
 355251
 354913
 354794
 354696
 354448
 354411
 354344
 354216
 354059
 353854
 353817
 353783
 353783
 353780
 353731
 353628
 353603
 353573
 353567
 353516
 353290
 353052
 352655
 352598
 352319
 352280
 352117
 351915
 351835
 351792
 351771
 351674
 351648
 351648
 351546
 351537
 351410
 351304
 351036
 350839
 350830
 350812
 350750
 350746
 350731
 350649
 350636
 350497
 350426
 350260
 350165
 350106
 349879
 349855
 349837
 349827
 349707
 349690
 349688
 349582
 349538
 349504
 349392
 349362
 349352
 349249
 349163
 349133
 349008
 348800
 348791
 348746
 348631
 348383
 348284
 348252
 348177
 348176
 348156
 348137
 348093
 348030
 348016
 347616
 347573
 347516
 347441
 347427
 347414
 347367
 347283
 347259
 347116
 347055
 346987
 346958
 346955
 346845
 346806
 346768
 346757
 346716
 346666
 346441
 346370
 346346
 346287
 346285
 346111
 346056
 346012
 345948
 345835
 345475
 345359
 345195
 345155
 345107
 345097
 345054
 344943
 344827
 344819
 344790
 344612
 344610
 344243
 344152
 344092
 343972
 343942
 343682
 343669
 343627
 343604
 343368
 342987
 342975
 342834
 342479
 342350
 342275
 342155
 342038
 341906
 341678
 341662
 341382
 341380
 341353
 341260
 341223
 341165
 341113
 340996
 340912
 340805
 340652
 340624
 340372
 340365
 340264
 340122
 339971
 339855
 339799
 339694
 339657
 339648
 339626
 339616
 339591
 339335
 339205
 339200
 338975
 338959
 338896
 338770
 338750
 338616
 338291
 338091
 337966
 337928
 337841
 337723
 337637
 337572
 337523
 337371
 337349
 337306
 337280
 337143
 337040
 336984
 336879
 336754
 336431
 336234
 336178
 336175
 336160
 336084
 335640
 335557
 335428
 335366
 335299
 335022
 335008
 335002
 334894
 334763
 334683
 334677
 334494
 334481
 334288
 334101
 333867
 333781
 333675
 333510
 333464
 333461
 333333
 333333
 333333
 333113
 332909
 332765
 332727
 332587
 332362
 332055
 331973
 331950
 331928
 331913
 331869
 331594
 331564
 331535
 331398
 331341
 330946
 330914
 330903
 330597
 330584
 330545
 330508
 330469
 330464
 330427
 330259
 330003
 329860
 329849
 329516
 329515
 329326
 329322
 328947
 328808
 328618
 328471
 328042
 327977
 327835
 327797
 327777
 327674
 327649
 327630
 327623
 327586
 327512
 327477
 327316
 327027
 326769
 326704
 326460
 326226
 326053
 326041
 325890
 325697
 325572
 325396
 325358
 325352
 325349
 325164
 325020
 324976
 324965
 324862
 324862
 324819
 324673
 324624
 324553
 324508
 324507
 324170
 324104
 323806
 323805
 323647
 323550
 323204
 323122
 322667
 322490
 322469
 322376
 322231
 322188
 322107
 322060
 321909
 321810
 321591
 321262
 321251
 321221
 321170
 321145
 321126
 321019
 320969
 320966
 320940
 320659
 320605
 320582
 320216
 320161
 320077
 319833
 319823
 319796
 319793
 319503
 319372
 319242
 319160
 319064
 318959
 318936
 318854
 318809
 318752
 318745
 318723
 318184
 318096
 317911
 317829
 317823
 317802
 317763
 317745
 317440
 317331
 317233
 317221
 317190
 317188
 317113
 317050
 317006
 316968
 316961
 316947
 316804
 316722
 316718
 316696
 316631
 316343
 316217
 316088
 316078
 316067
 315999
 315981
 315977
 315914
 315863
 315828
 315711
 315687
 315643
 315637
 315610
 315315
 315117
 315101
 314895
 314859
 314833
 314829
 314814
 314738
 314651
 314372
 314356
 314314
 314187
 314114
 314074
 313940
 313915
 313793
 313788
 313771
 313742
 313673
 313667
 313664
 313581
 313432
 313408
 313361
 313354
 313301
 313043
 313017
 312931
 312905
 312878
 312855
 312742
 312729
 312355
 312329
 312187
 312115
 312067
 312032
 311971
 311912
 311573
 311486
 311218
 311115
 311012
 311002
 310838
 310720
 310573
 310461
 310236
 310207
 310178
 310126
 310102
 310015
 309904
 309777
 309566
 309523
 309361
 309252
 309160
 309142
 308911
 308744
 308644
 308637
 308600
 308587
 308395
 308299
 308263
 308185
 308126
 308118
 307714
 307692
 307351
 307066
 307006
 306984
 306691
 306509
 306451
 306362
 306223
 306106
 306102
 306093
 305966
 305732
 305667
 305572
 305451
 305410
 305294
 305154
 305084
 304745
 304741
 304673
 304586
 304555
 304391
 304375
 304351
 304271
 304243
 303686
 303378
 303270
 303252
 303064
 303011
 302943
 302933
 302924
 302770
 302381
 302195
 302161
 302088
 301998
 301829
 301713
 301669
 301533
 301378
 301316
 301147
 300762
 300718
 300391
 300376
 300000
 299899
 299771
 299545
 299252
 299249
 299097
 298924
 298768
 298764
 298764
 298672
 298228
 298166
 297989
 297958
 297912
 297856
 297856
 297771
 297745
 297722
 297406
 297356
 297264
 297074
 296703
 296468
 296354
 296314
 296211
 296204
 296199
 295820
 295671
 295630
 295606
 295275
 295127
 295017
 294994
 294978
 294925
 294704
 294668
 294562
 294398
 294392
 294306
 294117
 294050
 293992
 293921
 293878
 293862
 293572
 293402
 293339
 293277
 293140
 293118
 293105
 293103
 293016
 292899
 292704
 292641
 292522
 292235
 292177
 292041
 291891
 291859
 291830
 291807
 291509
 291285
 291278
 291232
 290812
 290739
 290489
 290339
 290220
 290187
 290131
 290068
 290005
 289973
 289705
 289687
 289609
 289453
 289393
 289181
 289050
 289039
 289008
 289003
 289002
 288941
 288583
 288548
 288470
 288418
 288025
 287937
 287909
 287894
 287875
 287598
 287376
 287284
 286965
 286849
 286744
 286690
 286404
 286330
 286240
 286147
 286005
 285807
 285640
 285244
 285159
 285058
 284978
 284951
 284788
 284712
 284581
 284529
 284362
 284328
 284205
 284196
 284172
 284063
 284043
 283898
 283842
 283708
 283682
 283633
 283622
 283604
 283501
 283439
 283355
 283240
 283217
 283140
 283139
 283052
 283052
 283050
 283008
 282551
 282481
 282393
 282289
 282253
 282235
 282177
 282105
 282065
 282025
 281907
 281581
 281532
 281448
 281424
 281343
 281328
 280870
 280658
 280572
 280539
 280487
 280471
 280452
 280110
 280071
 279963
 279957
 279950
 279919
 279899
 279828
 279348
 279320
 279181
 278838
 278791
 278606
 278435
 278418
 278360
 278188
 278182
 278179
 278081
 278001
 277933
 277920
 277899
 277730
 277650
 277626
 277406
 277201
 277133
 277004
 276920
 276689
 276687
 276654
 276616
 276586
 276509
 276505
 276430
 275916
 275901
 275885
 275783
 275739
 275724
 275409
 275392
 275249
 275073
 274893
 274684
 274626
 274623
 274445
 274355
 274074
 273895
 273696
 273616
 273590
 273584
 273557
 273468
 273423
 273189
 273086
 273035
 273027
 273007
 272782
 272579
 272496
 272483
 272287
 272244
 272161
 272133
 272130
 271975
 271909
 271844
 271646
 271428
 270916
 270866
 270733
 270656
 270607
 270523
 270514
 270491
 270428
 270301
 270123
 269957
 269920
 269545
 269377
 269290
 269201
 268984
 268933
 268859
 268774
 268439
 268233
 268190
 268164
 268007
 267833
 267826
 267742
 267627
 267605
 267597
 267547
 267402
 267372
 267328
 267076
 266978
 266958
 266761
 266744
 266698
 266693
 266690
 266541
 266518
 266407
 266272
 265959
 265931
 265836
 265832
 265697
 265658
 265605
 265575
 265556
 265483
 265298
 265057
 265028
 264896
 264872
 264705
 264570
 264490
 264466
 264410
 264213
 264100
 264079
 263801
 263794
 263594
 263477
 263474
 263172
 263018
 263014
 262995
 262903
 262882
 262810
 262579
 262516
 262308
 261940
 261729
 261543
 261426
 261414
 261407
 261184
 261114
 261044
 260954
 260869
 260554
 260483
 260174
 260090
 260069
 259853
 259102
 259067
 258912
 258833
 258605
 258520
 258412
 257921
 257834
 257823
 257521
 257465
 257448
 257321
 257262
 257188
 257140
 256880
 256827
 256806
 256562
 256387
 256346
 256099
 256019
 256002
 255813
 255794
 255294
 254914
 254851
 254850
 254714
 254689
 254661
 254612
 254556
 254514
 254480
 254432
 254385
 254351
 254333
 254269
 254198
 254072
 254034
 254001
 253937
 253894
 253872
 253825
 253704
 253665
 253578
 253253
 253253
 253221
 253197
 252873
 252749
 252707
 252694
 252525
 252525
 252427
 252288
 252136
 252118
 251999
 251529
 251414
 251402
 251229
 251171
 251015
 250955
 250937
 250784
 250677
 250600
 250599
 250532
 250230
 250187
 250165
 250045
 250000
 249874
 249859
 249787
 249714
 249624
 249594
 249507
 249467
 249466
 249445
 249443
 249429
 249390
 249348
 249250
 249146
 248748
 248743
 248658
 248618
 248525
 248479
 248424
 248338
 248010
 247853
 247826
 247761
 247743
 247568
 247368
 247294
 247258
 247089
 247019
 246738
 246723
 246561
 246254
 246169
 245967
 245965
 245853
 245516
 245314
 245308
 245236
 245190
 245173
 245033
 244945
 244791
 244712
 244633
 244602
 244590
 244411
 244388
 244316
 244058
 243902
 243857
 243535
 243508
 243474
 243472
 243354
 243271
 242820
 242581
 242453
 242424
 242413
 242378
 242373
 242140
 242130
 241979
 241945
 241935
 241898
 241751
 241505
 241415
 241353
 240886
 240777
 240527
 240468
 240274
 240149
 240145
 240128
 240089
 240059
 240031
 239891
 239876
 239856
 239821
 239699
 239130
 239115
 239045
 239019
 238994
 238724
 238551
 238269
 238222
 238205
 238130
 238095
 237956
 237813
 237518
 237392
 237295
 237193
 237078
 236936
 236924
 236806
 236737
 236680
 236677
 236673
 236612
 236605
 236597
 236584
 236405
 236325
 236323
 236263
 236234
 236211
 236205
 236179
 236177
 236012
 235908
 235883
 235799
 235736
 235605
 235492
 235401
 235399
 235239
 235186
 235028
 234562
 234344
 233967
 233928
 233898
 233848
 233770
 233417
 233354
 233333
 233317
 233150
 233063
 233063
 233055
 233009
 232742
 232564
 232544
 232394
 232372
 232347
 232338
 232320
 232286
 232223
 232215
 232177
 232095
 232036
 231979
 231825
 231773
 231769
 231707
 231620
 231606
 231604
 231457
 231350
 231329
 231143
 231139
 230827
 230446
 230426
 230307
 230271
 230239
 230087
 230000
 229770
 229750
 229643
 229627
 229600
 229576
 229529
 229508
 229333
 229144
 229105
 228954
 228947
 228878
 228764
 228185
 228096
 228074
 227818
 227660
 227569
 227514
 227429
 227409
 227328
 227296
 227272
 227266
 227103
 226908
 226618
 226595
 226582
 226495
 226382
 226156
 226073
 226032
 225833
 225820
 225807
 225230
 225159
 225152
 225152
 224989
 224917
 224880
 224862
 224710
 224697
 224576
 224367
 224336
 224301
 224129
 224114
 223994
 223880
 223849
 223702
 223589
 223587
 223566
 223484
 223445
 223426
 223404
 223234
 223205
 222871
 222847
 222707
 222606
 222562
 222448
 222270
 222162
 221963
 221904
 221723
 221661
 221647
 221481
 221332
 221283
 221246
 221175
 220960
 220911
 220895
 220742
 220621
 220621
 220592
 220403
 220338
 220326
 220154
 220009
 219956
 219711
 219649
 219593
 219516
 219443
 219152
 219062
 218857
 218580
 218569
 218492
 218352
 218338
 218287
 218187
 218187
 218160
 218134
 217994
 217926
 217867
 217682
 217638
 217437
 217290
 217199
 217090
 217075
 217062
 217027
 217008
 216965
 216871
 216719
 216680
 216637
 216525
 216356
 216160
 216149
 216077
 215810
 215743
 215697
 215694
 215610
 215597
 215469
 215309
 215177
 215085
 215053
 214904
 214695
 214654
 214510
 214332
 214248
 214178
 213984
 213983
 213762
 213733
 213713
 213572
 213511
 213452
 213346
 213332
 213235
 213100
 213068
 213038
 212984
 212807
 212784
 212722
 212593
 212554
 212534
 212132
 212044
 212015
 211902
 211809
 211633
 211272
 211178
 210984
 210711
 210652
 210574
 210425
 210357
 210313
 210182
 210134
 210038
 210018
 209968
 209856
 209536
 209401
 209383
 209323
 209036
 208959
 208948
 208885
 208846
 208839
 208811
 208746
 208609
 208593
 208590
 208134
 208073
 207849
 207392
 207273
 207163
 206896
 206879
 206618
 206419
 206413
 206160
 205754
 205596
 205518
 205421
 205411
 205365
 205111
 205048
 204980
 204967
 204769
 204757
 204694
 204691
 204646
 203670
 203611
 203511
 203387
 203141
 202882
 202817
 202797
 202739
 202735
 202678
 202671
 202603
 202408
 202290
 202272
 202218
 202121
 202106
 202044
 201997
 201893
 201861
 201778
 201757
 201754
 201570
 201561
 201429
 201395
 201376
 201366
 201336
 201048
 200952
 200655
 200469
 200357
 200309
 200121
 200117
 200000
 199934
 199776
 199583
 199582
 199239
 199114
 198865
 198697
 198513
 198353
 198319
 198296
 198057
 197848
 197841
 197749
 197685
 197496
 197411
 197309
 197261
 197216
 197184
 197029
 196753
 196738
 196634
 196504
 196145
 195847
 195816
 195344
 194995
 194980
 194966
 194949
 194936
 194935
 194888
 194799
 194772
 194687
 194568
 194539
 194451
 194341
 194319
 194237
 194174
 194159
 194013
 193992
 193963
 193866
 193811
 193687
 193622
 193508
 193478
 193190
 193140
 193106
 193075
 193056
 192861
 192818
 192631
 192609
 192546
 192307
 192241
 192079
 192022
 191881
 191875
 191845
 191732
 191724
 191689
 191684
 191657
 191641
 191616
 191612
 191555
 191544
 191482
 191385
 191308
 191204
 191055
 190933
 190707
 190355
 190156
 190036
 190029
 189960
 189956
 189848
 189655
 189643
 189622
 189492
 189413
 189228
 189037
 189013
 188921
 188770
 188310
 188212
 188092
 188020
 187985
 187943
 187758
 187742
 187707
 187628
 187546
 187479
 187450
 187295
 187157
 187037
 186874
 186376
 186367
 186324
 186229
 186228
 186220
 186210
 186176
 186099
 185909
 185753
 185613
 185577
 185561
 185508
 185435
 185430
 185388
 185182
 185110
 185042
 184992
 184854
 184538
 184498
 184426
 184374
 184328
 184247
 184203
 184104
 183930
 183885
 183778
 183733
 183730
 183672
 183668
 183635
 183619
 183573
 183559
 183478
 183471
 183444
 183285
 183063
 183051
 182975
 182825
 182375
 182248
 182185
 182108
 181998
 181902
 181695
 181615
 181615
 181459
 181395
 181159
 181080
 180806
 180727
 180702
 180665
 180620
 180531
 180451
 180230
 180218
 180213
 180022
 179787
 179599
 179583
 179447
 179443
 179414
 179090
 178893
 178807
 178787
 178705
 178623
 178600
 178466
 178323
 178122
 178072
 178053
 178047
 177881
 177729
 177674
 177630
 177572
 177474
 177163
 176974
 176950
 176938
 176597
 176543
 176361
 176223
 176094
 176026
 175957
 175953
 175803
 175582
 175570
 175480
 175392
 175345
 175299
 175099
 174934
 174851
 174768
 174659
 174563
 174542
 174447
 174177
 174146
 174120
 174108
 173830
 173757
 173713
 173518
 173426
 173222
 173170
 173039
 173028
 172759
 172753
 172693
 172594
 172425
 172217
 172214
 172133
 172122
 171758
 171750
 171726
 171654
 171431
 171273
 171229
 171193
 171100
 171038
 171021
 170972
 170894
 170706
 170698
 170615
 170463
 170369
 170321
 170180
 170135
 169980
 169818
 169734
 169724
 169689
 169422
 169395
 169205
 169184
 169110
 169082
 169077
 168937
 168790
 168663
 168653
 168640
 168485
 168425
 168330
 168316
 168306
 168217
 167730
 167676
 167546
 167483
 167427
 167420
 167327
 167247
 166959
 166914
 166819
 166775
 166666
 166624
 166611
 166519
 166445
 166423
 166358
 166204
 166162
 166129
 165983
 165809
 165648
 165600
 165577
 165510
 165430
 165349
 165325
 165141
 164902
 164878
 164413
 164396
 164376
 164321
 164304
 164134
 164072
 163993
 163865
 163805
 163716
 163652
 163621
 163395
 163245
 162871
 162831
 162812
 162631
 162603
 162591
 162332
 162216
 162125
 162105
 161902
 161858
 161661
 161371
 161364
 161361
 161224
 161159
 161130
 161114
 161085
 160986
 160864
 160855
 160725
 160430
 160327
 160217
 160178
 160130
 160079
 160070
 160049
 160024
 159963
 159854
 159734
 159707
 159658
 159584
 159528
 159492
 159273
 159248
 159227
 159181
 159064
 158838
 158763
 158319
 158297
 158260
 158214
 158197
 158097
 158027
 157758
 157710
 157499
 157483
 157438
 157399
 157387
 157357
 157310
 157295
 157185
 156822
 156729
 156701
 156560
 156460
 156445
 156285
 156273
 156245
 156229
 156173
 156017
 155912
 155899
 155857
 155740
 155713
 155627
 155522
 155168
 155074
 155057
 155019
 154998
 154856
 154706
 154545
 154543
 154542
 154489
 154481
 154457
 154449
 154279
 154033
 153971
 153654
 153448
 153419
 153417
 153357
 153350
 153344
 152970
 152877
 152859
 152742
 152505
 152444
 152133
 151898
 151728
 151653
 151612
 151592
 151483
 151482
 151438
 151419
 151385
 150897
 150818
 150809
 150678
 150476
 150469
 150298
 150285
 150221
 150196
 149990
 149631
 149577
 149372
 149188
 149031
 148907
 148782
 148769
 148692
 148648
 148457
 148398
 148326
 148314
 148280
 148046
 148023
 147986
 147870
 147679
 147514
 147368
 147338
 147216
 147216
 147203
 147082
 146722
 146709
 146687
 146681
 146245
 145836
 145820
 145768
 145758
 145540
 145244
 145235
 145094
 144982
 144566
 144451
 144386
 144314
 144249
 144240
 144199
 143719
 143696
 143597
 143441
 143235
 143192
 143144
 142915
 142826
 142806
 142545
 142474
 142231
 142197
 142189
 142057
 141939
 141522
 141416
 141379
 141307
 141284
 141233
 141190
 141014
 140997
 140988
 140789
 140684
 140520
 140488
 140290
 140251
 140186
 140177
 140039
 140035
 139858
 139819
 139799
 139776
 139523
 139450
 139413
 139372
 139291
 139079
 138801
 138631
 138548
 138188
 138165
 137941
 137861
 137734
 137529
 137357
 137179
 136910
 136902
 136808
 136801
 136774
 136742
 136730
 136726
 136695
 136556
 136514
 136458
 136416
 136380
 136261
 136186
 135808
 135739
 135712
 135620
 135074
 135062
 134929
 134834
 134696
 134618
 134502
 134343
 134332
 134091
 134041
 133985
 133963
 133939
 133885
 133866
 133769
 133715
 133442
 133174
 133145
 132947
 132807
 132765
 132745
 132743
 132731
 132644
 132431
 132347
 132295
 132241
 132203
 132179
 132159
 132126
 132034
 131925
 131578
 131371
 131280
 131182
 131046
 131010
 130827
 130816
 130698
 130567
 130472
 130417
 130394
 130384
 130251
 130000
 129890
 129699
 129618
 129543
 129541
 129515
 129424
 129217
 129101
 128945
 128777
 128775
 128579
 128520
 128504
 128391
 128115
 128060
 127888
 127792
 127710
 127450
 127370
 127340
 127279
 127137
 127134
 127108
 127070
 126929
 126897
 126801
 126678
 126654
 126508
 126322
 126300
 126243
 126126
 126110
 126092
 125876
 125852
 125779
 125723
 125721
 125699
 125576
 125476
 125468
 125430
 125326
 125322
 125276
 125228
 124835
 124573
 124536
 124312
 124218
 124173
 124098
 124051
 123993
 123959
 123900
 123820
 123703
 123691
 123690
 123607
 123512
 123293
 123264
 123227
 123170
 123152
 123108
 123007
 123006
 122918
 122897
 122877
 122812
 122807
 122592
 122568
 122531
 122509
 122466
 122409
 122370
 122351
 122336
 122293
 122273
 122184
 122096
 122051
 121869
 121866
 121809
 121732
 121731
 121621
 121450
 121442
 121377
 121309
 121234
 121223
 120965
 120910
 120714
 120630
 120580
 120376
 120309
 120084
 120055
 120027
 119999
 119833
 119777
 119772
 119349
 119295
 119226
 119166
 118919
 118891
 118794
 118720
 118684
 118480
 118353
 118322
 118321
 118295
 118269
 118211
 118181
 118143
 117919
 117915
 117699
 117697
 117637
 117486
 117316
 117257
 117139
 117097
 117009
 116852
 116803
 116780
 116767
 116736
 116687
 116613
 116516
 116383
 116267
 116250
 116182
 116157
 116110
 115939
 115926
 115819
 115726
 115660
 115658
 115604
 115455
 115435
 115426
 115384
 115265
 115261
 115238
 115072
 114686
 114388
 114376
 114285
 113986
 113980
 113974
 113747
 113645
 113506
 113231
 113212
 113187
 113144
 113017
 112798
 112730
 112711
 112657
 112533
 112531
 112410
 112363
 112195
 112158
 112068
 111975
 111881
 111832
 111564
 111328
 111290
 111071
 111035
 111006
 110822
 110736
 110734
 110644
 110524
 110496
 110359
 110343
 110332
 110259
 110198
 110144
 110121
 109864
 109790
 109693
 109513
 109430
 109243
 109223
 109202
 109104
 108911
 108778
 108757
 108713
 108655
 108562
 108561
 108354
 108343
 108295
 108000
 107775
 107648
 107572
 107508
 107378
 107368
 107352
 107284
 107266
 107107
 107107
 107094
 107062
 107051
 106967
 106936
 106755
 106653
 106611
 106514
 106498
 106485
 106454
 106288
 105825
 105791
 105763
 105656
 105500
 104937
 104761
 104681
 104623
 104612
 104563
 104426
 104413
 104392
 104296
 104269
 104209
 104063
 103932
 103781
 103761
 103661
 103613
 103503
 103463
 103289
 103286
 103251
 103020
 102957
 102878
 102866
 102834
 102620
 102611
 102559
 102524
 102513
 102455
 102424
 102257
 102054
 101941
 101750
 101706
 101690
 101683
 101641
 101583
 101525
 101353
 101330
 101321
 101218
 101184
 101065
 101010
 100989
 100795
 100764
 100759
 100743
 100504
 100196
 99970
 99915
 99849
 99728
 99451
 99227
 99214
 99184
 98791
 98527
 98525
 98497
 98442
 98370
 98232
 98103
 98102
 98069
 98060
 98006
 97829
 97719
 97703
 97383
 97207
 97019
 96790
 96778
 96677
 96661
 96656
 96507
 96471
 96312
 96312
 96269
 96107
 96080
 95968
 95884
 95821
 95796
 95777
 95721
 95701
 95648
 95327
 95307
 95296
 95224
 94993
 94975
 94973
 94720
 94579
 94530
 94442
 94403
 94074
 93865
 93759
 93744
 93682
 93594
 93488
 93312
 93304
 93187
 93166
 92916
 92911
 92859
 92737
 92695
 92572
 92305
 92301
 92256
 92248
 92229
 92198
 92170
 91871
 91836
 91831
 91541
 91512
 91498
 91480
 91474
 91439
 91409
 91259
 91180
 91102
 90920
 90761
 90586
 90514
 90488
 90478
 90368
 90050
 89972
 89952
 89856
 89856
 89821
 89793
 89680
 89580
 89473
 89300
 89296
 89243
 89215
 89036
 88845
 88824
 88767
 88663
 88645
 88553
 88550
 88467
 88457
 88352
 88314
 88159
 88117
 87949
 87852
 87849
 87822
 87582
 87558
 87542
 87449
 87263
 87257
 87204
 87178
 86993
 86894
 86533
 86499
 86478
 86405
 86318
 86308
 86272
 86144
 86078
 86027
 85903
 85875
 85832
 85821
 85620
 85572
 85562
 85547
 85452
 85396
 85305
 85221
 85089
 85059
 84980
 84852
 84766
 84571
 84507
 84474
 84392
 84310
 83931
 83855
 83844
 83825
 83799
 83760
 83750
 83737
 83527
 83196
 83103
 83094
 82922
 82909
 82790
 82692
 82513
 82474
 82387
 82164
 82149
 81992
 81986
 81882
 81798
 81697
 81477
 81443
 81395
 81390
 80885
 80859
 80855
 80717
 80674
 80652
 80591
 80472
 80384
 80236
 80162
 80029
 79915
 79820
 79627
 79556
 79379
 79278
 79020
 79014
 78977
 78937
 78781
 78671
 78141
 78098
 78086
 77912
 77882
 77715
 77595
 77535
 77459
 77445
 77295
 76915
 76793
 76742
 76714
 76519
 76349
 76297
 76195
 75670
 75665
 75642
 75584
 75476
 75274
 75231
 75100
 74977
 74831
 74763
 74664
 74548
 74408
 74404
 74217
 74183
 74076
 74030
 73845
 73818
 73780
 73770
 73722
 73709
 73615
 73614
 73612
 73303
 73291
 73119
 73028
 72978
 72953
 72859
 72832
 72653
 72546
 72356
 72333
 72285
 72284
 72279
 72232
 72191
 72173
 72000
 71987
 71985
 71918
 71910
 71880
 71832
 71762
 71632
 71585
 71445
 71405
 71334
 71237
 71031
 70860
 70793
 70684
 70665
 70460
 70364
 70324
 70252
 69497
 69322
 69202
 69081
 68862
 68615
 68455
 68253
 68221
 68213
 68156
 67839
 67770
 67740
 67590
 67558
 67539
 67496
 67470
 67388
 67344
 67231
 67205
 67055
 66926
 66864
 66692
 66602
 66295
 66102
 66071
 65858
 65773
 65648
 65636
 65556
 65540
 65510
 65482
 65217
 65205
 65048
 64717
 64621
 64541
 64455
 64428
 64253
 64225
 64079
 63847
 63760
 63628
 63586
 63498
 63478
 63307
 63119
 63086
 63063
 62934
 62876
 62539
 62512
 62360
 62184
 62164
 62115
 61921
 61830
 61415
 61323
 60968
 60643
 60519
 60390
 60245
 60225
 60179
 60136
 60017
 59988
 59957
 59867
 59837
 59815
 59600
 59529
 59500
 59322
 59093
 59030
 58910
 58784
 58704
 58691
 58667
 58654
 58531
 58087
 58074
 57927
 57883
 57829
 57662
 57649
 57594
 57484
 57401
 57285
 57213
 57072
 56970
 56941
 56921
 56918
 56894
 56816
 56638
 56618
 56590
 56524
 56246
 56200
 56196
 56088
 56079
 55824
 55774
 55727
 55555
 55551
 55462
 55177
 55139
 55122
 55115
 55055
 54834
 54783
 54729
 54578
 54511
 54420
 54410
 54355
 54245
 54050
 53727
 53691
 53688
 53491
 53292
 53221
 53152
 53148
 52932
 52742
 52688
 52567
 52462
 52353
 52300
 51937
 51912
 51762
 51472
 51413
 51226
 51122
 51069
 51063
 51056
 51022
 50833
 50647
 50493
 50451
 50191
 50151
 50147
 50132
 49988
 49905
 49891
 49740
 49704
 49680
 49458
 49289
 49243
 49209
 49176
 49042
 48892
 48867
 48596
 48526
 48383
 48218
 48152
 48088
 47619
 47597
 47499
 47464
 47433
 47398
 47271
 47157
 47141
 47099
 47089
 47027
 46966
 46869
 46790
 46745
 46546
 46511
 46432
 46420
 46378
 46367
 46333
 46227
 46106
 45975
 45888
 45643
 45628
 45565
 45488
 45454
 45409
 45258
 45130
 45092
 44652
 44489
 44281
 44012
 43925
 43886
 43883
 43879
 43685
 43612
 43570
 43319
 43247
 43244
 43216
 43208
 42914
 42742
 42553
 42422
 42379
 42129
 42126
 42040
 42028
 41878
 41821
 41735
 41622
 41452
 41392
 41224
 41211
 40766
 40756
 40608
 40532
 40530
 40348
 40328
 40250
 40000
 39846
 39806
 39523
 39456
 39423
 39337
 39296
 39266
 39220
 39203
 39170
 39078
 39042
 39034
 38976
 38934
 38690
 38651
 38640
 38324
 38314
 38288
 38280
 38268
 38179
 38147
 38079
 38040
 37869
 37835
 37833
 37690
 37555
 37542
 37487
 37432
 37339
 37286
 37159
 37060
 36982
 36901
 36756
 36632
 36629
 36320
 36124
 36099
 35944
 35775
 35750
 35489
 35467
 35413
 35404
 35392
 35320
 35276
 35111
 35100
 35055
 35035
 34976
 34714
 34627
 34437
 34376
 34365
 34205
 34201
 33961
 33659
 33603
 33569
 33457
 33452
 33437
 33420
 33336
 33333
 33228
 33211
 33060
 32961
 32908
 32816
 32786
 32655
 32550
 32443
 32315
 32311
 32110
 32067
 32022
 31999
 31994
 31991
 31958
 31931
 31790
 31763
 31692
 31685
 31461
 31250
 30707
 30657
 30652
 30644
 30263
 30109
 29459
 29261
 28964
 28726
 28681
 28605
 28588
 28530
 28270
 28128
 28083
 27990
 27881
 27867
 27772
 27750
 27630
 27611
 27492
 27445
 27406
 27372
 27358
 27271
 26921
 26839
 26425
 26419
 26380
 26305
 26253
 26221
 26036
 26022
 26005
 25981
 25891
 25606
 25504
 25476
 25375
 25370
 25365
 25328
 25291
 25126
 25057
 24931
 24897
 24083
 24054
 24048
 24007
 23975
 23949
 23872
 23827
 23653
 23601
 23454
 23249
 23179
 23174
 23147
 23121
 22959
 22890
 22770
 22765
 22710
 22476
 22417
 22338
 22284
 22181
 22171
 22038
 22024
 21981
 21916
 21798
 21794
 21645
 21605
 21603
 21558
 21448
 21325
 21160
 21003
 20960
 20929
 20892
 20862
 20828
 20745
 20595
 20493
 20460
 20352
 20270
 20154
 19950
 19774
 19761
 19546
 19460
 19369
 19339
 19323
 19276
 19195
 18746
 18741
 18640
 18637
 18613
 18289
 18244
 18187
 17864
 17824
 17788
 17714
 17671
 17615
 17537
 17455
 17438
 17417
 17410
 17387
 17310
 17261
 17099
 17029
 16890
 16767
 16742
 16700
 16661
 16358
 16127
 16084
 16010
 15975
 15973
 15897
 15867
 15862
 15854
 15752
 15372
 15110
 15070
 15044
 14909
 14883
 14875
 14874
 14833
 14803
 14803
 14780
 14513
 14503
 14199
 13907
 13845
 13763
 13361
 13193
 12987
 12893
 12875
 12730
 12415
 12389
 12378
 12214
 12210
 12208
 12195
 12011
 11905
 11838
 11783
 11676
 11503
 11363
 11145
 11138
 11106
 11027
 10934
 10922
 10808
 10714
 10690
 10667
 10600
 10555
 10324
 10204
 10201
 10181
 10159
 10081
 9924
 9863
 9732
 9624
 9529
 9515
 9464
 9421
 9403
 9337
 9323
 9122
 9119
 8846
 8775
 8602
 8379
 8219
 8204
 8075
 7724
 7656
 7521
 7486
 7424
 7406
 7383
 7360
 7126
 7079
 6984
 6706
 6201
 6097
 6095
 5996
 5993
 5827
 5695
 5656
 5647
 5617
 5614
 5555
 5539
 5441
 5372
 5355
 5326
 5324
 5254
 5231
 5076
 5068
 4711
 4526
 4432
 4370
 4228
 3831
 3737
 3577
 3541
 3315
 3021
 3010
 2994
 2825
 2788
 2756
 2736
 2363
 2309
 2249
 2055
 1824
 1802
 1687
 1583
 1563
 1487
 1208
 1175
 1164
 1109
 936
 924
 904
 728
 620
 582
 281
 261
 252
 228
 62
 0
 0
 0
 0
 0
 0
 0
 0
 0
 