499885
 499867
 499823
 499820
 499742
 499740
 499717
 499554
 499447
 499232
 499108
 498918
 498852
 498802
 498799
 498701
 498681
 498498
 498425
 498328
 498173
 498101
 498016
 497996
 497962
 497765
 497752
 497742
 497632
 497516
 497504
 497291
 497139
 497108
 497031
 497019
 496935
 496871
 496775
 496658
 496510
 496495
 496210
 496204
 496175
 496099
 495973
 495719
 495714
 495648
 495473
 495444
 495384
 495382
 495245
 495194
 495157
 495042
 494896
 494846
 494841
 494649
 494645
 494630
 494611
 494594
 494538
 494459
 494388
 494377
 494246
 494222
 493844
 493683
 493670
 493389
 493190
 493120
 493091
 493039
 492447
 492446
 492319
 492144
 491924
 491799
 491738
 491622
 491422
 491387
 491362
 491150
 490826
 490666
 490664
 490652
 490618
 490589
 490576
 490112
 490072
 490041
 490029
 490003
 489980
 489915
 489836
 489793
 489732
 489669
 489655
 489467
 489464
 489368
 489204
 489041
 488649
 488609
 488574
 488540
 488422
 488402
 488107
 487986
 487826
 487820
 487804
 487778
 487714
 487649
 487350
 487271
 487269
 487177
 486971
 486897
 486856
 486855
 486630
 486300
 486289
 486175
 485965
 485886
 485859
 485850
 485781
 485695
 485575
 485573
 485419
 485347
 485326
 485304
 485297
 485289
 485250
 485186
 485177
 485149
 485074
 485063
 484927
 484847
 484449
 484371
 484212
 484122
 484066
 484030
 483935
 483900
 483864
 483839
 483831
 483634
 483568
 483487
 483428
 483420
 483269
 483155
 483146
 483131
 482897
 482813
 482715
 482618
 482484
 482288
 482262
 482123
 481988
 481907
 481569
 481449
 481442
 481414
 481046
 480897
 480765
 480399
 480259
 480237
 480090
 480031
 479930
 479892
 479720
 479486
 479407
 479324
 479209
 479171
 479153
 479046
 479028
 478905
 478902
 478873
 478798
 478759
 478645
 478581
 478344
 478128
 478084
 478001
 477712
 477609
 477575
 477507
 477479
 477452
 477295
 477293
 477011
 476879
 476869
 476807
 476790
 476656
 476586
 476408
 476394
 476250
 476205
 476152
 476139
 476124
 476086
 476069
 476015
 475783
 475758
 475708
 475667
 475493
 475479
 475389
 475162
 475157
 475090
 474823
 474704
 474543
 474439
 474228
 474025
 473944
 473841
 473777
 473705
 473684
 473562
 473493
 473342
 473338
 473226
 473222
 473174
 472948
 472857
 472774
 472631
 472565
 472555
 472527
 472492
 472446
 472428
 472378
 472190
 472106
 472019
 471926
 471545
 471507
 471479
 471331
 471316
 471273
 471246
 471061
 471053
 471019
 470967
 470785
 470588
 470503
 470420
 470385
 470333
 470293
 470203
 470201
 470185
 470144
 470108
 470090
 469879
 469750
 469657
 469553
 469452
 469368
 469328
 469306
 469249
 469215
 469060
 468893
 468718
 468710
 468706
 468280
 468178
 468099
 468097
 467911
 467702
 467659
 467655
 467466
 467452
 467425
 467376
 467370
 467290
 467229
 466964
 466865
 466695
 466683
 466666
 466634
 466497
 466216
 466202
 466196
 466165
 466081
 465956
 465863
 465682
 465602
 465483
 465136
 465126
 465074
 465055
 465010
 464829
 464672
 464536
 464331
 464306
 464226
 464196
 464141
 463931
 463829
 463811
 463779
 463625
 463435
 463004
 462980
 462967
 462897
 462897
 462456
 462449
 462420
 462335
 462250
 461980
 461303
 461302
 461056
 461053
 461052
 460994
 460980
 460861
 460859
 460829
 460784
 460664
 460639
 460637
 460570
 460495
 460440
 460389
 460328
 460272
 460270
 460228
 460152
 459987
 459776
 459759
 459587
 459566
 459395
 459267
 459203
 459179
 459150
 459072
 459071
 458914
 458876
 458857
 458810
 458747
 458618
 458451
 458353
 458345
 458277
 458266
 457831
 457772
 457743
 457733
 457730
 457514
 457359
 457340
 457186
 457043
 456677
 456666
 456652
 456537
 456521
 456270
 456262
 456149
 456080
 456000
 455886
 455798
 455622
 455593
 455536
 455479
 455415
 454801
 454680
 454655
 454638
 454600
 454499
 454487
 454429
 454346
 454291
 454121
 453922
 453748
 453565
 453528
 453503
 453500
 453404
 453344
 453321
 453192
 453028
 452833
 452283
 452267
 452260
 452123
 452082
 452021
 451871
 451672
 451610
 451583
 451546
 451460
 451430
 451075
 451011
 450929
 450802
 450764
 450719
 450632
 450572
 450572
 450270
 450191
 450122
 450104
 450048
 450033
 450006
 449805
 449639
 449588
 449495
 449280
 449046
 448704
 448702
 448669
 448644
 448438
 448404
 448325
 448283
 447821
 447820
 447605
 447570
 447121
 446859
 446741
 446731
 446611
 446599
 446520
 446510
 446439
 446438
 446222
 446182
 446040
 446009
 445978
 445978
 445966
 445917
 445628
 445579
 445411
 445182
 445054
 445039
 445008
 444855
 444778
 444475
 444311
 444190
 444055
 444006
 443903
 443859
 443857
 443843
 443830
 443814
 443737
 443674
 443659
 443657
 443605
 443316
 443224
 443203
 443151
 443025
 443006
 442726
 442714
 442700
 442603
 442545
 442528
 442307
 442287
 442086
 441887
 441860
 441834
 441819
 441791
 441502
 441215
 441060
 441053
 441023
 440970
 440904
 440657
 440645
 440632
 440565
 440487
 439624
 439487
 439487
 439452
 439403
 439393
 439349
 439330
 439227
 439208
 439134
 439062
 438889
 438868
 438789
 438783
 438652
 438624
 438546
 438524
 438481
 438412
 438356
 438316
 438298
 438239
 438229
 438121
 438045
 437969
 437855
 437750
 437721
 437625
 437339
 437176
 437052
 436949
 436814
 436773
 436768
 436717
 436619
 436562
 436483
 436477
 436268
 436258
 436208
 436158
 436076
 435952
 435883
 435767
 435742
 435735
 435510
 435505
 435501
 435313
 435235
 435025
 434773
 434701
 434675
 434562
 434341
 434243
 434225
 434100
 434089
 433876
 433848
 433827
 433774
 433774
 433765
 433667
 433617
 433579
 433556
 433539
 433534
 432835
 432774
 432495
 432493
 432416
 432346
 432267
 432203
 432104
 431905
 431805
 431770
 431631
 431480
 431476
 431443
 431424
 431335
 431216
 431212
 431195
 431054
 430860
 430858
 430845
 430835
 430781
 430771
 430729
 430475
 430453
 430312
 430240
 430157
 430104
 430079
 430021
 430015
 429883
 429733
 429629
 429577
 429564
 429456
 429341
 429329
 429276
 429249
 429165
 429158
 428829
 428824
 428764
 428282
 428178
 428104
 427965
 427578
 427374
 427217
 426892
 426781
 426716
 426602
 426462
 426442
 426395
 425989
 425979
 425925
 425837
 425786
 425776
 425680
 425623
 425617
 425538
 425531
 425461
 425412
 425387
 425343
 425313
 425076
 425000
 424991
 424750
 424628
 424618
 424554
 424531
 424395
 424215
 424188
 424060
 423940
 423904
 423879
 423859
 423795
 423710
 423598
 423589
 423542
 423348
 423346
 423336
 423326
 423285
 423222
 423159
 423061
 422976
 422929
 422915
 422859
 422571
 422553
 422322
 422269
 422021
 421956
 421807
 421768
 421631
 421551
 421504
 421499
 421378
 421313
 421269
 421179
 421105
 420994
 420744
 420555
 420545
 420494
 420442
 420270
 420000
 419912
 419886
 419731
 419709
 419699
 419242
 419235
 419208
 419140
 418995
 418673
 418526
 418509
 418138
 418096
 418069
 417922
 417747
 417721
 417707
 417703
 417647
 417125
 417052
 416823
 416803
 416776
 416731
 416711
 416482
 416413
 416387
 416162
 415704
 415616
 415614
 415553
 415537
 415132
 414924
 414881
 414715
 414603
 414575
 414538
 414285
 414189
 414159
 414069
 414069
 413823
 413625
 413623
 413478
 413461
 413328
 413202
 412657
 412586
 412572
 412476
 412468
 412235
 412030
 411961
 411748
 411683
 411649
 411572
 411364
 411224
 411135
 411101
 411043
 411032
 410944
 410746
 410721
 410558
 410529
 410428
 410121
 410111
 410053
 410002
 409996
 409743
 409622
 409547
 409522
 409342
 409135
 409090
 409090
 408967
 408876
 408839
 408780
 408575
 408538
 408357
 408146
 408127
 408031
 408028
 407800
 407742
 407678
 407607
 407362
 406976
 406934
 406907
 406878
 406720
 406678
 406504
 406462
 406315
 406310
 406274
 405984
 405960
 405909
 405893
 405734
 405498
 405240
 405222
 405214
 404874
 404814
 404761
 404659
 404608
 404436
 404392
 404306
 404170
 403863
 403822
 403754
 403586
 403541
 403386
 403253
 403073
 403012
 402895
 402788
 402489
 402405
 402298
 402248
 402201
 402199
 402031
 402006
 401835
 401453
 401388
 401387
 401038
 400993
 400956
 400927
 400884
 400661
 400653
 400608
 400606
 400351
 400216
 400174
 399999
 399999
 399769
 399684
 399613
 399585
 399545
 399436
 399352
 399113
 399111
 398977
 398836
 398809
 398770
 398238
 397999
 397856
 397787
 397705
 397671
 397539
 397517
 397310
 397186
 397176
 397092
 397068
 396988
 396892
 396507
 396215
 396183
 396004
 395970
 395949
 395933
 395917
 395833
 395726
 395348
 395264
 394956
 394865
 394659
 394615
 394597
 394548
 394528
 394519
 394395
 394212
 394137
 394010
 393910
 393904
 393900
 393825
 393692
 393667
 393571
 393347
 393321
 393306
 393009
 392959
 392831
 392804
 392405
 392314
 392147
 392122
 392039
 391919
 391862
 391752
 391747
 391658
 391445
 391250
 391231
 391201
 391183
 391174
 390703
 390551
 390410
 390362
 390002
 389882
 389682
 389664
 389400
 389199
 389171
 389135
 388987
 388744
 388731
 388726
 388520
 388508
 388502
 388372
 388349
 388331
 388170
 388051
 388019
 387840
 387809
 387774
 387763
 387743
 387623
 387426
 387319
 387020
 386991
 386835
 386832
 386743
 386721
 386641
 386611
 386508
 386449
 386354
 386202
 386122
 385940
 385827
 385798
 385685
 385654
 385570
 385498
 385138
 385086
 384978
 384865
 384836
 384622
 384573
 384495
 384488
 384118
 383938
 383658
 383535
 383508
 383483
 383300
 383248
 383033
 382993
 382988
 382964
 382854
 382745
 382608
 382608
 382525
 382260
 382248
 382233
 382133
 381942
 381836
 381746
 381728
 381357
 381303
 381188
 381146
 381097
 380952
 380775
 380713
 380697
 380696
 380686
 380264
 380192
 379932
 379437
 379312
 379074
 378873
 378868
 378815
 378752
 378738
 378731
 378719
 378601
 378126
 378104
 377853
 377846
 377769
 377711
 377526
 377516
 377377
 377278
 377234
 377190
 377093
 377053
 376696
 376431
 376420
 376278
 376251
 376190
 376091
 376086
 375986
 375875
 375449
 375424
 375345
 375339
 375330
 375216
 375099
 375086
 375029
 375000
 375000
 374874
 374843
 374794
 374586
 374268
 374014
 373983
 373956
 373920
 373903
 373531
 373341
 373325
 373216
 373057
 372965
 372944
 372666
 372637
 372624
 372614
 372612
 372593
 372420
 372379
 372015
 371936
 371835
 371769
 371534
 371481
 371400
 371219
 371060
 371036
 370957
 370874
 370828
 370575
 370364
 370329
 370267
 370242
 370197
 370182
 369917
 369632
 369441
 369409
 369369
 369361
 369156
 369015
 368764
 368681
 368333
 368001
 367951
 367935
 367709
 367704
 367684
 367576
 367574
 367417
 367366
 367264
 367117
 366863
 366832
 366688
 366625
 366622
 366590
 366415
 366301
 365809
 365690
 365680
 365453
 365408
 365390
 365300
 365066
 365064
 364964
 364864
 364855
 364646
 364578
 364540
 364264
 364169
 364065
 363913
 363773
 363668
 363515
 363138
 363103
 363065
 363047
 363035
 362774
 362763
 362711
 362565
 362515
 362502
 362467
 362378
 362151
 362148
 362138
 362128
 362121
 362046
 362030
 361904
 361873
 361702
 361636
 361502
 361354
 361338
 361240
 360698
 360588
 360584
 360465
 360246
 360178
 359914
 359827
 359665
 359575
 359519
 359508
 359336
 359083
 358911
 358868
 358582
 358559
 358528
 358450
 358308
 358286
 358080
 358022
 358020
 357976
 357955
 357901
 357879
 357603
 357601
 357506
 357434
 357422
 357349
 357279
 357248
 357089
 357073
 357029
 356904
 356708
 356638
 356613
 356589
 356532
 356420
 356399
 356364
 356235
 356160
 356052
 356010
 355803
 355769
 355684
 355658
 355538
 355529
 355188
 354984
 354963
 354923
 354750
 354653
 354387
 354285
 354189
 354037
 353952
 353894
 353839
 353804
 353750
 353743
 353687
 353670
 353435
 353363
 353233
 353051
 352999
 352941
 352698
 352477
 352434
 352210
 352201
 352174
 351897
 351821
 351641
 351449
 351415
 351370
 351366
 351282
 351212
 351161
 350938
 350595
 350546
 350543
 350455
 350423
 350381
 350140
 350072
 350026
 349883
 349881
 349848
 349818
 349775
 349668
 349506
 349325
 349312
 349235
 349023
 348933
 348859
 348785
 348705
 348509
 348466
 348340
 348329
 348288
 348045
 347973
 347949
 347914
 347807
 347508
 347458
 347395
 347207
 347180
 347090
 347011
 346910
 346879
 346857
 346853
 346842
 346793
 346700
 346603
 346467
 346434
 346382
 346225
 346085
 345911
 345824
 345711
 345559
 345470
 345367
 345305
 345259
 345166
 345131
 345034
 345008
 344941
 344657
 344603
 344598
 344522
 344509
 344462
 344390
 344217
 344125
 344102
 344030
 343968
 343935
 343569
 343558
 343443
 343223
 343126
 343125
 343042
 343014
 342916
 342770
 342574
 342476
 342398
 342306
 342265
 342105
 342091
 342033
 342012
 341968
 341735
 341645
 341246
 340996
 340971
 340930
 340807
 340775
 340643
 340571
 340525
 340478
 340357
 340303
 340242
 340218
 340209
 340081
 339973
 339639
 339627
 339248
 339231
 338940
 338668
 338491
 338466
 338440
 338350
 338326
 338234
 338221
 338184
 338154
 338137
 337907
 337791
 337789
 337787
 337650
 337519
 337501
 337368
 337350
 337304
 337276
 337179
 336987
 336943
 336896
 336886
 336812
 336803
 336801
 336543
 336483
 336480
 336397
 336312
 336302
 336176
 335997
 335949
 335901
 335888
 335819
 335761
 335634
 335621
 335568
 335356
 335177
 335176
 335114
 334981
 334759
 334713
 334646
 334584
 334415
 334091
 334087
 334045
 333875
 333830
 333827
 333814
 333659
 333629
 333544
 333233
 333233
 333151
 333122
 333076
 333061
 333017
 332951
 332874
 332537
 332449
 332302
 332290
 332239
 332099
 331966
 331877
 331866
 331801
 331706
 331639
 331599
 331511
 331478
 331405
 331374
 331358
 331317
 331290
 331125
 330981
 330981
 330780
 330688
 330387
 330271
 330270
 330219
 329869
 329822
 329727
 329661
 329595
 329578
 329409
 329376
 329244
 329032
 328995
 328908
 328888
 328821
 328773
 328708
 328695
 328664
 328646
 328633
 328601
 328487
 328482
 328323
 328227
 328055
 327845
 327743
 327500
 327151
 326978
 326958
 326904
 326817
 326796
 326771
 326666
 326538
 325895
 325669
 325613
 325552
 325496
 325356
 325323
 325323
 325221
 325211
 325160
 325121
 325112
 325052
 324937
 324907
 324764
 324604
 324434
 324079
 323754
 323694
 323613
 323469
 323413
 323403
 323268
 323254
 323190
 323160
 323006
 322956
 322926
 322886
 322879
 322823
 322735
 322191
 321984
 321827
 321735
 321704
 321685
 321679
 321493
 321476
 321431
 321428
 321278
 321264
 321158
 321068
 321046
 320917
 320848
 320742
 320613
 320461
 320438
 320433
 320396
 320341
 320147
 319984
 319578
 319551
 319548
 319518
 319382
 319277
 319131
 319103
 319030
 318978
 318964
 318791
 318688
 318627
 318625
 318560
 318498
 318431
 318171
 317998
 317883
 317856
 317836
 317814
 317757
 317730
 317686
 317672
 317671
 317657
 317601
 317580
 317478
 317391
 317387
 317370
 317213
 317181
 317025
 316926
 316871
 316798
 316795
 316717
 316693
 316593
 316523
 316439
 316363
 316090
 315989
 315697
 315651
 315615
 315575
 315375
 315343
 315334
 315276
 315123
 315093
 314925
 314851
 314838
 314720
 314641
 314633
 314564
 314532
 314420
 314373
 314368
 314363
 314021
 313841
 313831
 313750
 313712
 313670
 313515
 313446
 313443
 313289
 313270
 313026
 312842
 312826
 312655
 312485
 312388
 312380
 312268
 311878
 311846
 311759
 311603
 311549
 311503
 311478
 311219
 311111
 311009
 310982
 310771
 310680
 310659
 310628
 310620
 310352
 310292
 310226
 310202
 310199
 310185
 310168
 309975
 309923
 309794
 309615
 309368
 309156
 309119
 309103
 309030
 308958
 308952
 308653
 308650
 308519
 308392
 308337
 308304
 308212
 308141
 308112
 308013
 307911
 307807
 307692
 307692
 307492
 307276
 307220
 307148
 307109
 307003
 306970
 306870
 306756
 306754
 306692
 306618
 306560
 306479
 306451
 306426
 306230
 306173
 306107
 305950
 305915
 305810
 305649
 305617
 305549
 305464
 305417
 305366
 305079
 305068
 305007
 304865
 304753
 304744
 304639
 304467
 304456
 304433
 304338
 304306
 304112
 304060
 303989
 303762
 303642
 303591
 303537
 303537
 303397
 303299
 303164
 303139
 303138
 303017
 302924
 302701
 302284
 302114
 302053
 302005
 301966
 301892
 301796
 301649
 301525
 301525
 301471
 301299
 301247
 301068
 301037
 300958
 300806
 300774
 300676
 300644
 300637
 300570
 300478
 300446
 300409
 300316
 300314
 300124
 300000
 299975
 299973
 299754
 299386
 299336
 299300
 299131
 299006
 298931
 298916
 298903
 298880
 298712
 298267
 298175
 297983
 297956
 297902
 297891
 297340
 297323
 297117
 297051
 296974
 296948
 296863
 296786
 296725
 296690
 296621
 296543
 296462
 296414
 296367
 296236
 296204
 296133
 296132
 296035
 296010
 295893
 295874
 295714
 295650
 295639
 295529
 295498
 295470
 295406
 295386
 295378
 295378
 295102
 294955
 294930
 294889
 294857
 294835
 294778
 294761
 294743
 294699
 294682
 294643
 294467
 294343
 294312
 294162
 294114
 294021
 293663
 293650
 293463
 293446
 293398
 293292
 293052
 292862
 292794
 292534
 292444
 292426
 292258
 292142
 292116
 292079
 291885
 291618
 291614
 291537
 291517
 291516
 291489
 291476
 291444
 291260
 291242
 290929
 290892
 290843
 290835
 290820
 290806
 290788
 290555
 290467
 290458
 290309
 290242
 290141
 290090
 290067
 290044
 289990
 289848
 289830
 289787
 289422
 289364
 289262
 289160
 288784
 288639
 288637
 288617
 288612
 288547
 288259
 288232
 287914
 287805
 287683
 287568
 287516
 287404
 287304
 287206
 287128
 287050
 286981
 286915
 286787
 286661
 286587
 286309
 286149
 286146
 285853
 285804
 285759
 285714
 285651
 285645
 285322
 285060
 284471
 284333
 284177
 284124
 283999
 283825
 283657
 283457
 283421
 283384
 283224
 283209
 283209
 283185
 283153
 283149
 283139
 283118
 283097
 282974
 282836
 282783
 282775
 282697
 282518
 282443
 282415
 282093
 281983
 281940
 281893
 281861
 281708
 281405
 281338
 281048
 280673
 280593
 280562
 280395
 280303
 280141
 280092
 279880
 279832
 279763
 279746
 279622
 279549
 279499
 279382
 279345
 279123
 278990
 278917
 278688
 278442
 278325
 278169
 278141
 278060
 277843
 277810
 277777
 277721
 277623
 277509
 277444
 277401
 277316
 277148
 277110
 277066
 277061
 277033
 276894
 276796
 276760
 276434
 276353
 276315
 276304
 276298
 276142
 275991
 275930
 275874
 275853
 275807
 275776
 275678
 275550
 275519
 275386
 275249
 275234
 275141
 274952
 274951
 274845
 274820
 274774
 274765
 274716
 274699
 274499
 274464
 274421
 274336
 274306
 274213
 274058
 273913
 273716
 273432
 273150
 273047
 272987
 272914
 272869
 272441
 272271
 272189
 272096
 271987
 271448
 271428
 271312
 271183
 271063
 271058
 271036
 270943
 270873
 270829
 270802
 270743
 270623
 270530
 270516
 270428
 270196
 270131
 270129
 270107
 270021
 269869
 269839
 269756
 269650
 269449
 269331
 269299
 269230
 269230
 269225
 269204
 269112
 269028
 268996
 268964
 268902
 268825
 268695
 268670
 268664
 268640
 268536
 268488
 268394
 268244
 268233
 268160
 268083
 267930
 267775
 267653
 267645
 267634
 267623
 267539
 267490
 267334
 267225
 267170
 267116
 267079
 267063
 266831
 266812
 266655
 266590
 266577
 266551
 266508
 266449
 266138
 266129
 265948
 265873
 265574
 265454
 265422
 265407
 265233
 265038
 265004
 264988
 264981
 264964
 264920
 264773
 264666
 264598
 264596
 264513
 264495
 264474
 264446
 264254
 264238
 264231
 264034
 264034
 264006
 263785
 263705
 263687
 263654
 263583
 263565
 263534
 263530
 263453
 263389
 263313
 263157
 263157
 263117
 263100
 263018
 262845
 262742
 262692
 262683
 262615
 262597
 262525
 262516
 262199
 262130
 262115
 262106
 262078
 261984
 261968
 261886
 261849
 261816
 261809
 261739
 261712
 261655
 261556
 261503
 261472
 261460
 261143
 260998
 260920
 260844
 260837
 260710
 260698
 260659
 260644
 260624
 260548
 260526
 260407
 260206
 259815
 259682
 259668
 259532
 259467
 259414
 259413
 259308
 258975
 258842
 258717
 258648
 258639
 258601
 258572
 258523
 258491
 258401
 258231
 258175
 258138
 258133
 257967
 257919
 257833
 257751
 257707
 257595
 257503
 257446
 257415
 257396
 257378
 257217
 256636
 256207
 256176
 256155
 256097
 256039
 256027
 255980
 255935
 255843
 255836
 255831
 255819
 255668
 255614
 255588
 255181
 255050
 254958
 254896
 254681
 254676
 254419
 254354
 254342
 254224
 254218
 254165
 254158
 254114
 253886
 253686
 253603
 253584
 253529
 253459
 253346
 253208
 253161
 253091
 253009
 252974
 252892
 252872
 252511
 252452
 252389
 252075
 252066
 252033
 251998
 251887
 251881
 251711
 251632
 251599
 251551
 251450
 251339
 251296
 251199
 251059
 250882
 250805
 250804
 250799
 250555
 250539
 250455
 250416
 250312
 250282
 250152
 250126
 249967
 249931
 249889
 249839
 249800
 249759
 249737
 249706
 249634
 249423
 249273
 249271
 249256
 249204
 249084
 248760
 248748
 248677
 248616
 248592
 248435
 248265
 248070
 247805
 247804
 247636
 247579
 247314
 247157
 247068
 247045
 246938
 246404
 246400
 246304
 246204
 246113
 246001
 245986
 245799
 245535
 245322
 245188
 245115
 245083
 244971
 244884
 244725
 244705
 244586
 244586
 244486
 244389
 244212
 244206
 244193
 244112
 244094
 243883
 243880
 243873
 243871
 243806
 243772
 243230
 243128
 243126
 243125
 243057
 243017
 242928
 242902
 242706
 242543
 242515
 242498
 242421
 242321
 242279
 242240
 242175
 242082
 242056
 241960
 241847
 241832
 241750
 241569
 241528
 241324
 241273
 241233
 241166
 241163
 241148
 241077
 240941
 240803
 240732
 240619
 240268
 240232
 240204
 240076
 239927
 239896
 239715
 239573
 239314
 239196
 239110
 239068
 238881
 238872
 238790
 238789
 238675
 238656
 238573
 238562
 238546
 238504
 238447
 238385
 238369
 238352
 238346
 238221
 237958
 237953
 237869
 237829
 237492
 237433
 237430
 237339
 237154
 237089
 236946
 236877
 236787
 236781
 236627
 236615
 236597
 236454
 236375
 236236
 236133
 235976
 235853
 235632
 235566
 235521
 235501
 235401
 235381
 235289
 235267
 235064
 235051
 234975
 234831
 234701
 234597
 234544
 234529
 234416
 234342
 234319
 234179
 234179
 234157
 234109
 234006
 233958
 233736
 233584
 233486
 233472
 233452
 233421
 233409
 233162
 233104
 232995
 232932
 232697
 232582
 232424
 232305
 232125
 231822
 231710
 231428
 231428
 231386
 231021
 230983
 230966
 230966
 230941
 230623
 230565
 230175
 230171
 230125
 230028
 230009
 229985
 229939
 229824
 229607
 229603
 229508
 229379
 229257
 229231
 229210
 229168
 229032
 228904
 228885
 228785
 228725
 228647
 228625
 228534
 228462
 228332
 228074
 227848
 227845
 227650
 227557
 227469
 227373
 227138
 227016
 226768
 226628
 226618
 226617
 226364
 226255
 226170
 226070
 226026
 226003
 225923
 225647
 225638
 225528
 225314
 225174
 225157
 225024
 224807
 224668
 224538
 223919
 223827
 223734
 223585
 223582
 223480
 223404
 223310
 223297
 223291
 223276
 223156
 223079
 222947
 222873
 222789
 222721
 222483
 221906
 221880
 221804
 221777
 221752
 221543
 221536
 221432
 221311
 221273
 221241
 221235
 221087
 221064
 220874
 220800
 220747
 220574
 220518
 220452
 220385
 220210
 220194
 219739
 219255
 219247
 219214
 219186
 219058
 218942
 218837
 218832
 218727
 218720
 218691
 218687
 218518
 218468
 218421
 218316
 218136
 217835
 217754
 217729
 217716
 217703
 217373
 216815
 216777
 216766
 216734
 216724
 216698
 216610
 216606
 216474
 216455
 216432
 216386
 216363
 216348
 216261
 216236
 215970
 215826
 215627
 215604
 215568
 215559
 215524
 215341
 215328
 215308
 215277
 215208
 215046
 215003
 214970
 214925
 214922
 214879
 214829
 214815
 214593
 214536
 214496
 214464
 214180
 214035
 213851
 213833
 213610
 213531
 213342
 213127
 213093
 213049
 212926
 212765
 212602
 212335
 212271
 211989
 211818
 211681
 211602
 211495
 211351
 211300
 211254
 211077
 211062
 210987
 210963
 210703
 210526
 210428
 210392
 210322
 210288
 210250
 210208
 210188
 210167
 210142
 210123
 210108
 210058
 210048
 209941
 209787
 209663
 209528
 209310
 209273
 209119
 209032
 209031
 208985
 208841
 208718
 208662
 208622
 208486
 208440
 208342
 208305
 208193
 208146
 208009
 207987
 207893
 207848
 207628
 207622
 207007
 206999
 206928
 206921
 206909
 206757
 206755
 206753
 206683
 206532
 206423
 206186
 206117
 206095
 206061
 205927
 205812
 205787
 205658
 205625
 205565
 205366
 205340
 205050
 204994
 204720
 204624
 204357
 204301
 204275
 204227
 203999
 203948
 203667
 203602
 203518
 203441
 203389
 203287
 203131
 203104
 202949
 202865
 202565
 202453
 202405
 202305
 202199
 202180
 202163
 202110
 201955
 201934
 201793
 201724
 201651
 201557
 201529
 201483
 201310
 200684
 200560
 200554
 200371
 200279
 200110
 200000
 199896
 199727
 199656
 199542
 199477
 199235
 199218
 199186
 198782
 198633
 198599
 198494
 198470
 198369
 198367
 198245
 198062
 197783
 197774
 197645
 197623
 197525
 197495
 197493
 197298
 197269
 197017
 197007
 196947
 196820
 196815
 196800
 196692
 196521
 196340
 196201
 196196
 196065
 195617
 195587
 195310
 195076
 195038
 195011
 194871
 194385
 194113
 194082
 193921
 193843
 193767
 193726
 193587
 193556
 193461
 193443
 193441
 193266
 193236
 193147
 193145
 192856
 192560
 192461
 192401
 192351
 192326
 192307
 192236
 192229
 192223
 191801
 191728
 191659
 191619
 191590
 191584
 191575
 191231
 191229
 190969
 190827
 190669
 190646
 190535
 190425
 190326
 190262
 190208
 190117
 189947
 189940
 189754
 189655
 189655
 189489
 189454
 189397
 189229
 189175
 189157
 189150
 189116
 189096
 189015
 189015
 188922
 188820
 188442
 188262
 188138
 188065
 187939
 187935
 187829
 187476
 187330
 187327
 187182
 187149
 187119
 187094
 187078
 187077
 187038
 186945
 186915
 186803
 186757
 186662
 186649
 186634
 186522
 186370
 186243
 186241
 186152
 186100
 186010
 185805
 185698
 185646
 185218
 185217
 185184
 185175
 185148
 185104
 185088
 185082
 185071
 185039
 185034
 184989
 184945
 184915
 184911
 184886
 184834
 184831
 184719
 184661
 184497
 184466
 184402
 184393
 184234
 184103
 184039
 184035
 183972
 183908
 183870
 183786
 183544
 183326
 183179
 183125
 182860
 182845
 182832
 182776
 182526
 182349
 182146
 182082
 181822
 181818
 181818
 181818
 181790
 181729
 181677
 181614
 181569
 181341
 181034
 181008
 180949
 180926
 180794
 180785
 180550
 180539
 180445
 180275
 180237
 180209
 180112
 179982
 179970
 179928
 179799
 179641
 179611
 179461
 179312
 179282
 179276
 179177
 179107
 179077
 179021
 178983
 178980
 178920
 178759
 178644
 178643
 178564
 178485
 178375
 178367
 178273
 178215
 178200
 177810
 177737
 177704
 177670
 177667
 177642
 177502
 177378
 177365
 177106
 176935
 176895
 176665
 176626
 176518
 176414
 176388
 176119
 176098
 176066
 176058
 176045
 176024
 175977
 175905
 175829
 175533
 175426
 175407
 175294
 175100
 174851
 174826
 174815
 174781
 174272
 174042
 173934
 173720
 173407
 173346
 173260
 173128
 173107
 173034
 173020
 173016
 172889
 172881
 172599
 172546
 172436
 172382
 172295
 172285
 172252
 172223
 172164
 172004
 171929
 171741
 171632
 171629
 171610
 171111
 171032
 170948
 170899
 170779
 170212
 170162
 169775
 169644
 169561
 169281
 169266
 169188
 168847
 168634
 168547
 168349
 168227
 168090
 167727
 167695
 167677
 167593
 167094
 166998
 166974
 166902
 166881
 166776
 166666
 166527
 166333
 166294
 166286
 166246
 166218
 166166
 165939
 165647
 165215
 165148
 165054
 164985
 164933
 164754
 164737
 164667
 164613
 164570
 164449
 164206
 164175
 164174
 164091
 164089
 164086
 163920
 163799
 163742
 163650
 163551
 163355
 163098
 162948
 162813
 162790
 162784
 162509
 162492
 162449
 162440
 162372
 162206
 162143
 161971
 161794
 161671
 161570
 161480
 161407
 161185
 161179
 161169
 161110
 161105
 161101
 160883
 160849
 160791
 160772
 160656
 160652
 160537
 160405
 160319
 160296
 160251
 160129
 159980
 159855
 159820
 159732
 159526
 159069
 159032
 158928
 158919
 158795
 158717
 158607
 158493
 158240
 158228
 158145
 158118
 158096
 157985
 157975
 157950
 157859
 157841
 157599
 157432
 157409
 157377
 157362
 157286
 157268
 157141
 157083
 157013
 156854
 156801
 156790
 156611
 156600
 156566
 156461
 156391
 156317
 156140
 156087
 155980
 155733
 155439
 155354
 155349
 155261
 155172
 154754
 154709
 154700
 154475
 154331
 154277
 154258
 154244
 153924
 153911
 153579
 153509
 153488
 153468
 153467
 153454
 153315
 153266
 153231
 153196
 153131
 153105
 153067
 153061
 152935
 152736
 152613
 152586
 152548
 152489
 152409
 152333
 152133
 152048
 152002
 151915
 151826
 151772
 151584
 151560
 151546
 151531
 151472
 151437
 151310
 151181
 151157
 151148
 151126
 150935
 150889
 150793
 150361
 150142
 149954
 149573
 149486
 149473
 149473
 149287
 149142
 149131
 149079
 148968
 148936
 148738
 148536
 148521
 148450
 148356
 148300
 148060
 147947
 147887
 147869
 147709
 147668
 147651
 147571
 147544
 147289
 147250
 147053
 146927
 146927
 146869
 146731
 146525
 146464
 146438
 146405
 146404
 146067
 145794
 145661
 145527
 145512
 145421
 145357
 145344
 145222
 145039
 144854
 144749
 144656
 144561
 144540
 143849
 143658
 143495
 143469
 143010
 142548
 142535
 142523
 142498
 142426
 141779
 141621
 141567
 141535
 141470
 141393
 141344
 141320
 141196
 141100
 141083
 140845
 140764
 140691
 140327
 140140
 140084
 140052
 139956
 139813
 139765
 139688
 139667
 139560
 139541
 139484
 139416
 139374
 139106
 138973
 138908
 138762
 138705
 138626
 138549
 138398
 138397
 138149
 138135
 138131
 137897
 137868
 137834
 137664
 137542
 137442
 137436
 137426
 137395
 137254
 137075
 136978
 136748
 136665
 136568
 136558
 136509
 136402
 136363
 136242
 136206
 135979
 135898
 135867
 135687
 135667
 135625
 135427
 135411
 135380
 135234
 135170
 135155
 135135
 135081
 135020
 135007
 134789
 134770
 134583
 134529
 134491
 134403
 134380
 134293
 134282
 134250
 134172
 134132
 134097
 133834
 133781
 133682
 133448
 133394
 133386
 133269
 133215
 133187
 133132
 133059
 132948
 132936
 132895
 132879
 132854
 132837
 132702
 132696
 132609
 132540
 132469
 132450
 132436
 132408
 132286
 132217
 132053
 131914
 131876
 131850
 131741
 131611
 131524
 131371
 131328
 131112
 131013
 130964
 130888
 130751
 130747
 130689
 130630
 130467
 130460
 130060
 130037
 129987
 129814
 129801
 129511
 129496
 129280
 129043
 128661
 128310
 128212
 128205
 128202
 127642
 127642
 127615
 127615
 127502
 127458
 127456
 127350
 127285
 127172
 127099
 127061
 126622
 126562
 126517
 126365
 126194
 125915
 125864
 125834
 125821
 125766
 125699
 125412
 125272
 124992
 124816
 124740
 124375
 124314
 124075
 123938
 123879
 123670
 123614
 123477
 123476
 123465
 123404
 123357
 123296
 123127
 123006
 122970
 122957
 122877
 122684
 122510
 122493
 122448
 122322
 122250
 122167
 122133
 122124
 122098
 122047
 122045
 122025
 121539
 121521
 121364
 121308
 121176
 120973
 120873
 120830
 120758
 120643
 120574
 120533
 120474
 120171
 120037
 120016
 119980
 119911
 119853
 119828
 119727
 119583
 119550
 119512
 119483
 119187
 119170
 119104
 118967
 118725
 118327
 118109
 118104
 118051
 118018
 117965
 117604
 117486
 117441
 117306
 117148
 116928
 116891
 116864
 116808
 116738
 116642
 116596
 116582
 116527
 116491
 116305
 116287
 116279
 116125
 115908
 115849
 115593
 115287
 115241
 115238
 115127
 114970
 114869
 114719
 114670
 114503
 114233
 114173
 114140
 114108
 113912
 113908
 113881
 113786
 113776
 113767
 113735
 113653
 113622
 113435
 113366
 113274
 113191
 113046
 113010
 112964
 112945
 112786
 112402
 112347
 112166
 111929
 111889
 111867
 111833
 111759
 111583
 111385
 111185
 111118
 110862
 110711
 110694
 110638
 110595
 110081
 109975
 109838
 109624
 109568
 109503
 109502
 109427
 108986
 108936
 108933
 108885
 108703
 108660
 108581
 108564
 108444
 108439
 108417
 108359
 108273
 108176
 107812
 107752
 107496
 107449
 107282
 107269
 107040
 106575
 106532
 106238
 106197
 106163
 105905
 105729
 105701
 105694
 105674
 105668
 105633
 105566
 105283
 105020
 105006
 104985
 104709
 104547
 104538
 104304
 104190
 104117
 104098
 104045
 104029
 103948
 103492
 103436
 103294
 103151
 103090
 102867
 102715
 102488
 102473
 102198
 101896
 101788
 101673
 101632
 101592
 101568
 101557
 101380
 101230
 101165
 101156
 101087
 101019
 100946
 100888
 100855
 100816
 100672
 100653
 100572
 100564
 100462
 100433
 100408
 100308
 100191
 100129
 100094
 99999
 99923
 99774
 99553
 99544
 99501
 99415
 99268
 99244
 99201
 99051
 98935
 98927
 98659
 98522
 98511
 98495
 98219
 98081
 97970
 97860
 97837
 97718
 97571
 97165
 97003
 96863
 96825
 96819
 96800
 96551
 96432
 96393
 96385
 96347
 96315
 96125
 96021
 95925
 95907
 95827
 95723
 95652
 95572
 95426
 95400
 95074
 94857
 94755
 94703
 94468
 94392
 94342
 94312
 94270
 94258
 94129
 94007
 93960
 93806
 93432
 93138
 93075
 93047
 93006
 93002
 92943
 92871
 92729
 92681
 92675
 92665
 92580
 92563
 92431
 92416
 92305
 92058
 91775
 91677
 91430
 91316
 91185
 91088
 90992
 90942
 90909
 90819
 90725
 90724
 90714
 90614
 90612
 90592
 90586
 90504
 90497
 90473
 90379
 90115
 89857
 89819
 89786
 89765
 89610
 89311
 89097
 88845
 88812
 88756
 88649
 88241
 88217
 88211
 87949
 87743
 87431
 87385
 87285
 87195
 86969
 86947
 86944
 86875
 86834
 86795
 86708
 86649
 86617
 86588
 86413
 86382
 86350
 86300
 86276
 85880
 85840
 85650
 85598
 85581
 85457
 85455
 85251
 85106
 85098
 85015
 84969
 84919
 84873
 84853
 84815
 84729
 84638
 84544
 84538
 84423
 84251
 84043
 84024
 83813
 83755
 83509
 83479
 83377
 83368
 82892
 82826
 82700
 82688
 82569
 82387
 82247
 81902
 81713
 81594
 81492
 81277
 81125
 80825
 80742
 80502
 80401
 80359
 80218
 80191
 80072
 80034
 79605
 79551
 79363
 79350
 79320
 79079
 79029
 78929
 78769
 78741
 78658
 78215
 78079
 77940
 77611
 77589
 77215
 77126
 77002
 76985
 76783
 76775
 76403
 75806
 75789
 75759
 75423
 75145
 75106
 75055
 75043
 75033
 75009
 74736
 74678
 74676
 74664
 74618
 74509
 74469
 74430
 74317
 74285
 74201
 74196
 73964
 73843
 73815
 73787
 73783
 73730
 73645
 73593
 73511
 73453
 73323
 73314
 72878
 72843
 72355
 72306
 72199
 72031
 71841
 71837
 71835
 71581
 71428
 71405
 71380
 71318
 71303
 71296
 71223
 71144
 71090
 71084
 71073
 70997
 70927
 70858
 70683
 70596
 70521
 70484
 70440
 70331
 70273
 70211
 69998
 69930
 69867
 69669
 69621
 69554
 69537
 69367
 69356
 69293
 69249
 69247
 68849
 68799
 68612
 68557
 68430
 68398
 68353
 68298
 68281
 68173
 68108
 68070
 68038
 68024
 67841
 67816
 67787
 67761
 67749
 67738
 67733
 67631
 67614
 67575
 67546
 67421
 67342
 67301
 67226
 67214
 67148
 67037
 67012
 66977
 66742
 66613
 66572
 66563
 66417
 66265
 66098
 66018
 66000
 65801
 65771
 65656
 65601
 65548
 65390
 65382
 65264
 65153
 64896
 64784
 64593
 64417
 64076
 64075
 64032
 64011
 63995
 63986
 63913
 63846
 63837
 63781
 63585
 63549
 63455
 63398
 63331
 63303
 63255
 63182
 63180
 63101
 62820
 62671
 62295
 62179
 62111
 62080
 62049
 62010
 61918
 61707
 61684
 61678
 61617
 61597
 61563
 61545
 61349
 61347
 61088
 60935
 60812
 60682
 60356
 60127
 59918
 59815
 59766
 59758
 59753
 59723
 59692
 59633
 59625
 59508
 59453
 59403
 59342
 59276
 59186
 59128
 59085
 59025
 58837
 58796
 58635
 58286
 58273
 58049
 57945
 57943
 57828
 57807
 57383
 57096
 56964
 56913
 56757
 56522
 56521
 56396
 56314
 56249
 56221
 56149
 56149
 56024
 55879
 55543
 55478
 55461
 55439
 55318
 55305
 55266
 55177
 55136
 55045
 55031
 55010
 54964
 54961
 54960
 54922
 54814
 54603
 54532
 54422
 54334
 54310
 54075
 54013
 53774
 53701
 53364
 53229
 52990
 52863
 52803
 52720
 52410
 52275
 52238
 51896
 51868
 51837
 51698
 51624
 51590
 51454
 51216
 51211
 51092
 51074
 51031
 50923
 50713
 50596
 50593
 50482
 50384
 50071
 49932
 49865
 49619
 49618
 49554
 49275
 49272
 49264
 49143
 49111
 49001
 48960
 48951
 48911
 48899
 48820
 48790
 48627
 48019
 47824
 47804
 47711
 47692
 47595
 47556
 47539
 47507
 47136
 47097
 46835
 46692
 46315
 46229
 46195
 46176
 46068
 46008
 45985
 45973
 45952
 45665
 45569
 45346
 45191
 45135
 45127
 45123
 45013
 45004
 44994
 44931
 44893
 44827
 44779
 44679
 44510
 44415
 44414
 44398
 44325
 43992
 43969
 43946
 43943
 43806
 43668
 43633
 43451
 43445
 43399
 43349
 43299
 42987
 42961
 42659
 42505
 42380
 42183
 42133
 42090
 41778
 41597
 41286
 41195
 40915
 40883
 40868
 40859
 40816
 40768
 40723
 40605
 40583
 40417
 40187
 39614
 39338
 39025
 38933
 38842
 38802
 38612
 38504
 38472
 38466
 38402
 38334
 38329
 38246
 38233
 37764
 37670
 37512
 37425
 37327
 37275
 37220
 37218
 37081
 37063
 36891
 36812
 36765
 36761
 36739
 36714
 36695
 36235
 36216
 36181
 35875
 35688
 35634
 35531
 35502
 35405
 35369
 35294
 35283
 35205
 35097
 34971
 34838
 34803
 34788
 34591
 34558
 34370
 34224
 34124
 34031
 33962
 33851
 33846
 33845
 33751
 33689
 33516
 33473
 33414
 33134
 33006
 32957
 32834
 32818
 32694
 32611
 32534
 32495
 32358
 32335
 32329
 32142
 32014
 31976
 31750
 31387
 31372
 31364
 31350
 30993
 30897
 30811
 30554
 30505
 30197
 30128
 30106
 29951
 29903
 29761
 29757
 29591
 29365
 29279
 29192
 29191
 29043
 29006
 29003
 28983
 28899
 28835
 28818
 28731
 28597
 28417
 28407
 28386
 28344
 28037
 27757
 27700
 27687
 27522
 27454
 27449
 27448
 27397
 27390
 27359
 27348
 27347
 27171
 27171
 27036
 27034
 27019
 26927
 26843
 26836
 26835
 26651
 26640
 26591
 26447
 26315
 26259
 26055
 25806
 25796
 25580
 25502
 25194
 25126
 25013
 25000
 24928
 24919
 24316
 24210
 24164
 24065
 23848
 23816
 23809
 23787
 23764
 23753
 23665
 23633
 23589
 23491
 23405
 23354
 23354
 23208
 23208
 23084
 23058
 22988
 22844
 22609
 22547
 22366
 22291
 21985
 21780
 21688
 21563
 21394
 21271
 21193
 21158
 21102
 21055
 21003
 21001
 20933
 20931
 20847
 20716
 20669
 20648
 20587
 20583
 20578
 20508
 20308
 19924
 19479
 19468
 19413
 19393
 19289
 18892
 18624
 18508
 18281
 18046
 17941
 17891
 17857
 17826
 17674
 17662
 17395
 17138
 17116
 17104
 16945
 16933
 16885
 16595
 16120
 16041
 16020
 15929
 15925
 15901
 15654
 15598
 15570
 14939
 14938
 14889
 14817
 14793
 14545
 14492
 14441
 14316
 14172
 13970
 13775
 13703
 13578
 13565
 13546
 13402
 13242
 12919
 12760
 12721
 12619
 12555
 12461
 12405
 12304
 12262
 12253
 12137
 11406
 11350
 11257
 11136
 11133
 10811
 10784
 10724
 10688
 10622
 10473
 10462
 10430
 10418
 10382
 10371
 10249
 10237
 10075
 9917
 9803
 9800
 9760
 9716
 9535
 9474
 9374
 9352
 8860
 8571
 8304
 8298
 8065
 7889
 7801
 7566
 7529
 7477
 7359
 7159
 7088
 6987
 6837
 6784
 6570
 6485
 6473
 6387
 6206
 6120
 6086
 6012
 5918
 5914
 5905
 5896
 5734
 5610
 5482
 5332
 5193
 5103
 5102
 5027
 4781
 4674
 4651
 4490
 4395
 4341
 4159
 4145
 4144
 4018
 4000
 3894
 3850
 3832
 3556
 3529
 3520
 3128
 3085
 2980
 2892
 2643
 2579
 2439
 2398
 2388
 2205
 2061
 1721
 1462
 1334
 1285
 1228
 1116
 961
 769
 476
 128
 0
 0
 0
 0
 0
 0
 0
 