499877
 499819
 499770
 499759
 499051
 498459
 498328
 498273
 498269
 498264
 498232
 497871
 497821
 497743
 497658
 497653
 497648
 497607
 497601
 497597
 497466
 497347
 497217
 497178
 497038
 497037
 496974
 496969
 496836
 496765
 496763
 496754
 496694
 496450
 496411
 496258
 496200
 496197
 496126
 496048
 495951
 495909
 495815
 495720
 495701
 495596
 495433
 495278
 494967
 494892
 494756
 494719
 494695
 494695
 494531
 494402
 494313
 494273
 494086
 493986
 493854
 493695
 493378
 493237
 493210
 493156
 493007
 492911
 492904
 492757
 492736
 492633
 492558
 492468
 492378
 492355
 492099
 492060
 491901
 491901
 491850
 491847
 491834
 491830
 491808
 491749
 491723
 491691
 491228
 491217
 491114
 490956
 490944
 490932
 490919
 490904
 490849
 490554
 490429
 490175
 490089
 490025
 489829
 489797
 489690
 489421
 489400
 489384
 489270
 489177
 489162
 489160
 489159
 489142
 488999
 488597
 488550
 488407
 488380
 488380
 488217
 488135
 487926
 487755
 487698
 487697
 487681
 487602
 487196
 487110
 487086
 487046
 486928
 486822
 486572
 486487
 486381
 486086
 486081
 486049
 485993
 485918
 485432
 485422
 485422
 485344
 485334
 485251
 485242
 485213
 485206
 485148
 485101
 484986
 484960
 484825
 484801
 484743
 484542
 484536
 484527
 484435
 484169
 484164
 484140
 483870
 483725
 483606
 483596
 483219
 483178
 483074
 482968
 482858
 482702
 482667
 482479
 482373
 482370
 482355
 482312
 482228
 482212
 482012
 481889
 481788
 481697
 481541
 481490
 481442
 481394
 481197
 481197
 481179
 481108
 481082
 481036
 480696
 480678
 480581
 480532
 480517
 480509
 480297
 480291
 480275
 480112
 479992
 479909
 479713
 479575
 479569
 479560
 479479
 479441
 479410
 479404
 479380
 479294
 479197
 479082
 479066
 478924
 478841
 478600
 478406
 478396
 478394
 478368
 478331
 478163
 477991
 477990
 477984
 477943
 477864
 477771
 477688
 477648
 477223
 477124
 476923
 476812
 476599
 476582
 476327
 475999
 475802
 475679
 475609
 475331
 475280
 474872
 474598
 474589
 474190
 474062
 474040
 473882
 473679
 473644
 473288
 473204
 473196
 473066
 473030
 473028
 472997
 472904
 472813
 472722
 472703
 472678
 472542
 472007
 471965
 471890
 471663
 471557
 471283
 470977
 470750
 470633
 470616
 470059
 469855
 469832
 469783
 469772
 469714
 469627
 469478
 469325
 468871
 468859
 468686
 468656
 468609
 468546
 468362
 468264
 468025
 468010
 467886
 467881
 467649
 467617
 467552
 467536
 467438
 467363
 467336
 466938
 466898
 466577
 466512
 466504
 466467
 466434
 466321
 466265
 466187
 465947
 465625
 465513
 465412
 465388
 465326
 465288
 465277
 465138
 465110
 464912
 464896
 464832
 464808
 464794
 464601
 464599
 464479
 464365
 464364
 464297
 463871
 463830
 463781
 463582
 463414
 463342
 463128
 463090
 463057
 462968
 462791
 462765
 462544
 462501
 462435
 462426
 462360
 462315
 462197
 462042
 461988
 461919
 461686
 461651
 461629
 461500
 461498
 461472
 461306
 461221
 461184
 461046
 460911
 460856
 460784
 460780
 460600
 460582
 460549
 460524
 460366
 460267
 460154
 460036
 459925
 459921
 459822
 459774
 459706
 459631
 459595
 459563
 459524
 459459
 459438
 459186
 458965
 458911
 458879
 458614
 458302
 458107
 458058
 458040
 458028
 457838
 457693
 457687
 457475
 457419
 457275
 457241
 457172
 457083
 457010
 456957
 456856
 456763
 456686
 456627
 456386
 455683
 455571
 455359
 455348
 454941
 454697
 454654
 454558
 454545
 454376
 454348
 454317
 454298
 454171
 454086
 453969
 453928
 453602
 453444
 453238
 453212
 452797
 452696
 452641
 452545
 452528
 452518
 452418
 452297
 452284
 452215
 452144
 452107
 452047
 452023
 451863
 451806
 451779
 451716
 451712
 451631
 451395
 451332
 451278
 451277
 451222
 451131
 451100
 450928
 450731
 450495
 450429
 450348
 450209
 449843
 449834
 449790
 449477
 449464
 449338
 449225
 449208
 449092
 449077
 449047
 449023
 448982
 448897
 448869
 448618
 448598
 448417
 448366
 447854
 447787
 447741
 447591
 447482
 447373
 447178
 447095
 446933
 446905
 446842
 446583
 446570
 446373
 446360
 446321
 446291
 446227
 446054
 446046
 445966
 445954
 445910
 445863
 445846
 445835
 445743
 445709
 445707
 445666
 445606
 445572
 445439
 445255
 445246
 445222
 445197
 445033
 444819
 444785
 444559
 444415
 444392
 444356
 444300
 444271
 444269
 444207
 444138
 444093
 444028
 443986
 443924
 443609
 443447
 443396
 443026
 443013
 442938
 442897
 442872
 442831
 442786
 442659
 442626
 442624
 442579
 442517
 442343
 442285
 442222
 442112
 442098
 442075
 441969
 441960
 441896
 441851
 441704
 441676
 441477
 441371
 441176
 440700
 440457
 440416
 439829
 439767
 439734
 439600
 439217
 439135
 438981
 438971
 438931
 438828
 438795
 438753
 438691
 438656
 438560
 438494
 438375
 438356
 438211
 438095
 438078
 437971
 437686
 437663
 437484
 437458
 437455
 437446
 437418
 437316
 437238
 437115
 436994
 436988
 436939
 436805
 436775
 436749
 436473
 436241
 436191
 436049
 436026
 436017
 435934
 435556
 435419
 434953
 434933
 434609
 434340
 434320
 434317
 434274
 434258
 433977
 433684
 433679
 433613
 433605
 433592
 433333
 433245
 432806
 432657
 432470
 432374
 432344
 432314
 432246
 432190
 432112
 431933
 431686
 431616
 431597
 431592
 431572
 431484
 431475
 431402
 431391
 431331
 431326
 431326
 431248
 431084
 431075
 431070
 430856
 430322
 430265
 430212
 430172
 430127
 430016
 429971
 429722
 429463
 429358
 429291
 429237
 429162
 429078
 428884
 428816
 428803
 428571
 428368
 428322
 428268
 428126
 428034
 427818
 427799
 427739
 427726
 427615
 427557
 427430
 427186
 427184
 427126
 426991
 426434
 426432
 426294
 426199
 425972
 425908
 425706
 425579
 425463
 425410
 425277
 425218
 425189
 425117
 425066
 424993
 424883
 424871
 424657
 424596
 424558
 424502
 424350
 424292
 424268
 424189
 424104
 423996
 423978
 423957
 423813
 423714
 423685
 423515
 423282
 423118
 423076
 423036
 422919
 422756
 422683
 422582
 422540
 422446
 422263
 422253
 422237
 422194
 422144
 422129
 422077
 422072
 421984
 421871
 421837
 421821
 421766
 421672
 421610
 421525
 421465
 421432
 421063
 421021
 420985
 420931
 420854
 420711
 420624
 420611
 420391
 420221
 420000
 419851
 419769
 419701
 419564
 419532
 419494
 419425
 419387
 419230
 419221
 419072
 418720
 418265
 418252
 418181
 418120
 418112
 417836
 417819
 417420
 417416
 417414
 417280
 417258
 416861
 416846
 416754
 416282
 416275
 416111
 416006
 416004
 415975
 415952
 415914
 415841
 415674
 415505
 415467
 415285
 415254
 415184
 415151
 415045
 415004
 414885
 414746
 414730
 414299
 414091
 414012
 413968
 413793
 413755
 413745
 413638
 413605
 413505
 413467
 413450
 413434
 413299
 413297
 413286
 413270
 413119
 413064
 413043
 412806
 412688
 412630
 412543
 412520
 412396
 412030
 411590
 411579
 411541
 411451
 411428
 411360
 411245
 411147
 411136
 411107
 410654
 410558
 410453
 409896
 409880
 409648
 409486
 409437
 409429
 409400
 409377
 409297
 409188
 409152
 409145
 409050
 409033
 408745
 408698
 408634
 408418
 408152
 408144
 407963
 407914
 407883
 407829
 407668
 407635
 407192
 407139
 407100
 406914
 406836
 406663
 406478
 406308
 406096
 406040
 405855
 405843
 405842
 405581
 405434
 405308
 405247
 405230
 405226
 405109
 404975
 404974
 404964
 404813
 404689
 404405
 404347
 404079
 404018
 403904
 403735
 403617
 403480
 403399
 403002
 402930
 402848
 402827
 402762
 402729
 402617
 402615
 402588
 402531
 402511
 402492
 402366
 402325
 402313
 402183
 402116
 401991
 401834
 401670
 401618
 401593
 401581
 401501
 401417
 401408
 401353
 401311
 401178
 401175
 401136
 401103
 400989
 400951
 400884
 400784
 400784
 400710
 400106
 399974
 399954
 399906
 399882
 399563
 399554
 399486
 399341
 399321
 399313
 399159
 399118
 398927
 398870
 398860
 398843
 398784
 398769
 398579
 398576
 398550
 398544
 398502
 398292
 398286
 398177
 398108
 397937
 397934
 397921
 397807
 397715
 397640
 397435
 397354
 397268
 397127
 397005
 396962
 396954
 396951
 396887
 396874
 396811
 396706
 396633
 396628
 396290
 396272
 396142
 396029
 396027
 395949
 395774
 395636
 395519
 395402
 395297
 395278
 395209
 395024
 394850
 394744
 394731
 394642
 394580
 394184
 394159
 394101
 394046
 393931
 393813
 393805
 393725
 393536
 393410
 393311
 393263
 393230
 393026
 392950
 392895
 392883
 392862
 392786
 392610
 392445
 392414
 392251
 392249
 392209
 392062
 392057
 392047
 391946
 391719
 391390
 391167
 391154
 390925
 390912
 390777
 390600
 390243
 390240
 390168
 390042
 390011
 389866
 389795
 389757
 389481
 389422
 389413
 389383
 389356
 389317
 389274
 389008
 388984
 388615
 388601
 388529
 388510
 388456
 388446
 388417
 388279
 388206
 388039
 388008
 387978
 387947
 387871
 387802
 387622
 387502
 387365
 387201
 387134
 386860
 386753
 386509
 386481
 385999
 385460
 385203
 385176
 385057
 385031
 384870
 384487
 384475
 384441
 384199
 384187
 384105
 384050
 383990
 383938
 383878
 383845
 383840
 383526
 383403
 383352
 383301
 383232
 383202
 383080
 382980
 382973
 382917
 382837
 382732
 382589
 382549
 382495
 382211
 382126
 382122
 382054
 381971
 381693
 381659
 381596
 381463
 381352
 381174
 380992
 380926
 380920
 380758
 380689
 380656
 380626
 380535
 380533
 380487
 380463
 380439
 380414
 380222
 380200
 379885
 379724
 379720
 379684
 379645
 379058
 378988
 378939
 378908
 378844
 378668
 378403
 378329
 378273
 378073
 377971
 377750
 377703
 377580
 377448
 377158
 377057
 376982
 376901
 376884
 376648
 376522
 376504
 376359
 376048
 375806
 375579
 375472
 375420
 375402
 375358
 375254
 375136
 375000
 374951
 374768
 374694
 374646
 374641
 374584
 374571
 374551
 374520
 374466
 374392
 374310
 374297
 374280
 374279
 374265
 374159
 374117
 374026
 373582
 373574
 373537
 373480
 373465
 373435
 373382
 373307
 373300
 373286
 373253
 372933
 372846
 372836
 372733
 372716
 372685
 372680
 372619
 372289
 372202
 372101
 371748
 371652
 371601
 371521
 371444
 371428
 371365
 371212
 371134
 370951
 370938
 370868
 370853
 370729
 370494
 370418
 370287
 370269
 370244
 370181
 370104
 370087
 369996
 369900
 369865
 369846
 369771
 369716
 369626
 369582
 369265
 369261
 369234
 369130
 369097
 369058
 368918
 368722
 368603
 368524
 368502
 368476
 368461
 367903
 367873
 367817
 367779
 367733
 367716
 367628
 367492
 367297
 367269
 367235
 367195
 367192
 367138
 367002
 366790
 366594
 366364
 366314
 366250
 366232
 366002
 365976
 365886
 365873
 365834
 365603
 365592
 365440
 365241
 365209
 365181
 365123
 365031
 365030
 365013
 364955
 364676
 364302
 364298
 364237
 364174
 364100
 364027
 363938
 363818
 363744
 363715
 363636
 363590
 363464
 363154
 362999
 362941
 362312
 362214
 362208
 362117
 362103
 361942
 361926
 361841
 361822
 361762
 361702
 361501
 361361
 361331
 361163
 361063
 360997
 360982
 360887
 360864
 360850
 360814
 360746
 360655
 360621
 360552
 360466
 360434
 360277
 360188
 360097
 360088
 360077
 359882
 359869
 359861
 359653
 359490
 359440
 359287
 359003
 358945
 358882
 358818
 358758
 358633
 358629
 358570
 358456
 358371
 358365
 358072
 357909
 357776
 357653
 357587
 357307
 357142
 357092
 356955
 356913
 356888
 356690
 356645
 356552
 356549
 356348
 356249
 356145
 356037
 355840
 355403
 355253
 355205
 355165
 355113
 355072
 354939
 354916
 354911
 354838
 354789
 354700
 354545
 354223
 354213
 354064
 354031
 353922
 353890
 353744
 353471
 353230
 353210
 353193
 352963
 352941
 352422
 352402
 352328
 352235
 352014
 351930
 351851
 351825
 351612
 351345
 351290
 351231
 351102
 350860
 350850
 350847
 350562
 350317
 349999
 349966
 349964
 349925
 349740
 349674
 349502
 349453
 349361
 349245
 349215
 349106
 348999
 348977
 348789
 348780
 348566
 348551
 348525
 348489
 348484
 348438
 348129
 348049
 347952
 347906
 347885
 347757
 347572
 347315
 347235
 347000
 346940
 346590
 346481
 346449
 346245
 346155
 346146
 345882
 345820
 345767
 345726
 345676
 345363
 345357
 345049
 345044
 345001
 344952
 344868
 344820
 344726
 344685
 344682
 344648
 344471
 344434
 344423
 344120
 343963
 343939
 343933
 343881
 343790
 343598
 343493
 343364
 343354
 343249
 343195
 343161
 343128
 343110
 343065
 343047
 343002
 342790
 342754
 342330
 342156
 342005
 341742
 341706
 341658
 341625
 341608
 341489
 341453
 341312
 341082
 340948
 340915
 340867
 340726
 340482
 340425
 340255
 339952
 339728
 339705
 339550
 339542
 339524
 339520
 339377
 339346
 339261
 338971
 338791
 338712
 338540
 338529
 338519
 338279
 337927
 337904
 337849
 337724
 337675
 337667
 337608
 337563
 337463
 337449
 337400
 336997
 336909
 336857
 336824
 336808
 336798
 336593
 336565
 336473
 336273
 336165
 336156
 336015
 335990
 335975
 335845
 335588
 335457
 335391
 335385
 335181
 335133
 335091
 335046
 335021
 334932
 334860
 334840
 334751
 334746
 334665
 334631
 334606
 334587
 334451
 334285
 334138
 333943
 333937
 333672
 333649
 333456
 333436
 333434
 333413
 333333
 333279
 332959
 332909
 332875
 332762
 332732
 332521
 332520
 332299
 331625
 331427
 331387
 331194
 331136
 331041
 330991
 330960
 330819
 330566
 330436
 330315
 330305
 330275
 330263
 329866
 329827
 329796
 329713
 329645
 329513
 329327
 329250
 329229
 329189
 329176
 329054
 329011
 328926
 328843
 328282
 328093
 328002
 327929
 327870
 327810
 327810
 327799
 327726
 327595
 327567
 327506
 327030
 326970
 326927
 326905
 326802
 326645
 326578
 326517
 326511
 326308
 325980
 325876
 325700
 325697
 325646
 325558
 325310
 325310
 325258
 325164
 325055
 325036
 324968
 324889
 324823
 324799
 324773
 324540
 324444
 324423
 324384
 324345
 324204
 324049
 324024
 323886
 323836
 323726
 323696
 323595
 323529
 323471
 323120
 322804
 322695
 322652
 322579
 322455
 322403
 322233
 322067
 321955
 321941
 321816
 321790
 321737
 321507
 321466
 321287
 321189
 320951
 320932
 320589
 320519
 320377
 320343
 320278
 320240
 320158
 320094
 320042
 319982
 319965
 319735
 319608
 319427
 319199
 319147
 319113
 319042
 319008
 319004
 318982
 318791
 318668
 318596
 318156
 317812
 317631
 317563
 317512
 317387
 317279
 317207
 317127
 317073
 316928
 316598
 316536
 316476
 316453
 316451
 316451
 316424
 316245
 316191
 316159
 316102
 315720
 315695
 315539
 315451
 315335
 315181
 315123
 315121
 315107
 315026
 314651
 314564
 314448
 314379
 314221
 314199
 314186
 314072
 314020
 313901
 313751
 313540
 313498
 313472
 313395
 313389
 313376
 313156
 313045
 312906
 312897
 312839
 312839
 312733
 312612
 312471
 312458
 312352
 312120
 312114
 312078
 311953
 311801
 311664
 311405
 311320
 311230
 311203
 311159
 311141
 310592
 310493
 310075
 310054
 309961
 309819
 309528
 309500
 309460
 309407
 309168
 309168
 309090
 309021
 308912
 308766
 308760
 308743
 308673
 308578
 308549
 308505
 308487
 308358
 308263
 308176
 308150
 308126
 308095
 307909
 307764
 307692
 307689
 307369
 307259
 307246
 307234
 307171
 307057
 306848
 306820
 306686
 306468
 306460
 306451
 306147
 306146
 306103
 306044
 305926
 305856
 305851
 305631
 305505
 305504
 305481
 305477
 305350
 305194
 304899
 304896
 304687
 304603
 303913
 303667
 303567
 303402
 303197
 303182
 303180
 303050
 303016
 302834
 302796
 302780
 302770
 302761
 302586
 302529
 302521
 302420
 302414
 302356
 302139
 302078
 301746
 301736
 301681
 301512
 301405
 301263
 301251
 301128
 300804
 300748
 300682
 300362
 300275
 300070
 300000
 299999
 299991
 299919
 299911
 299839
 299605
 299564
 299265
 299195
 299194
 299141
 299080
 299001
 298734
 298573
 298515
 298500
 298381
 298276
 298080
 298001
 297872
 297717
 297445
 297398
 297395
 297367
 297316
 297066
 296402
 296349
 296325
 296278
 296113
 296091
 296062
 296024
 295923
 295918
 295638
 295637
 295542
 295414
 295342
 295264
 295014
 294797
 294671
 294256
 294251
 294146
 294143
 294117
 293959
 293547
 293518
 293434
 293343
 293291
 293233
 293092
 293048
 292903
 292865
 292785
 292723
 292568
 292217
 292146
 291977
 291925
 291896
 291775
 291726
 291720
 291686
 291681
 291372
 291261
 291250
 291140
 291043
 290986
 290925
 290811
 290763
 290725
 290569
 290548
 290521
 290311
 290153
 290150
 290144
 290055
 290018
 289954
 289889
 289636
 289576
 289167
 289122
 289110
 289011
 288952
 288881
 288823
 288684
 288676
 288630
 288628
 288340
 288117
 287882
 287868
 287460
 287437
 287398
 287331
 287192
 287030
 286928
 286879
 286877
 286867
 286828
 286768
 286709
 286558
 286549
 286516
 286453
 286195
 285841
 285830
 285770
 285714
 285701
 285620
 285606
 285563
 285499
 285450
 285448
 285419
 285257
 285229
 285121
 285074
 284966
 284739
 284703
 284563
 284472
 284405
 284379
 284320
 284161
 283954
 283939
 283672
 283584
 283524
 283505
 283421
 283417
 283348
 283327
 283257
 283132
 282929
 282553
 282442
 282195
 281992
 281872
 281823
 281761
 281685
 281678
 281609
 281580
 281526
 281503
 281431
 281327
 281203
 281009
 280991
 280962
 280937
 280888
 280887
 280866
 280789
 280726
 280593
 280442
 280229
 280192
 279966
 279845
 279788
 279721
 279656
 279639
 279475
 279460
 279421
 279373
 279257
 279225
 279105
 278979
 278961
 278775
 278738
 278664
 278558
 278515
 278310
 278199
 278164
 278138
 278102
 278080
 277996
 277950
 277949
 277789
 277777
 277777
 277630
 277617
 277440
 277337
 277326
 277271
 277176
 276915
 276907
 276551
 276535
 276439
 276159
 276105
 275913
 275654
 275508
 275238
 275189
 275111
 275057
 274953
 274769
 274703
 274678
 274645
 274620
 274607
 274604
 274538
 274529
 274515
 274511
 274393
 274294
 274157
 273986
 273865
 273756
 273614
 273604
 273541
 273487
 273345
 273268
 273249
 273221
 272976
 272969
 272877
 272842
 272791
 272754
 272727
 272675
 272594
 272572
 272542
 272510
 272476
 272459
 272436
 272364
 272308
 272127
 272122
 272107
 272099
 272020
 272010
 271314
 271206
 271017
 270988
 270966
 270933
 270890
 270850
 270794
 270725
 270648
 270498
 270494
 270270
 270265
 270193
 270165
 270001
 269996
 269959
 269653
 269610
 269574
 269564
 269515
 269449
 269379
 269339
 269242
 269200
 269145
 269076
 269065
 269041
 268834
 268656
 268477
 268292
 268185
 268164
 268094
 268041
 268012
 267992
 267847
 267819
 267802
 267741
 267672
 267627
 267479
 267138
 267116
 266965
 266888
 266871
 266844
 266812
 266775
 266757
 266666
 266634
 266620
 266013
 265997
 265990
 265933
 265827
 265627
 265432
 265407
 265248
 265080
 264514
 264493
 264387
 264387
 264324
 264296
 264081
 263851
 263698
 263488
 263293
 263237
 263087
 262947
 262833
 262791
 262696
 262642
 262595
 262567
 262319
 262285
 262235
 262230
 262182
 261977
 261881
 261861
 261786
 261553
 261529
 261452
 261316
 260920
 260910
 260474
 260429
 259956
 259948
 259946
 259887
 259774
 259678
 259623
 259226
 259133
 259001
 258883
 258823
 258534
 258486
 258320
 258102
 257722
 257710
 257517
 257436
 257416
 257037
 256857
 256746
 256661
 256626
 256545
 256351
 256291
 256145
 256085
 255958
 255868
 255738
 255661
 255652
 255648
 255516
 255414
 255408
 255269
 255016
 254841
 254792
 254777
 254640
 254404
 254403
 254147
 254044
 254039
 254008
 253993
 253934
 253829
 253825
 253758
 253706
 253661
 253343
 253285
 253157
 252964
 252855
 252847
 252520
 252427
 252412
 252362
 252295
 252142
 252043
 252037
 252009
 251800
 251770
 251662
 251364
 251226
 251089
 251074
 251035
 250945
 250899
 250825
 250729
 250724
 250687
 250655
 250645
 250595
 250580
 250499
 250257
 250087
 249987
 249874
 249604
 249586
 249417
 249348
 249290
 249258
 249218
 249203
 249174
 249057
 249027
 249014
 248938
 248761
 248317
 248299
 248272
 248192
 247972
 247810
 247739
 247694
 247644
 247630
 247462
 247450
 247122
 247051
 246945
 246788
 246763
 246744
 246463
 246436
 246272
 246268
 246158
 245963
 245935
 245880
 245821
 245736
 245655
 245155
 245111
 245096
 244960
 244891
 244847
 244690
 244567
 244549
 244490
 244440
 244429
 244326
 244295
 244284
 244204
 244106
 243902
 243836
 243805
 243796
 243716
 243578
 243543
 243469
 243468
 243433
 243185
 243073
 242919
 242856
 242774
 242222
 242133
 242020
 241951
 241943
 241935
 241911
 241879
 241858
 241786
 241755
 241670
 241625
 241338
 241310
 241224
 241109
 240769
 240671
 240611
 240578
 240530
 240371
 240362
 240338
 240323
 240215
 240210
 240108
 240081
 239763
 239692
 239561
 239495
 239374
 239370
 239348
 239244
 239222
 239103
 238815
 238814
 238744
 238663
 238582
 238537
 238473
 238437
 238319
 238138
 238135
 238095
 238037
 237981
 237980
 237892
 237823
 237817
 237749
 237686
 237681
 237528
 237512
 237479
 237140
 237050
 237029
 236988
 236975
 236910
 236879
 236812
 236805
 236774
 236517
 236327
 236280
 236149
 236034
 236010
 235944
 235910
 235885
 235765
 235723
 235676
 235443
 235395
 235284
 235158
 234811
 234793
 234549
 234507
 234493
 234443
 234224
 234033
 234006
 233991
 233868
 233782
 233619
 233577
 233522
 233333
 233041
 232979
 232877
 232869
 232824
 232675
 232593
 232234
 232065
 231678
 231480
 231464
 231391
 231373
 231332
 231195
 231036
 230995
 230950
 230789
 230591
 230588
 230579
 230361
 230210
 230088
 230037
 229601
 229566
 229436
 229391
 229069
 229037
 228978
 228943
 228873
 228809
 228697
 228628
 228607
 228592
 228589
 228517
 228417
 228334
 228253
 228039
 227989
 227902
 227835
 227763
 227562
 227356
 227345
 227168
 227027
 226995
 226950
 226813
 226718
 226643
 226612
 226506
 226472
 226440
 226378
 226355
 226153
 226142
 226114
 225870
 225788
 225624
 225582
 225581
 225446
 225368
 225323
 225209
 225094
 225030
 224978
 224818
 224818
 224631
 224572
 224484
 224422
 224361
 224310
 224178
 224155
 224104
 223911
 223855
 223629
 223562
 223393
 223309
 223212
 223189
 223114
 223039
 223012
 222997
 222751
 222525
 222308
 222214
 221864
 221787
 221592
 221560
 221553
 221542
 221504
 221351
 221336
 221082
 221076
 220924
 220770
 220452
 220412
 220345
 220186
 220165
 220132
 220104
 220054
 219981
 219909
 219781
 219570
 219478
 219358
 219308
 219238
 219217
 219128
 218824
 218696
 218358
 218123
 218097
 218061
 218014
 217947
 217829
 217744
 217664
 217649
 217617
 217421
 217371
 217220
 217131
 217017
 216814
 216496
 216400
 216346
 216330
 216322
 216313
 216294
 216216
 216160
 216063
 216034
 215968
 215779
 215779
 215713
 215664
 215649
 215625
 215613
 215312
 215205
 215187
 215147
 215141
 215092
 215069
 214837
 214789
 214750
 214675
 214559
 214361
 214349
 214177
 214162
 214143
 214062
 213937
 213207
 213088
 213064
 213014
 212852
 212788
 212775
 212761
 212622
 212586
 212556
 212455
 212224
 212177
 212172
 211912
 211772
 211703
 211629
 211538
 211520
 211471
 211465
 211382
 211342
 211290
 211147
 210993
 210922
 210875
 210771
 210662
 210573
 210526
 210512
 210473
 210424
 210126
 210028
 210011
 209829
 209760
 209756
 209731
 209704
 209701
 209643
 209627
 209615
 209581
 209472
 209302
 209274
 209109
 209086
 208899
 208877
 208677
 208630
 208629
 208599
 208394
 208112
 208017
 207999
 207889
 207796
 207724
 207658
 207635
 207598
 207505
 207469
 207333
 207282
 207262
 206982
 206842
 206818
 206782
 206781
 206642
 206577
 206550
 206452
 206439
 206368
 206342
 206267
 206195
 206186
 206146
 206097
 205905
 205675
 205491
 205428
 205387
 205373
 205362
 205057
 205048
 205011
 204981
 204884
 204781
 204654
 204550
 204317
 204286
 204283
 204267
 204048
 203806
 203782
 203615
 203581
 203464
 203438
 203399
 203369
 203136
 203077
 203075
 203047
 202981
 202829
 202689
 202670
 202654
 202462
 202453
 202393
 202199
 201948
 201940
 201861
 201785
 201752
 201663
 201661
 201553
 201512
 201271
 201234
 201205
 201128
 201020
 200947
 200856
 200821
 200648
 200516
 200448
 200218
 200093
 200000
 200000
 199929
 199909
 199852
 199753
 199739
 199655
 199649
 199483
 199270
 199234
 199169
 199155
 199085
 199058
 199008
 198997
 198934
 198832
 198680
 198622
 198599
 198578
 198303
 198212
 198133
 198132
 198074
 197982
 197860
 197680
 197350
 197283
 197248
 196974
 196946
 196915
 196731
 196710
 196682
 196610
 196563
 196409
 196335
 196296
 196126
 196122
 196062
 196039
 196026
 195904
 195731
 195682
 195658
 195346
 195234
 195176
 195124
 194991
 194850
 194658
 194634
 194595
 194476
 194452
 194435
 194285
 194267
 194033
 194029
 193617
 193531
 193508
 193412
 193340
 193264
 193201
 193096
 193085
 193003
 192893
 192861
 192814
 192642
 192560
 192459
 192307
 192234
 192162
 192054
 191844
 191836
 191737
 191673
 191565
 191529
 191505
 191477
 191324
 191018
 190871
 190810
 190762
 190571
 190551
 190284
 190155
 189992
 189930
 189922
 189909
 189867
 189820
 189769
 189553
 189491
 189485
 189331
 189272
 189176
 189002
 188961
 188796
 188791
 188634
 188587
 188394
 188157
 187932
 187890
 187832
 187830
 187768
 187684
 187674
 187371
 187242
 187200
 186991
 186929
 186787
 186631
 186441
 186099
 185949
 185849
 185839
 185773
 185740
 185655
 185585
 185538
 185427
 185393
 185304
 185048
 185039
 185020
 184943
 184921
 184879
 184737
 184669
 184589
 184544
 184398
 184257
 184139
 184091
 184087
 184078
 183958
 183773
 183581
 183475
 183138
 183098
 182955
 182954
 182812
 182795
 182602
 182505
 182499
 182465
 182348
 182210
 182129
 182058
 181972
 181818
 181505
 181492
 181457
 181353
 181308
 181225
 181046
 180936
 180886
 180854
 180841
 180787
 180758
 180684
 180657
 180650
 180555
 180430
 180380
 180361
 180166
 180156
 180127
 180089
 179999
 179871
 179837
 179683
 179567
 179509
 179357
 179293
 179222
 179161
 178775
 178736
 178454
 178296
 178200
 178195
 178097
 178033
 177812
 177756
 177690
 177669
 177605
 177595
 177591
 177540
 177523
 177426
 177307
 177241
 177143
 177053
 177004
 176813
 176783
 176739
 176694
 176571
 176475
 176458
 176455
 176425
 176415
 176308
 176258
 176125
 176100
 176035
 175918
 175895
 175833
 175276
 175265
 175097
 174958
 174904
 174462
 174385
 174374
 174342
 174262
 174241
 174136
 174052
 173868
 173811
 173773
 173747
 173684
 173605
 173592
 173582
 173511
 173410
 173377
 173190
 173180
 173099
 173076
 172950
 172944
 172777
 172584
 172566
 172522
 172516
 172413
 172283
 172235
 172230
 172211
 172202
 171984
 171848
 171811
 171769
 171264
 171109
 171052
 171012
 170738
 170723
 170691
 170625
 170558
 170499
 170305
 170289
 170263
 170191
 170136
 170112
 169742
 169225
 169198
 169094
 169088
 169072
 169065
 168917
 168897
 168831
 168745
 168674
 168626
 168622
 168588
 168366
 168344
 168244
 168163
 168090
 167818
 167752
 167425
 167318
 167304
 167247
 167164
 167145
 167027
 166984
 166828
 166775
 166666
 166634
 166356
 166188
 165911
 165908
 165863
 165390
 165329
 165048
 165031
 164881
 164796
 164787
 164533
 164498
 164422
 164373
 164018
 163928
 163916
 163716
 163490
 163413
 163323
 163224
 163155
 163150
 163108
 163095
 163061
 162960
 162874
 162854
 162742
 162569
 162525
 162347
 162346
 162297
 162295
 162295
 162175
 161975
 161961
 161953
 161939
 161865
 161727
 161652
 161213
 161195
 161148
 161130
 161114
 161052
 160999
 160937
 160913
 160845
 160758
 160741
 160561
 160533
 160459
 160334
 160328
 160251
 160238
 160064
 159933
 159908
 159704
 159689
 159658
 159600
 159581
 159488
 159452
 159420
 159380
 159344
 159308
 159302
 159270
 159254
 159244
 159205
 159168
 159035
 158946
 158665
 158617
 158251
 157946
 157835
 157792
 157697
 157696
 157505
 157372
 157324
 157181
 157085
 157053
 157024
 156956
 156750
 156664
 156536
 156468
 156321
 156223
 156216
 156180
 156173
 155961
 155947
 155933
 155876
 155737
 155555
 155469
 155367
 155224
 154933
 154726
 154707
 154704
 154359
 154186
 154130
 153928
 153919
 153868
 153799
 153390
 153384
 153372
 153284
 153282
 153274
 153246
 153239
 153107
 152959
 152911
 152909
 152772
 152723
 152688
 152228
 152189
 152184
 152079
 152058
 152010
 151729
 151713
 151515
 151181
 151020
 150941
 150939
 150792
 150634
 150569
 150526
 150264
 150232
 150107
 150082
 150030
 149707
 149703
 149701
 149563
 149411
 149266
 149194
 149184
 149146
 149101
 149010
 148947
 148876
 148692
 148672
 148614
 148397
 148382
 148261
 148178
 147940
 147753
 147489
 147407
 147173
 147058
 147040
 146941
 146918
 146808
 146631
 146580
 146542
 146420
 146217
 146138
 146048
 146043
 145820
 145769
 145766
 145594
 145536
 145528
 145405
 145391
 145364
 145351
 145207
 145103
 144828
 144823
 144804
 144013
 143728
 143626
 143576
 143575
 143504
 143399
 143386
 143324
 143205
 143085
 143068
 142980
 142976
 142787
 142736
 142728
 142675
 142651
 142612
 142507
 142351
 142053
 141777
 141733
 141623
 141300
 141093
 140855
 140737
 140455
 140365
 140352
 140152
 139955
 139827
 139762
 139671
 139603
 139586
 139409
 139097
 139026
 138962
 138785
 138741
 138714
 138616
 138418
 138354
 138279
 138212
 138203
 138179
 138162
 137894
 137869
 137792
 137691
 137591
 137466
 137462
 137414
 137360
 137357
 137294
 137288
 137284
 137245
 137214
 137186
 137177
 136811
 136771
 136726
 136674
 136658
 136612
 136477
 136473
 136363
 136363
 136175
 136056
 136016
 135938
 135897
 135853
 135743
 135613
 135393
 135204
 135013
 134834
 134811
 134806
 134695
 134689
 134642
 134642
 134637
 134593
 134556
 134537
 134504
 134363
 134277
 134200
 134166
 133980
 133971
 133681
 133333
 133208
 133109
 132887
 132872
 132761
 132721
 132653
 132487
 132206
 131950
 131774
 131765
 131648
 131631
 131578
 131537
 131478
 131415
 131380
 130634
 130570
 130431
 130424
 130391
 130353
 130332
 130271
 130251
 130208
 130111
 129864
 129831
 129782
 129779
 129548
 129393
 129121
 129080
 128954
 128524
 128516
 128436
 128042
 127756
 127556
 127500
 127454
 127435
 127380
 127295
 127272
 127046
 127018
 126881
 126812
 126732
 126602
 126580
 126384
 126334
 126302
 126201
 126034
 125862
 125860
 125824
 125665
 125521
 125503
 125398
 125346
 125244
 125078
 125000
 124957
 124911
 124797
 124534
 124382
 124337
 124222
 124180
 124139
 124078
 123869
 123762
 123734
 123688
 123602
 123581
 123568
 123506
 123450
 123335
 123094
 123039
 122971
 122705
 122695
 122610
 122388
 122362
 122244
 122176
 122014
 121990
 121874
 121852
 121842
 121802
 121505
 121375
 121230
 121114
 121081
 121002
 120981
 120957
 120559
 120527
 120492
 120451
 120418
 120394
 120174
 119863
 119842
 119808
 119542
 119526
 119491
 119484
 119373
 119318
 119255
 118576
 118421
 118389
 118074
 118069
 118006
 117715
 117302
 117141
 117126
 117100
 116963
 116822
 116795
 116602
 116499
 116436
 116305
 116279
 116279
 116270
 116198
 116147
 115805
 115708
 115590
 115573
 115481
 115384
 115384
 115290
 115191
 115007
 114767
 114754
 114478
 114469
 114463
 114362
 114315
 114285
 114147
 114138
 114119
 114085
 113798
 113768
 113765
 113748
 113599
 113518
 113465
 113316
 113050
 113016
 112941
 112894
 112765
 112765
 112740
 112571
 112055
 112013
 111929
 111898
 111880
 111864
 111821
 111689
 111223
 111136
 111102
 111049
 110931
 110925
 110736
 110401
 110279
 110093
 109787
 109756
 109645
 109582
 109557
 109455
 109271
 109156
 109048
 109041
 109009
 108813
 108811
 108709
 108606
 108591
 108466
 108442
 108381
 108328
 108274
 108258
 108248
 108236
 108175
 108126
 108123
 108082
 108063
 108048
 107917
 107901
 107869
 107849
 107843
 107692
 107500
 107239
 107226
 107198
 107186
 106986
 106886
 106840
 106514
 106425
 106320
 106140
 105851
 105490
 105354
 105322
 105306
 105263
 105263
 105202
 105179
 105158
 105016
 104917
 104766
 104754
 104656
 104651
 104382
 104348
 104156
 104002
 104000
 103485
 103330
 103303
 103200
 103162
 103147
 102878
 102798
 102708
 102662
 102477
 102469
 102222
 102185
 102150
 102071
 102006
 101930
 101928
 101641
 101343
 101267
 101236
 101021
 100804
 100790
 100663
 100655
 100606
 100544
 100420
 100359
 100263
 100260
 100240
 100113
 100047
 99999
 99999
 99804
 99796
 99794
 99768
 99634
 99597
 99443
 99413
 99409
 99354
 99207
 99201
 99149
 99067
 98878
 98832
 98427
 98414
 98347
 98147
 98063
 97868
 97728
 97402
 97364
 97334
 96983
 96729
 96678
 96668
 96558
 96481
 96352
 96345
 96237
 95908
 95874
 95857
 95786
 95696
 95480
 95432
 95375
 95189
 95179
 95074
 94912
 94836
 94806
 94799
 94590
 94525
 94456
 94208
 94176
 94102
 93979
 93836
 93819
 93799
 93733
 93626
 93510
 93465
 93454
 93416
 93394
 93314
 93257
 93220
 93008
 92943
 92897
 92813
 92720
 92715
 92692
 92529
 92146
 92046
 92010
 91849
 91609
 91541
 91337
 91244
 91062
 90942
 90792
 90690
 90662
 90642
 90626
 90304
 90000
 89958
 89850
 89825
 89719
 89552
 89494
 89445
 89171
 88997
 88902
 88888
 88761
 88705
 88592
 88571
 88458
 88266
 88187
 88011
 87996
 87895
 87787
 87634
 87612
 87535
 87394
 87133
 87109
 87027
 86869
 86836
 86477
 86444
 86280
 86149
 86116
 86025
 86011
 85963
 85728
 85709
 85618
 85594
 85545
 85377
 85365
 85213
 84743
 84434
 84432
 84359
 84321
 84207
 84049
 84035
 83804
 83800
 83688
 83627
 83583
 83378
 83298
 83193
 83173
 83113
 83068
 83013
 82906
 82780
 82774
 82768
 82718
 82695
 82603
 82524
 82502
 82389
 82124
 82031
 82005
 81958
 81955
 81681
 81639
 81491
 81471
 81427
 81290
 81237
 81111
 81022
 80939
 80934
 80910
 80901
 80824
 80745
 80710
 80690
 80516
 80308
 80260
 80115
 79967
 79888
 79843
 79659
 79648
 79447
 79405
 79402
 79297
 79205
 79167
 79133
 79055
 79043
 79039
 78947
 78744
 78726
 78702
 78512
 78504
 78484
 78408
 78396
 78332
 78257
 78184
 78057
 78017
 77956
 77951
 77900
 77820
 77586
 77528
 77167
 77150
 77103
 77079
 77071
 77039
 77024
 76809
 76533
 76069
 75925
 75892
 75647
 75359
 75330
 75278
 75272
 75222
 74789
 74732
 74633
 74404
 74395
 74221
 73835
 73634
 73319
 73050
 73022
 72886
 72822
 72697
 72580
 72553
 72510
 72306
 72131
 72095
 71926
 71898
 71790
 71731
 71646
 71639
 71559
 71537
 71428
 71145
 71111
 71043
 70995
 70931
 70822
 70590
 70527
 70357
 70334
 70169
 70107
 70007
 69946
 69852
 69744
 69365
 69323
 69254
 69182
 69167
 69097
 68965
 68903
 68886
 68677
 68619
 68616
 68539
 68522
 68511
 68411
 68409
 68160
 68093
 68064
 67816
 67796
 67318
 67220
 67134
 67004
 66792
 66743
 66685
 66666
 66645
 66482
 66286
 66157
 66126
 66029
 65971
 65949
 65910
 65893
 65819
 65752
 65473
 65397
 65353
 65269
 65109
 65036
 64996
 64935
 64842
 64695
 64647
 64629
 64560
 64549
 64264
 64171
 64128
 64102
 64029
 64003
 63874
 63839
 63817
 63642
 63592
 63509
 63268
 63234
 63063
 63050
 62930
 62871
 62869
 62860
 62666
 62647
 62508
 62396
 62386
 62079
 62047
 62008
 61980
 61947
 61862
 61801
 61767
 61607
 61506
 61432
 61304
 61280
 61155
 60994
 60973
 60846
 60533
 60470
 60153
 60038
 59947
 59726
 59497
 59197
 59045
 58921
 58881
 58618
 58612
 58389
 58352
 58328
 58280
 57898
 57863
 57851
 57718
 57694
 57529
 57513
 57178
 57152
 57089
 57086
 57072
 56965
 56939
 56881
 56706
 56692
 56653
 56609
 56574
 56413
 56407
 56319
 56310
 56280
 56143
 56022
 55788
 55691
 55555
 55405
 55342
 55317
 55300
 55207
 55010
 54934
 54833
 54820
 54802
 54704
 54693
 54303
 54287
 54156
 54023
 53827
 53756
 53714
 53633
 53418
 53251
 53102
 52917
 52865
 52686
 52559
 52508
 52467
 52452
 52165
 52079
 52059
 51954
 51875
 51817
 51664
 51561
 51427
 51401
 51394
 51254
 51253
 51237
 51218
 51087
 51063
 50879
 50547
 50420
 50376
 50059
 50012
 49949
 49926
 49825
 49780
 49757
 49740
 49681
 49669
 49632
 49608
 49474
 49393
 49233
 49166
 49160
 49104
 49063
 48952
 48801
 48464
 48361
 48181
 48132
 48121
 48092
 48040
 47983
 47877
 47433
 47068
 47067
 47009
 47005
 46916
 46387
 46221
 46206
 46138
 46123
 45793
 45398
 45277
 45272
 45206
 44481
 44281
 44243
 44183
 44099
 44098
 44054
 43970
 43808
 43748
 43726
 43543
 43334
 43280
 43280
 43201
 43183
 43174
 42955
 42812
 42693
 42681
 42526
 42393
 42232
 41930
 41927
 41902
 41797
 41631
 41591
 41554
 41485
 41443
 41190
 41165
 40853
 40726
 40629
 40616
 40586
 40411
 40248
 40240
 40134
 40106
 40070
 40059
 39973
 39792
 39752
 39743
 39702
 39628
 39523
 39456
 39450
 39402
 39325
 39305
 39261
 39213
 39135
 39031
 39019
 38952
 38897
 38787
 38656
 38538
 38495
 38453
 38378
 38328
 38308
 38256
 38069
 37915
 37841
 37591
 37358
 37197
 37193
 37187
 37037
 37001
 36969
 36950
 36897
 36840
 36794
 36778
 36724
 36687
 36573
 36441
 36283
 36270
 36210
 36206
 36119
 36082
 36039
 36005
 35975
 35901
 35682
 35670
 35651
 35638
 35564
 35490
 35442
 35433
 35316
 35238
 35221
 35095
 34895
 34869
 34759
 34642
 34605
 34494
 34468
 34414
 34408
 34376
 34323
 34003
 33927
 33850
 33823
 33814
 33766
 33691
 33683
 33082
 32861
 32851
 32827
 32810
 32761
 32584
 32217
 32064
 32035
 31931
 31902
 31668
 31657
 31282
 31142
 31032
 31017
 30866
 30837
 30610
 30598
 30562
 30547
 30493
 30428
 30250
 29966
 29940
 29926
 29810
 29606
 29582
 29427
 29245
 29219
 29201
 29102
 29102
 29060
 29013
 28970
 28968
 28857
 28671
 28456
 28446
 28349
 28251
 28186
 28185
 28184
 28042
 27973
 27968
 27779
 27758
 27736
 27292
 27265
 27004
 26910
 26897
 26521
 26379
 26373
 26297
 26225
 25551
 25540
 25485
 25195
 25158
 25085
 25006
 24907
 24635
 24441
 24201
 24171
 24164
 23931
 23705
 23527
 23521
 23507
 23471
 23406
 23178
 23060
 23047
 22956
 22945
 22910
 22781
 22451
 22320
 22081
 22054
 21921
 21871
 21815
 21705
 21666
 21590
 21587
 21554
 21499
 21494
 21441
 21433
 21234
 21048
 20983
 20982
 20908
 20624
 20552
 20426
 20402
 20330
 20234
 20156
 20155
 19594
 19417
 19386
 19214
 19056
 19047
 18934
 18837
 18798
 18727
 18704
 18445
 18420
 18362
 18272
 18253
 18198
 18137
 18083
 18018
 17964
 17893
 17721
 17470
 17420
 17208
 17144
 17068
 17023
 16927
 16902
 16883
 16765
 16552
 16528
 16361
 16155
 16144
 15947
 15679
 15611
 15332
 15330
 15130
 15051
 14988
 14815
 14751
 14443
 14431
 14376
 14294
 14223
 14122
 14086
 13986
 13953
 13657
 13636
 13260
 13189
 13167
 13020
 12956
 12908
 12845
 12814
 12569
 12356
 12307
 12305
 12211
 12118
 12115
 12088
 12033
 11629
 11610
 11560
 11479
 11473
 11444
 11433
 11351
 11261
 11220
 11052
 10594
 10588
 10572
 10525
 10350
 10201
 10153
 9883
 9595
 9587
 9579
 9532
 9501
 9476
 9365
 9174
 9049
 8817
 8618
 8493
 8327
 8306
 8295
 8062
 7975
 7776
 7767
 7270
 7248
 7025
 6959
 6954
 6792
 6773
 6762
 6667
 6626
 6220
 6201
 6172
 6106
 6029
 5982
 5826
 5786
 5724
 5627
 5592
 5369
 5170
 4926
 4798
 4559
 4500
 4402
 4357
 4113
 4071
 3905
 3865
 3842
 3789
 3766
 3746
 3702
 3653
 3487
 3432
 3367
 3214
 3100
 3094
 3003
 2881
 2830
 2680
 2399
 2325
 1918
 1880
 1832
 1622
 1504
 1307
 1251
 842
 796
 765
 684
 679
 511
 505
 471
 470
 453
 308
 295
 129
 0
 0
 0
 0
 0
 0
 0
 0
 