499789
 499622
 499285
 499207
 498999
 498834
 498381
 498169
 497902
 497191
 497041
 496653
 496453
 496186
 496034
 495769
 495736
 495613
 495210
 494760
 494584
 494423
 494310
 494191
 493952
 493584
 493261
 493080
 492890
 492774
 492661
 492541
 492327
 492186
 491868
 491595
 491422
 491380
 491306
 491127
 490838
 490670
 490589
 490485
 490208
 489838
 489748
 489721
 489563
 489411
 489172
 489060
 488610
 488482
 488345
 488260
 488256
 487840
 487726
 487485
 487273
 487255
 487179
 487004
 486718
 486572
 486471
 486279
 486257
 486208
 486109
 485802
 485601
 485585
 485328
 485315
 485148
 484983
 484688
 484592
 484490
 484338
 484217
 484065
 483870
 483781
 483605
 483561
 483359
 483261
 483169
 483020
 482716
 482423
 482102
 481675
 481369
 481189
 481012
 480850
 480638
 480535
 480409
 480192
 479973
 479862
 479679
 479287
 479166
 478881
 478723
 478627
 478491
 478302
 477966
 477754
 477408
 477229
 477035
 476754
 476682
 476439
 476150
 476044
 475847
 475409
 475245
 474764
 474237
 474023
 473931
 473811
 473665
 473487
 472932
 472598
 472235
 472186
 472130
 472037
 471514
 471449
 471273
 470816
 470655
 470353
 470232
 470038
 469769
 469321
 469184
 468419
 468395
 468085
 467826
 467741
 467644
 467413
 467211
 467208
 467107
 466688
 466543
 466321
 466200
 466028
 465836
 465516
 465256
 465116
 464906
 464779
 464484
 463987
 463758
 463716
 463636
 463464
 463191
 463001
 462832
 462488
 462319
 462096
 461969
 461845
 461709
 461629
 461520
 461370
 461368
 461325
 460792
 460606
 460313
 460014
 459956
 459777
 459552
 459476
 459274
 459029
 458948
 458777
 458656
 458433
 458048
 457876
 457540
 457468
 457368
 457201
 456764
 456540
 456479
 456276
 456101
 455911
 455456
 455235
 455158
 455011
 454582
 454478
 454213
 454014
 453858
 453710
 453337
 453166
 452872
 452701
 452606
 452123
 451792
 451629
 451311
 451150
 450954
 450819
 450485
 450331
 450186
 450085
 450049
 449680
 449632
 449451
 449343
 449290
 449195
 448965
 448716
 448508
 448390
 448321
 447877
 447817
 447792
 447718
 447626
 447487
 447316
 447255
 446932
 446866
 446842
 446339
 446168
 445917
 445648
 445616
 445541
 445272
 444899
 444862
 444627
 444420
 444320
 444135
 444039
 443696
 443460
 443304
 442903
 442797
 442404
 442202
 441852
 441635
 441454
 441095
 440853
 440605
 440520
 440238
 440158
 439988
 439869
 439707
 439469
 439411
 439284
 439139
 439037
 438829
 438758
 438487
 438141
 437672
 437450
 437009
 436881
 436831
 436354
 436196
 436070
 435933
 435531
 435425
 435298
 435124
 435038
 434896
 434748
 434617
 434482
 434284
 434173
 434043
 433885
 433785
 433638
 433492
 433333
 433240
 433063
 432957
 432802
 432591
 432495
 432362
 432246
 431595
 431506
 431320
 431240
 431209
 431122
 430709
 430343
 430081
 429976
 429614
 429325
 428888
 428799
 428684
 428039
 428011
 427720
 427511
 427359
 427189
 427126
 426900
 426708
 426578
 426303
 426267
 426133
 426023
 425932
 425714
 425503
 425363
 425269
 425023
 424833
 424739
 424676
 424642
 424582
 424464
 424207
 424132
 423959
 423857
 423811
 423585
 423092
 422721
 422435
 422379
 422155
 421981
 421529
 421003
 420877
 420621
 420324
 419978
 419795
 419519
 419292
 419222
 419197
 418652
 418374
 418206
 418024
 417968
 417367
 417105
 417003
 416799
 416529
 416477
 416281
 415973
 415783
 415598
 415304
 415191
 414919
 414849
 414677
 414585
 414385
 414027
 413959
 413904
 413427
 413122
 413027
 412825
 412764
 412723
 412519
 412327
 412095
 411904
 411864
 411609
 411447
 411233
 411068
 410879
 410740
 410585
 410216
 409983
 409740
 409342
 408626
 408538
 408374
 408163
 408088
 407625
 407587
 407357
 407219
 407007
 406664
 406532
 406301
 406136
 406033
 405880
 405491
 405311
 405081
 404840
 404761
 404560
 404416
 404282
 403852
 403390
 403300
 403128
 402935
 402361
 402140
 402092
 401869
 401594
 401544
 401348
 401100
 400972
 400834
 400594
 400475
 400357
 400187
 400000
 399922
 398876
 398674
 398621
 398523
 398469
 398410
 398169
 397845
 397737
 397651
 397590
 397470
 397219
 396541
 396517
 396508
 396351
 396097
 395685
 395625
 395486
 395424
 395158
 394736
 394644
 394531
 394354
 393904
 393690
 393365
 392876
 392781
 392312
 392248
 392100
 391754
 391718
 391350
 391192
 390885
 390871
 390603
 390402
 390388
 390266
 390078
 389843
 389733
 389442
 389104
 389051
 388885
 388858
 388633
 388438
 388176
 387928
 387656
 387475
 387265
 386916
 386884
 386666
 386556
 386400
 386295
 386100
 386023
 385889
 385826
 385678
 385530
 385086
 384880
 384767
 384615
 384474
 384317
 384263
 384223
 384114
 384083
 384050
 383924
 383853
 383480
 383159
 383070
 383001
 382801
 382744
 382668
 382537
 382393
 381878
 381653
 381588
 381312
 381057
 380934
 380129
 380051
 379960
 379836
 379691
 379666
 379472
 379394
 378782
 378581
 378465
 378368
 378284
 378221
 378194
 378132
 378039
 377937
 377585
 377525
 377459
 377293
 377112
 377037
 376857
 376628
 376373
 375953
 375640
 375318
 375248
 375173
 375088
 374643
 374314
 374228
 374015
 373905
 373827
 373735
 373531
 373295
 373058
 372981
 372855
 372398
 372157
 372051
 371380
 371188
 371057
 370517
 370273
 370210
 370110
 369799
 369711
 369525
 369248
 368755
 368545
 368298
 367934
 367893
 367786
 367647
 367516
 367493
 367464
 367271
 367057
 367003
 366850
 366692
 366641
 366464
 366274
 366123
 365898
 365809
 365671
 365490
 365350
 365265
 365061
 364743
 364653
 364432
 364381
 363731
 363575
 363072
 362745
 362425
 362235
 361712
 361562
 361472
 361086
 361031
 360977
 360530
 360195
 360124
 359862
 359671
 359535
 359393
 359286
 359183
 359134
 358895
 358730
 358400
 358170
 358110
 357383
 357270
 356860
 356635
 356152
 355694
 355540
 355366
 355152
 355032
 354888
 354761
 354657
 354313
 354085
 354015
 353967
 353932
 353702
 353497
 353373
 353048
 352909
 352854
 352828
 352534
 352526
 352292
 352173
 352012
 351729
 351700
 351516
 351468
 351288
 351178
 350906
 350734
 350565
 350422
 350299
 350215
 350013
 349640
 349456
 349387
 348836
 348813
 348616
 348560
 348378
 348227
 347426
 347324
 347213
 346892
 346692
 346599
 346484
 346076
 346028
 345984
 345919
 345633
 345621
 345299
 345164
 344608
 344452
 344277
 344201
 344051
 343934
 343834
 343393
 343309
 343249
 343110
 343056
 342891
 342735
 342612
 342391
 342279
 341955
 341709
 341618
 341254
 341001
 340811
 340665
 340162
 339952
 339861
 339735
 339523
 339399
 338891
 338604
 338427
 338095
 337809
 337412
 336990
 336858
 336665
 336639
 336423
 336369
 336234
 335675
 335578
 335415
 335330
 335222
 334993
 334911
 334857
 334558
 334237
 334152
 334069
 334007
 333868
 333663
 333570
 333333
 333104
 332991
 332934
 332595
 332228
 332147
 331940
 331697
 331246
 331157
 330892
 330794
 330725
 330433
 330388
 330213
 330028
 329925
 329601
 329430
 329256
 329161
 328862
 328721
 328570
 328515
 328473
 328054
 327868
 327387
 327124
 327033
 326869
 326647
 326281
 325852
 325490
 325401
 325319
 325191
 325033
 324943
 324746
 324466
 324243
 324033
 323814
 323743
 323613
 323439
 323409
 323155
 322771
 322687
 322337
 322042
 321776
 321255
 321076
 320727
 320520
 320019
 319884
 319809
 319531
 318805
 318594
 318281
 318209
 318076
 317902
 317504
 317280
 317104
 316535
 316046
 315565
 315533
 315454
 315222
 315022
 314451
 314261
 314132
 313550
 313387
 313097
 312520
 311656
 311483
 311314
 311023
 310924
 310727
 310704
 310689
 310550
 310071
 309974
 309751
 309723
 309636
 309600
 309511
 309286
 309116
 308988
 308813
 308656
 308498
 308314
 308012
 307853
 307826
 307688
 307486
 307236
 307055
 306678
 306596
 306524
 306480
 306212
 306181
 306061
 305450
 305327
 305183
 305091
 304908
 304764
 304706
 304688
 304635
 304442
 304191
 304167
 304017
 303961
 303664
 303596
 303288
 303114
 303064
 303058
 302863
 302841
 302553
 302525
 302346
 302224
 302094
 301964
 301474
 301443
 301336
 301109
 300968
 300867
 300617
 300468
 300121
 300011
 299999
 299592
 299411
 299071
 298931
 298816
 298507
 298387
 298215
 298033
 297715
 297591
 297261
 297170
 297090
 296938
 296863
 296706
 296445
 296363
 296252
 295974
 295864
 295734
 295573
 295319
 295156
 295081
 294800
 294771
 294221
 294002
 293848
 293490
 293388
 293370
 293264
 293080
 292899
 292825
 292468
 292134
 292009
 291728
 291647
 291453
 291300
 291257
 291133
 291023
 290856
 290405
 290202
 290008
 289690
 289559
 289473
 289221
 289057
 288918
 288801
 288720
 288570
 288447
 288303
 287932
 287699
 287328
 286760
 286729
 286126
 285842
 285714
 285695
 285648
 285502
 285309
 284915
 284656
 284357
 284066
 283777
 283519
 283331
 283315
 283290
 283222
 283131
 283098
 283018
 282813
 282566
 281877
 281825
 281350
 281312
 281290
 281123
 281059
 280941
 280889
 280576
 280465
 280395
 280126
 279944
 279348
 279081
 278949
 278756
 278705
 278688
 278383
 278190
 278020
 277733
 277403
 277312
 277129
 276674
 276586
 276485
 276377
 276192
 275930
 275462
 275049
 274725
 274399
 274302
 274074
 274002
 273732
 273687
 273640
 273399
 273271
 273129
 272985
 272839
 272522
 272247
 271869
 271392
 271256
 270969
 270863
 270718
 270481
 270390
 270200
 270058
 269897
 269797
 269743
 269442
 269378
 268976
 268782
 268627
 268612
 268557
 268422
 268349
 268109
 267857
 267785
 267536
 267515
 267441
 267366
 267212
 267043
 266878
 266749
 266649
 266071
 265751
 265208
 264696
 264566
 264359
 264221
 264108
 263970
 263808
 263592
 263498
 263380
 263280
 263135
 262992
 262877
 262694
 262582
 262369
 262089
 261801
 261638
 261419
 261082
 260836
 260536
 260421
 260120
 259962
 259800
 259647
 259197
 259036
 258657
 258438
 258378
 258135
 258098
 257991
 257925
 257848
 257744
 257668
 257542
 257457
 257408
 257231
 256946
 256778
 256615
 255903
 255675
 255654
 255599
 255440
 255005
 254875
 254801
 254627
 254400
 253834
 253314
 253083
 252880
 252495
 252460
 252236
 251792
 251472
 251388
 250977
 250704
 250314
 250143
 249684
 249006
 248565
 248370
 248296
 248264
 248083
 248033
 247920
 247599
 247385
 247308
 246957
 246893
 246775
 246752
 246562
 246480
 246290
 245802
 245647
 245577
 245443
 245163
 244813
 244544
 244479
 244381
 244076
 243866
 243813
 243787
 243764
 243658
 243175
 242853
 242625
 242579
 242539
 242456
 242336
 242268
 241845
 241747
 241485
 241339
 241079
 240961
 240639
 240401
 240284
 240097
 240059
 239826
 239584
 239319
 239223
 239062
 238976
 238938
 238904
 238689
 238542
 238443
 238355
 237967
 237908
 237647
 237352
 236935
 236859
 236735
 236363
 236300
 235954
 235305
 235070
 234805
 234781
 234405
 234162
 234047
 233993
 233706
 233521
 232926
 232809
 232394
 232206
 232188
 231928
 231616
 231503
 231404
 231254
 231195
 230686
 230459
 230170
 230033
 229768
 229606
 229396
 229310
 229236
 229012
 228601
 228264
 228048
 227745
 227672
 227517
 227272
 226866
 226711
 226420
 226390
 226141
 225914
 225829
 225654
 225501
 225275
 224691
 224485
 224379
 224060
 223404
 223060
 223020
 222896
 222863
 222534
 222503
 222281
 222222
 222036
 221886
 221770
 221640
 221465
 221324
 221011
 220760
 220568
 220455
 220430
 219806
 219405
 219030
 218803
 218608
 218587
 218352
 217960
 217476
 217103
 216992
 216916
 216753
 216472
 216231
 216183
 215469
 215386
 215204
 214743
 214704
 214506
 214140
 213991
 213787
 213660
 213432
 213116
 212696
 212571
 212204
 211920
 211538
 211355
 211289
 210721
 210543
 210476
 210185
 210079
 209757
 209625
 209387
 209156
 209090
 209027
 209007
 208922
 208654
 208219
 208199
 208071
 207876
 207739
 207676
 207423
 206969
 206706
 206394
 206121
 205854
 205752
 205339
 204606
 204507
 204294
 203942
 203894
 203023
 202917
 202798
 202542
 202441
 202195
 201906
 201726
 201580
 201191
 201112
 200756
 200685
 200387
 200308
 200175
 200086
 199843
 199562
 199481
 199290
 198795
 198774
 198712
 198575
 197882
 197818
 197530
 197428
 197295
 197231
 197160
 197019
 196815
 196771
 196508
 196391
 196143
 196138
 195932
 195876
 195714
 195491
 195389
 195072
 194928
 194676
 194532
 194253
 193955
 193864
 193438
 193294
 193113
 193072
 192870
 192611
 192413
 192136
 192069
 191985
 191900
 191615
 191570
 191304
 191123
 191068
 190896
 190721
 190545
 190250
 190202
 190061
 189916
 189862
 189749
 189629
 189568
 189396
 189020
 188841
 188646
 188430
 188396
 188131
 187990
 187922
 187688
 187166
 186827
 186636
 186576
 186340
 186275
 186214
 186011
 185844
 185763
 185714
 185440
 185199
 184647
 184361
 184028
 184005
 183833
 183746
 183532
 183413
 183218
 183193
 182835
 182540
 182374
 182087
 181995
 181756
 181616
 181489
 181336
 181320
 181174
 180806
 180617
 180457
 180407
 180381
 180294
 180028
 179610
 179536
 179504
 179416
 179340
 179303
 179223
 179114
 179031
 178981
 178710
 178486
 178476
 178398
 177983
 177757
 177621
 177427
 177256
 177177
 176918
 176721
 176452
 176396
 176066
 175968
 175896
 175694
 175444
 175095
 174954
 174797
 174546
 174318
 173907
 173587
 173010
 172674
 172645
 172462
 172282
 172119
 171785
 171598
 171508
 171428
 171286
 171206
 171193
 171096
 170805
 170616
 170512
 170430
 170327
 170067
 169947
 169907
 169651
 169550
 169345
 169141
 169000
 168848
 168795
 168571
 168230
 167932
 167556
 167386
 166666
 166295
 166115
 165822
 165745
 165654
 165350
 165066
 164479
 164053
 163919
 163429
 163346
 163318
 163189
 163051
 162887
 162721
 162629
 162070
 161747
 161652
 161111
 160946
 160836
 160653
 160573
 160221
 159806
 159445
 159314
 158942
 158902
 158754
 158564
 158490
 158245
 157886
 157322
 157172
 157090
 157012
 156614
 156477
 156336
 156156
 156074
 155828
 155589
 155521
 155460
 155362
 155309
 155052
 154766
 154185
 154018
 153742
 153689
 153507
 152954
 152804
 152723
 152561
 152424
 152219
 152207
 151987
 151870
 151737
 151526
 151379
 151330
 151214
 150809
 150670
 150465
 150171
 150106
 149926
 149828
 149699
 149409
 149330
 149133
 149049
 148938
 148637
 148005
 147862
 147695
 147662
 147244
 147058
 146781
 146508
 146394
 146236
 146209
 145947
 145834
 145332
 144922
 144602
 144243
 144075
 143781
 143606
 142967
 142857
 142696
 142600
 142576
 142248
 142186
 141872
 141407
 140989
 140753
 140577
 140502
 140182
 139925
 139785
 139774
 139407
 138840
 138766
 138528
 138188
 138151
 138083
 137869
 137795
 137661
 137589
 137470
 137464
 137295
 137094
 137021
 136669
 136488
 136283
 135640
 135534
 135495
 135068
 134510
 134217
 133731
 133552
 133406
 133363
 133234
 133086
 132821
 132700
 132258
 132135
 131834
 131742
 131575
 131187
 130912
 130798
 130406
 130391
 130218
 129976
 129737
 129565
 129377
 129325
 129083
 128967
 128908
 128673
 128065
 127980
 127891
 127851
 127632
 127041
 127019
 126908
 126695
 126423
 126204
 125877
 125425
 125296
 125000
 124488
 124067
 123989
 123807
 123495
 123382
 123227
 123093
 122738
 122541
 122421
 122332
 122257
 122247
 121993
 121864
 121688
 121648
 121621
 121364
 121190
 121112
 121042
 120781
 120637
 120373
 120160
 119973
 119633
 119565
 119370
 118747
 118292
 118131
 117981
 117931
 117823
 117533
 117453
 117350
 116939
 116685
 116564
 116290
 115993
 115625
 115526
 115450
 115183
 115085
 114977
 114718
 114650
 114444
 114194
 113828
 113628
 113355
 113196
 112932
 112728
 112709
 112448
 112059
 111957
 111765
 111643
 111483
 111141
 110978
 110698
 110126
 109929
 109591
 109439
 109366
 109252
 108837
 108615
 108589
 108426
 108234
 108149
 107980
 107902
 107713
 107526
 107166
 107035
 106726
 106491
 106321
 106215
 105695
 105616
 105551
 105175
 104808
 104596
 104463
 104439
 104335
 104147
 103979
 103818
 103732
 103535
 103312
 103104
 102870
 102548
 102254
 102208
 102128
 102086
 101746
 101405
 100777
 100739
 100204
 100150
 100000
 99944
 99842
 99586
 99491
 99048
 98503
 98468
 98364
 98003
 97823
 97733
 97697
 97535
 97435
 97296
 96713
 96464
 96342
 95989
 95911
 95742
 95462
 95405
 95208
 95148
 94949
 94514
 94302
 94091
 93976
 93928
 93693
 93459
 93158
 93049
 93034
 92964
 92872
 92651
 92565
 92510
 92469
 92391
 92232
 92170
 92129
 91930
 91712
 91609
 91490
 91292
 91055
 90634
 90349
 90298
 90277
 89823
 89588
 88919
 88781
 88678
 88607
 88364
 88176
 88138
 87926
 87853
 87810
 87412
 87366
 86969
 86728
 86616
 86527
 86071
 85896
 85632
 85338
 85227
 85100
 84827
 84740
 84438
 84356
 84317
 84255
 84187
 84043
 83931
 83869
 83647
 83437
 83266
 82761
 82751
 82597
 82578
 82392
 82259
 82223
 82095
 81950
 81695
 81568
 81472
 81324
 81088
 81072
 80939
 80869
 80701
 80566
 80112
 79944
 79798
 79327
 79167
 78987
 78637
 78431
 78254
 78196
 78164
 77619
 77472
 77395
 76990
 76798
 76405
 76208
 76027
 75743
 75634
 75623
 75437
 75291
 75105
 74965
 74632
 74224
 74098
 73817
 73626
 73447
 73168
 72917
 72830
 72520
 72450
 72309
 72077
 71892
 71805
 71657
 71428
 71200
 71165
 71145
 71045
 70420
 70139
 70008
 69813
 69564
 69428
 69367
 69317
 69230
 69156
 69038
 68984
 68894
 68739
 68658
 68493
 68419
 68293
 68181
 67748
 67656
 67216
 67090
 66772
 66708
 66192
 66183
 66030
 65910
 65883
 65780
 65517
 65220
 65104
 65053
 64466
 64263
 64054
 63877
 63691
 63492
 63385
 63349
 63275
 63100
 62939
 62843
 62661
 62564
 62347
 62206
 61942
 61768
 61723
 61562
 61274
 61152
 61046
 60919
 60877
 60726
 60678
 60522
 60404
 59873
 59794
 59656
 59491
 59095
 58973
 58846
 58639
 58375
 58287
 58227
 58070
 57887
 57759
 57458
 57335
 56973
 56637
 56221
 55963
 55882
 55804
 55555
 55252
 55123
 54888
 54821
 54603
 54003
 53872
 53791
 53651
 53378
 53264
 52803
 52431
 52219
 52075
 51781
 51627
 51516
 51307
 51083
 50693
 50351
 50188
 50041
 49629
 49278
 49095
 48899
 48737
 48625
 48429
 48258
 47987
 47874
 47502
 47317
 47236
 47169
 47130
 47009
 46926
 46792
 46655
 46603
 46548
 46492
 46226
 46102
 45578
 45347
 45206
 45042
 44808
 44594
 44562
 44161
 43938
 43698
 43478
 43207
 42944
 42675
 42638
 42518
 42068
 41838
 41685
 41582
 41330
 41267
 40589
 40269
 40245
 40127
 40058
 39882
 39699
 39215
 39014
 38429
 38211
 37998
 37972
 37830
 37152
 36999
 36983
 36936
 36711
 36428
 35885
 35584
 35463
 35173
 35064
 34920
 34781
 34636
 34589
 34415
 34323
 34138
 34027
 33792
 33602
 33510
 33446
 33399
 33344
 33204
 33158
 32911
 32801
 32704
 32330
 32019
 31907
 31784
 31152
 31039
 30894
 30736
 30540
 30117
 29915
 29692
 29518
 29442
 29269
 29207
 29007
 28979
 28794
 28571
 28412
 28218
 28170
 27899
 27823
 27731
 27614
 27431
 27339
 27257
 27090
 26503
 26242
 25947
 25667
 25480
 24767
 24260
 23855
 23369
 23251
 23065
 22789
 22618
 22014
 21950
 21728
 21220
 21085
 20892
 20690
 20275
 20000
 19746
 19586
 19151
 18952
 18444
 18315
 18182
 18037
 17489
 17418
 17402
 17032
 16949
 16707
 16661
 16627
 16330
 16104
 15885
 15729
 15381
 15282
 15114
 14911
 14803
 14537
 14453
 14007
 13959
 13893
 13817
 13595
 13420
 13372
 13359
 13145
 12886
 12864
 12800
 12717
 12552
 12382
 12327
 12260
 12179
 11784
 11606
 11415
 11287
 11057
 10670
 10550
 10394
 10204
 10060
 9894
 9817
 9673
 9572
 9400
 9019
 9003
 8761
 8621
 8361
 8261
 7910
 7841
 7676
 7491
 7453
 7224
 7210
 7003
 6804
 6584
 6467
 6053
 5742
 5712
 5667
 5402
 5299
 4944
 4845
 4532
 4092
 3987
 3778
 3253
 3047
 2548
 2504
 1698
 1127
 1048
 1015
 824
 703
 518
 53
 0
 446
 590
 767
 1003
 1024
 1092
 1520
 2246
 2514
 3014
 3125
 3448
 3793
 4021
 4424
 4596
 4868
 5192
 5335
 5438
 5679
 5741
 5756
 6197
 6490
 6631
 6896
 7094
 7218
 7333
 7470
 7528
 7725
 7891
 8231
 8323
 8591
 8651
 8916
 9017
 9357
 9480
 9619
 9718
 9819
 10014
 10199
 10368
 10522
 10584
 10869
 11243
 11312
 11584
 11675
 12145
 12240
 12280
 12359
 12467
 12612
 12729
 12853
 12869
 13093
 13234
 13364
 13387
 13513
 13681
 13878
 13908
 13973
 14106
 14485
 14755
 14883
 15069
 15177
 15328
 15641
 15777
 15959
 16220
 16572
 16631
 16704
 16819
 17006
 17035
 17410
 17481
 17996
 18050
 18222
 18440
 18453
 19084
 19494
 19731
 19860
 20181
 20645
 20833
 21039
 21160
 21557
 21763
 22013
 22556
 22776
 22984
 23145
 23356
 23462
 24128
 24608
 25313
 25532
 25810
 25997
 26453
 26977
 27210
 27260
 27387
 27584
 27666
 27752
 27851
 27994
 28215
 28249
 28549
 28738
 28879
 28998
 29151
 29230
 29401
 29488
 29620
 29762
 30091
 30303
 30641
 30882
 30902
 31106
 31379
 31874
 31933
 32304
 32426
 32740
 32814
 32981
 33190
 33259
 33349
 33444
 33509
 33573
 33617
 33926
 34082
 34321
 34365
 34576
 34591
 34709
 34845
 35002
 35098
 35409
 35507
 35749
 36373
 36682
 36851
 36975
 36993
 37018
 37676
 37968
 37977
 38177
 38401
 38532
 39035
 39452
 39711
 39971
 40117
 40218
 40265
 40568
 40730
 41276
 41578
 41655
 41716
 41982
 42094
 42635
 42660
 42750
 43071
 43440
 43678
 43936
 44135
 44412
 44577
 44747
 44841
 45161
 45223
 45464
 45830
 46180
 46322
 46534
 46579
 46617
 46717
 46826
 47008
 47040
 47164
 47210
 47263
 47429
 47579
 47912
 48203
 48387
 48567
 48702
 48780
 49030
 49237
 49290
 49682
 50154
 50239
 50379
 50951
 51125
 51449
 51596
 51647
 52002
 52183
 52329
 52625
 53257
 53323
 53479
 53719
 53851
 53955
 54288
 54677
 54860
 54968
 55213
 55468
 55581
 55863
 55916
 56134
 56576
 56743
 57142
 57372
 57685
 57799
 58058
 58072
 58265
 58343
 58438
 58713
 58886
 58992
 59166
 59531
 59764
 59805
 60247
 60463
 60580
 60714
 60779
 60910
 60962
 61100
 61162
 61303
 61572
 61762
 61929
 61999
 62343
 62439
 62568
 62678
 62862
 63061
 63241
 63312
 63367
 63452
 63581
 63702
 63952
 64142
 64407
 64720
 65078
 65193
 65433
 65696
 65872
 65893
 65953
 66127
 66184
 66217
 66763
 66886
 67099
 67231
 67659
 67959
 68186
 68345
 68460
 68627
 68690
 68875
 68950
 69014
 69082
 69187
 69281
 69331
 69389
 69460
 69670
 69864
 70045
 70270
 71022
 71057
 71150
 71173
 71285
 71515
 71792
 71876
 72069
 72234
 72328
 72463
 72751
 72861
 73087
 73275
 73598
 73711
 73905
 74104
 74489
 74705
 75000
 75159
 75357
 75446
 75628
 75648
 75901
 76087
 76340
 76575
 76968
 77228
 77424
 77541
 77818
 78190
 78200
 78261
 78435
 78830
 79166
 79252
 79697
 79802
 80106
 80155
 80600
 80859
 80882
 81014
 81081
 81245
 81395
 81478
 81625
 81914
 81959
 82220
 82230
 82317
 82435
 82586
 82731
 82753
 83121
 83398
 83576
 83815
 83882
 84019
 84154
 84250
 84261
 84333
 84367
 84626
 84796
 84960
 85192
 85316
 85464
 85802
 86033
 86224
 86545
 86701
 86820
 87059
 87378
 87420
 87812
 87913
 88104
 88152
 88221
 88606
 88609
 88698
 88813
 89042
 89728
 90013
 90288
 90322
 90434
 90922
 91067
 91454
 91565
 91624
 91903
 92063
 92142
 92222
 92267
 92436
 92485
 92539
 92585
 92756
 92959
 93023
 93048
 93080
 93238
 93494
 93920
 93945
 94002
 94214
 94496
 94917
 94970
 95187
 95372
 95418
 95556
 95889
 95940
 95995
 96363
 96592
 96865
 97300
 97476
 97566
 97727
 97805
 97888
 98209
 98388
 98494
 98777
 99432
 99583
 99644
 99906
 99999
 100088
 100192
 100234
 100770
 101336
 101562
 101765
 102088
 102175
 102229
 102395
 102750
 102924
 103139
 103482
 103559
 103796
 103857
 104026
 104306
 104438
 104458
 104475
 104643
 105008
 105533
 105591
 105681
 106157
 106297
 106460
 106505
 106874
 107128
 107253
 107705
 107828
 107958
 108108
 108195
 108283
 108563
 108593
 108712
 108995
 109282
 109433
 109587
 109756
 110110
 110555
 110787
 111017
 111257
 111525
 111736
 111943
 112048
 112142
 112604
 112714
 112829
 113028
 113354
 113429
 113695
 114091
 114284
 114539
 114671
 114890
 114997
 115129
 115302
 115494
 115567
 115813
 116080
 116508
 116625
 116790
 117299
 117448
 117464
 117588
 117930
 117977
 118128
 118274
 118527
 118799
 119419
 119571
 119803
 120093
 120265
 120516
 120653
 121022
 121093
 121113
 121240
 121384
 121645
 121671
 121809
 121866
 122007
 122251
 122293
 122385
 122492
 122552
 122879
 123131
 123310
 123448
 123526
 123811
 124019
 124301
 124701
 125031
 125387
 125472
 125950
 126382
 126563
 126835
 126925
 127029
 127619
 127708
 127879
 127920
 128046
 128252
 128695
 128918
 129075
 129283
 129340
 129387
 129712
 129783
 130123
 130248
 130399
 130756
 130903
 131127
 131428
 131625
 131753
 132041
 132206
 132543
 132800
 132902
 133136
 133347
 133378
 133489
 133663
 134076
 134335
 134754
 135200
 135514
 135604
 135860
 136363
 136542
 136851
 137075
 137266
 137427
 137465
 137513
 137590
 137736
 137847
 138039
 138113
 138157
 138457
 138653
 138837
 139001
 139546
 139779
 139887
 140092
 140278
 140522
 140733
 140768
 141327
 141615
 142011
 142228
 142571
 142577
 142605
 142776
 142959
 143481
 143755
 144047
 144126
 144514
 144810
 145226
 145831
 145879
 146208
 146225
 146247
 146497
 146552
 146848
 147169
 147574
 147692
 147774
 147950
 148369
 148815
 148951
 149072
 149322
 149387
 149463
 149776
 149871
 150067
 150150
 150384
 150669
 150723
 151149
 151260
 151361
 151436
 151714
 151823
 151919
 152173
 152213
 152295
 152443
 152623
 152788
 152917
 153098
 153586
 153737
 153846
 154136
 154520
 154772
 155269
 155321
 155389
 155483
 155549
 155640
 156024
 156097
 156185
 156344
 156594
 156962
 157030
 157130
 157260
 157618
 157894
 158274
 158536
 158728
 158788
 158930
 159270
 159340
 159583
 159934
 160396
 160620
 160771
 160864
 161036
 161279
 161689
 161965
 162472
 162655
 162879
 162903
 163079
 163233
 163329
 163354
 163812
 163963
 164373
 164643
 165337
 165501
 165724
 165764
 165931
 166134
 166452
 167360
 167555
 167661
 168079
 168380
 168602
 168843
 168997
 169133
 169228
 169524
 169638
 169679
 169944
 170062
 170311
 170345
 170452
 170598
 170732
 170967
 171190
 171197
 171245
 171402
 171440
 171511
 171630
 171887
 172163
 172409
 172616
 172658
 172872
 173139
 173611
 174103
 174349
 174614
 174911
 174997
 175356
 175621
 175700
 175928
 176013
 176350
 176417
 176557
 176755
 176999
 177231
 177263
 177556
 177733
 177804
 178390
 178400
 178478
 178680
 178800
 179007
 179063
 179179
 179227
 179333
 179372
 179487
 179528
 179539
 179977
 180261
 180340
 180406
 180432
 180572
 180778
 180910
 181280
 181330
 181441
 181608
 181752
 181818
 182031
 182203
 182421
 182746
 183066
 183217
 183361
 183501
 183543
 183826
 183905
 184026
 184220
 184382
 184865
 185430
 185592
 185730
 185794
 185946
 186145
 186234
 186284
 186455
 186635
 186649
 187058
 187606
 187774
 187941
 188065
 188307
 188427
 188582
 188727
 188932
 189167
 189471
 189616
 189655
 189785
 189866
 190023
 190066
 190234
 190474
 190666
 190781
 190938
 191117
 191136
 191558
 191596
 191657
 191971
 192026
 192106
 192220
 192573
 192667
 192882
 193096
 193244
 193430
 193696
 193911
 194058
 194270
 194641
 194786
 194979
 195366
 195399
 195607
 195786
 195879
 196050
 196140
 196313
 196420
 196724
 196777
 196861
 197113
 197216
 197243
 197411
 197441
 197684
 197822
 198458
 198630
 198770
 198782
 199233
 199361
 199552
 199750
 200000
 200125
 200192
 200379
 200607
 200743
 201053
 201128
 201257
 201717
 201900
 202008
 202287
 202527
 202574
 202866
 203020
 203437
 203925
 204244
 204488
 204522
 204918
 205589
 205834
 205938
 206125
 206532
 206837
 206995
 207556
 207687
 207746
 207933
 208109
 208214
 208427
 208695
 208948
 209025
 209078
 209137
 209291
 209485
 209710
 209774
 210146
 210435
 210526
 210682
 210870
 211352
 211420
 211788
 212192
 212208
 212653
 212909
 213375
 213473
 213737
 213850
 214007
 214357
 214530
 214708
 215133
 215367
 215408
 216136
 216216
 216301
 216529
 216862
 216981
 217096
 217364
 217637
 218241
 218428
 218588
 218724
 218883
 219243
 219537
 220338
 220440
 220484
 220569
 220870
 221307
 221366
 221598
 221675
 221786
 221887
 222098
 222264
 222372
 222513
 222772
 222874
 223000
 223031
 223200
 224031
 224113
 224427
 224678
 224997
 225499
 225596
 225726
 225859
 226080
 226330
 226417
 226625
 226764
 227005
 227481
 227529
 227689
 228036
 228158
 228315
 228674
 229159
 229241
 229315
 229463
 229729
 229814
 230039
 230271
 230547
 230820
 231216
 231364
 231459
 231522
 231746
 231957
 232192
 232340
 232586
 232853
 232988
 233625
 233948
 234009
 234060
 234404
 234769
 234792
 235064
 235083
 235469
 236172
 236314
 236387
 236794
 236913
 237005
 237516
 237761
 237963
 238244
 238417
 238490
 238629
 238841
 238931
 238967
 239022
 239214
 239232
 239429
 239609
 239900
 240096
 240190
 240329
 240463
 240915
 241054
 241130
 241362
 241573
 241770
 242179
 242273
 242382
 242482
 242550
 242619
 242720
 243171
 243204
 243680
 243776
 243808
 243846
 243961
 244129
 244478
 244488
 244708
 245115
 245352
 245533
 245580
 245669
 245915
 246472
 246482
 246589
 246766
 246887
 246902
 247091
 247347
 247464
 247619
 248004
 248058
 248188
 248295
 248310
 248477
 248744
 249512
 250024
 250280
 250616
 250793
 251098
 251443
 251590
 251888
 252414
 252481
 252689
 252934
 253137
 253533
 253943
 254488
 254749
 254810
 254998
 255220
 255518
 255639
 255664
 255774
 256410
 256698
 256943
 257142
 257288
 257453
 257529
 257571
 257741
 257776
 257908
 257935
 258092
 258132
 258244
 258379
 258492
 258960
 259107
 259417
 259726
 259902
 260106
 260391
 260518
 260784
 261061
 261171
 261422
 261754
 261935
 262295
 262483
 262626
 262765
 262962
 263020
 263212
 263349
 263415
 263519
 263799
 263938
 263990
 264124
 264337
 264375
 264599
 264768
 265247
 265792
 266318
 266729
 266803
 267022
 267147
 267258
 267374
 267484
 267532
 267698
 267823
 267897
 268339
 268353
 268445
 268602
 268613
 268717
 268940
 269181
 269438
 269713
 269749
 269848
 269984
 270145
 270346
 270426
 270676
 270826
 270866
 271003
 271374
 271545
 272074
 272277
 272657
 272970
 273006
 273166
 273280
 273611
 273673
 273708
 273924
 274070
 274139
 274391
 274665
 274921
 275255
 275888
 276190
 276327
 276389
 276525
 276626
 276710
 277231
 277368
 277536
 277777
 278095
 278242
 278461
 278700
 278744
 278944
 278970
 279323
 279584
 280009
 280231
 280416
 280563
 280874
 280918
 280965
 281074
 281201
 281294
 281319
 281497
 281847
 282204
 282599
 282889
 283026
 283107
 283132
 283251
 283305
 283317
 283487
 283599
 283972
 284069
 284464
 284779
 284946
 285426
 285591
 285679
 285702
 285827
 285908
 286197
 286739
 286889
 287499
 287845
 287960
 288391
 288524
 288592
 288754
 288900
 289011
 289091
 289279
 289495
 289677
 289825
 290026
 290399
 290518
 290996
 291046
 291198
 291292
 291318
 291629
 291712
 291746
 292086
 292425
 292770
 292888
 293079
 293211
 293286
 293386
 293479
 293840
 293937
 294075
 294488
 294788
 294885
 295154
 295218
 295431
 295699
 295741
 295918
 296054
 296280
 296407
 296616
 296853
 296924
 296986
 297161
 297198
 297550
 297653
 297823
 298197
 298232
 298489
 298508
 298834
 299051
 299267
 299576
 299859
 300000
 300039
 300293
 300474
 300626
 300914
 300972
 301188
 301405
 301449
 301724
 302055
 302135
 302330
 302432
 302545
 302831
 302843
 302946
 303063
 303078
 303224
 303549
 303644
 303876
 303966
 304113
 304168
 304305
 304492
 304668
 304696
 304731
 304817
 305037
 305148
 305211
 305339
 305806
 306122
 306206
 306333
 306522
 306590
 306619
 306744
 307144
 307402
 307550
 307706
 307841
 307992
 308091
 308387
 308608
 308722
 308933
 309092
 309226
 309395
 309544
 309623
 309670
 309748
 309809
 310002
 310515
 310688
 310690
 310717
 310731
 310969
 311284
 311477
 311546
 311905
 313055
 313111
 313455
 313741
 314156
 314409
 314801
 315046
 315232
 315487
 315535
 315878
 316496
 316567
 317179
 317292
 317551
 317973
 318082
 318237
 318540
 318700
 319166
 319721
 319877
 319913
 320393
 320577
 320814
 321132
 321346
 321805
 322297
 322663
 322734
 323037
 323261
 323428
 323507
 323681
 323749
 323850
 324233
 324391
 324561
 324875
 324998
 325186
 325277
 325354
 325484
 325578
 326146
 326359
 326861
 327019
 327067
 327172
 327844
 327949
 328358
 328478
 328553
 328707
 328837
 329112
 329213
 329268
 329462
 329724
 329942
 330041
 330357
 330409
 330707
 330737
 330827
 331030
 331172
 331497
 331863
 331990
 332225
 332592
 332826
 332962
 333058
 333139
 333543
 333574
 333764
 333956
 334022
 334087
 334227
 334494
 334752
 334883
 334950
 335053
 335253
 335366
 335456
 335614
 335714
 336308
 336400
 336634
 336657
 336740
 336947
 337337
 337771
 337883
 338180
 338569
 338669
 339140
 339486
 339657
 339800
 339902
 340026
 340566
 340726
 340896
 341215
 341297
 341700
 341924
 342143
 342303
 342432
 342722
 342745
 343008
 343082
 343148
 343268
 343370
 343444
 343921
 343995
 344131
 344206
 344318
 344456
 344634
 345198
 345383
 345632
 345651
 345920
 345997
 346030
 346153
 346562
 346600
 346881
 347116
 347280
 347376
 347783
 348277
 348521
 348595
 348639
 348818
 349277
 349414
 349520
 349975
 350042
 350217
 350303
 350559
 350576
 350772
 351063
 351200
 351391
 351515
 351561
 351712
 351819
 352170
 352187
 352487
 352532
 352717
 352829
 352884
 352955
 353113
 353456
 353537
 353708
 353935
 354007
 354024
 354246
 354463
 354688
 354818
 354939
 355112
 355183
 355536
 355588
 356014
 356450
 356793
 357142
 357377
 357593
 358138
 358208
 358439
 358801
 359039
 359178
 359261
 359329
 359434
 359570
 359850
 359999
 360153
 360492
 360702
 361019
 361035
 361419
 361487
 361692
 362044
 362317
 362571
 362965
 363443
 363718
 364273
 364394
 364559
 364680
 364763
 365244
 365317
 365401
 365610
 365734
 365810
 365988
 366141
 366358
 366566
 366666
 366838
 366858
 367020
 367268
 367326
 367487
 367513
 367645
 367779
 367884
 367899
 368259
 368513
 368685
 369034
 369321
 369587
 369767
 369820
 370161
 370272
 370507
 370600
 371083
 371321
 371381
 372093
 372374
 372481
 372933
 373015
 373250
 373485
 373651
 373809
 373869
 373917
 374209
 374233
 374534
 375032
 375100
 375230
 375282
 375588
 375920
 376186
 376626
 376685
 376963
 377102
 377262
 377416
 377468
 377565
 377934
 377998
 378082
 378184
 378204
 378263
 378314
 378387
 378509
 378729
 379080
 379406
 379645
 379689
 379781
 379846
 379980
 380111
 380556
 381037
 381171
 381562
 381613
 381739
 382315
 382403
 382582
 382691
 382784
 382872
 383041
 383108
 383279
 383778
 383858
 384003
 384057
 384096
 384174
 384262
 384290
 384393
 384593
 384701
 384842
 384955
 385185
 385541
 385790
 385873
 385936
 386071
 386198
 386399
 386413
 386608
 386707
 386899
 387155
 387466
 387550
 387669
 388034
 388204
 388598
 388854
 388863
 389033
 389060
 389105
 389671
 389821
 390051
 390131
 390317
 390395
 390407
 390717
 390872
 390934
 391236
 391621
 391737
 391782
 392160
 392280
 392592
 392870
 393226
 393462
 393864
 394310
 394394
 394613
 394674
 395129
 395173
 395459
 395508
 395626
 395864
 396342
 396474
 396512
 396518
 397025
 397247
 397538
 397600
 397666
 397771
 397991
 398221
 398456
 398520
 398616
 398647
 398712
 399625
 399950
 400154
 400214
 400474
 400481
 400824
 400936
 401098
 401205
 401534
 401551
 401691
 402050
 402117
 402276
 402647
 402959
 403242
 403321
 403522
 403952
 404316
 404424
 404593
 404774
 404948
 405211
 405339
 405611
 405983
 406082
 406166
 406521
 406604
 406955
 407058
 407332
 407468
 407619
 407766
 408104
 408264
 408506
 408568
 409239
 409589
 409954
 410066
 410567
 410628
 410762
 410958
 411229
 411436
 411566
 411752
 411899
 412006
 412268
 412488
 412597
 412756
 412765
 413019
 413089
 413332
 413513
 413951
 414025
 414312
 414488
 414668
 414820
 414898
 415137
 415258
 415587
 415681
 415799
 415983
 416364
 416492
 416743
 416828
 417098
 417249
 417957
 417994
 418141
 418252
 418416
 419086
 419198
 419235
 419296
 419741
 419973
 420048
 420362
 420824
 420879
 421315
 421592
 422084
 422328
 422408
 422680
 423003
 423506
 423627
 423840
 423907
 424010
 424137
 424417
 424474
 424585
 424661
 424701
 424754
 424897
 425048
 425315
 425408
 425675
 425925
 425991
 426103
 426229
 426301
 426439
 426648
 426802
 426920
 427173
 427350
 427489
 427699
 427922
 428033
 428571
 428773
 428814
 428893
 429378
 429956
 430048
 430091
 430599
 430995
 431162
 431220
 431298
 431364
 431527
 432203
 432288
 432491
 432543
 432776
 432952
 433012
 433093
 433321
 433431
 433628
 433704
 433860
 433931
 434065
 434181
 434340
 434566
 434722
 434752
 434992
 435107
 435268
 435343
 435443
 435677
 436067
 436123
 436269
 436714
 436877
 436938
 437111
 437488
 438135
 438387
 438622
 438797
 438950
 439048
 439164
 439317
 439432
 439633
 439849
 439964
 440016
 440200
 440454
 440604
 440649
 441005
 441415
 441537
 441807
 441895
 442284
 442508
 442873
 443272
 443458
 443503
 444022
 444048
 444256
 444339
 444465
 444677
 444870
 445114
 445344
 445582
 445624
 445840
 446153
 446197
 446768
 446855
 446879
 446962
 447277
 447475
 447515
 447634
 447761
 447804
 447837
 448085
 448350
 448426
 448670
 448914
 449030
 449212
 449302
 449389
 449496
 449666
 449835
 450083
 450104
 450304
 450446
 450547
 450895
 451026
 451300
 451393
 451765
 451938
 452458
 452662
 452715
 453056
 453331
 453460
 453771
 453946
 454091
 454454
 454545
 454976
 455061
 455215
 455286
 455847
 455935
 456140
 456286
 456517
 456635
 457016
 457317
 457388
 457521
 457601
 457928
 458400
 458446
 458689
 458917
 459028
 459232
 459456
 459542
 459634
 459896
 459975
 460176
 460472
 460784
 460946
 461333
 461369
 461480
 461569
 461632
 461816
 461958
 461993
 462264
 462393
 462633
 462978
 463081
 463308
 463477
 463703
 463730
 463849
 464029
 464770
 464901
 465063
 465164
 465280
 465728
 465872
 466119
 466221
 466518
 466666
 466802
 467200
 467209
 467302
 467632
 467704
 467779
 467906
 468308
 468408
 468601
 469313
 469736
 469828
 470067
 470257
 470575
 470741
 470839
 471275
 471465
 471642
 472083
 472150
 472213
 472267
 472774
 473306
 473534
 473755
 473860
 474022
 474135
 474294
 475129
 475375
 475471
 475912
 476122
 476276
 476552
 476731
 476968
 477124
 477376
 477435
 477899
 477998
 478421
 478596
 478682
 478809
 478978
 479232
 479342
 479814
 479967
 480121
 480390
 480447
 480632
 480815
 480911
 481143
 481285
 481462
 481966
 482385
 482494
 482939
 483126
 483198
 483297
 483498
 483584
 483612
 483844
 484047
 484181
 484243
 484390
 484497
 484650
 484707
 485062
 485254
 485317
 485546
 485590
 485689
 486018
 486205
 486238
 486258
 486403
 486540
 486610
 487001
 487074
 487228
 487271
 487279
 487666
 487777
 487935
 488258
 488316
 488430
 488554
 488814
 489113
 489294
 489417
 489684
 489731
 489806
 489922
 490341
 490510
 490636
 490712
 491059
 491135
 491347
 491395
 491524
 491687
 491978
 492203
 492395
 492610
 492700
 492829
 493068
 493256
 493304
 493598
 494057
 494276
 494318
 494516
 494750
 494896
 495598
 495731
 495765
 495770
 496124
 496317
 496562
 496781
 497188
 497205
 498020
 498183
 498605
 498882
 499159
 499212
 499442
 499676
 499907
 499909
 