499781
 499720
 499642
 499364
 499091
 498852
 498691
 498607
 498397
 498200
 498002
 497907
 497650
 497573
 497495
 497183
 496937
 496835
 496615
 496268
 496233
 495884
 495753
 495534
 494871
 494610
 493998
 493400
 493089
 492734
 492386
 492070
 491949
 491786
 491702
 491507
 491449
 491149
 490823
 490651
 490380
 489909
 489614
 489385
 489212
 488991
 488762
 488607
 488571
 488538
 488425
 488245
 488169
 487755
 487610
 487509
 487397
 487303
 487157
 487096
 486955
 486883
 486668
 486616
 486308
 485987
 485601
 485108
 484865
 484745
 484481
 484196
 483795
 483415
 483081
 483027
 482999
 482668
 482511
 482446
 481926
 481856
 481757
 481722
 481326
 481166
 481029
 480809
 480772
 480686
 480637
 480237
 480118
 480005
 479827
 479707
 479631
 479151
 478875
 478812
 478692
 478552
 478437
 478384
 478352
 478245
 478179
 478077
 477872
 477411
 477200
 477057
 476615
 476189
 476030
 475913
 475448
 475178
 474938
 474833
 474794
 474699
 474450
 474125
 473754
 473647
 473600
 473398
 473296
 472693
 472636
 472556
 472254
 472115
 472032
 471868
 471765
 471677
 471638
 471510
 471341
 471024
 470948
 470701
 470084
 470002
 469750
 469494
 469124
 468965
 468769
 468385
 468131
 467896
 467641
 467442
 467231
 467087
 466632
 466282
 466074
 465949
 465693
 465454
 465303
 465251
 465000
 464853
 464716
 464629
 464342
 464213
 464095
 463844
 463827
 463589
 463521
 463178
 462841
 462589
 462556
 462486
 462477
 462331
 462237
 462209
 461855
 461749
 461538
 461284
 460820
 460787
 460695
 460328
 460118
 459861
 459251
 458746
 458569
 458289
 458154
 458106
 457653
 457599
 457456
 457302
 457087
 457048
 456766
 456400
 456299
 456170
 456064
 456030
 455934
 455758
 455421
 455150
 454989
 454926
 454738
 454637
 454486
 454313
 454200
 453833
 453432
 453363
 453318
 453157
 452941
 452846
 452618
 452589
 452483
 452462
 452410
 452080
 451917
 451652
 451536
 451272
 451256
 451079
 450755
 450646
 450352
 450276
 450094
 449868
 449724
 449656
 449575
 449304
 448963
 448896
 448469
 448437
 448322
 448190
 448108
 447706
 447537
 446988
 446664
 446168
 445974
 445898
 445484
 445432
 445346
 445304
 444825
 444371
 444208
 444132
 443500
 443282
 443221
 443106
 442953
 442789
 442675
 442400
 442075
 441885
 441851
 441847
 441365
 440902
 440814
 440646
 440404
 440204
 440085
 439926
 439664
 439431
 439282
 439011
 438947
 438881
 438720
 438639
 438535
 438444
 438356
 438150
 437814
 437509
 437139
 437067
 436743
 436697
 436676
 436592
 436295
 436208
 436108
 435956
 435865
 435483
 435446
 435296
 435128
 434827
 434435
 434363
 434199
 434071
 433809
 433690
 433465
 433383
 433244
 432886
 432785
 432412
 432218
 432146
 431990
 431902
 431413
 431300
 431034
 430780
 430699
 430588
 430542
 430530
 430307
 430234
 430104
 429623
 429378
 429097
 429007
 428933
 428688
 428472
 428405
 428203
 427939
 427336
 427278
 426968
 426803
 426142
 425969
 425613
 425580
 425475
 425430
 425241
 424845
 424481
 424198
 424048
 423982
 423564
 423537
 423493
 422941
 422844
 422762
 422359
 422199
 422103
 421935
 421707
 421682
 421489
 421105
 421074
 421037
 420722
 420626
 420394
 420320
 419972
 419153
 418955
 418620
 418575
 418272
 417741
 417423
 417299
 417176
 416886
 416725
 416560
 416227
 415873
 415694
 415418
 415238
 414973
 414572
 414419
 414257
 414095
 414028
 413954
 413856
 413508
 413475
 413242
 413131
 412820
 412725
 412545
 412436
 411982
 411835
 411584
 411477
 411182
 411136
 411016
 410803
 410423
 410256
 410043
 409881
 409661
 409172
 408840
 408576
 407991
 407565
 407487
 407246
 407117
 406915
 406779
 406589
 406256
 406132
 405813
 405659
 405458
 405376
 405193
 404963
 404915
 404861
 404761
 404682
 404293
 403991
 403540
 403377
 403186
 402895
 402777
 402704
 402660
 402470
 402271
 402011
 401812
 401601
 401343
 401287
 400893
 400817
 400756
 400685
 400551
 400430
 399999
 399684
 399296
 399061
 398919
 398750
 398553
 398458
 398212
 398123
 397659
 397547
 397249
 397014
 396822
 396498
 396279
 396057
 395840
 395765
 395513
 395311
 395114
 394997
 394736
 394578
 394446
 394423
 394340
 394273
 394000
 393749
 393709
 393668
 393480
 393379
 393257
 393030
 392934
 392728
 392058
 391879
 391722
 391621
 391553
 391183
 391149
 390933
 390758
 390686
 390531
 390443
 390224
 390195
 389907
 389862
 389784
 389380
 389233
 388986
 388870
 388733
 388526
 388464
 388244
 388178
 387978
 387856
 387681
 387360
 387251
 387145
 386946
 386884
 386386
 385704
 385405
 385154
 385090
 384764
 384626
 384562
 384052
 383946
 383803
 383695
 383283
 383005
 382577
 382368
 382088
 381729
 381483
 381413
 381233
 381196
 380857
 380716
 380207
 380098
 379949
 379929
 379824
 379427
 379229
 378916
 378710
 378479
 378427
 378056
 377827
 377783
 377693
 377545
 377300
 377056
 376897
 376854
 376484
 376431
 376354
 376140
 375970
 375844
 375651
 375379
 375259
 374921
 374819
 374696
 374422
 374387
 374165
 373768
 373626
 373587
 373464
 373428
 373011
 372825
 372744
 372657
 372110
 372078
 371737
 371654
 371475
 371428
 371345
 370902
 370803
 370682
 370449
 370067
 369810
 369462
 369165
 368998
 368881
 368753
 368464
 368261
 368175
 367816
 367314
 367210
 366728
 366606
 366503
 366194
 365802
 365560
 365398
 365075
 364965
 364702
 364556
 364209
 364130
 363925
 363509
 363422
 363114
 362413
 361994
 361292
 360582
 360531
 360258
 360166
 359743
 359697
 359499
 359436
 359313
 359129
 358880
 358670
 358426
 358231
 358115
 357993
 357702
 357584
 357494
 357385
 357243
 357057
 356935
 356645
 356599
 356526
 356424
 356214
 355836
 355569
 355351
 355213
 354773
 354435
 354214
 353954
 353699
 353564
 353268
 353117
 353086
 352941
 352795
 352694
 352502
 352412
 352363
 351607
 351447
 351112
 351067
 351032
 350634
 350492
 350328
 350183
 349972
 349678
 349516
 349434
 349365
 349183
 349024
 348721
 348572
 348472
 348385
 348134
 347826
 347501
 347121
 346913
 346559
 346377
 346131
 345685
 345552
 345528
 345237
 345038
 344841
 344720
 344673
 344410
 344171
 344066
 344043
 343828
 343801
 343747
 343514
 343228
 343147
 343053
 342857
 342599
 342383
 342155
 342134
 341775
 341658
 341516
 341437
 340995
 340957
 340805
 340764
 340399
 340358
 340248
 340126
 339907
 339805
 339667
 339645
 339594
 339194
 338956
 338926
 338339
 338203
 337961
 337695
 337487
 337231
 337162
 337066
 336832
 336757
 336422
 336205
 336092
 336066
 335792
 335570
 335340
 335239
 334967
 334718
 334390
 333905
 333704
 333655
 333628
 333530
 333333
 333149
 333091
 332733
 332576
 332216
 332095
 331898
 331728
 331552
 331175
 330977
 330711
 330345
 330224
 330183
 329981
 329875
 329852
 329816
 329652
 329353
 329239
 329162
 329094
 328965
 328907
 328547
 328514
 328443
 328099
 327891
 327748
 327496
 327311
 327255
 326997
 326882
 326580
 326188
 325984
 325725
 325345
 325008
 324931
 324773
 324668
 324232
 324183
 324020
 323816
 323728
 323349
 323172
 322970
 322895
 322621
 322551
 322359
 322255
 322226
 322188
 322095
 321982
 321693
 321553
 321439
 321280
 321185
 320951
 320775
 320579
 320424
 320165
 320067
 319858
 319773
 319662
 319529
 319492
 319092
 318944
 318829
 318751
 318540
 318131
 318073
 317593
 317507
 317395
 317029
 316831
 316655
 316087
 315882
 315677
 315577
 315132
 314888
 314735
 314708
 314601
 313973
 313926
 313861
 313524
 313184
 313084
 312606
 312578
 312377
 312350
 312101
 311870
 311404
 311341
 311104
 310876
 310718
 310512
 310423
 310413
 310126
 309918
 309890
 309734
 309590
 309499
 309461
 309429
 308930
 308677
 308206
 307816
 307550
 307302
 307145
 307024
 306898
 306742
 306451
 306364
 306331
 306183
 305866
 305800
 305599
 305462
 305307
 305142
 304988
 304813
 304694
 304510
 304305
 304222
 303927
 303811
 303690
 303394
 303275
 303046
 302760
 302400
 302333
 302095
 301855
 301841
 301784
 301217
 300860
 300547
 300255
 300177
 299859
 299712
 299638
 299608
 299293
 299143
 299026
 298983
 298617
 298478
 298203
 297856
 297704
 297410
 297360
 297008
 296729
 296610
 296515
 296161
 295777
 295641
 295347
 295054
 294714
 294441
 294128
 294049
 293502
 293488
 293327
 293209
 292826
 292365
 292191
 291900
 291752
 291602
 291552
 291338
 291274
 291011
 290847
 290716
 290620
 290517
 290272
 290069
 289887
 289697
 289045
 288751
 288402
 288190
 288017
 287942
 287819
 287691
 287480
 287409
 286992
 286816
 286431
 286050
 286013
 285714
 285648
 285444
 285184
 285020
 284490
 284371
 284135
 283955
 283793
 283711
 283679
 283546
 283382
 283307
 283039
 282906
 282725
 282667
 282509
 282333
 281996
 281954
 281924
 281497
 281337
 281102
 280596
 280214
 280118
 279962
 279831
 279586
 279489
 279365
 279174
 279069
 278937
 278849
 278819
 278572
 278024
 277614
 277520
 277352
 277168
 277062
 276927
 276836
 276670
 276443
 276181
 275816
 275700
 275564
 275318
 275067
 274994
 274703
 274285
 274029
 273966
 273581
 273302
 273143
 273039
 272957
 272809
 272614
 272454
 272183
 272053
 271589
 271359
 271344
 271179
 270900
 270511
 270095
 269965
 269871
 269439
 269230
 268773
 268701
 268583
 268290
 267813
 267665
 267446
 267293
 267036
 266815
 266562
 266382
 266324
 266150
 266066
 265884
 265725
 265383
 265312
 265154
 265088
 264705
 264655
 264479
 264415
 264348
 264248
 264113
 263840
 263609
 263455
 263327
 263313
 263246
 262683
 262429
 262188
 262103
 262074
 261874
 261814
 261270
 260956
 260917
 260736
 260614
 260270
 260117
 259830
 259775
 259644
 259588
 259386
 259265
 259193
 259088
 258753
 258279
 258237
 257734
 257396
 257180
 257122
 256607
 256434
 256344
 256273
 256070
 255800
 255707
 255614
 255478
 255190
 254733
 254551
 254390
 254098
 254035
 253663
 253478
 253353
 253327
 253093
 253013
 252951
 252910
 252675
 252366
 251946
 251728
 251292
 251173
 251091
 250939
 250544
 250513
 250327
 250188
 249893
 249736
 249361
 249261
 249154
 249090
 249080
 248892
 248504
 248325
 248125
 247981
 247924
 247756
 247734
 247526
 247384
 247061
 246929
 246702
 246124
 245882
 245645
 245469
 245283
 244790
 244731
 244239
 244206
 244033
 243698
 243444
 243355
 243288
 243243
 243100
 242846
 242654
 242406
 242373
 242021
 241986
 241935
 241885
 241816
 241555
 241274
 241057
 240865
 240616
 240538
 240320
 240158
 239569
 239360
 239190
 238824
 238635
 238474
 238231
 237981
 237724
 237491
 237406
 237370
 237172
 236996
 236754
 236733
 236440
 236203
 236096
 235887
 235648
 235508
 235373
 234926
 234786
 234632
 234529
 234233
 234103
 233823
 233521
 233354
 233238
 233122
 233052
 232639
 232360
 232123
 232077
 231739
 231529
 231021
 230730
 230133
 230079
 230015
 229964
 229784
 229737
 229490
 229356
 229297
 229064
 228922
 228679
 228614
 228593
 228033
 227940
 227594
 227272
 226817
 226621
 226474
 226392
 226117
 225957
 225628
 225466
 225409
 225136
 224958
 224910
 224574
 224528
 224255
 224040
 223988
 223829
 223797
 223649
 223559
 223505
 223336
 223239
 223091
 222975
 222728
 222304
 222278
 221972
 221806
 221439
 221380
 221245
 220967
 220836
 220661
 220524
 220441
 220243
 220101
 219691
 219589
 219363
 219172
 218954
 218939
 218806
 218693
 218674
 218635
 218594
 218534
 218410
 218342
 217965
 217694
 217339
 217255
 217111
 216989
 216874
 216703
 216583
 216494
 216321
 216198
 216072
 215378
 215199
 214650
 214422
 214285
 214141
 213693
 213404
 213353
 213080
 212944
 212723
 212562
 212459
 212382
 211586
 211359
 211063
 210090
 210037
 209726
 209634
 209402
 209225
 209020
 208994
 208893
 208307
 208142
 208014
 207950
 207886
 207591
 207392
 207245
 207186
 206945
 206719
 206526
 206407
 206266
 206123
 205628
 205402
 205241
 205187
 205093
 204786
 204700
 204525
 204298
 204237
 204099
 203826
 203661
 203654
 203557
 203425
 203352
 203166
 202971
 202761
 202637
 202388
 202212
 202141
 202080
 201731
 201592
 201251
 201090
 201065
 201024
 200994
 200744
 200373
 200267
 200189
 199836
 199751
 199627
 199348
 199069
 199004
 198776
 198627
 198453
 198392
 198102
 197866
 197594
 197522
 197398
 197311
 196935
 196747
 196329
 196280
 195598
 195524
 195134
 194352
 194127
 194037
 193949
 193701
 193136
 192950
 192282
 192005
 191852
 191626
 191427
 190839
 190673
 190607
 190463
 190435
 190193
 190032
 189920
 189701
 189362
 189280
 189189
 188822
 188519
 188310
 188191
 188027
 187850
 187739
 187639
 187598
 187256
 187042
 186908
 186840
 186502
 186349
 186227
 186139
 185952
 185763
 185230
 184931
 184654
 184605
 184466
 184302
 184219
 184134
 183797
 183562
 183429
 183363
 183193
 183060
 182966
 182839
 182795
 182589
 182064
 181815
 181406
 181379
 181268
 180808
 180512
 180170
 179818
 179711
 179487
 178984
 178761
 178402
 178091
 177935
 177487
 177412
 177379
 177293
 177276
 176725
 176637
 176499
 176481
 176190
 176076
 175952
 175784
 175593
 175582
 175477
 175408
 175058
 174932
 174705
 174560
 174531
 174377
 174248
 174086
 174035
 173698
 173644
 173508
 173322
 173199
 172898
 172608
 172115
 172087
 171885
 171779
 171545
 171043
 170967
 170682
 170562
 170410
 170087
 169756
 169455
 169300
 168914
 168654
 168443
 167981
 167860
 167722
 167483
 166666
 166239
 166035
 165875
 165769
 165736
 165448
 165279
 164901
 164816
 164715
 164437
 164305
 163829
 163518
 163324
 163179
 162994
 162673
 162644
 162404
 162217
 161932
 161580
 161290
 161101
 161043
 160651
 160094
 159684
 159589
 159453
 159285
 158836
 158608
 158474
 158067
 157978
 157144
 156932
 156669
 156362
 156257
 156198
 155888
 155607
 155476
 155280
 155120
 154897
 154350
 154242
 154104
 154047
 153812
 153727
 153052
 152788
 152708
 152658
 152542
 152369
 152178
 151809
 151542
 151468
 151322
 150934
 150793
 150591
 150298
 150236
 149978
 149724
 149607
 149171
 149033
 148990
 148883
 148746
 148683
 148531
 148405
 148331
 148093
 148044
 147632
 147443
 146849
 146627
 146492
 146324
 145644
 145465
 145325
 145207
 145107
 144998
 144805
 144673
 144520
 144180
 144032
 143837
 143670
 143478
 143263
 143213
 143109
 143048
 142920
 142857
 142701
 142331
 142188
 142174
 142094
 141757
 141584
 141496
 141398
 141210
 140668
 140384
 140161
 140042
 139999
 139972
 139799
 139557
 139363
 139298
 138750
 138695
 138555
 138497
 138198
 138087
 137834
 137768
 137535
 137387
 137248
 137168
 137120
 137011
 136901
 136442
 136316
 136254
 136031
 135712
 135523
 135389
 135346
 135167
 134959
 134854
 134289
 134254
 134069
 133669
 133631
 133333
 133260
 133158
 133048
 132901
 132795
 132662
 132376
 131868
 131753
 131335
 131054
 130996
 130669
 130373
 130048
 129902
 129711
 128983
 128943
 128840
 128724
 128664
 128525
 128155
 128023
 127713
 127604
 127527
 127050
 126865
 126598
 126368
 126284
 126060
 126017
 125973
 125670
 125440
 125267
 125065
 124991
 124870
 124605
 124404
 124325
 124113
 123861
 123783
 123718
 123595
 123364
 123035
 122848
 122669
 122576
 122523
 122404
 122065
 121615
 121514
 121277
 120947
 120755
 120689
 120587
 120375
 120038
 119999
 119602
 119530
 119439
 119255
 119057
 118786
 118721
 118439
 118226
 118062
 117673
 117541
 117377
 117278
 116996
 116855
 116707
 116583
 116483
 116376
 116143
 115829
 115491
 115342
 115145
 114792
 114487
 114406
 114143
 113945
 113580
 113518
 113290
 113273
 113170
 113084
 112987
 112969
 112766
 112736
 112321
 112191
 112011
 111898
 111712
 111592
 111447
 111163
 111082
 110914
 110682
 110614
 110539
 110398
 110169
 110056
 109266
 108850
 108704
 108608
 108382
 108280
 108259
 107978
 107748
 107605
 107425
 107309
 107239
 106815
 106593
 106512
 106371
 106276
 106005
 105907
 105646
 105252
 105160
 105050
 104959
 104805
 104534
 104150
 103799
 103261
 103048
 102857
 102803
 102680
 102441
 101964
 101918
 101631
 101496
 101392
 101145
 100872
 100533
 100146
 99999
 99485
 99279
 99090
 98733
 98687
 98624
 98391
 98099
 98039
 97833
 97701
 97636
 97485
 97257
 96701
 96453
 96429
 96235
 95850
 95693
 95584
 95166
 95105
 95021
 94882
 94832
 94557
 94387
 94320
 94029
 93859
 93055
 92850
 92492
 92471
 92211
 92163
 92054
 91822
 91693
 91344
 91296
 91214
 91188
 90767
 90612
 90372
 90080
 89655
 89598
 89332
 89080
 88899
 88857
 88724
 88406
 88157
 87536
 87365
 87242
 87119
 86999
 86822
 86718
 86616
 86327
 86262
 86186
 85949
 85867
 85795
 85623
 85453
 85018
 84735
 84602
 84426
 84199
 84145
 84076
 83939
 83784
 83722
 83635
 83573
 83492
 83323
 83251
 83080
 82978
 82679
 82543
 82439
 82381
 82278
 82013
 81868
 81555
 81342
 81180
 80814
 80735
 80030
 79940
 79821
 79327
 79157
 79131
 78984
 78891
 78655
 78369
 78196
 78059
 77978
 77833
 77717
 77611
 77492
 77207
 77088
 76799
 76130
 75824
 75555
 75513
 75391
 75194
 75000
 74969
 74740
 74593
 74322
 74132
 73826
 73742
 73684
 73634
 73378
 73201
 73080
 72928
 72727
 72622
 72529
 72485
 72279
 72097
 71868
 71695
 71542
 71469
 71227
 70910
 70783
 70566
 70498
 70297
 69744
 69669
 69615
 69429
 69346
 69260
 69123
 68938
 68742
 68617
 68535
 68467
 68237
 67571
 67470
 67209
 67151
 66914
 66577
 66283
 66232
 66079
 65989
 65923
 65687
 65277
 65188
 64880
 64826
 64767
 64755
 64651
 64425
 64255
 64148
 64039
 63783
 63540
 63440
 63118
 62983
 62715
 62506
 61976
 61049
 60979
 60886
 60731
 60483
 60180
 59977
 59751
 59551
 59432
 59405
 59369
 59233
 59056
 59037
 58968
 58677
 58558
 58411
 58363
 58282
 57886
 57833
 57444
 57262
 57203
 57157
 56908
 56547
 56485
 56193
 55718
 55591
 55044
 54863
 54818
 54257
 54181
 53932
 53271
 53051
 53011
 52983
 52832
 52721
 52631
 52543
 52484
 52240
 51710
 51584
 51515
 51327
 51075
 50601
 50531
 50461
 50130
 50082
 49813
 49555
 49360
 49180
 48882
 48733
 48590
 48473
 48314
 48192
 48102
 47943
 47763
 47693
 47317
 47156
 47066
 46854
 46814
 46585
 46384
 46302
 46010
 45707
 45161
 45025
 44979
 44901
 44716
 44494
 44408
 44319
 44198
 43478
 43116
 42844
 42578
 42551
 42223
 41923
 41445
 41352
 41249
 41102
 40951
 40155
 40065
 39587
 39298
 39162
 38967
 38942
 38858
 38323
 38047
 37084
 36912
 36865
 36774
 36685
 36496
 36114
 35885
 35828
 35800
 35682
 35571
 35269
 35099
 34981
 34731
 34353
 34042
 33970
 33926
 33774
 33720
 33541
 33488
 33396
 33168
 32815
 32800
 32766
 32564
 32160
 31819
 31632
 31596
 31307
 30930
 30850
 30789
 30536
 30361
 30285
 30096
 29834
 29699
 29523
 29408
 29173
 29147
 29087
 29021
 28894
 28569
 28015
 27856
 27456
 26832
 26623
 26467
 26400
 26342
 26103
 25641
 25517
 25510
 25069
 24814
 24673
 24617
 24555
 24437
 24153
 24116
 23998
 23802
 23664
 23461
 23404
 23220
 23013
 22611
 22394
 22267
 21938
 21735
 21669
 21266
 21145
 20729
 20588
 20453
 20408
 20340
 20277
 20186
 20137
 19747
 19613
 19379
 19134
 18827
 18787
 18738
 18608
 18476
 18402
 18304
 18154
 18110
 17780
 17488
 17405
 17115
 17047
 16878
 16776
 16554
 16211
 16143
 15980
 15742
 15587
 15396
 15171
 14928
 13949
 13908
 13678
 12818
 12642
 12430
 12284
 12069
 12006
 11854
 11625
 11342
 11137
 11111
 11002
 10855
 10755
 10568
 10248
 10025
 9955
 9827
 9747
 9269
 9154
 9033
 8927
 8702
 8185
 8085
 7501
 7456
 7266
 7098
 7022
 7006
 6783
 6604
 6148
 5457
 5268
 5108
 4846
 4733
 4576
 4268
 4211
 4159
 4032
 3840
 3431
 3284
 3158
 3057
 2844
 2785
 2759
 2495
 2432
 2099
 1969
 1746
 1391
 1111
 972
 947
 888
 791
 390
 155
 0
 388
 486
 839
 927
 957
 1070
 1187
 1398
 1938
 2050
 2226
 2450
 2502
 2763
 2829
 2963
 3075
 3193
 3380
 3532
 3958
 4065
 4196
 4252
 4532
 4731
 4828
 5059
 5142
 5295
 5779
 6349
 6700
 6931
 7018
 7060
 7101
 7372
 7484
 7764
 8173
 8468
 8822
 9018
 9111
 9234
 9742
 9803
 9941
 9971
 10070
 10543
 10700
 10771
 10967
 11016
 11122
 11217
 11431
 11813
 11949
 12044
 12204
 12403
 12544
 12738
 13090
 13862
 13923
 14252
 15142
 15368
 15576
 15669
 15908
 16064
 16145
 16380
 16618
 16868
 16955
 17080
 17275
 17471
 17649
 17966
 18127
 18249
 18367
 18458
 18492
 18618
 18767
 18823
 18965
 19311
 19508
 19689
 20134
 20155
 20191
 20296
 20346
 20439
 20555
 20701
 21047
 21252
 21365
 21685
 21775
 22082
 22376
 22522
 22619
 23079
 23316
 23440
 23525
 23716
 23910
 24091
 24134
 24321
 24497
 24598
 24659
 24763
 24971
 25085
 25512
 25533
 25896
 26128
 26392
 26407
 26504
 26625
 27390
 27613
 27906
 28265
 28621
 28998
 29023
 29127
 29172
 29348
 29411
 29658
 29775
 29850
 30120
 30304
 30509
 30702
 30798
 30869
 31009
 31463
 31598
 31700
 31859
 32253
 32586
 32791
 32808
 33107
 33332
 33472
 33490
 33574
 33749
 33783
 33961
 33980
 34312
 34430
 34740
 34991
 35266
 35477
 35662
 35692
 35806
 35832
 36098
 36459
 36509
 36729
 36822
 36897
 37020
 37890
 38058
 38729
 38862
 38947
 39145
 39203
 39417
 39724
 40119
 40609
 40957
 41168
 41295
 41381
 41674
 42038
 42253
 42560
 42688
 42996
 43268
 43546
 44230
 44340
 44474
 44670
 44771
 44952
 45009
 45150
 45219
 45816
 46068
 46326
 46540
 46728
 46816
 47038
 47150
 47282
 47418
 47704
 47918
 48018
 48148
 48198
 48397
 48502
 48711
 48757
 48903
 49191
 49377
 49715
 49954
 50113
 50298
 50482
 50555
 51044
 51301
 51474
 51536
 51617
 51904
 52443
 52517
 52554
 52710
 52751
 52856
 52987
 53048
 53191
 53524
 54047
 54208
 54347
 54836
 54937
 55349
 55659
 55879
 56266
 56500
 56848
 57021
 57195
 57204
 57389
 57506
 57872
 57981
 58320
 58388
 58489
 58598
 58689
 59011
 59053
 59119
 59308
 59400
 59417
 59486
 59582
 59823
 60040
 60473
 60703
 60826
 60955
 60991
 61783
 62200
 62592
 62896
 63015
 63439
 63478
 63636
 63832
 64102
 64224
 64354
 64575
 64754
 64763
 64794
 64841
 64918
 65222
 65352
 65765
 65982
 66005
 66125
 66247
 66569
 66832
 66938
 67207
 67385
 67490
 68146
 68304
 68470
 68568
 68656
 68749
 69069
 69249
 69271
 69358
 69564
 69634
 69676
 70037
 70309
 70555
 70698
 70887
 71005
 71331
 71534
 71545
 71853
 72073
 72237
 72423
 72490
 72538
 72624
 72897
 72982
 73184
 73320
 73464
 73638
 73736
 73763
 73964
 74165
 74495
 74656
 74773
 74991
 75022
 75211
 75434
 75537
 75568
 75835
 76561
 76923
 77162
 77277
 77507
 77693
 77815
 77936
 78050
 78125
 78256
 78561
 78786
 78928
 79067
 79147
 79243
 79669
 79854
 80007
 80056
 80739
 81123
 81289
 81411
 81832
 81912
 82172
 82314
 82406
 82508
 82550
 82733
 83018
 83149
 83279
 83333
 83569
 83630
 83696
 83770
 83882
 84052
 84115
 84167
 84201
 84581
 84659
 85014
 85333
 85621
 85670
 85836
 85917
 86049
 86231
 86280
 86473
 86676
 86813
 86954
 87085
 87126
 87353
 87370
 88103
 88186
 88646
 88774
 88859
 88911
 89293
 89361
 89602
 89874
 90159
 90393
 90644
 91051
 91211
 91283
 91324
 91512
 91749
 91833
 92146
 92208
 92370
 92475
 92745
 93041
 93292
 93883
 94117
 94327
 94500
 94672
 94871
 94909
 95075
 95138
 95415
 95642
 95711
 95994
 96323
 96451
 96638
 96703
 97334
 97556
 97699
 97826
 97881
 98090
 98155
 98412
 98665
 98729
 98945
 99169
 99417
 99706
 100114
 100291
 100574
 100975
 101359
 101430
 101514
 101762
 101953
 102002
 102635
 102758
 102818
 102931
 103063
 103536
 104145
 104410
 104619
 104851
 105027
 105079
 105249
 105303
 105746
 105911
 106097
 106354
 106472
 106553
 106769
 107232
 107246
 107317
 107573
 107704
 107931
 107994
 108275
 108333
 108504
 108685
 108718
 109090
 109641
 110120
 110320
 110416
 110573
 110671
 110705
 110933
 111091
 111284
 111544
 111684
 111859
 112007
 112050
 112204
 112322
 112765
 112791
 112985
 113055
 113101
 113264
 113282
 113491
 113553
 113884
 114025
 114215
 114425
 114550
 115116
 115319
 115429
 115598
 116130
 116214
 116429
 116492
 116677
 116715
 116901
 117248
 117293
 117418
 117647
 117854
 118156
 118397
 118608
 118781
 119041
 119192
 119425
 119440
 119586
 119916
 120023
 120307
 120575
 120622
 120733
 120850
 121131
 121319
 121529
 121872
 122331
 122461
 122528
 122661
 122766
 122850
 123345
 123525
 123606
 123764
 123790
 123973
 124160
 124358
 124570
 124702
 124903
 125036
 125131
 125335
 125592
 125733
 125989
 126059
 126200
 126314
 126546
 126657
 127039
 127432
 127544
 127691
 127965
 128097
 128351
 128600
 128674
 128726
 128919
 128952
 129271
 129824
 130018
 130053
 130595
 130719
 131030
 131115
 131558
 131791
 132039
 132484
 132741
 132870
 132968
 133082
 133200
 133325
 133340
 133660
 133688
 134235
 134288
 134387
 134926
 134969
 135205
 135367
 135443
 135592
 135727
 136065
 136302
 136432
 136780
 136993
 137042
 137155
 137232
 137308
 137506
 137738
 137831
 138013
 138152
 138225
 138539
 138578
 138724
 138763
 139344
 139458
 139775
 139838
 139976
 140000
 140069
 140165
 140667
 141150
 141242
 141461
 141547
 141747
 141774
 142117
 142176
 142239
 142646
 142822
 142902
 142924
 143051
 143169
 143227
 143304
 143580
 143782
 143910
 144146
 144320
 144577
 144779
 144844
 145106
 145153
 145259
 145460
 145569
 145760
 146325
 146592
 146776
 147197
 147585
 147949
 148072
 148275
 148338
 148495
 148595
 148730
 148874
 148890
 149014
 149072
 149450
 149667
 149856
 150150
 150282
 150517
 150717
 150928
 151145
 151383
 151533
 151587
 152097
 152255
 152481
 152595
 152671
 152719
 152893
 153157
 153806
 153846
 154054
 154230
 154332
 154466
 154923
 155270
 155359
 155591
 155682
 156137
 156242
 156274
 156599
 156675
 157102
 157917
 158002
 158087
 158504
 158682
 159277
 159330
 159574
 159606
 160077
 160328
 160730
 161097
 161266
 161350
 161882
 162125
 162236
 162585
 162662
 162866
 163028
 163297
 163401
 163590
 164258
 164320
 164713
 164761
 164817
 164948
 165418
 165722
 165759
 165847
 165968
 166105
 166566
 167292
 167688
 167790
 167861
 168364
 168483
 168672
 169099
 169371
 169630
 170039
 170203
 170546
 170633
 170759
 170981
 171094
 171659
 171837
 172032
 172089
 172132
 172897
 173045
 173253
 173489
 173622
 173677
 173737
 174055
 174183
 174309
 174496
 174540
 174598
 174745
 175000
 175294
 175434
 175518
 175592
 175654
 175948
 175960
 176091
 176201
 176495
 176607
 176722
 176786
 177279
 177333
 177396
 177443
 177525
 178089
 178395
 178410
 178873
 179194
 179495
 179808
 179923
 180510
 180526
 181224
 181297
 181394
 181764
 181831
 182151
 182666
 182820
 182867
 183057
 183160
 183360
 183427
 183520
 183633
 183994
 184149
 184285
 184391
 184597
 184615
 184792
 185214
 185421
 185823
 185961
 186156
 186236
 186463
 186772
 186853
 186933
 187191
 187377
 187634
 187720
 187801
 187971
 188090
 188249
 188378
 188552
 188849
 189219
 189285
 189390
 189713
 189936
 190043
 190229
 190446
 190581
 190624
 190795
 190865
 191621
 191767
 191878
 192031
 192581
 192962
 193548
 193877
 193959
 194043
 194255
 194829
 195519
 195585
 196109
 196291
 196642
 196847
 197033
 197364
 197475
 197562
 197772
 197944
 198203
 198452
 198609
 198714
 198865
 199036
 199123
 199578
 199651
 199767
 200147
 200239
 200290
 200500
 200968
 201006
 201039
 201072
 201159
 201547
 201641
 201954
 202127
 202174
 202238
 202569
 202749
 202829
 203143
 203272
 203400
 203452
 203594
 203659
 203786
 203913
 204163
 204272
 204392
 204627
 204752
 205045
 205098
 205197
 205247
 205521
 205823
 206165
 206349
 206502
 206615
 206896
 206948
 207192
 207271
 207529
 207756
 207889
 208001
 208032
 208180
 208481
 208920
 209003
 209150
 209319
 209447
 209698
 209753
 210064
 210454
 211081
 211422
 211988
 212436
 212463
 212652
 212872
 213025
 213122
 213359
 213574
 213928
 214280
 214413
 214486
 214912
 215336
 215468
 216075
 216269
 216480
 216542
 216599
 216786
 216963
 217031
 217228
 217274
 217388
 217946
 218021
 218395
 218532
 218584
 218599
 218637
 218684
 218725
 218919
 218952
 219052
 219191
 219396
 219656
 220070
 220139
 220424
 220456
 220605
 220696
 220930
 221113
 221375
 221419
 221523
 221827
 222246
 222284
 222360
 222862
 223044
 223234
 223263
 223500
 223541
 223601
 223776
 223817
 223974
 224014
 224155
 224504
 224536
 224757
 224947
 224959
 225207
 225463
 225615
 225846
 226086
 226228
 226415
 226569
 226687
 227194
 227317
 227799
 227956
 228497
 228597
 228622
 228726
 229024
 229210
 229321
 229448
 229691
 229754
 229899
 230006
 230049
 230131
 230662
 231000
 231360
 231732
 231799
 232080
 232344
 232572
 232906
 233057
 233173
 233257
 233398
 233657
 234098
 234205
 234389
 234557
 234718
 234820
 235021
 235498
 235577
 235787
 236018
 236171
 236336
 236465
 236742
 236821
 237054
 237240
 237393
 237465
 237612
 237937
 238062
 238359
 238604
 238763
 239102
 239344
 239497
 239834
 240267
 240365
 240597
 240772
 240956
 241166
 241350
 241733
 241821
 241918
 241963
 242000
 242152
 242397
 242455
 242762
 242923
 243112
 243272
 243295
 243421
 243550
 243879
 244190
 244229
 244695
 244744
 244900
 245317
 245534
 245698
 246017
 246294
 246893
 247060
 247326
 247494
 247664
 247744
 247862
 247946
 248071
 248219
 248380
 248820
 248910
 249086
 249129
 249212
 249290
 249545
 249793
 249915
 250289
 250423
 250515
 250885
 251022
 251139
 251269
 251394
 251805
 252087
 252628
 252850
 252941
 252991
 253089
 253202
 253348
 253393
 253481
 253665
 254061
 254137
 254519
 254558
 254985
 255344
 255572
 255644
 255776
 255878
 256240
 256283
 256410
 256505
 256673
 257166
 257374
 257400
 257847
 258240
 258408
 258882
 259168
 259207
 259292
 259390
 259619
 259704
 259786
 259831
 260244
 260505
 260677
 260787
 260933
 260966
 261680
 261845
 261982
 262097
 262105
 262334
 262501
 262737
 263274
 263322
 263396
 263551
 263686
 263888
 264207
 264323
 264369
 264471
 264618
 264668
 264891
 265128
 265203
 265321
 265550
 265774
 265928
 266130
 266191
 266358
 266461
 266762
 266864
 267198
 267328
 267643
 267737
 267844
 268489
 268598
 268727
 269134
 269387
 269494
 269921
 270069
 270114
 270723
 270918
 271181
 271349
 271565
 272030
 272156
 272264
 272576
 272788
 272931
 272973
 273140
 273179
 273325
 273772
 274010
 274078
 274511
 274965
 275017
 275111
 275458
 275692
 275757
 275862
 276224
 276509
 276736
 276921
 277049
 277084
 277330
 277495
 277528
 277924
 278525
 278590
 278829
 278936
 279037
 279077
 279177
 279372
 279493
 279661
 279871
 280082
 280175
 280220
 280936
 281298
 281345
 281639
 281943
 281970
 282007
 282438
 282553
 282683
 282811
 283007
 283068
 283346
 283424
 283664
 283686
 283740
 283857
 284095
 284254
 284382
 284702
 285115
 285341
 285575
 285699
 285811
 286049
 286226
 286742
 286877
 287241
 287464
 287680
 287782
 287925
 287998
 288080
 288381
 288445
 288962
 289267
 289844
 289994
 290269
 290286
 290572
 290703
 290743
 290879
 291127
 291276
 291371
 291574
 291651
 291761
 292181
 292341
 292702
 293112
 293210
 293357
 293490
 293924
 294073
 294401
 294674
 294827
 295083
 295458
 295705
 295980
 296489
 296518
 296633
 296821
 297133
 297405
 297601
 297841
 297946
 298245
 298585
 298917
 299000
 299047
 299239
 299393
 299619
 299657
 299821
 300012
 300240
 300458
 300800
 301157
 301573
 301801
 301843
 301886
 302153
 302348
 302659
 302968
 303261
 303360
 303616
 303717
 303822
 304078
 304269
 304347
 304577
 304790
 304929
 305110
 305243
 305328
 305464
 305777
 305823
 306070
 306311
 306341
 306396
 306546
 306855
 307011
 307118
 307147
 307463
 307755
 307943
 308257
 308856
 308986
 309460
 309489
 309560
 309603
 309884
 309917
 310015
 310259
 310419
 310484
 310663
 310723
 310891
 311131
 311392
 311498
 312077
 312306
 312358
 312556
 312592
 312672
 313096
 313258
 313750
 313889
 313941
 314541
 314698
 314716
 314803
 315084
 315560
 315623
 315766
 316085
 316443
 316733
 316984
 317135
 317490
 317509
 317952
 318126
 318267
 318558
 318758
 318858
 318947
 319428
 319509
 319595
 319756
 319802
 319928
 320160
 320311
 320499
 320622
 320890
 321091
 321201
 321313
 321477
 321592
 321758
 322048
 322096
 322222
 322245
 322299
 322376
 322563
 322871
 322925
 323056
 323182
 323662
 323796
 323899
 324112
 324207
 324258
 324766
 324895
 324976
 325173
 325610
 325883
 326155
 326558
 326874
 326892
 327225
 327279
 327320
 327605
 327843
 328021
 328343
 328498
 328545
 328675
 328917
 329030
 329148
 329202
 329287
 329605
 329658
 329833
 329867
 329912
 330141
 330194
 330316
 330595
 330840
 331081
 331273
 331702
 331890
 331980
 332149
 332487
 332600
 332744
 333117
 333223
 333413
 333607
 333638
 333688
 333817
 333914
 334561
 334892
 334999
 335260
 335479
 335785
 335844
 336072
 336161
 336250
 336433
 336790
 337003
 337069
 337212
 337239
 337489
 337799
 338049
 338211
 338921
 338929
 339158
 339461
 339622
 339649
 339672
 339821
 340050
 340230
 340287
 340373
 340600
 340804
 340934
 340968
 341219
 341500
 341554
 341738
 341929
 342151
 342254
 342425
 342726
 342921
 343110
 343161
 343503
 343683
 343786
 343806
 343934
 344044
 344146
 344246
 344430
 344685
 344734
 344915
 345153
 345408
 345545
 345566
 346033
 346153
 346438
 346735
 346932
 347261
 347750
 347962
 348262
 348397
 348500
 348675
 348960
 349083
 349356
 349403
 349480
 349571
 349799
 350170
 350305
 350420
 350599
 350777
 351039
 351109
 351118
 351500
 352340
 352367
 352456
 352638
 352725
 352809
 353046
 353116
 353154
 353493
 353592
 353775
 354176
 354382
 354700
 354946
 355272
 355439
 355732
 355975
 356341
 356502
 356590
 356619
 356772
 357027
 357112
 357336
 357451
 357531
 357654
 357723
 358036
 358156
 358343
 358505
 358802
 358910
 359277
 359429
 359484
 359631
 359711
 359925
 360191
 360474
 360569
 361181
 361953
 362056
 362807
 363287
 363451
 363790
 364013
 364200
 364516
 364679
 364791
 365033
 365122
 365401
 365781
 366009
 366339
 366515
 366683
 366944
 367285
 367339
 367973
 368248
 368338
 368485
 368853
 368890
 369025
 369313
 369520
 369822
 370292
 370451
 370732
 370897
 370929
 371414
 371456
 371507
 371730
 372026
 372093
 372366
 372687
 372789
 372870
 373027
 373459
 373470
 373605
 373666
 374074
 374265
 374391
 374694
 374786
 374838
 375130
 375304
 375444
 375815
 375928
 376091
 376176
 376414
 376434
 376770
 376859
 376898
 377192
 377401
 377608
 377695
 377797
 377918
 378379
 378470
 378515
 378870
 379087
 379374
 379581
 379896
 379940
 380039
 380205
 380599
 380753
 380865
 381205
 381350
 381446
 381638
 382070
 382206
 382439
 382952
 383208
 383372
 383718
 383851
 383992
 384463
 384615
 384666
 384942
 385109
 385207
 385694
 385959
 386747
 386887
 386952
 387151
 387253
 387563
 387828
 387908
 387980
 388228
 388311
 388507
 388704
 388766
 388936
 389183
 389363
 389508
 389821
 389888
 390097
 390211
 390407
 390467
 390543
 390750
 390869
 390996
 391182
 391448
 391556
 391626
 391741
 392006
 392413
 392793
 392978
 393062
 393339
 393380
 393617
 393703
 393747
 393961
 394206
 394287
 394421
 394445
 394569
 394699
 394800
 395096
 395271
 395392
 395721
 395836
 396021
 396153
 396431
 396612
 396928
 397127
 397349
 397602
 397783
 398169
 398267
 398543
 398737
 398786
 399043
 399228
 399564
 399843
 400388
 400495
 400669
 400755
 400763
 400868
 401236
 401299
 401598
 401712
 401834
 402144
 402463
 402527
 402661
 402710
 402842
 403141
 403362
 403416
 403634
 404268
 404638
 404744
 404803
 404881
 404946
 405007
 405205
 405392
 405464
 405724
 405833
 406198
 406379
 406633
 406826
 407065
 407234
 407311
 407525
 407634
 408491
 408683
 409090
 409203
 409850
 410032
 410093
 410335
 410447
 410858
 411111
 411152
 411424
 411514
 411758
 411927
 412379
 412490
 412626
 412776
 412902
 413185
 413315
 413489
 413704
 413859
 413959
 414093
 414192
 414354
 414469
 414631
 415172
 415297
 415525
 415871
 415965
 416513
 416624
 416774
 417152
 417280
 417349
 417452
 418171
 418512
 418594
 418667
 418981
 419593
 420260
 420368
 420496
 420674
 420967
 421050
 421088
 421280
 421641
 421701
 421894
 422072
 422109
 422351
 422490
 422839
 422868
 423221
 423503
 423558
 423733
 423997
 424103
 424461
 424704
 425086
 425304
 425465
 425557
 425590
 425741
 426034
 426658
 426875
 427210
 427294
 427471
 428067
 428382
 428425
 428571
 428837
 428960
 429012
 429177
 429480
 430021
 430228
 430241
 430491
 430539
 430586
 430669
 430739
 430812
 431223
 431352
 431790
 431938
 432074
 432168
 432364
 432682
 432880
 433049
 433265
 433454
 433624
 433749
 434017
 434107
 434259
 434434
 434725
 434860
 435225
 435382
 435451
 435822
 435933
 436094
 436110
 436229
 436489
 436667
 436685
 436710
 436847
 437081
 437458
 437799
 437961
 438243
 438405
 438534
 438596
 438645
 438867
 438899
 438958
 439089
 439356
 439588
 439757
 439972
 440149
 440324
 440421
 440773
 440882
 441038
 441528
 441849
 441866
 442036
 442375
 442482
 442723
 442900
 443078
 443176
 443279
 443495
 443659
 444193
 444277
 444691
 445245
 445345
 445426
 445448
 445518
 445960
 446157
 446428
 446901
 447438
 447602
 447795
 448162
 448241
 448396
 448460
 448822
 448922
 449030
 449416
 449618
 449681
 449788
 450015
 450111
 450291
 450523
 450668
 450770
 451137
 451264
 451355
 451612
 451752
 452008
 452189
 452447
 452465
 452575
 452609
 452841
 452899
 453098
 453183
 453362
 453419
 453647
 454189
 454247
 454484
 454511
 454666
 454913
 454984
 455019
 455411
 455696
 455861
 455968
 456061
 456094
 456257
 456333
 456585
 456964
 457074
 457146
 457363
 457482
 457617
 457916
 458115
 458229
 458414
 458722
 458802
 459828
 459903
 460204
 460450
 460740
 460793
 461082
 461492
 461692
 461824
 462098
 462212
 462264
 462341
 462483
 462555
 462582
 462678
 463069
 463373
 463548
 463703
 463833
 463890
 464196
 464278
 464481
 464650
 464798
 464911
 465181
 465300
 465351
 465635
 465826
 465986
 466275
 466485
 466920
 467121
 467336
 467601
 467675
 468096
 468253
 468560
 468852
 469025
 469425
 469738
 469817
 470074
 470588
 470882
 470979
 471312
 471380
 471575
 471670
 471744
 471799
 471924
 472099
 472128
 472309
 472618
 472687
 473291
 473298
 473411
 473631
 473720
 474115
 474276
 474605
 474776
 474822
 474907
 475037
 475259
 475728
 475979
 476116
 476380
 476735
 477154
 477359
 477745
 477970
 478165
 478193
 478271
 478358
 478396
 478461
 478593
 478731
 478831
 478905
 479341
 479699
 479767
 479846
 480095
 480192
 480620
 480652
 480716
 480773
 480862
 481075
 481231
 481632
 481728
 481831
 481916
 482436
 482456
 482641
 482867
 483011
 483031
 483112
 483755
 484195
 484276
 484697
 484799
 484917
 485397
 485707
 486028
 486486
 486632
 486749
 486938
 487034
 487119
 487234
 487366
 487421
 487590
 487646
 487879
 488243
 488360
 488515
 488549
 488600
 488717
 488935
 489088
 489260
 489436
 489821
 490117
 490640
 490718
 491041
 491440
 491462
 491634
 491740
 491909
 491967
 492117
 492537
 492776
 493234
 493734
 494288
 494773
 495410
 495642
 495826
 495889
 496260
 496311
 496767
 496936
 496940
 497307
 497557
 497608
 497651
 497965
 498157
 498256
 498564
 498612
 498712
 499000
 499309
 499466
 499678
 499738
 499923
 499967
 