499892
 499443
 499255
 499195
 499112
 499034
 498781
 498762
 498452
 498356
 498218
 498177
 497860
 497828
 497726
 497550
 497427
 497371
 497106
 497010
 496976
 496830
 496680
 496333
 496324
 496116
 495735
 495688
 495534
 495478
 495332
 495236
 495168
 494812
 494594
 494545
 494456
 494382
 494197
 493956
 493896
 493630
 493434
 493149
 493109
 492992
 492782
 492470
 492370
 492054
 491869
 491678
 491428
 491328
 491091
 491049
 491045
 490759
 490484
 490222
 490146
 490070
 489538
 489423
 489200
 488890
 488655
 488593
 488485
 488378
 488158
 487765
 487306
 487126
 486705
 486449
 486207
 485701
 485464
 484771
 484627
 483910
 483620
 483504
 483222
 483066
 482482
 482305
 482024
 481812
 481735
 481328
 481171
 481071
 480819
 480160
 479863
 479590
 479130
 478626
 478377
 478040
 477823
 477630
 477326
 477253
 477186
 476969
 476705
 476685
 476395
 476096
 475970
 475924
 475526
 475374
 475338
 475248
 475129
 475091
 474984
 474523
 474491
 474341
 473944
 473749
 473628
 473599
 473457
 473310
 473174
 473117
 473106
 472789
 472727
 472410
 472340
 471947
 471487
 471345
 471272
 471129
 471088
 470873
 470740
 470527
 470282
 470108
 470017
 469887
 469745
 469418
 469177
 468958
 468729
 468524
 468231
 468121
 467912
 467854
 467608
 467425
 467270
 467038
 466888
 466861
 466711
 466486
 466101
 465709
 465447
 465208
 464935
 464497
 464135
 464108
 463948
 463783
 463601
 463432
 463354
 463240
 462957
 462537
 462385
 462091
 461952
 461667
 461305
 461274
 461083
 460901
 460755
 460526
 460347
 460301
 460013
 459779
 459550
 459374
 459075
 458999
 458769
 458555
 458500
 458397
 458354
 458335
 457836
 457475
 457337
 457316
 457244
 457205
 456964
 456433
 456261
 456118
 455814
 455793
 455742
 455657
 455509
 455200
 454818
 454730
 454651
 454607
 454229
 454087
 453915
 453846
 453720
 453628
 453578
 453219
 452902
 452802
 452692
 452516
 452286
 452044
 451749
 451589
 451360
 451198
 450877
 450808
 450450
 450425
 449613
 449594
 449409
 448923
 448404
 448349
 448321
 448198
 447946
 447819
 447478
 447362
 447331
 447006
 446791
 446725
 446374
 446032
 445892
 445578
 445525
 445318
 445125
 444844
 444251
 444163
 443847
 443633
 443355
 443282
 443226
 443039
 442953
 442704
 442454
 442279
 442218
 442129
 441667
 441494
 440997
 440613
 440404
 440304
 440121
 440040
 439701
 439424
 439397
 439250
 439171
 438845
 438492
 438409
 438246
 438172
 437613
 437481
 437350
 437074
 436512
 436320
 436073
 435291
 434965
 434772
 434719
 434650
 434193
 434179
 434027
 433704
 433350
 433321
 433238
 433091
 432957
 432836
 432569
 432494
 432325
 432266
 432115
 432000
 431635
 431480
 431330
 431127
 430590
 430559
 430449
 429896
 429696
 429498
 429397
 429274
 429112
 428880
 428584
 428538
 428377
 428274
 428238
 427911
 427795
 427541
 427371
 427145
 427092
 427061
 426808
 426683
 426304
 425982
 425810
 425666
 425441
 425322
 425207
 424886
 424721
 424675
 424509
 424423
 424256
 424209
 424133
 423965
 423829
 423485
 423304
 423221
 423126
 423069
 422807
 422620
 422391
 422320
 421521
 421394
 421218
 421152
 420965
 420910
 420478
 420324
 420037
 419897
 419572
 419452
 419267
 418918
 418478
 418305
 418207
 418119
 417745
 417609
 417549
 417519
 417389
 417184
 417008
 416884
 416391
 416123
 415940
 415796
 415551
 415187
 415019
 414132
 414050
 413580
 413466
 413339
 413145
 413043
 412937
 412754
 412647
 412425
 412119
 412021
 411852
 411536
 411343
 411220
 411042
 410879
 410604
 410529
 410292
 410204
 410125
 410034
 409976
 409743
 409626
 409165
 409083
 408785
 408657
 408533
 408297
 408201
 408099
 407956
 407841
 407562
 407353
 407111
 406680
 406613
 406163
 405741
 405346
 405141
 404923
 404725
 404625
 404524
 404241
 403969
 403864
 403711
 403681
 403465
 403049
 402477
 402131
 401988
 401802
 401484
 401420
 401330
 401041
 400868
 400709
 400267
 400049
 399999
 399883
 399783
 399199
 398754
 398715
 398606
 398220
 397972
 397851
 397660
 397590
 397426
 397273
 397170
 397136
 397007
 396899
 396825
 396543
 396499
 396053
 395981
 395762
 395556
 395385
 395184
 395115
 394871
 394699
 394628
 394520
 394486
 394299
 393877
 393548
 393509
 393217
 392769
 392395
 392298
 392231
 392142
 391819
 391521
 391485
 391344
 391309
 391187
 390753
 390702
 389981
 389783
 389406
 389304
 389001
 388946
 388813
 388667
 388437
 388322
 387971
 387862
 387338
 387211
 386971
 386627
 386274
 385867
 385524
 385170
 385019
 384879
 384681
 384526
 384207
 384162
 383979
 383825
 383788
 383733
 383667
 383495
 383260
 383032
 382987
 382699
 382438
 382333
 382073
 381962
 381817
 381570
 381418
 381193
 380996
 380797
 380667
 380604
 380494
 380217
 379949
 379926
 379717
 379633
 379432
 379231
 379214
 379087
 378971
 378698
 378402
 377960
 377717
 377392
 377044
 376830
 376604
 376406
 376193
 375931
 375840
 375769
 375588
 375338
 375204
 374983
 374758
 374714
 374584
 374384
 374275
 373964
 373732
 373536
 373397
 373282
 373195
 372983
 372723
 372650
 372351
 371890
 371696
 371579
 371494
 371368
 371323
 371045
 370790
 370648
 370548
 370268
 370129
 369584
 369421
 369250
 368690
 368566
 368407
 368233
 367816
 367775
 367707
 367378
 367003
 366748
 366666
 366603
 366580
 366481
 366280
 365882
 365470
 365168
 365028
 364924
 364551
 364043
 363826
 363503
 363329
 362961
 362700
 362534
 362247
 362087
 361653
 361631
 361417
 361259
 361026
 360869
 360533
 360182
 359903
 359774
 359716
 359626
 359443
 359238
 358959
 358933
 358604
 358501
 357860
 357558
 357503
 357411
 357364
 357333
 357142
 356849
 356775
 356726
 356483
 356336
 355826
 355300
 355173
 355118
 354976
 354676
 354530
 354502
 354415
 354367
 354063
 353658
 353476
 353223
 353127
 353076
 352941
 352607
 352474
 352380
 352143
 352028
 351982
 351496
 351370
 351267
 350905
 350708
 350468
 350282
 350220
 350047
 349972
 349599
 349163
 348956
 348782
 348727
 348510
 348332
 348209
 348083
 347775
 347615
 347552
 347382
 347011
 346749
 346698
 346209
 346153
 346102
 346034
 345898
 345849
 345605
 345098
 345079
 344795
 344340
 344201
 344105
 343950
 343649
 343400
 343206
 342897
 342809
 342737
 342718
 342492
 342372
 342172
 341949
 341685
 341463
 341207
 340886
 340353
 340271
 340155
 340097
 340020
 339948
 339729
 339558
 339229
 339017
 338808
 338296
 338102
 337938
 337830
 337748
 337301
 337114
 336699
 336581
 336383
 335955
 335816
 335579
 335420
 334986
 334742
 334633
 334464
 334121
 333981
 333739
 333167
 332916
 332621
 332183
 331961
 331626
 331491
 331295
 331212
 331208
 330961
 330717
 330534
 330450
 330356
 330339
 330195
 330174
 330146
 330067
 329802
 329732
 329613
 329399
 329356
 329159
 329095
 329028
 328700
 328473
 328176
 328135
 327876
 327675
 327482
 327348
 327280
 326944
 326699
 326446
 326049
 325572
 325470
 325346
 324934
 324758
 324675
 324234
 323831
 323294
 323115
 322922
 322768
 322404
 321937
 321778
 321632
 321206
 320713
 320599
 320357
 320149
 319929
 319759
 319538
 319336
 319209
 319045
 318820
 318622
 318483
 318026
 317753
 317306
 316719
 316497
 316335
 315789
 315553
 315516
 315373
 315282
 314556
 314189
 313807
 313490
 313317
 312618
 312385
 311926
 311764
 311615
 311320
 310855
 310702
 310556
 310239
 309945
 309846
 309488
 309177
 308988
 308938
 308786
 308496
 308299
 308139
 308068
 307944
 307800
 307384
 307214
 306920
 306732
 306629
 306345
 306115
 305892
 305651
 305369
 305168
 305018
 304953
 304820
 304577
 304347
 304154
 303983
 303676
 303492
 303272
 302982
 302719
 302531
 302229
 302163
 302091
 301935
 301712
 301424
 301369
 300821
 300595
 300532
 300460
 300286
 300171
 299946
 299821
 299262
 299138
 298949
 298769
 298603
 298443
 298304
 297912
 297544
 297462
 297297
 297103
 296985
 296912
 296882
 296742
 296550
 296538
 296405
 296116
 295744
 295625
 295335
 295145
 294124
 293864
 293551
 293026
 292593
 292242
 292062
 291833
 291704
 291666
 291504
 291244
 291138
 290791
 290786
 290720
 290651
 290415
 290256
 289628
 289552
 289232
 289172
 288793
 288590
 288376
 288261
 288213
 288009
 287874
 287510
 287319
 287258
 286976
 286693
 286501
 286195
 285990
 285826
 285651
 285549
 285461
 285381
 285168
 284989
 284857
 284803
 284760
 284560
 284467
 284070
 284034
 283955
 283744
 283619
 283519
 283281
 283186
 282900
 282797
 282521
 282183
 281951
 281873
 281757
 281601
 281461
 281138
 280827
 280638
 280461
 280023
 279818
 279544
 279424
 279254
 278871
 278817
 278663
 278638
 278618
 278464
 278268
 278190
 278102
 277621
 277483
 277416
 277369
 277172
 276923
 276779
 276646
 276460
 275946
 275915
 275674
 275617
 275460
 275341
 275209
 274684
 274666
 274307
 273747
 273309
 273192
 272862
 272776
 272599
 272429
 272303
 272001
 271999
 271915
 271428
 271298
 271204
 271053
 270946
 270529
 270332
 270168
 270066
 269988
 269612
 269510
 269204
 269005
 268883
 268714
 268679
 268520
 268231
 268113
 267969
 267605
 267441
 267168
 267052
 266961
 266668
 266625
 266586
 266527
 266384
 266053
 265995
 265857
 265499
 265307
 265084
 264952
 264780
 264648
 264594
 264521
 264211
 263967
 263810
 263558
 263358
 263068
 262743
 262487
 262216
 262143
 262014
 261904
 261831
 261417
 261201
 261040
 260919
 260720
 260497
 260345
 259786
 259449
 259300
 259207
 258689
 258637
 258168
 258017
 257823
 257769
 257617
 257054
 257003
 256769
 256736
 256453
 256039
 255694
 255573
 255496
 255251
 255193
 255178
 255084
 254671
 254385
 254210
 254087
 253780
 253489
 253319
 253091
 252585
 252059
 251798
 251549
 251130
 250848
 250577
 250418
 250219
 250104
 250000
 249451
 249414
 249201
 249143
 248889
 248234
 247991
 247894
 247798
 247719
 247625
 247588
 247484
 247274
 247019
 246653
 246565
 246397
 246110
 245872
 245501
 245283
 245258
 245165
 245101
 244971
 244765
 244682
 244347
 244078
 243892
 243660
 243556
 243413
 242999
 242695
 242618
 242413
 242222
 242079
 241966
 241791
 241561
 241347
 241076
 240920
 240792
 240579
 240427
 240120
 239932
 239704
 239553
 239284
 239236
 238881
 238784
 238412
 238277
 238155
 238051
 238015
 237938
 237859
 237509
 236880
 236848
 236748
 236614
 236487
 236335
 236235
 235916
 235807
 235331
 235185
 235056
 234900
 234527
 234301
 234109
 234069
 233994
 233824
 233566
 233415
 233302
 233173
 232829
 232580
 232337
 232175
 231818
 231676
 231510
 231310
 231113
 230878
 230786
 230707
 230648
 230137
 230083
 229934
 229774
 229514
 229266
 229226
 229148
 228758
 228452
 228215
 228041
 227532
 227416
 227180
 227035
 226868
 226697
 226391
 226124
 225825
 225746
 225601
 225563
 225525
 224865
 224655
 224545
 224291
 224225
 224142
 223990
 223958
 223816
 223515
 223397
 223337
 223225
 223085
 222888
 222826
 221966
 221804
 220963
 220877
 220694
 220527
 220392
 220238
 219908
 219846
 219512
 219471
 219223
 219013
 218829
 218750
 218516
 218309
 218011
 217764
 217384
 217124
 216912
 216559
 215841
 215743
 215522
 215001
 214620
 214380
 214179
 213949
 213926
 213779
 213660
 213560
 213474
 213384
 213363
 213228
 213007
 212848
 212625
 212334
 212273
 212190
 212102
 212038
 211976
 211801
 211263
 211229
 211167
 211154
 210914
 210868
 210812
 210025
 209898
 209564
 208971
 208447
 208317
 208119
 207979
 207960
 207748
 207490
 206951
 206714
 206588
 206494
 206143
 205901
 205796
 205725
 205668
 205514
 205288
 205182
 205128
 205014
 204910
 204773
 204708
 204557
 204520
 204036
 203958
 203936
 203625
 203551
 203392
 203173
 203081
 202959
 202735
 202625
 202285
 202127
 201988
 201800
 201718
 201581
 201418
 201260
 201189
 200859
 200655
 200596
 200373
 200245
 200146
 199767
 199405
 199065
 198894
 198610
 198523
 198468
 198331
 198026
 197811
 197602
 197226
 197165
 197133
 196916
 196837
 196631
 196345
 195942
 195804
 195698
 195587
 195567
 195129
 194957
 194736
 194607
 194002
 193958
 193739
 193651
 193513
 193133
 192961
 192889
 192828
 192730
 192702
 192572
 192407
 192259
 192214
 191744
 191615
 191461
 190901
 190476
 190397
 190243
 190164
 189873
 189353
 189127
 188963
 188440
 187952
 187838
 187598
 187192
 187048
 186620
 186551
 186452
 186328
 186171
 185798
 185516
 185493
 185421
 185342
 184981
 184901
 184786
 184564
 184420
 184141
 183434
 183235
 183155
 183049
 182867
 182655
 182312
 182110
 181960
 181735
 181707
 181553
 181450
 181277
 181232
 180912
 180801
 180625
 180429
 180222
 180102
 180069
 179958
 179677
 179625
 179563
 179388
 179107
 178639
 178484
 178406
 178154
 178008
 177687
 177215
 176576
 176363
 176200
 176069
 175908
 175805
 175727
 175370
 175095
 175000
 174924
 174740
 174314
 173734
 173591
 173270
 173204
 173166
 173050
 172936
 172711
 172279
 172083
 171703
 171400
 171151
 170711
 170478
 170008
 169695
 169453
 169420
 168808
 168532
 168472
 168278
 168094
 167933
 167539
 167292
 167224
 166922
 166875
 166763
 166666
 166519
 166110
 165763
 165543
 165212
 164816
 164535
 164351
 164001
 163862
 163581
 163297
 162714
 162462
 162426
 162393
 162084
 161971
 161821
 161719
 161573
 161511
 161355
 161174
 161127
 160919
 160715
 160697
 160544
 160385
 160242
 160136
 159875
 159786
 159655
 159434
 159264
 159100
 158994
 158980
 158808
 158504
 158139
 158034
 157785
 157745
 157636
 157584
 157570
 157156
 157107
 156873
 156507
 156272
 155914
 155608
 155364
 155205
 155161
 155090
 154685
 154633
 154417
 154347
 154095
 153721
 153469
 152963
 152863
 152739
 152510
 152310
 152013
 151649
 151452
 151107
 150995
 150671
 150489
 150336
 150164
 150000
 149867
 149683
 149623
 149534
 149202
 148851
 148679
 148440
 148314
 148030
 147756
 147698
 147498
 147437
 147296
 147219
 147024
 146760
 146470
 146063
 145690
 145560
 145248
 144680
 144408
 144118
 143769
 143441
 143255
 142938
 142663
 142491
 142364
 142192
 141875
 141652
 141610
 141527
 141194
 141165
 141087
 141008
 140940
 140745
 140663
 140519
 140451
 140296
 140224
 140144
 140032
 139821
 139656
 139382
 139255
 139111
 139029
 138894
 138627
 138516
 138403
 138146
 137846
 137682
 137516
 137261
 137194
 136948
 136768
 136706
 136484
 136150
 135551
 135296
 135215
 135011
 134846
 134577
 134534
 134398
 134254
 133898
 133839
 133644
 133192
 133107
 133016
 132700
 132441
 132341
 132257
 132084
 132026
 131951
 131834
 131775
 131711
 131447
 131386
 131248
 131173
 131015
 130976
 130844
 130754
 130656
 130179
 130013
 129935
 129829
 129625
 128988
 128917
 128333
 128256
 128023
 127958
 127844
 127615
 127504
 127478
 127069
 126935
 126865
 126711
 126508
 126341
 126074
 126008
 125837
 125614
 125532
 125184
 124980
 124756
 124688
 124586
 124174
 124023
 123960
 123485
 123407
 122807
 122661
 122605
 122522
 122473
 122331
 122033
 121867
 121143
 120518
 120385
 120268
 119860
 119651
 119625
 119302
 119160
 118998
 118802
 118751
 118492
 118449
 118206
 118199
 117984
 117946
 117699
 117540
 117408
 117295
 116869
 116803
 116788
 116682
 116512
 116301
 116288
 116013
 115597
 115423
 115324
 115283
 115200
 114891
 114564
 114537
 114242
 114052
 113967
 113844
 113777
 113636
 113427
 113300
 113123
 112849
 112609
 112480
 112233
 112151
 111994
 111961
 111731
 111203
 111153
 110774
 110671
 110530
 110412
 110362
 110011
 109759
 109642
 109289
 109195
 109090
 108771
 108356
 108231
 108219
 108064
 107990
 107576
 107457
 107261
 107081
 106846
 106717
 106644
 106210
 105729
 105610
 105522
 105455
 105287
 104972
 104821
 104053
 103657
 103547
 103533
 103092
 102766
 102638
 102317
 102023
 101921
 101836
 101734
 101562
 101466
 101345
 101150
 101088
 101073
 100962
 100757
 100607
 100468
 100402
 100271
 100129
 99999
 99951
 99752
 99597
 99467
 99291
 98726
 98566
 98467
 98156
 98000
 97778
 97654
 97428
 97034
 96833
 96702
 96499
 96387
 96330
 96248
 96146
 96083
 95733
 95457
 95179
 94954
 94897
 94636
 94412
 94371
 94280
 93894
 93836
 93744
 93450
 93280
 93121
 92841
 92752
 92668
 92591
 92369
 92132
 92009
 91947
 91590
 91486
 91358
 91339
 91269
 91105
 90983
 90941
 90653
 90460
 90351
 90210
 90073
 89712
 89316
 89123
 89059
 89007
 88764
 88588
 88325
 88214
 88031
 88017
 87884
 87755
 87719
 87660
 87540
 87218
 87051
 86307
 86192
 86169
 86043
 85965
 85791
 85704
 85553
 85202
 85048
 84918
 84745
 84626
 84458
 84381
 84258
 83924
 83833
 83636
 83510
 83383
 83107
 83034
 82929
 82716
 82493
 82307
 82283
 82003
 81875
 81803
 81623
 81223
 81179
 80993
 80898
 80416
 80270
 80058
 79829
 79717
 79655
 79254
 79105
 78914
 78542
 78431
 78297
 78220
 78075
 77727
 77548
 77468
 76947
 76898
 76887
 76674
 76475
 76176
 76086
 76001
 75834
 75572
 75271
 74898
 74773
 74665
 74643
 74333
 74077
 73868
 73678
 73538
 73341
 73087
 72800
 72655
 72135
 71859
 71706
 71661
 71453
 71383
 71162
 70797
 70533
 70447
 70278
 69967
 69675
 69424
 69364
 69076
 68709
 68600
 68449
 68213
 68202
 68149
 67879
 67821
 67632
 67546
 67347
 67336
 67277
 67149
 66938
 66699
 66534
 66379
 66336
 65977
 65934
 65886
 65484
 65314
 65057
 64907
 64681
 64286
 64127
 64018
 63595
 63449
 63386
 62861
 62801
 62614
 62465
 62397
 62273
 62172
 62005
 61797
 61768
 61411
 61276
 61260
 61127
 61069
 60790
 60727
 60647
 60434
 60307
 60200
 59988
 59831
 59764
 59450
 59216
 59143
 58733
 58709
 58545
 58502
 58232
 58111
 58064
 57963
 57706
 57604
 57355
 57263
 57194
 56868
 56521
 56443
 56291
 56286
 56104
 55908
 55736
 55338
 55087
 55019
 54789
 54512
 54377
 54192
 54094
 53781
 53756
 53699
 53606
 53208
 53109
 53036
 52651
 52511
 52238
 52023
 51751
 51596
 51489
 51213
 51121
 51016
 50965
 50895
 50336
 50200
 50135
 49668
 49579
 49334
 49200
 48780
 48654
 48303
 48025
 47973
 47913
 47831
 47798
 47490
 47351
 47059
 46805
 46511
 46431
 46248
 46171
 45854
 45660
 45525
 44907
 44572
 44347
 43985
 43851
 43774
 43227
 42822
 42524
 42430
 42369
 41706
 41647
 41362
 41183
 41055
 40983
 40874
 40868
 40696
 40596
 40513
 40209
 39978
 39696
 39627
 39250
 39075
 38867
 38566
 38461
 38315
 38188
 37969
 37598
 37306
 36813
 36632
 36349
 36188
 35887
 35676
 35604
 35388
 35039
 34983
 34716
 34605
 34315
 34255
 34075
 33793
 33445
 33333
 33169
 33153
 32906
 32844
 32800
 32505
 32269
 32208
 32124
 31951
 31903
 31432
 31349
 31288
 30994
 30808
 30474
 30333
 30019
 29779
 29561
 29485
 29285
 29142
 28825
 28595
 28469
 28048
 27845
 27714
 27389
 27186
 27091
 27008
 26816
 26617
 26564
 26233
 26029
 25857
 25754
 25574
 25463
 25286
 25243
 25197
 25069
 25011
 24769
 24629
 24532
 24177
 23991
 23809
 23754
 23638
 23567
 23400
 22785
 22594
 22487
 22303
 22005
 21969
 21765
 21268
 20987
 20816
 20547
 20474
 20233
 20138
 19868
 19745
 19656
 19529
 19438
 19054
 18936
 18771
 18683
 18192
 17994
 17751
 17470
 17010
 16313
 16266
 16208
 16094
 15745
 15645
 15460
 15067
 14929
 14839
 14730
 14038
 13905
 13580
 13400
 13343
 13158
 12991
 12473
 12345
 11923
 11843
 10735
 10656
 10427
 10374
 10251
 10069
 9700
 9492
 9357
 9287
 9176
 8972
 8938
 8876
 8729
 8665
 8568
 8539
 8504
 8338
 8299
 8275
 7790
 7331
 7275
 7246
 6779
 6693
 6567
 6457
 6329
 6229
 6018
 5936
 5683
 5594
 5445
 5297
 4851
 4595
 4415
 3796
 3655
 3622
 3502
 3427
 3307
 3254
 2985
 2850
 2773
 2622
 2355
 2341
 2183
 2076
 1990
 1428
 1027
 886
 681
 433
 227
 125
 46
 0
 94
 132
 400
 524
 773
 909
 1136
 1801
 2011
 2119
 2252
 2347
 2378
 2741
 2808
 2862
 3044
 3303
 3367
 3475
 3602
 3649
 3785
 4005
 4474
 4650
 5156
 5305
 5516
 5662
 5786
 6008
 6189
 6289
 6347
 6506
 6635
 6746
 7243
 7263
 7317
 7394
 7849
 8285
 8326
 8479
 8522
 8548
 8633
 8695
 8867
 8915
 8965
 9030
 9181
 9313
 9469
 9651
 9996
 10250
 10257
 10420
 10493
 10680
 11199
 11900
 12098
 12454
 12738
 13089
 13234
 13365
 13495
 13727
 13990
 14640
 14745
 14899
 14933
 15075
 15638
 15649
 15899
 16165
 16233
 16306
 16914
 17257
 17729
 17958
 18026
 18237
 18723
 18907
 18990
 19287
 19465
 19651
 19728
 19831
 20085
 20171
 20408
 20506
 20571
 20924
 21005
 21700
 21812
 21999
 22024
 22446
 22516
 22676
 22909
 23437
 23616
 23695
 23803
 23922
 24025
 24219
 24568
 24634
 24810
 25013
 25179
 25242
 25258
 25427
 25506
 25582
 25762
 25904
 26206
 26283
 26604
 26743
 26855
 27014
 27143
 27279
 27541
 27757
 27849
 28452
 28540
 28677
 29017
 29156
 29398
 29555
 29778
 29886
 30268
 30374
 30679
 30875
 31015
 31327
 31360
 31863
 31923
 31987
 32153
 32267
 32470
 32604
 32832
 32865
 32949
 33158
 33212
 33348
 33649
 33979
 34161
 34275
 34334
 34662
 34969
 35029
 35375
 35464
 35629
 35697
 36088
 36328
 36416
 36710
 37037
 37328
 37873
 38049
 38256
 38371
 38549
 38647
 38995
 39129
 39483
 39650
 39968
 40156
 40293
 40531
 40688
 40711
 40873
 40893
 41021
 41173
 41237
 41583
 41675
 42073
 42372
 42478
 42813
 43117
 43621
 43838
 43926
 44306
 44399
 44906
 45454
 45588
 45749
 46092
 46223
 46294
 46456
 46679
 47035
 47172
 47402
 47664
 47827
 47866
 47924
 47994
 48113
 48445
 48772
 48839
 49279
 49556
 49622
 49944
 50177
 50206
 50792
 50950
 50966
 51083
 51143
 51442
 51545
 51612
 51943
 52149
 52426
 52540
 52772
 53106
 53205
 53426
 53631
 53753
 53778
 54076
 54162
 54363
 54442
 54631
 54945
 55041
 55233
 55394
 55843
 55923
 56152
 56290
 56414
 56503
 56749
 56909
 57231
 57338
 57598
 57669
 57950
 58058
 58073
 58136
 58329
 58515
 58549
 58716
 59138
 59176
 59322
 59705
 59785
 59899
 60083
 60205
 60360
 60454
 60668
 60744
 61012
 61072
 61145
 61261
 61403
 61519
 61788
 61805
 62141
 62252
 62353
 62403
 62504
 62790
 62809
 63153
 63407
 63538
 63774
 64117
 64183
 64486
 64690
 64912
 65077
 65345
 65733
 65929
 65939
 66255
 66372
 66433
 66663
 66843
 67017
 67183
 67283
 67342
 67515
 67603
 67688
 67822
 68126
 68181
 68206
 68445
 68493
 68609
 68965
 69126
 69369
 69604
 69683
 70006
 70398
 70479
 70632
 70907
 71197
 71428
 71575
 71672
 71726
 72131
 72632
 72691
 72899
 73307
 73364
 73563
 73817
 74058
 74274
 74382
 74662
 74735
 74854
 74915
 75338
 75757
 75881
 76037
 76104
 76381
 76668
 76703
 76888
 76936
 77047
 77490
 77689
 77861
 78082
 78240
 78305
 78522
 78740
 78977
 79234
 79316
 79667
 79720
 79950
 80237
 80365
 80794
 80928
 81081
 81200
 81294
 81673
 81815
 81895
 82224
 82294
 82427
 82677
 82722
 82969
 83054
 83128
 83497
 83614
 83684
 83886
 84076
 84290
 84418
 84543
 84673
 84904
 84959
 85142
 85302
 85557
 85714
 85953
 86018
 86089
 86172
 86206
 86470
 87079
 87523
 87634
 87712
 87739
 87799
 87938
 88023
 88095
 88266
 88483
 88753
 88768
 89028
 89087
 89154
 89348
 89955
 90128
 90323
 90389
 90527
 90671
 90958
 91098
 91142
 91306
 91346
 91364
 91494
 91897
 91996
 92088
 92144
 92401
 92592
 92701
 92755
 93043
 93266
 93445
 93546
 93754
 93840
 94256
 94367
 94402
 94628
 94730
 94917
 94987
 95238
 95679
 95814
 96134
 96174
 96286
 96385
 96447
 96692
 96739
 96908
 97124
 97512
 97687
 97841
 98154
 98210
 98563
 98654
 99187
 99293
 99591
 99748
 99782
 99968
 100049
 100207
 100276
 100460
 100494
 100611
 100947
 101022
 101075
 101144
 101211
 101370
 101503
 101647
 101735
 101899
 101991
 102253
 102568
 102755
 102924
 103431
 103544
 103641
 103878
 104479
 104968
 105263
 105432
 105504
 105563
 105626
 105874
 106447
 106654
 106783
 106888
 107200
 107404
 107514
 107749
 108030
 108148
 108224
 108279
 108710
 109004
 109110
 109241
 109473
 109657
 109828
 110286
 110367
 110481
 110645
 110729
 111024
 111165
 111336
 111747
 111970
 112029
 112188
 112289
 112584
 112655
 112903
 113259
 113395
 113492
 113700
 113815
 113939
 113992
 114119
 114529
 114550
 114853
 114919
 115242
 115316
 115414
 115548
 115721
 116074
 116295
 116396
 116577
 116695
 116793
 116808
 117290
 117354
 117491
 117653
 117773
 117981
 118095
 118201
 118235
 118473
 118546
 118800
 118890
 119047
 119231
 119422
 119628
 119784
 120011
 120269
 120431
 121108
 121212
 121982
 122199
 122416
 122478
 122540
 122657
 122792
 123329
 123409
 123834
 123985
 124168
 124193
 124658
 124710
 124883
 125138
 125363
 125598
 125763
 125915
 126043
 126250
 126444
 126543
 126824
 126927
 126959
 127222
 127479
 127603
 127769
 127941
 127996
 128048
 128278
 128480
 128937
 129126
 129774
 129893
 129955
 130016
 130482
 130721
 130785
 130853
 130994
 131089
 131196
 131361
 131439
 131564
 131724
 131813
 131939
 131970
 132080
 132107
 132326
 132352
 132549
 132837
 133082
 133135
 133613
 133723
 133888
 133956
 134355
 134432
 134560
 134840
 134925
 135153
 135228
 135384
 136016
 136398
 136679
 136760
 136830
 137090
 137252
 137317
 137528
 137739
 138133
 138203
 138491
 138604
 138688
 138984
 139107
 139222
 139376
 139534
 139707
 139903
 140052
 140153
 140231
 140393
 140452
 140583
 140741
 140931
 140974
 141019
 141128
 141176
 141379
 141592
 141651
 141868
 142068
 142222
 142449
 142591
 142930
 143204
 143408
 143659
 143806
 144287
 144631
 145164
 145526
 145681
 145803
 146067
 146624
 146968
 147153
 147277
 147426
 147447
 147540
 147724
 147858
 148057
 148418
 148633
 148848
 149162
 149470
 149585
 149677
 149769
 149934
 150064
 150168
 150411
 150511
 150865
 150998
 151123
 151515
 151672
 152304
 152406
 152592
 152785
 152914
 152970
 153703
 153828
 154144
 154412
 154451
 154658
 154771
 155115
 155162
 155233
 155572
 155750
 156030
 156399
 156830
 157038
 157151
 157534
 157582
 157588
 157657
 157756
 157996
 158125
 158291
 158755
 158928
 158985
 159054
 159166
 159403
 159643
 159684
 159842
 160010
 160196
 160321
 160392
 160563
 160709
 160804
 160959
 161137
 161257
 161481
 161552
 161690
 161805
 161824
 162063
 162274
 162417
 162459
 162607
 163163
 163487
 163641
 163939
 164293
 164467
 164612
 164835
 165442
 165631
 165928
 166410
 166598
 166681
 166830
 166921
 166926
 167253
 167411
 167748
 168010
 168108
 168301
 168493
 168603
 169078
 169448
 169536
 169770
 170239
 170639
 170891
 171329
 171420
 171736
 172184
 172323
 172905
 173009
 173118
 173176
 173221
 173488
 173647
 174066
 174418
 174882
 174982
 175036
 175183
 175570
 175768
 175896
 176009
 176129
 176334
 176530
 177141
 177486
 177837
 178055
 178353
 178459
 178493
 178809
 179190
 179488
 179586
 179650
 179948
 179996
 180087
 180159
 180284
 180556
 180775
 180861
 180998
 181275
 181279
 181464
 181638
 181721
 181878
 182029
 182188
 182442
 182670
 182926
 183073
 183218
 183326
 183450
 184271
 184430
 184694
 184817
 184917
 185107
 185387
 185491
 185513
 185661
 185896
 186208
 186357
 186458
 186602
 186790
 187128
 187357
 187752
 187844
 188394
 188483
 188989
 189147
 189634
 190107
 190198
 190322
 190465
 190854
 191036
 191462
 191676
 192010
 192253
 192307
 192565
 192584
 192711
 192733
 192882
 192956
 192963
 193313
 193541
 193665
 193763
 193988
 194374
 194619
 194854
 194995
 195509
 195569
 195606
 195710
 195929
 196079
 196394
 196740
 196850
 196969
 197160
 197209
 197341
 197606
 197927
 198135
 198389
 198499
 198584
 198630
 198910
 199130
 199727
 199999
 200218
 200260
 200430
 200634
 200727
 200871
 201256
 201309
 201580
 201694
 201721
 201814
 202108
 202207
 202363
 202700
 202786
 203021
 203153
 203188
 203398
 203622
 203651
 203939
 203975
 204288
 204549
 204600
 204709
 204907
 204960
 205111
 205136
 205230
 205340
 205515
 205682
 205752
 205864
 205929
 206248
 206519
 206596
 206742
 207367
 207634
 207949
 207978
 208051
 208222
 208358
 208739
 208981
 209797
 210019
 210144
 210843
 210869
 210917
 211162
 211194
 211253
 211601
 211922
 212037
 212071
 212104
 212193
 212292
 212433
 212771
 212899
 213124
 213274
 213374
 213465
 213525
 213581
 213685
 213830
 213947
 213974
 214347
 214518
 214942
 215025
 215596
 215786
 216511
 216737
 216979
 217235
 217713
 217832
 218285
 218495
 218649
 218798
 218831
 219134
 219467
 219477
 219600
 219874
 220204
 220271
 220427
 220583
 220746
 220916
 221742
 221880
 222734
 222858
 222964
 223143
 223235
 223371
 223447
 223793
 223931
 223961
 224033
 224153
 224249
 224367
 224629
 224830
 225372
 225535
 225585
 225641
 225821
 225834
 226134
 226657
 226757
 226974
 227096
 227236
 227495
 227933
 228069
 228263
 228744
 228828
 229176
 229254
 229411
 229656
 229835
 230018
 230128
 230386
 230663
 230775
 230836
 231079
 231277
 231432
 231524
 231743
 231875
 232178
 232533
 232793
 232887
 233240
 233333
 233493
 233788
 233988
 234015
 234087
 234201
 234468
 234783
 235051
 235144
 235294
 235607
 235832
 235945
 236299
 236442
 236512
 236744
 236762
 236854
 237173
 237813
 237908
 237974
 238026
 238081
 238175
 238320
 238577
 238858
 239203
 239250
 239302
 239629
 239801
 240039
 240368
 240486
 240626
 240867
 241053
 241270
 241544
 241733
 241948
 241990
 242092
 242275
 242534
 242627
 242870
 243400
 243455
 243630
 243801
 244041
 244242
 244570
 244725
 244922
 245012
 245117
 245199
 245259
 245425
 245533
 246016
 246209
 246520
 246581
 246654
 247126
 247388
 247488
 247599
 247706
 247741
 247838
 247948
 248004
 248669
 249060
 249173
 249360
 249430
 249824
 250082
 250213
 250343
 250437
 250736
 251107
 251477
 251727
 251824
 252515
 252658
 253168
 253428
 253778
 254045
 254155
 254326
 254398
 254850
 255142
 255191
 255223
 255274
 255505
 255587
 255784
 256267
 256478
 256756
 256806
 257040
 257253
 257684
 257787
 257824
 258128
 258601
 258687
 259033
 259259
 259377
 259595
 260314
 260467
 260571
 260804
 260950
 261053
 261305
 261713
 261869
 261968
 262114
 262165
 262344
 262725
 262774
 263092
 263378
 263683
 263916
 264182
 264463
 264528
 264613
 264675
 264844
 264961
 265171
 265463
 265834
 265927
 266014
 266192
 266456
 266529
 266594
 266666
 266811
 267027
 267136
 267333
 267450
 267893
 268041
 268130
 268444
 268595
 268707
 268830
 268918
 269150
 269502
 269607
 269688
 270009
 270148
 270306
 270448
 270576
 270951
 271119
 271223
 271373
 271556
 271971
 272000
 272024
 272327
 272484
 272664
 272811
 272886
 273291
 273622
 274028
 274456
 274668
 275028
 275267
 275383
 275483
 275649
 275907
 275942
 276300
 276624
 276699
 276885
 277141
 277310
 277390
 277478
 277600
 277908
 278176
 278234
 278399
 278475
 278628
 278643
 278691
 278846
 279163
 279288
 279505
 279720
 279845
 280460
 280496
 280821
 281128
 281366
 281596
 281655
 281797
 281944
 282099
 282469
 282666
 282890
 283034
 283188
 283341
 283556
 283642
 283783
 283986
 284046
 284287
 284522
 284718
 284766
 284847
 284925
 285077
 285224
 285443
 285471
 285581
 285818
 285827
 286130
 286206
 286662
 286955
 287190
 287303
 287362
 287756
 287888
 288203
 288228
 288288
 288418
 288749
 288883
 289201
 289331
 289621
 289955
 290377
 290650
 290660
 290735
 290789
 291044
 291234
 291426
 291549
 291691
 291798
 291879
 292211
 292464
 292629
 293276
 293694
 294067
 294318
 295322
 295619
 295727
 295848
 296261
 296469
 296539
 296690
 296823
 296904
 296941
 297016
 297218
 297374
 297517
 297584
 298065
 298308
 298599
 298661
 298771
 299052
 299249
 299665
 299882
 300000
 300221
 300375
 300467
 300565
 300704
 301065
 301407
 301525
 301900
 301991
 302158
 302190
 302501
 302620
 302955
 302985
 303291
 303519
 303827
 304062
 304184
 304500
 304768
 304862
 305016
 305152
 305238
 305430
 305780
 305955
 306339
 306589
 306706
 306846
 307060
 307291
 307497
 307824
 307950
 308124
 308211
 308426
 308541
 308804
 308944
 309097
 309459
 309737
 309918
 309957
 310491
 310638
 310773
 311256
 311497
 311687
 311799
 312326
 312443
 313250
 313333
 313741
 314091
 314354
 315195
 315347
 315490
 315545
 315768
 315879
 316434
 316538
 317161
 317406
 317979
 318181
 318556
 318770
 318858
 319186
 319292
 319476
 319673
 319791
 320037
 320193
 320459
 320685
 320810
 321266
 321712
 321819
 322005
 322730
 322845
 323085
 323172
 323529
 324144
 324595
 324708
 324817
 325093
 325420
 325508
 325804
 326069
 326541
 326929
 327232
 327341
 327451
 327520
 327873
 327933
 328148
 328265
 328581
 328907
 329040
 329126
 329192
 329393
 329609
 329682
 329741
 330044
 330138
 330163
 330194
 330282
 330340
 330366
 330488
 330632
 330775
 330998
 331210
 331228
 331454
 331546
 331665
 332066
 332569
 332883
 332945
 333679
 333962
 334091
 334176
 334565
 334665
 334943
 335286
 335470
 335706
 335897
 336051
 336483
 336593
 336768
 337203
 337682
 337764
 337910
 337987
 338224
 338427
 338958
 339190
 339469
 339674
 339930
 340011
 340039
 340118
 340259
 340277
 340807
 340917
 341313
 341656
 341711
 342096
 342245
 342405
 342594
 342734
 342793
 342894
 342990
 343300
 343430
 343795
 344032
 344187
 344256
 344741
 344849
 345088
 345235
 345792
 345888
 345963
 346041
 346113
 346196
 346228
 346709
 346833
 347155
 347516
 347568
 347752
 347872
 348123
 348242
 348504
 348570
 348734
 348801
 348979
 349347
 349954
 349999
 350100
 350269
 350456
 350556
 350727
 351258
 351317
 351449
 351818
 351988
 352057
 352198
 352463
 352589
 352783
 353064
 353082
 353192
 353406
 353584
 353859
 354136
 354396
 354461
 354526
 354643
 354764
 355060
 355133
 355184
 355472
 356015
 356427
 356493
 356756
 356787
 356980
 357195
 357343
 357370
 357441
 357512
 357609
 357962
 358518
 358814
 358944
 359154
 359253
 359463
 359651
 359740
 359810
 360010
 360445
 360728
 360995
 361072
 361390
 361467
 361645
 361697
 362181
 362329
 362691
 362884
 363295
 363496
 363547
 363955
 364192
 364864
 364932
 365073
 365313
 365650
 365927
 366421
 366576
 366591
 366609
 366723
 366905
 367228
 367518
 367754
 367789
 368092
 368249
 368495
 368625
 369080
 369417
 369535
 369866
 370240
 370503
 370610
 370673
 370948
 371191
 371328
 371415
 371516
 371597
 371828
 372065
 372421
 372695
 372935
 373124
 373274
 373333
 373501
 373540
 373941
 374044
 374307
 374570
 374623
 374744
 374762
 375071
 375254
 375392
 375706
 375819
 375918
 376062
 376234
 376457
 376803
 376874
 377084
 377652
 377782
 378069
 378562
 378925
 379066
 379089
 379221
 379336
 379611
 379679
 379834
 379938
 380019
 380428
 380562
 380636
 380706
 380926
 381165
 381313
 381474
 381702
 381824
 381969
 382308
 382422
 382592
 382842
 383008
 383218
 383464
 383546
 383718
 383734
 383821
 383917
 384109
 384178
 384502
 384615
 384749
 384895
 385050
 385299
 385717
 386265
 386596
 386780
 387033
 387296
 387483
 387951
 388228
 388372
 388613
 388756
 388840
 388994
 389142
 389320
 389621
 389804
 390387
 390746
 390757
 391240
 391341
 391410
 391504
 391643
 392134
 392216
 392265
 392391
 392589
 392816
 393254
 393538
 393815
 393918
 394317
 394515
 394611
 394629
 394765
 395087
 395117
 395369
 395539
 395695
 395915
 396018
 396188
 396541
 396731
 396828
 396945
 397041
 397144
 397270
 397364
 397480
 397637
 397664
 397954
 398063
 398293
 398709
 398730
 399135
 399415
 399829
 399971
 400000
 400064
 400599
 400805
 401008
 401123
 401382
 401433
 401651
 401882
 402113
 402474
 402545
 403388
 403678
 403700
 403846
 403966
 404135
 404276
 404551
 404710
 404768
 405044
 405306
 405369
 406015
 406288
 406662
 407079
 407134
 407419
 407663
 407913
 408084
 408151
 408206
 408456
 408571
 408666
 408912
 409090
 409331
 409731
 409857
 409980
 410083
 410181
 410289
 410418
 410535
 410684
 410922
 411159
 411279
 411350
 411738
 411956
 412106
 412320
 412626
 412670
 412884
 412985
 413079
 413182
 413427
 413533
 413858
 414108
 414339
 415069
 415458
 415711
 415907
 416121
 416383
 416666
 416957
 417125
 417277
 417453
 417520
 417575
 417743
 417879
 418162
 418303
 418468
 418584
 419167
 419294
 419461
 419836
 419939
 420234
 420467
 420848
 420919
 421090
 421180
 421350
 421448
 421629
 422360
 422410
 422698
 422844
 423076
 423206
 423250
 423324
 423755
 423952
 424019
 424170
 424230
 424279
 424489
 424560
 424676
 424825
 424972
 425270
 425348
 425490
 425762
 425936
 426231
 426417
 426718
 426976
 427064
 427130
 427172
 427388
 427775
 427796
 428002
 428239
 428290
 428512
 428551
 428693
 428883
 429205
 429332
 429426
 429615
 429762
 430299
 430531
 430579
 430848
 431133
 431462
 431573
 431895
 432032
 432248
 432311
 432330
 432531
 432667
 432851
 433066
 433221
 433258
 433344
 433371
 433918
 434153
 434190
 434250
 434677
 434768
 434815
 435034
 435561
 436129
 436426
 436995
 437079
 437372
 437529
 438078
 438233
 438373
 438491
 438582
 438860
 439241
 439251
 439403
 439686
 439916
 440062
 440186
 440353
 440589
 440941
 441401
 441571
 442065
 442161
 442224
 442388
 442693
 442877
 442981
 443214
 443228
 443351
 443495
 443688
 443972
 444212
 444444
 444948
 445284
 445352
 445544
 445632
 446006
 446301
 446575
 446753
 446859
 447041
 447332
 447373
 447592
 447923
 447995
 448289
 448324
 448370
 448467
 449401
 449486
 449596
 449741
 450433
 450604
 450826
 451043
 451276
 451500
 451690
 451814
 452219
 452365
 452614
 452742
 452834
 452929
 453379
 453599
 453674
 453826
 453882
 453999
 454201
 454385
 454649
 454682
 454808
 455113
 455433
 455525
 455709
 455787
 455809
 455998
 456200
 456287
 456777
 457129
 457226
 457270
 457328
 457450
 457810
 457931
 458339
 458363
 458437
 458526
 458669
 458963
 459036
 459097
 459383
 459744
 459994
 460014
 460313
 460481
 460577
 460829
 461007
 461139
 461278
 461538
 461770
 462035
 462226
 462481
 462722
 463116
 463295
 463410
 463592
 463602
 463871
 463953
 464128
 464402
 464509
 465003
 465230
 465523
 465985
 466371
 466666
 466747
 466867
 467004
 467106
 467409
 467518
 467649
 467887
 468078
 468208
 468431
 468654
 468758
 469015
 469197
 469532
 469759
 469912
 470097
 470212
 470442
 470593
 470802
 470966
 471090
 471149
 471285
 471423
 471830
 472135
 472398
 472510
 472765
 473074
 473114
 473128
 473286
 473409
 473463
 473611
 473684
 473910
 474115
 474362
 474501
 474704
 475046
 475128
 475200
 475273
 475341
 475483
 475675
 475931
 476015
 476242
 476546
 476697
 476791
 477038
 477210
 477301
 477343
 477717
 477923
 478048
 478590
 478904
 479247
 479796
 479901
 480481
 480904
 481164
 481300
 481346
 481794
 481894
 482110
 482444
 482687
 483168
 483376
 483541
 483637
 484241
 484691
 485240
 485507
 485820
 486399
 486649
 486727
 487234
 487698
 487829
 488181
 488425
 488502
 488631
 488815
 489126
 489292
 489492
 489889
 490123
 490196
 490280
 490560
 490992
 491046
 491064
 491286
 491350
 491592
 491831
 491950
 492360
 492402
 492781
 492932
 492995
 493126
 493346
 493468
 493791
 493931
 494155
 494357
 494439
 494482
 494578
 494671
 495118
 495180
 495263
 495340
 495501
 495602
 495732
 496072
 496141
 496327
 496428
 496816
 496840
 496993
 497051
 497203
 497416
 497526
 497676
 497777
 497852
 498090
 498182
 498314
 498363
 498457
 498777
 498907
 499035
 499171
 499198
 499345
 499475
 499899
 499909
 