499495
 499421
 499354
 499189
 498951
 498913
 498829
 498532
 498308
 498150
 497821
 497729
 497293
 497150
 496993
 496828
 496816
 496522
 496293
 496257
 496075
 495821
 495516
 495400
 495364
 494811
 494634
 494332
 494231
 494043
 493818
 493750
 493673
 493385
 492909
 492874
 492591
 492290
 492110
 491913
 491770
 491678
 491566
 491228
 490962
 490735
 490288
 489928
 489900
 489891
 489753
 489528
 489486
 489383
 489335
 489320
 489071
 488986
 488385
 488362
 488014
 487950
 487406
 487260
 487067
 486938
 486614
 486477
 486098
 486002
 485730
 485527
 485024
 484699
 484509
 484154
 483863
 483766
 483637
 483332
 482758
 482395
 482351
 482043
 481914
 481835
 481592
 481459
 481300
 481038
 480769
 480473
 480176
 479967
 479604
 479073
 478694
 478348
 478245
 478172
 477942
 477603
 477512
 477451
 477283
 477134
 476893
 476724
 476502
 476361
 476306
 475881
 475667
 475204
 474242
 473962
 473774
 473745
 473626
 473505
 473464
 473206
 473182
 472885
 472546
 472375
 472201
 472135
 471722
 471311
 471149
 471086
 471038
 470541
 470199
 470123
 469774
 469653
 469568
 469378
 469298
 469053
 469019
 468924
 468388
 467999
 467687
 467465
 467177
 466942
 466926
 466776
 466716
 466600
 466408
 466185
 466069
 465631
 465601
 465268
 465146
 465020
 464889
 464813
 464751
 464636
 464361
 464125
 463816
 463781
 463396
 463210
 463066
 462920
 462876
 462820
 462734
 462599
 462356
 462146
 461833
 461722
 461488
 461450
 461291
 461277
 461014
 460844
 460818
 460680
 460523
 460070
 459947
 459739
 459534
 459474
 459399
 459195
 458537
 458148
 458074
 457695
 457561
 457452
 457260
 456783
 456358
 456117
 456066
 455937
 455721
 455663
 455579
 455328
 455152
 455142
 454667
 454545
 454501
 454434
 454216
 454071
 453911
 453833
 453579
 453463
 453340
 453108
 453012
 452930
 452727
 452668
 452457
 452122
 451778
 451630
 451188
 450999
 450813
 450737
 450515
 450476
 449781
 449616
 449519
 449417
 448985
 448848
 448664
 448331
 448046
 447758
 447265
 446799
 446611
 446371
 446213
 446039
 445560
 445460
 445260
 445238
 444803
 444287
 443980
 443665
 443446
 443296
 442541
 442157
 442005
 441525
 441295
 441185
 441135
 441097
 440967
 440952
 440733
 440677
 440406
 440312
 440086
 440000
 439885
 439841
 439655
 439055
 438837
 438711
 438636
 438452
 438242
 438229
 438027
 437913
 437643
 437500
 437219
 437115
 436826
 436507
 436450
 436253
 436013
 435839
 435629
 435391
 435133
 434977
 434733
 434159
 434010
 433756
 433248
 433048
 432999
 432325
 431929
 431703
 431612
 431378
 431334
 431260
 431111
 430698
 430484
 430314
 429906
 429843
 429718
 429418
 429208
 428913
 428807
 428571
 428520
 428258
 427632
 427501
 427461
 427384
 427293
 427233
 427116
 426906
 426829
 426228
 425946
 425678
 425269
 424656
 424393
 424316
 424294
 423895
 423811
 423720
 423452
 423076
 422904
 422693
 422482
 422240
 422117
 422028
 421959
 421876
 421611
 421557
 421406
 421171
 421126
 420955
 420682
 420470
 419743
 419668
 419516
 419248
 419171
 419014
 418913
 418877
 418858
 418709
 418503
 418479
 418418
 418325
 418179
 417979
 417808
 417686
 417639
 417535
 417038
 416888
 416723
 416488
 416208
 415929
 415509
 415420
 415361
 415335
 415313
 415164
 415016
 414805
 414603
 414389
 414302
 414264
 413957
 413773
 413730
 413495
 413386
 413236
 413087
 412763
 412685
 412457
 412383
 412334
 412229
 412029
 411850
 411581
 411556
 411092
 410771
 410596
 410161
 409921
 409759
 409642
 409414
 409348
 409314
 409150
 408793
 408695
 408513
 408317
 408133
 407647
 407378
 407165
 407069
 406965
 406704
 406396
 406273
 406103
 405997
 405287
 405272
 405025
 405003
 404665
 404157
 403938
 403815
 403413
 403251
 403167
 403153
 402958
 402726
 402654
 402429
 402361
 402325
 402234
 402131
 402096
 401898
 401842
 401488
 401287
 400630
 400461
 400292
 400149
 400096
 400044
 399955
 399800
 399537
 399436
 399350
 399221
 398950
 398879
 398676
 398317
 397995
 397959
 397808
 397789
 397510
 397398
 396843
 396680
 396601
 396187
 396096
 395774
 395466
 395390
 395256
 394978
 394952
 394843
 394392
 394261
 394208
 393999
 393871
 393640
 393491
 393231
 393029
 392900
 392482
 392129
 391960
 391785
 391661
 391634
 391561
 391278
 391146
 390910
 390732
 390645
 390557
 390277
 390069
 389784
 389694
 389245
 388950
 388777
 388490
 388293
 388164
 388025
 387767
 387649
 387548
 387421
 387165
 387005
 386974
 386826
 386677
 386619
 386381
 386168
 386029
 385905
 385812
 385677
 385526
 385511
 385144
 384829
 384619
 384595
 384373
 384317
 384129
 383876
 383794
 383695
 383442
 383304
 383097
 383050
 382857
 382697
 382514
 382382
 382258
 382134
 381819
 381708
 381233
 381020
 380913
 380816
 380645
 380394
 380067
 379931
 379663
 379635
 379589
 379105
 378837
 378474
 378374
 378281
 378230
 378126
 377903
 377726
 377655
 377486
 377183
 376963
 376707
 376145
 376102
 376025
 375807
 375634
 375568
 375477
 375384
 375193
 375046
 374752
 374664
 374417
 374371
 374320
 374179
 373776
 373626
 373476
 373328
 373036
 372720
 372513
 372359
 372270
 372233
 371797
 371603
 371557
 371508
 371362
 371255
 370978
 370950
 370399
 370363
 370312
 369289
 369116
 369055
 368615
 368421
 368229
 367814
 367769
 367616
 367456
 367397
 367130
 366555
 366416
 366396
 366328
 365683
 365523
 365354
 365079
 365029
 364969
 364774
 364755
 364411
 364205
 364007
 363852
 363724
 363675
 363534
 363447
 363036
 362759
 362725
 362540
 362433
 362181
 362122
 361949
 361858
 361570
 361465
 361311
 361019
 360900
 360655
 360569
 360505
 360307
 359967
 359709
 359430
 359237
 359094
 358814
 358679
 358640
 358605
 358534
 358461
 358294
 358003
 357651
 357608
 357406
 357215
 356544
 356493
 356376
 356256
 356107
 355968
 355600
 355586
 355293
 354987
 354866
 354754
 354346
 354185
 354126
 354052
 353787
 353688
 353589
 353079
 352872
 352560
 352366
 351988
 351848
 351605
 351504
 351411
 351239
 350989
 350960
 350698
 350325
 350199
 350129
 349757
 349650
 349090
 348924
 348871
 348604
 348545
 348327
 348258
 347740
 347566
 347260
 347216
 346909
 346733
 346371
 346052
 345758
 345435
 345323
 345125
 344791
 344358
 344003
 343881
 343611
 343287
 343277
 343117
 342925
 342434
 342290
 342232
 342089
 341840
 341673
 341626
 341303
 341198
 340874
 340621
 340392
 340267
 340218
 340000
 339732
 339465
 339397
 339331
 339193
 339026
 338869
 338652
 337940
 337838
 337181
 337140
 337071
 336960
 336760
 336585
 336434
 336288
 336160
 335973
 335884
 335291
 335016
 334736
 334638
 334413
 334168
 334139
 333908
 333838
 333768
 333588
 333250
 333099
 332621
 332433
 331941
 331888
 331836
 331702
 331601
 331307
 331216
 330887
 330769
 330541
 330214
 330083
 329939
 329850
 329778
 329599
 329407
 329061
 328975
 328733
 328385
 328190
 328046
 327849
 327776
 327686
 327276
 327084
 326334
 326093
 325976
 325937
 325883
 325621
 325222
 325169
 324899
 324692
 324558
 324175
 324060
 323853
 323823
 323529
 323461
 322851
 322779
 322743
 322551
 322330
 322095
 321828
 321731
 321641
 321545
 321350
 321336
 321290
 320656
 320380
 320250
 320189
 319933
 319363
 319176
 318740
 318629
 318568
 318077
 317998
 317952
 317795
 317709
 317592
 317343
 317124
 316856
 316793
 316718
 316338
 316102
 315897
 315727
 315586
 315548
 315234
 315188
 315118
 314953
 314745
 314568
 314225
 314075
 314064
 313988
 313894
 313620
 313551
 313483
 313433
 313282
 313083
 312963
 312903
 312662
 312566
 312322
 311944
 311842
 311734
 311211
 311111
 310810
 310676
 310569
 310410
 310263
 309737
 309295
 309239
 309112
 308868
 308737
 308699
 308533
 308419
 308386
 308232
 307967
 307821
 307728
 307339
 306778
 306475
 306320
 306242
 306041
 305940
 305843
 305446
 305270
 305078
 305000
 304226
 304191
 304066
 303846
 303652
 303435
 302871
 302363
 302271
 302115
 301749
 301454
 301318
 301197
 300814
 300654
 300452
 300070
 299511
 299089
 298991
 298935
 298785
 298729
 298536
 298379
 298186
 297853
 297721
 297546
 297445
 297329
 296931
 296812
 296654
 296422
 296261
 295841
 295449
 295368
 295220
 294840
 294754
 294595
 294402
 293811
 293542
 293368
 292998
 292805
 292672
 292656
 292418
 292154
 292011
 291748
 291644
 291571
 291509
 291382
 291300
 291126
 290897
 290524
 290339
 290248
 290111
 289940
 289833
 289752
 289698
 289553
 289333
 289181
 289074
 288964
 288536
 288254
 288023
 287892
 287798
 287617
 287207
 287056
 286738
 286645
 285972
 285679
 285656
 285548
 285505
 285123
 284789
 284752
 284596
 284381
 284340
 283827
 283706
 283444
 283312
 283237
 283117
 283057
 282929
 282827
 282753
 282532
 282067
 281662
 281377
 281316
 281097
 280803
 280438
 280416
 280287
 280128
 280060
 279811
 279786
 279511
 279145
 279007
 278663
 278386
 278289
 277975
 277856
 277678
 277450
 277277
 276836
 276626
 276616
 275907
 275590
 275429
 275222
 274667
 274579
 274469
 274336
 274230
 274129
 274118
 273896
 273637
 273297
 273251
 273136
 272820
 272473
 272155
 272045
 271759
 271536
 271370
 271270
 271147
 270944
 270833
 270632
 270435
 270229
 269907
 269839
 269463
 269240
 269123
 268824
 268690
 268596
 268271
 268199
 267857
 267829
 267733
 267462
 267402
 267142
 266899
 266695
 266609
 266546
 266395
 265653
 265484
 265273
 265115
 265008
 264815
 264738
 264700
 264541
 264336
 264056
 263853
 263693
 263521
 263469
 263326
 263282
 263176
 263061
 262976
 262603
 262369
 261769
 261599
 261388
 261038
 260905
 260778
 260746
 260642
 260298
 260149
 259809
 259668
 259398
 259015
 258940
 258537
 258308
 258101
 257902
 257470
 257100
 256954
 256542
 256368
 256349
 256276
 256241
 255818
 255430
 255049
 254791
 254768
 254639
 254421
 254373
 254132
 254091
 253790
 253686
 253556
 253429
 253148
 253059
 253003
 252817
 252437
 252291
 252193
 251885
 251617
 251586
 251377
 251197
 250911
 250856
 250526
 250292
 249898
 249534
 249384
 249012
 248663
 248605
 248335
 248004
 247747
 247547
 247504
 247399
 247236
 247174
 247070
 246838
 246733
 246581
 246460
 246403
 246268
 246103
 245730
 245403
 245170
 245051
 244758
 244420
 244336
 244186
 243695
 243400
 243259
 242948
 242850
 242794
 242554
 242424
 242337
 242046
 241908
 241758
 241626
 241379
 241313
 241221
 241213
 241170
 241097
 241069
 240886
 240174
 239660
 239604
 239485
 239330
 239285
 239077
 238941
 238624
 238556
 238447
 238401
 238361
 238336
 238167
 238087
 237826
 237779
 237663
 237486
 237110
 237058
 236920
 236477
 236213
 236041
 235981
 235676
 235529
 235438
 235362
 235112
 235001
 234650
 234623
 234521
 234245
 233810
 233498
 233168
 233111
 232902
 232827
 232695
 232514
 232159
 232039
 231736
 231194
 230911
 230772
 230111
 229926
 229741
 229534
 229342
 229200
 228929
 228707
 228391
 228334
 228260
 228175
 228053
 227689
 227415
 227145
 226940
 226474
 226374
 226275
 225758
 225663
 225122
 224930
 224513
 224215
 224110
 224021
 223785
 223476
 223177
 223076
 222883
 222844
 222781
 222459
 222213
 221659
 221455
 221047
 221043
 220882
 220554
 220377
 220148
 219757
 219591
 219424
 219221
 219081
 219052
 218940
 218694
 218601
 218426
 218242
 218021
 217435
 217316
 217256
 217007
 216652
 216463
 216309
 216113
 215787
 215419
 215316
 215222
 215192
 215108
 215044
 215026
 214957
 214704
 214623
 214506
 214420
 214257
 214018
 213513
 213458
 213152
 213035
 212843
 212615
 212443
 212198
 211917
 211755
 211583
 211329
 211297
 211143
 211075
 211016
 210823
 210641
 210573
 210432
 210195
 210072
 209836
 209413
 209221
 209030
 208821
 208664
 208504
 208133
 208032
 207991
 207892
 207813
 207606
 207429
 207114
 206918
 206813
 206373
 206136
 205882
 205330
 204896
 204653
 204517
 204286
 204012
 203690
 203559
 203465
 203395
 203241
 203088
 202957
 202880
 202406
 202065
 202033
 201999
 201887
 201839
 201497
 201420
 201352
 201042
 200187
 200096
 199999
 199890
 199225
 198988
 198810
 198369
 198190
 197812
 197780
 197557
 197451
 197316
 197260
 197044
 196890
 196480
 195539
 195292
 194890
 194542
 194157
 194044
 193866
 193848
 193638
 193430
 193362
 193138
 192784
 192630
 192325
 192307
 191919
 191836
 191705
 191460
 191286
 191182
 190840
 190679
 190457
 189965
 189624
 189477
 189265
 188983
 188922
 188618
 188576
 188485
 188364
 188168
 187900
 187747
 187564
 187444
 187125
 186989
 186813
 186720
 186596
 186536
 186410
 186346
 185977
 185808
 185746
 185542
 185440
 185317
 185031
 184800
 184615
 184315
 184192
 184023
 183816
 183641
 183566
 183069
 182616
 182388
 182187
 182092
 181818
 181674
 181489
 181305
 181159
 181087
 180611
 180442
 180197
 179948
 179731
 179494
 179113
 178928
 178700
 178393
 178067
 178057
 177944
 177763
 177425
 177287
 177264
 177161
 177010
 176848
 176731
 176614
 176546
 176470
 176401
 176204
 176079
 175639
 175434
 175426
 175337
 175105
 174869
 174675
 174453
 174338
 173773
 173488
 173422
 173394
 173354
 173294
 172979
 172817
 172477
 172112
 172042
 171775
 171272
 170938
 170529
 170406
 170053
 169950
 169741
 169475
 169327
 169184
 169049
 168874
 168668
 168304
 168114
 168076
 167956
 167811
 167605
 167324
 167058
 166974
 166756
 166313
 165901
 165801
 165637
 165591
 165415
 165329
 165306
 165044
 164902
 164562
 164290
 164196
 164092
 163898
 163773
 163350
 163132
 162692
 162169
 161946
 161895
 161645
 161509
 161155
 160985
 160656
 160573
 160326
 160301
 160261
 160138
 160113
 160002
 159747
 159600
 159402
 159322
 159074
 158867
 158802
 158735
 158595
 158251
 157980
 157940
 157894
 157780
 157597
 157496
 156874
 156761
 156662
 155655
 155292
 155262
 155011
 154957
 154768
 154596
 154498
 154224
 154043
 153921
 153804
 153679
 153509
 153424
 153145
 152733
 152702
 152641
 152471
 152266
 151944
 151791
 151696
 151480
 151182
 150947
 150801
 150729
 150514
 150501
 150406
 150348
 150088
 149908
 149700
 149632
 149304
 149019
 148811
 148723
 148541
 148224
 148187
 147654
 147466
 147437
 147279
 146961
 146845
 146762
 146689
 146657
 146379
 146188
 146010
 145785
 145700
 145348
 145197
 144882
 144737
 144645
 144514
 144320
 144270
 144153
 144140
 143792
 143692
 143634
 142716
 142623
 142251
 142191
 142143
 142054
 142002
 141833
 141633
 141577
 141485
 141363
 141014
 140819
 140411
 140321
 139805
 139248
 139169
 138499
 138394
 137924
 137744
 137703
 137512
 137431
 137393
 137307
 136954
 136692
 136540
 136528
 136401
 136273
 136127
 135971
 135823
 135412
 135164
 135090
 134974
 134814
 134584
 134260
 134186
 133676
 133416
 133323
 133040
 132877
 132728
 132244
 131826
 131641
 131628
 131516
 131362
 130841
 130690
 130557
 130434
 130314
 130195
 130026
 129753
 129546
 129450
 128815
 128746
 128652
 128556
 128457
 128316
 127933
 127841
 127600
 127340
 126995
 126722
 126515
 126387
 126299
 126280
 125765
 125597
 125523
 125298
 125141
 124982
 124772
 124626
 124564
 124481
 124048
 123845
 123603
 123400
 123196
 122952
 122752
 122616
 122448
 122138
 122000
 121770
 121436
 121273
 120939
 120879
 120805
 119980
 119957
 119826
 119606
 119376
 119157
 118860
 118723
 118544
 118359
 118343
 118300
 117972
 117877
 117832
 117305
 117256
 117171
 117068
 116856
 116613
 116541
 116297
 116141
 115467
 115289
 115095
 114869
 114511
 114152
 114070
 113501
 113375
 113279
 113262
 113102
 112976
 112489
 112374
 112211
 111892
 111829
 111524
 111326
 110927
 110452
 110001
 109600
 109383
 109288
 108963
 108806
 108681
 108659
 108425
 108304
 108047
 107788
 107656
 107269
 107107
 106557
 106365
 106190
 106030
 105970
 105719
 105570
 105377
 105054
 104867
 104809
 104662
 104173
 103800
 103745
 103723
 103636
 103501
 103280
 102803
 102680
 102320
 102282
 101887
 101694
 101263
 101036
 101010
 100584
 100157
 99922
 99868
 99460
 99138
 98308
 98040
 97860
 97611
 97591
 97411
 97238
 97188
 97101
 96938
 96810
 96647
 96375
 96261
 96209
 96084
 95959
 95869
 95604
 95410
 95094
 95004
 94587
 94409
 94202
 94120
 94111
 93723
 93452
 93365
 92924
 92651
 92191
 91743
 91545
 91430
 91155
 91097
 90992
 90813
 90576
 90452
 90005
 89898
 89755
 89564
 89275
 89029
 88887
 88655
 88607
 88506
 88211
 88136
 87955
 87341
 87082
 86956
 86815
 86578
 86282
 86215
 86175
 85982
 85844
 85398
 85275
 85139
 84795
 84391
 84055
 83969
 83848
 83560
 83519
 83354
 82946
 82917
 82783
 82456
 82383
 82232
 81678
 81460
 81078
 81012
 80453
 80404
 80393
 80261
 80107
 79982
 79834
 79531
 79233
 79123
 78831
 78818
 78714
 78318
 78259
 78117
 77928
 77772
 77235
 77142
 76923
 76859
 76754
 76635
 76486
 76377
 76316
 75975
 75812
 75687
 75544
 75478
 75346
 75109
 75030
 74772
 74468
 74454
 74414
 74350
 74159
 74046
 73918
 73590
 73482
 73443
 73067
 72969
 72935
 72862
 72791
 72400
 72212
 71776
 71676
 71649
 71503
 71314
 71025
 70853
 70344
 70254
 70091
 69931
 69869
 69805
 69716
 69414
 69187
 69063
 68942
 68867
 68662
 68291
 68145
 67992
 67635
 67510
 67307
 66936
 66883
 66859
 66697
 66666
 66543
 66498
 66243
 66045
 65844
 65307
 65091
 64935
 64831
 64729
 64412
 64272
 64102
 63989
 63702
 63526
 63348
 63051
 62810
 62768
 62477
 62305
 61996
 61783
 61532
 61514
 61302
 60872
 60602
 60333
 60231
 59995
 59738
 59439
 59257
 58930
 58551
 58474
 58350
 58139
 58058
 58040
 57908
 57634
 57625
 57469
 57400
 57168
 57004
 56603
 56345
 56195
 55932
 55810
 55633
 55514
 55199
 54913
 54847
 54755
 54550
 54480
 54345
 54269
 54223
 54004
 53869
 53805
 53598
 53281
 53080
 52876
 52773
 52282
 52242
 52183
 51920
 51570
 51461
 51328
 51135
 50892
 50778
 50685
 50383
 50146
 49947
 49883
 49649
 49622
 49383
 49069
 48994
 48777
 48384
 48293
 47989
 47867
 47418
 47169
 47030
 46547
 46381
 46307
 45870
 45465
 45370
 44958
 44836
 44485
 44267
 44058
 43938
 43806
 43669
 43489
 42935
 42541
 42512
 42458
 42399
 42307
 42161
 41987
 41765
 41680
 41262
 41057
 40899
 40510
 40329
 39998
 39539
 39318
 39215
 38882
 38747
 38639
 38084
 38020
 37949
 37819
 37780
 37710
 37472
 37198
 36967
 36850
 36642
 36461
 36196
 36180
 36151
 36082
 36040
 35737
 35553
 35402
 35350
 35180
 34951
 34922
 34622
 34594
 34493
 34311
 34235
 34099
 33863
 33711
 33647
 33381
 33157
 32866
 32653
 32529
 32345
 31897
 31598
 31496
 31480
 31226
 30945
 30732
 30538
 30487
 30347
 30337
 30215
 29959
 29332
 29086
 29013
 28768
 28683
 28455
 28180
 28108
 27842
 27485
 27302
 27007
 26902
 26740
 26664
 26562
 26011
 25895
 25695
 25641
 25549
 25296
 25238
 24973
 24894
 24729
 24707
 24568
 24429
 24330
 24190
 24074
 23465
 23102
 22516
 22276
 22200
 22152
 22057
 21932
 21892
 21729
 21600
 21503
 21434
 21389
 21145
 20733
 20703
 20260
 20018
 19914
 19701
 19620
 19296
 19042
 18631
 18420
 18342
 18329
 18254
 18050
 17868
 17620
 17557
 17546
 17012
 16933
 16347
 16118
 15804
 15640
 15552
 15474
 15348
 15205
 15151
 15068
 14991
 14839
 14772
 14512
 14419
 14255
 14144
 13944
 13458
 13187
 13090
 12883
 12653
 12264
 11928
 11570
 11334
 11074
 10980
 10896
 10791
 10626
 10506
 10180
 10022
 9787
 9707
 9300
 9220
 9093
 9054
 8900
 8516
 8318
 8259
 8142
 7993
 7943
 7858
 7761
 7391
 7366
 7229
 6968
 6586
 6489
 6323
 6212
 5903
 5841
 5172
 5122
 4884
 4749
 4636
 4520
 4439
 4354
 4184
 3853
 3595
 3328
 3220
 2824
 2625
 2487
 2346
 2115
 1952
 1731
 1485
 1394
 1152
 1074
 850
 448
 255
 32
 0
 115
 337
 587
 938
 1109
 1391
 1437
 1543
 1750
 2111
 2132
 2441
 2544
 2778
 3213
 3267
 3385
 3648
 3997
 4268
 4388
 4509
 4581
 4698
 4815
 4926
 5138
 5216
 5877
 6169
 6215
 6329
 6490
 6785
 7172
 7236
 7368
 7562
 7836
 7879
 7991
 8000
 8195
 8312
 8476
 8580
 8966
 9056
 9098
 9247
 9534
 9783
 9823
 10157
 10218
 10507
 10752
 10878
 10926
 11070
 11223
 11400
 11657
 11967
 12280
 12865
 12930
 13132
 13427
 13742
 13955
 14201
 14380
 14462
 14741
 14806
 14987
 15055
 15124
 15195
 15266
 15472
 15522
 15553
 15800
 16033
 16217
 16527
 17005
 17096
 17556
 17566
 17730
 18032
 18120
 18308
 18338
 18366
 18592
 18807
 19282
 19600
 19658
 19888
 19955
 20114
 20643
 20731
 20763
 21327
 21413
 21439
 21555
 21657
 21754
 21906
 21995
 22060
 22194
 22218
 22469
 22718
 23137
 23536
 24147
 24196
 24413
 24463
 24651
 24728
 24842
 24957
 25232
 25272
 25438
 25581
 25659
 25764
 25897
 26165
 26654
 26737
 26763
 26920
 27047
 27417
 27624
 28039
 28109
 28310
 28475
 28745
 28770
 29040
 29157
 29894
 30075
 30257
 30339
 30354
 30525
 30651
 30928
 30967
 31308
 31491
 31593
 31684
 32291
 32460
 32578
 32786
 33042
 33172
 33595
 33689
 33731
 33942
 34182
 34273
 34426
 34498
 34612
 34742
 34933
 35095
 35195
 35390
 35472
 35685
 35816
 36078
 36097
 36167
 36193
 36445
 36585
 36831
 36851
 37151
 37303
 37628
 37759
 37795
 37940
 37966
 38040
 38148
 38646
 38809
 39093
 39235
 39524
 39908
 40173
 40415
 40889
 40963
 41235
 41671
 41754
 41963
 42149
 42285
 42394
 42427
 42490
 42536
 42665
 43355
 43554
 43769
 43901
 43970
 44211
 44306
 44794
 44878
 44962
 45400
 45483
 45893
 46311
 46479
 46977
 47142
 47254
 47595
 47954
 48164
 48377
 48747
 48915
 49034
 49224
 49440
 49623
 49861
 49919
 49970
 50322
 50535
 50773
 50858
 51115
 51212
 51381
 51479
 51724
 51969
 52206
 52248
 52447
 52838
 53057
 53144
 53386
 53615
 53816
 53953
 54119
 54237
 54309
 54399
 54531
 54691
 54760
 54856
 55141
 55433
 55555
 55767
 55865
 56135
 56231
 56421
 56902
 57065
 57305
 57455
 57486
 57632
 57788
 57962
 58046
 58078
 58287
 58427
 58545
 58553
 59212
 59414
 59677
 59969
 60060
 60284
 60347
 60755
 61171
 61338
 61519
 61625
 61971
 62173
 62369
 62547
 62796
 63005
 63091
 63384
 63534
 63816
 64099
 64118
 64311
 64667
 64754
 64842
 65002
 65212
 65460
 66011
 66068
 66384
 66508
 66632
 66670
 66750
 66865
 66917
 67043
 67346
 67551
 67850
 68047
 68242
 68297
 68726
 68877
 68966
 69088
 69191
 69543
 69719
 69856
 69888
 70038
 70246
 70333
 70771
 70858
 71300
 71386
 71594
 71660
 71731
 72163
 72215
 72772
 72829
 72885
 72955
 72996
 73363
 73469
 73573
 73670
 73938
 74089
 74197
 74402
 74442
 74467
 74544
 74993
 75066
 75283
 75380
 75494
 75648
 75782
 75901
 76226
 76345
 76453
 76544
 76664
 76831
 76914
 77114
 77181
 77307
 77891
 77973
 78227
 78266
 78419
 78732
 78819
 79041
 79165
 79359
 79608
 79915
 80085
 80139
 80280
 80395
 80419
 80827
 81022
 81286
 81632
 81743
 82252
 82429
 82709
 82858
 82924
 83002
 83445
 83528
 83648
 83892
 83979
 84310
 84726
 84946
 85274
 85281
 85455
 85890
 86081
 86198
 86243
 86522
 86636
 86932
 87002
 87223
 87415
 88055
 88145
 88235
 88507
 88629
 88884
 89003
 89211
 89502
 89732
 89826
 89981
 90192
 90478
 90784
 90909
 91047
 91107
 91321
 91485
 91591
 91782
 92216
 92752
 92954
 93393
 93502
 93770
 94113
 94181
 94223
 94527
 94594
 95024
 95114
 95442
 95838
 95901
 96057
 96129
 96250
 96337
 96590
 96739
 96864
 96946
 97179
 97195
 97292
 97502
 97610
 97710
 97920
 98121
 98660
 99217
 99504
 99908
 100101
 100503
 100658
 101029
 101177
 101611
 101840
 101895
 102312
 102649
 102743
 103100
 103463
 103511
 103685
 103741
 103773
 103933
 104638
 104695
 104860
 105001
 105318
 105466
 105669
 105803
 106001
 106054
 106221
 106532
 106905
 107142
 107520
 107713
 107928
 108273
 108415
 108555
 108671
 108705
 108808
 109127
 109347
 109491
 109951
 110296
 110600
 110952
 111476
 111819
 111851
 112029
 112222
 112464
 112740
 112987
 113157
 113268
 113320
 113432
 113527
 114117
 114307
 114796
 114879
 115230
 115384
 115656
 116258
 116498
 116589
 116752
 116985
 117157
 117229
 117263
 117682
 117852
 117919
 118223
 118314
 118347
 118469
 118679
 118778
 118904
 119260
 119437
 119635
 119853
 119965
 120607
 120836
 120886
 121059
 121334
 121437
 121922
 122107
 122330
 122477
 122731
 122900
 122989
 123222
 123577
 123809
 124000
 124454
 124552
 124585
 124766
 124975
 125028
 125251
 125334
 125592
 125603
 126134
 126281
 126352
 126451
 126593
 126896
 127138
 127363
 127645
 127876
 128068
 128393
 128524
 128614
 128663
 128753
 129129
 129475
 129725
 129948
 130061
 130215
 130350
 130457
 130669
 130693
 131065
 131433
 131607
 131630
 131812
 132200
 132394
 132856
 133009
 133169
 133347
 133474
 134155
 134196
 134386
 134617
 134953
 135048
 135140
 135309
 135652
 135906
 136102
 136264
 136353
 136523
 136537
 136580
 136756
 137278
 137318
 137412
 137509
 137675
 137735
 137762
 137964
 138423
 138807
 139181
 139568
 139816
 140342
 140686
 140898
 141292
 141388
 141573
 141607
 141740
 141960
 142022
 142083
 142151
 142218
 142572
 142624
 142857
 143654
 143770
 144121
 144150
 144159
 144295
 144328
 144584
 144732
 144868
 145053
 145233
 145634
 145751
 145908
 146090
 146228
 146429
 146662
 146728
 146764
 146858
 147179
 147404
 147444
 147543
 147816
 148207
 148246
 148648
 148779
 148896
 149095
 149573
 149654
 149708
 150000
 150217
 150377
 150435
 150508
 150651
 150751
 150895
 151162
 151296
 151525
 151724
 151837
 152165
 152393
 152618
 152686
 152713
 153036
 153153
 153480
 153624
 153707
 153846
 153967
 154201
 154399
 154580
 154730
 154806
 154959
 155046
 155269
 155328
 156530
 156738
 156869
 157368
 157570
 157696
 157826
 157909
 157962
 158163
 158556
 158708
 158769
 158842
 158925
 159284
 159347
 159497
 159699
 159898
 160066
 160114
 160179
 160277
 160303
 160419
 160616
 160968
 161099
 161331
 161538
 161766
 161913
 161985
 162653
 162951
 163175
 163690
 163895
 163984
 164186
 164211
 164478
 164757
 165017
 165104
 165327
 165369
 165576
 165630
 165661
 165823
 166136
 166356
 166919
 167032
 167303
 167329
 167625
 167912
 168061
 168100
 168278
 168640
 168690
 169019
 169179
 169253
 169352
 169623
 169778
 169972
 170188
 170464
 170803
 171238
 171641
 171935
 172100
 172153
 172487
 172860
 173238
 173326
 173389
 173396
 173455
 173594
 173955
 174382
 174486
 174853
 175055
 175110
 175400
 175433
 175554
 175644
 176101
 176389
 176438
 176511
 176565
 176632
 176834
 176937
 177052
 177201
 177265
 177356
 177626
 177885
 177995
 178060
 178135
 178512
 178907
 178954
 179328
 179514
 179844
 180137
 180276
 180573
 180796
 181136
 181244
 181480
 181652
 181724
 181913
 182123
 182310
 182574
 182809
 183485
 183584
 183809
 183951
 184159
 184313
 184438
 184713
 184873
 185185
 185393
 185469
 185580
 185781
 185960
 186213
 186375
 186500
 186567
 186611
 186757
 186924
 187068
 187234
 187530
 187601
 187868
 188063
 188311
 188424
 188563
 188612
 188653
 188981
 189240
 189319
 189600
 189813
 190339
 190538
 190776
 191117
 191209
 191308
 191564
 191737
 191900
 192285
 192316
 192538
 192728
 193091
 193244
 193429
 193452
 193687
 193857
 193956
 194067
 194271
 194887
 195251
 195487
 195549
 196805
 196986
 197149
 197283
 197331
 197537
 197766
 197797
 198113
 198195
 198583
 198822
 199130
 199861
 199985
 200000
 200112
 200290
 201176
 201357
 201478
 201587
 201858
 201950
 202010
 202040
 202072
 202720
 202954
 203056
 203162
 203388
 203430
 203531
 203621
 203700
 204146
 204452
 204542
 204780
 204994
 205794
 206088
 206216
 206515
 206848
 207093
 207294
 207505
 207682
 207868
 207935
 207997
 208114
 208404
 208616
 208751
 208926
 209189
 209312
 209473
 210049
 210140
 210213
 210494
 210609
 210776
 210909
 211025
 211095
 211169
 211318
 211540
 211635
 211835
 212123
 212277
 212572
 212722
 212958
 213114
 213440
 213468
 213819
 214093
 214269
 214463
 214508
 214700
 214768
 214988
 215036
 215050
 215122
 215202
 215258
 215320
 215607
 215835
 216181
 216390
 216479
 216927
 217180
 217277
 217342
 217928
 218233
 218396
 218552
 218680
 218712
 219032
 219060
 219187
 219294
 219519
 219730
 219841
 220177
 220394
 220735
 220921
 221045
 221404
 221456
 221998
 222401
 222593
 222814
 222850
 222893
 223111
 223289
 223722
 223922
 224022
 224123
 224400
 224818
 225050
 225254
 225753
 225830
 226312
 226392
 226511
 227057
 227160
 227679
 227927
 228055
 228205
 228265
 228343
 228411
 228719
 229107
 229340
 229380
 229680
 229901
 230031
 230310
 230856
 230992
 231549
 231914
 232043
 232420
 232531
 232802
 232858
 233008
 233112
 233232
 233548
 234188
 234303
 234573
 234625
 234704
 235051
 235347
 235429
 235458
 235563
 235903
 235983
 236084
 236311
 236502
 236968
 237101
 237354
 237661
 237709
 237817
 238084
 238103
 238229
 238353
 238377
 238435
 238454
 238598
 238938
 238996
 239188
 239313
 239398
 239517
 239621
 239841
 240406
 240937
 241074
 241155
 241179
 241217
 241245
 241335
 241444
 241672
 241766
 241935
 242289
 242411
 242462
 242675
 242798
 242937
 243243
 243331
 243436
 243717
 244200
 244397
 244599
 245005
 245091
 245276
 245415
 245844
 246152
 246270
 246443
 246477
 246684
 246789
 246887
 247097
 247225
 247389
 247429
 247530
 247691
 247938
 248137
 248511
 248634
 248762
 249367
 249459
 249757
 250000
 250402
 250675
 250866
 250982
 251290
 251445
 251612
 251751
 252181
 252234
 252387
 252641
 252939
 253043
 253113
 253149
 253430
 253630
 253694
 253969
 254123
 254161
 254398
 254456
 254709
 254777
 254817
 255365
 255760
 255959
 256242
 256291
 256360
 256495
 256942
 257098
 257172
 257848
 258016
 258108
 258328
 258568
 258976
 259057
 259629
 259706
 260115
 260279
 260518
 260661
 260771
 260869
 260935
 261075
 261397
 261705
 261898
 262376
 262693
 263016
 263133
 263204
 263288
 263392
 263474
 263652
 263719
 263929
 264265
 264489
 264556
 264705
 264743
 264894
 265040
 265215
 265410
 265634
 266224
 266417
 266561
 266683
 266836
 266925
 267319
 267424
 267587
 267804
 267842
 267910
 268266
 268408
 268601
 268792
 269045
 269126
 269429
 269727
 269891
 270152
 270275
 270618
 270691
 270909
 271019
 271171
 271273
 271469
 271613
 272016
 272049
 272255
 272727
 272901
 273195
 273281
 273439
 273771
 273992
 274119
 274157
 274331
 274461
 274538
 274654
 274919
 275362
 275550
 275704
 276302
 276617
 276764
 277147
 277323
 277597
 277777
 277933
 278075
 278310
 278597
 278850
 279111
 279307
 279723
 279807
 280009
 280062
 280132
 280390
 280419
 280536
 280884
 281132
 281333
 281423
 281844
 282487
 282653
 282801
 282893
 282957
 283068
 283215
 283252
 283415
 283582
 283776
 283847
 284379
 284438
 284643
 284759
 285108
 285185
 285526
 285625
 285663
 285691
 286090
 286652
 286895
 287197
 287593
 287756
 287858
 287976
 288157
 288447
 288789
 289001
 289122
 289229
 289416
 289565
 289706
 289818
 289937
 289983
 290172
 290282
 290502
 290880
 291076
 291148
 291309
 291445
 291519
 291578
 291683
 292001
 292045
 292204
 292619
 292663
 292743
 292828
 293123
 293495
 293638
 293880
 294543
 294597
 294791
 295212
 295281
 295404
 295466
 295890
 296291
 296536
 296778
 296820
 297049
 297351
 297478
 297686
 297826
 298140
 298234
 298482
 298562
 298740
 298860
 298954
 299072
 299343
 299783
 300421
 300493
 300675
 300880
 301268
 301369
 301711
 301765
 302122
 302288
 302429
 303147
 303571
 303752
 304057
 304125
 304218
 304779
 305028
 305204
 305378
 305802
 305926
 305970
 306175
 306311
 306401
 306644
 307110
 307423
 307755
 307926
 308194
 308344
 308404
 308456
 308566
 308709
 308748
 309040
 309145
 309293
 309545
 309859
 310372
 310478
 310647
 310762
 311018
 311179
 311653
 311841
 311849
 311990
 312500
 312573
 312846
 312934
 313060
 313165
 313358
 313476
 313536
 313608
 313696
 313968
 314021
 314070
 314096
 314530
 314724
 314814
 315026
 315157
 315196
 315294
 315556
 315596
 315881
 315905
 316227
 316652
 316790
 316806
 316866
 317131
 317464
 317639
 317759
 317919
 317993
 318031
 318402
 318571
 318654
 318918
 319235
 319493
 320072
 320197
 320296
 320577
 320933
 321326
 321349
 321463
 321579
 321652
 321758
 322072
 322263
 322518
 322662
 322749
 322815
 322912
 323475
 323587
 323829
 323859
 324170
 324422
 324637
 324886
 324903
 325170
 325425
 325810
 325913
 325939
 326086
 326255
 326945
 327090
 327416
 327774
 327799
 327929
 328080
 328316
 328692
 328820
 329004
 329120
 329443
 329645
 329823
 329906
 330002
 330210
 330218
 330640
 330858
 331056
 331304
 331407
 331628
 331728
 331864
 331910
 332151
 332508
 332733
 333194
 333333
 333725
 333780
 333904
 334061
 334156
 334262
 334499
 334714
 334858
 335068
 335663
 335891
 336036
 336231
 336353
 336435
 336683
 336792
 336979
 337108
 337156
 337339
 337850
 338008
 338816
 338993
 339090
 339297
 339347
 339454
 339712
 339770
 340133
 340221
 340359
 340428
 340660
 341015
 341217
 341399
 341630
 341757
 341946
 342109
 342256
 342415
 342703
 342962
 343174
 343283
 343478
 343874
 343938
 344024
 344504
 345003
 345235
 345376
 345541
 345834
 346293
 346376
 346839
 347122
 347246
 347551
 347731
 348155
 348319
 348362
 348554
 348619
 348875
 348943
 349223
 349685
 350051
 350146
 350295
 350630
 350959
 350971
 351063
 351362
 351482
 351577
 351628
 351956
 352176
 352512
 352763
 352948
 353524
 353606
 353728
 354019
 354056
 354153
 354251
 354427
 354760
 354904
 354992
 355361
 355590
 355925
 356004
 356219
 356353
 356465
 356502
 357112
 357231
 357603
 357634
 357781
 358235
 358383
 358468
 358545
 358632
 358648
 358759
 358931
 359175
 359267
 359547
 359778
 360189
 360503
 360538
 360589
 360771
 360962
 361029
 361424
 361554
 361675
 361915
 362111
 362151
 362240
 362467
 362704
 362746
 362765
 363186
 363482
 363636
 363677
 363813
 363884
 364156
 364243
 364610
 364759
 364915
 365000
 365058
 365257
 365512
 365622
 365820
 366352
 366403
 366526
 366769
 367215
 367426
 367531
 367743
 367799
 367926
 368306
 368454
 368840
 369103
 369186
 369371
 370322
 370368
 370464
 370973
 371108
 371334
 371378
 371537
 371575
 371757
 371875
 372241
 372332
 372431
 372554
 372893
 373276
 373468
 373608
 373670
 373918
 374301
 374361
 374398
 374563
 374667
 374754
 375157
 375215
 375404
 375548
 375630
 375738
 375868
 376100
 376120
 376422
 376813
 377156
 377416
 377541
 377659
 377810
 377922
 378225
 378262
 378325
 378431
 378542
 378913
 379154
 379632
 379654
 379795
 379964
 380191
 380522
 380646
 380874
 380918
 381106
 381323
 381783
 382094
 382252
 382360
 382510
 382678
 382843
 382996
 383085
 383247
 383390
 383568
 383771
 383814
 383954
 384133
 384352
 384413
 384615
 384644
 385063
 385228
 385515
 385581
 385769
 385868
 386006
 386149
 386251
 386495
 386669
 386784
 386967
 386990
 387035
 387279
 387447
 387578
 387674
 387974
 388161
 388200
 388296
 388594
 388796
 389132
 389599
 389716
 390012
 390198
 390415
 390600
 390655
 390875
 391074
 391247
 391285
 391569
 391656
 391669
 391951
 391987
 392307
 392537
 393021
 393186
 393293
 393592
 393869
 393996
 394032
 394220
 394294
 394736
 394871
 394965
 395082
 395348
 395426
 395495
 395820
 396178
 396346
 396623
 396762
 397017
 397429
 397788
 397800
 397929
 397985
 398175
 398588
 398696
 398911
 398973
 399270
 399412
 399521
 399772
 399866
 400000
 400074
 400101
 400282
 400400
 400621
 400746
 401421
 401793
 401856
 401986
 402119
 402138
 402255
 402347
 402371
 402432
 402665
 402741
 403064
 403154
 403206
 403285
 403579
 403910
 404109
 404496
 404883
 405011
 405070
 405281
 405802
 406102
 406110
 406321
 406603
 406875
 407041
 407110
 407325
 407514
 407681
 408268
 408464
 408643
 408716
 409090
 409180
 409328
 409352
 409428
 409758
 409794
 409953
 410500
 410668
 410850
 411525
 411572
 411624
 412027
 412060
 412283
 412357
 412439
 412545
 412715
 413043
 413221
 413321
 413453
 413700
 413739
 413847
 414209
 414275
 414355
 414486
 414642
 414976
 415108
 415225
 415330
 415360
 415363
 415450
 415757
 416030
 416410
 416572
 416769
 416973
 417132
 417579
 417682
 417699
 417955
 418112
 418222
 418379
 418447
 418491
 418587
 418840
 418861
 418895
 418982
 419021
 419242
 419365
 419561
 419715
 419999
 420487
 420733
 421010
 421143
 421209
 421443
 421610
 421671
 421912
 422018
 422096
 422144
 422366
 422523
 422831
 422907
 423390
 423618
 423728
 423894
 423919
 424303
 424353
 424640
 424782
 425503
 425840
 426176
 426469
 426840
 427054
 427177
 427256
 427347
 427446
 427494
 427514
 428193
 428434
 428548
 428659
 428828
 428953
 429375
 429593
 429824
 429899
 430183
 430443
 430630
 431014
 431113
 431325
 431348
 431478
 431622
 431811
 432145
 432563
 433045
 433051
 433382
 433962
 434089
 434375
 434922
 435015
 435182
 435421
 435815
 435853
 436038
 436442
 436477
 436598
 436842
 437185
 437238
 437575
 437795
 437937
 438207
 438241
 438293
 438532
 438645
 438823
 438904
 439579
 439746
 439855
 439941
 440083
 440120
 440327
 440480
 440709
 440760
 440954
 441066
 441130
 441142
 441236
 441505
 441559
 442017
 442230
 442649
 443352
 443661
 443748
 444258
 444634
 444859
 445259
 445315
 445499
 445801
 446193
 446257
 446494
 446784
 447175
 447627
 447818
 448050
 448648
 448695
 448895
 449068
 449472
 449614
 449619
 449872
 450486
 450534
 450761
 450855
 451155
 451395
 451670
 451954
 452204
 452664
 452726
 452928
 452976
 453038
 453197
 453451
 453506
 453608
 453875
 453977
 454172
 454330
 454455
 454510
 454609
 454853
 455144
 455279
 455538
 455600
 455713
 455859
 456057
 456103
 456247
 456363
 457240
 457433
 457476
 457679
 457863
 458099
 458260
 458728
 459304
 459412
 459531
 459715
 459845
 459958
 460277
 460599
 460722
 460820
 460987
 461272
 461288
 461395
 461469
 461650
 461723
 461890
 462264
 462547
 462686
 462788
 462841
 462882
 462955
 463167
 463233
 463480
 463784
 463917
 464128
 464423
 464720
 464769
 464831
 464988
 465046
 465194
 465448
 465606
 465674
 466153
 466199
 466574
 466658
 466721
 466804
 466938
 467006
 467289
 467686
 467756
 468322
 468648
 468935
 469028
 469262
 469340
 469399
 469592
 469705
 469989
 470143
 470488
 470662
 471059
 471115
 471170
 471570
 471777
 472183
 472233
 472466
 472833
 473106
 473205
 473427
 473484
 473593
 473713
 473749
 473926
 474216
 474841
 475457
 475763
 476271
 476322
 476469
 476537
 476821
 477105
 477264
 477293
 477506
 477518
 477700
 478086
 478178
 478246
 478417
 479056
 479180
 479864
 480087
 480221
 480511
 480786
 481127
 481424
 481583
 481720
 481841
 481915
 482223
 482387
 482503
 482922
 483361
 483661
 483852
 484050
 484248
 484605
 484848
 485399
 485654
 485874
 486018
 486106
 486547
 486645
 486996
 487137
 487341
 487942
 487978
 488163
 488368
 488627
 489049
 489287
 489333
 489351
 489403
 489490
 489584
 489795
 489896
 489914
 490054
 490586
 490811
 491212
 491348
 491582
 491721
 491811
 492106
 492219
 492316
 492745
 492907
 493044
 493633
 493746
 493798
 493975
 494117
 494294
 494529
 494782
 495118
 495398
 495480
 495519
 495931
 496134
 496280
 496356
 496707
 496821
 496926
 497124
 497190
 497416
 497761
 498070
 498200
 498523
 498711
 498834
 498918
 499086
 499295
 499369
 499467
 499640
 499847
 