9868
 9662
 9451
 9441
 9099
 8994
 8964
 8905
 8710
 8421
 8276
 8145
 7936
 7875
 7750
 7749
 7681
 7637
 7608
 7460
 7390
 7112
 6879
 6479
 6227
 6136
 6111
 6081
 6035
 6003
 5970
 5949
 5467
 5354
 5257
 5172
 5160
 5131
 5114
 5044
 5004
 4867
 4724
 4652
 4605
 4545
 4540
 4532
 4460
 4323
 4314
 4288
 4285
 4134
 4043
 3996
 3919
 3889
 3793
 3759
 3740
 3670
 3619
 3462
 3432
 3243
 3235
 3048
 3043
 2889
 2790
 2749
 2705
 2673
 2660
 2609
 2446
 2415
 2359
 2260
 2143
 2043
 2017
 1875
 1853
 1731
 1612
 1456
 1446
 1152
 1141
 972
 817
 599
 571
 535
 485
 460
 437
 249
 