9963
 9882
 9827
 9717
 9700
 9295
 9278
 9270
 9210
 9079
 9073
 8972
 8966
 8866
 8846
 8645
 8502
 8298
 8218
 8213
 8154
 8136
 8034
 7868
 7779
 7763
 7557
 7446
 7248
 7077
 6999
 6948
 6801
 6586
 6391
 6284
 6243
 6199
 6176
 6007
 5944
 5919
 5584
 5192
 5112
 5044
 4882
 4803
 4773
 4502
 4466
 4349
 4301
 4182
 3885
 3862
 3824
 3802
 3655
 3601
 3584
 3476
 3475
 3441
 3266
 3209
 3179
 2800
 2683
 2548
 2521
 2508
 2369
 2300
 2298
 2288
 2278
 2255
 1872
 1847
 1777
 1663
 1610
 1590
 1491
 1370
 1241
 1005
 974
 907
 817
 722
 657
 339
 323
 295
 170
 82
 23
 19
 