9939
 9930
 9905
 9804
 9788
 9746
 9735
 9691
 9638
 9484
 9226
 9171
 9161
 9128
 9102
 9009
 8984
 8945
 8898
 8815
 8730
 8640
 8305
 8241
 8236
 8195
 8121
 8083
 8066
 7887
 7270
 7241
 7187
 7177
 7084
 7036
 7035
 7000
 6942
 6759
 6703
 6659
 6443
 6413
 6304
 6063
 5856
 5469
 5323
 5198
 5188
 5178
 5167
 5068
 4930
 4681
 4634
 4444
 4424
 4352
 4292
 4262
 4193
 3922
 3774
 3677
 3584
 3557
 3468
 3464
 3360
 3194
 2980
 2941
 2524
 2507
 2390
 2362
 2349
 1865
 1857
 1737
 1656
 1544
 1527
 1508
 1500
 1431
 1318
 1193
 1065
 946
 743
 626
 618
 616
 538
 449
 310
 97
 