9988
 9828
 9818
 9514
 9434
 9301
 9203
 8899
 8898
 8592
 8372
 8356
 8153
 7985
 7951
 7699
 7613
 7499
 7474
 7395
 7305
 7294
 7149
 7116
 7114
 6949
 6743
 6706
 6571
 6452
 6385
 6257
 6138
 5930
 5865
 5830
 5562
 5476
 5448
 5420
 5396
 5390
 5315
 5230
 5166
 5136
 5111
 4895
 4878
 4825
 4731
 4268
 4144
 4030
 3954
 3925
 3486
 3455
 3421
 3366
 3162
 3132
 3125
 3099
 3072
 2916
 2777
 2747
 2738
 2735
 2614
 2540
 2511
 2234
 1923
 1777
 1712
 1667
 1665
 1617
 1597
 1531
 1515
 1473
 1332
 1284
 1204
 1079
 1063
 1056
 899
 848
 700
 662
 634
 541
 399
 386
 381
 85
 