9897
 9894
 9805
 9669
 9632
 9575
 9420
 9399
 9387
 9329
 9315
 8986
 8929
 8693
 8659
 8450
 8346
 8306
 8148
 8120
 7824
 7747
 7711
 7461
 7276
 7137
 7041
 7019
 6960
 6919
 6885
 6875
 6809
 6756
 6523
 6486
 6475
 6312
 6274
 6020
 5845
 5822
 5816
 5792
 5763
 5740
 5726
 5647
 5580
 5563
 5441
 5414
 5290
 5258
 5196
 5080
 4655
 4633
 4498
 4449
 4402
 4387
 4173
 4160
 4154
 3601
 3579
 3259
 3142
 3013
 2828
 2775
 2694
 2644
 2421
 2204
 2171
 2093
 2060
 1939
 1873
 1752
 1680
 1600
 1441
 1391
 1270
 1074
 981
 936
 866
 485
 472
 402
 391
 362
 352
 187
 143
 92
 