10859
 70257
 54905
 71191
 21084
 96342
 77756
 13749
 9644
 7201
 67668
 56972
 3002
 64981
 39913
 7245
 6587
 75763
 31770
 84561
 36476
 55287
 82268
 80947
 14405
 24564
 88667
 35996
 16943
 53202
 91892
 86420
 70829
 92611
 85043
 31012
 57509
 30968
 81491
 99736
 68276
 94752
 75864
 7176
 40159
 34261
 46873
 50000
 77941
 49825
 46626
 37706
 67586
 26991
 42486
 31756
 95898
 63690
 95872
 48137
 94812
 97665
 41297
 78800
 62882
 42775
 3495
 58966
 13689
 24700
 5239
 86021
 48111
 805
 47611
 54297
 64502
 59643
 21643
 67893
 66657
 96190
 53763
 22382
 44987
 61617
 3945
 99100
 22852
 93257
 79932
 33003
 35294
 60920
 50054
 96520
 22352
 33184
 64374
 61068
 15860
 87610
 80272
 88961
 23899
 50295
 60200
 52987
 35253
 2045
 80163
 14702
 56865
 97723
 42857
 9031
 28625
 87731
 45991
 92378
 74434
 83519
 43702
 69510
 73138
 597
 75839
 54695
 84569
 16504
 21021
 4199
 55323
 10104
 80593
 19244
 38842
 73272
 17809
 21106
 9169
 5158
 957
 2823
 21059
 86197
 56345
 92397
 76340
 48135
 56572
 68305
 64531
 80198
 42089
 62352
 57281
 59187
 98332
 57743
 3598
 94999
 93357
 48611
 45543
 63596
 31818
 21924
 74589
 25833
 15250
 79868
 68413
 2541
 11925
 97115
 34236
 66422
 75695
 97768
 4278
 42441
 27060
 8301
 40810
 24509
 1221
 4896
 72357
 35729
 59546
 41302
 22388
 13199
 29915
 82579
 50555
 77447
 72484
 73309
 99172
 58974
 23326
 24525
 46277
 71893
 47233
 1708
 76746
 47549
 77636
 66605
 75318
 37312
 45454
 50058
 6853
 57851
 50642
 9479
 19569
 66435
 93851
 33933
 19562
 65804
 93524
 26470
 36321
 62118
 19850
 55593
 15207
 26710
 52412
 5889
 35534
 56720
 7288
 27516
 2239
 48272
 64893
 16342
 16109
 41502
 57412
 34133
 44604
 9302
 21890
 95051
 63298
 55192
 66085
 88062
 63260
 62500
 55527
 18307
 29060
 72640
 27274
 85571
 65939
 7159
 76454
 41909
 56361
 2147
 35028
 68009
 16156
 22307
 76475
 44033
 94898
 95931
 79239
 4264
 7623
 44854
 72418
 85661
 69867
 11239
 29465
 19514
 73748
 56989
 75199
 11944
 93951
 1901
 45728
 64173
 8533
 40691
 48331
 60972
 88015
 33859
 5653
 6205
 32949
 5130
 97292
 78101
 20098
 69060
 89006
 21071
 49995
 31749
 98729
 79720
 13460
 91168
 66086
 77752
 98518
 10322
 49030
 99458
 5739
 57025
 39979
 59763
 8670
 39559
 37550
 13788
 64180
 3097
 10692
 46883
 63950
 8482
 55132
 45781
 19508
 68412
 84800
 73634
 57034
 4956
 93487
 6557
 93298
 71709
 62211
 70305
 1237
 48054
 40384
 68384
 14326
 97657
 37907
 39645
 16949
 70641
 62965
 85070
 66527
 59402
 34818
 58603
 7260
 48512
 10932
 57245
 3574
 223
 21628
 70377
 7458
 82817
 94987
 42462
 41449
 75449
 65397
 73114
 83354
 83846
 90943
 35481
 38162
 97573
 35779
 53506
 49190
 38709
 33326
 35517
 59947
 19781
 13393
 8105
 30834
 35364
 78331
 30289
 70940
 58925
 38129
 48357
 9460
 79584
 21104
 24545
 88059
 81795
 57620
 25941
 43075
 52640
 28019
 13458
 33170
 23274
 25985
 29263
 75658
 20935
 61531
 58425
 82404
 47030
 56712
 5860
 7285
 20089
 61503
 42820
 1866
 49095
 2001
 66666
 22284
 83433
 93536
 41103
 98549
 52085
 37232
 81334
 8391
 69112
 66300
 41141
 69845
 12286
 45437
 4075
 13956
 83033
 27271
 14074
 59984
 60309
 97382
 35615
 42452
 96015
 28926
 66170
 26086
 80261
 46081
 87243
 40224
 97144
 14582
 69437
 66135
 39583
 94811
 19255
 55838
 66379
 33937
 57333
 89309
 82655
 14826
 54154
 91441
 70931
 87172
 58733
 70197
 31235
 54751
 44463
 36125
 73379
 58203
 21157
 23076
 32793
 42320
 90928
 97922
 20852
 76385
 86085
 33772
 10886
 64710
 46025
 36453
 6211
 70223
 70583
 1648
 95175
 52559
 91564
 67969
 41354
 67616
 21581
 24351
 11038
 51020
 38660
 20299
 21531
 70076
 56608
 81284
 44871
 90045
 16078
 77694
 58556
 61959
 89985
 43683
 85842
 41363
 31656
 78517
 23690
 96212
 97072
 17070
 32271
 93586
 62059
 6687
 7417
 74440
 51910
 95916
 89410
 95453
 3798
 76087
 50384
 57679
 57852
 83285
 60658
 2192
 49422
 30193
 57458
 75776
 21807
 91176
 21740
 64989
 41799
 76651
 56485
 15911
 27249
 88841
 9059
 10551
 52629
 66089
 25180
 86313
 29540
 14249
 56191
 27716
 14467
 4461
 26633
 34957
 88506
 40039
 53622
 12505
 24848
 91489
 83331
 15310
 43869
 2841
 37910
 89513
 97730
 84159
 6374
 52688
 74758
 3484
 70662
 69666
 51932
 42254
 43191
 10118
 41719
 30726
 37804
 74493
 4673
 43817
 58331
 86515
 95657
 380
 75432
 69002
 54300
 18765
 23853
 2268
 30537
 30479
 52017
 86456
 56934
 10721
 89134
 40849
 90558
 92344
 3340
 97065
 53232
 94371
 48176
 92052
 30946
 54948
 17917
 89641
 14316
 91944
 26324
 73500
 20797
 19854
 35148
 41840
 85537
 1984
 31171
 35888
 98278
 77204
 23985
 49994
 17227
 750
 36879
 9723
 87173
 8942
 59517
 64488
 64085
 83185
 33981
 64718
 83040
 98097
 93935
 77450
 33251
 74042
 3347
 81410
 66050
 80922
 83082
 28797
 78691
 33986
 22731
 50678
 47907
 20944
 98870
 99519
 40677
 68927
 22176
 37933
 48540
 72277
 55861
 10987
 50106
 53212
 23927
 2043
 90334
 50069
 38709
 56063
 17462
 26989
 56577
 76968
 24660
 17707
 26748
 1861
 29247
 52706
 18473
 49640
 72536
 82425
 94238
 32212
 12214
 64264
 24660
 27586
 51969
 35312
 89837
 40564
 96759
 63254
 29857
 12559
 36704
 13995
 10843
 73521
 52043
 35794
 36732
 29016
 26245
 48702
 10279
 44315
 12544
 36363
 90287
 78046
 11393
 57528
 27999
 70320
 58948
 17702
 91647
 1180
 0
 65019
 38133
 33083
 46396
 45052
 85260
 90952
 22778
 40041
 48442
 71835
 59894
 72913
 20950
 85558
 60703
 91446
 85714
 71074
 55848
 15568
 6951
 56066
 38972
 3222
 64335
 28532
 14276
 30468
 47110
 33635
 45207
 28757
 11430
 95550
 27841
 78952
 65853
 16124
 67251
 42920
 24638
 95402
 38345
 61058
 19213
 77816
 58510
 18879
 1763
 49593
 31182
 20510
 41511
 31010
 71077
 27911
 91918
 5882
 6832
 56651
 79043
 66961
 46156
 52874
 48624
 23670
 52864
 36683
 69135
 6351
 51878
 22287
 1413
 13345
 89228
 3501
 89505
 82905
 40398
 57624
 6443
 79176
 65055
 42963
 16407
 52424
 16788
 1730
 90836
 40063
 22032
 86214
 82627
 89100
 77948
 30735
 35461
 92729
 72100
 30129
 20112
 83752
 44345
 75716
 1884
 11573
 60099
 40683
 56775
 94189
 7590
 26899
 8050
 61459
 84110
 51912
 22977
 17049
 98863
 57224
 11490
 88215
 19535
 19069
 58599
 63995
 76736
 91054
 95555
 34628
 64941
 79908
 57250
 63273
 99412
 7647
 34354
 97719
 64201
 55317
 23713
 88396
 44650
 6414
 64270
 84167
 47533
 77330
 61748
 14967
 89919
 20125
 79213
 44887
 36053
 96761
 79026
 83286
 32748
 86659
 82450
 69910
 20622
 3934
 56428
 2565
 7006
 97591
 81045
 34672
 75241
 31382
 54848
 39235
 78955
 69086
 26541
 22315
 95370
 2807
 57755
 92542
 10276
 66482
 76768
 36598
 33131
 14543
 89334
 51857
 92716
 42303
 80167
 96037
 66119
 46811
 13590
 80133
 61771
 44385
 83364
 69373
 68630
 36013
 29430
 76355
 10556
 84280
 69530
 64124
 71846
 75157
 55905
 8102
 34676
 72248
 34759
 30287
 40946
 57737
 77608
 35092
 49219
 27532
 67332
 52279
 63522
 