27620
 81275
 95823
 40361
 1009
 81720
 46178
 59090
 66244
 93787
 81077
 43940
 561
 67151
 1125
 92385
 93529
 18469
 66268
 54984
 31572
 42870
 62518
 72173
 20489
 87655
 47474
 50764
 76732
 13671
 90452
 67224
 35018
 10140
 64519
 93006
 81525
 93433
 79504
 7811
 14446
 92517
 58748
 8343
 47086
 41864
 83377
 10166
 5900
 15355
 38834
 0
 44833
 27757
 71057
 68407
 7383
 46678
 53947
 45845
 20701
 31103
 78002
 99301
 58344
 8933
 61303
 34093
 65351
 25019
 7130
 46507
 69188
 65961
 86496
 61462
 68682
 85734
 15950
 22666
 28296
 59090
 6044
 93836
 90770
 28933
 95058
 22186
 55192
 53749
 40538
 66686
 89276
 96621
 98760
 97123
 24804
 5154
 60291
 98524
 89291
 91063
 1103
 71122
 33073
 61709
 22497
 54849
 8067
 29054
 39524
 38644
 59097
 67088
 5452
 12906
 92237
 9946
 42342
 14785
 17189
 98382
 16565
 15980
 51678
 12961
 15001
 86666
 89792
 61122
 50398
 21368
 8650
 1388
 60308
 96292
 36073
 56124
 50245
 78100
 71790
 62843
 15000
 47504
 85262
 97623
 22949
 56450
 32996
 70966
 11682
 35412
 38463
 7859
 83396
 56436
 28854
 4429
 73481
 32454
 41426
 44573
 46783
 16309
 72217
 28528
 353
 26545
 77719
 21942
 55713
 47149
 77289
 49247
 17021
 56834
 84625
 19089
 88651
 34983
 69570
 19618
 69700
 29073
 40356
 31607
 22162
 57997
 18481
 40251
 16556
 96753
 48921
 20253
 55532
 67565
 45488
 46519
 23100
 80492
 99689
 34008
 8433
 90349
 60506
 43813
 21802
 954
 22045
 29296
 50709
 73796
 11834
 46363
 40375
 54279
 52682
 93321
 55118
 91063
 60743
 22693
 129
 2880
 48022
 49374
 36029
 52782
 86516
 14031
 41366
 80926
 58746
 73321
 63250
 94439
 41627
 19524
 93066
 39899
 56092
 73862
 18954
 83592
 65285
 62842
 13604
 9899
 49886
 52614
 81720
 95285
 65380
 89776
 71803
 75809
 65043
 56096
 98927
 88462
 51557
 19851
 44714
 5799
 48661
 89694
 51872
 77772
 82677
 83526
 75993
 92306
 76550
 78553
 52941
 86538
 39499
 0
 12945
 7920
 68630
 28978
 77542
 99672
 52521
 98706
 15027
 53124
 42519
 71978
 55456
 4442
 258
 47064
 59212
 89661
 95137
 29614
 54107
 61166
 16459
 4487
 57966
 11161
 15534
 16872
 57055
 61600
 28714
 15218
 98593
 94266
 9073
 87409
 68292
 67083
 16781
 66917
 4439
 98784
 46791
 56033
 50386
 86601
 38986
 7287
 91368
 82295
 55084
 26620
 90962
 42408
 25587
 56732
 17953
 18664
 10727
 49589
 77402
 46972
 25976
 31578
 78929
 40062
 9729
 50446
 88536
 25492
 80601
 86882
 55241
 20869
 58972
 81096
 38062
 14769
 44572
 61152
 74294
 94351
 45054
 88520
 5005
 95415
 58670
 84335
 26773
 23975
 31593
 80879
 96038
 21866
 88420
 86374
 9925
 52911
 73270
 90369
 7209
 67735
 40057
 12294
 42706
 39220
 48206
 32193
 52314
 2645
 35633
 61548
 80000
 83469
 6513
 54715
 89555
 4677
 7583
 86123
 23409
 71588
 2353
 37894
 84234
 87567
 67272
 81108
 36374
 5930
 38071
 72816
 82935
 16297
 1030
 31096
 71834
 39198
 84434
 10464
 24169
 22624
 83805
 16487
 84403
 56972
 45139
 57939
 84790
 43039
 20538
 23075
 3169
 77848
 15737
 65202
 91061
 1381
 67491
 69050
 89209
 62790
 35414
 59683
 54312
 1603
 44497
 84881
 22489
 26271
 57428
 43643
 57525
 32977
 58241
 86266
 10973
 48749
 40271
 89137
 58320
 30052
 81980
 36197
 57891
 74382
 55273
 60191
 72441
 72903
 94989
 47892
 84108
 16410
 28465
 75353
 84527
 62225
 4461
 21990
 1932
 71480
 17541
 24616
 9430
 69441
 69619
 31308
 78439
 73028
 63078
 90144
 28434
 81654
 43166
 14995
 71781
 16926
 89466
 44884
 12123
 10776
 14511
 55287
 99879
 92990
 33114
 57362
 14634
 96814
 55569
 3532
 93227
 54342
 55810
 31401
 93988
 49328
 76526
 94668
 87093
 12313
 15288
 27020
 5053
 99287
 17944
 3280
 24290
 12510
 87632
 83918
 21804
 38430
 15061
 54756
 36077
 12949
 40688
 24660
 40354
 26428
 59884
 7843
 34323
 11631
 71822
 19659
 90108
 44086
 77047
 98663
 80068
 3013
 85015
 77810
 5063
 86574
 2670
 71113
 95998
 92313
 20444
 96477
 7490
 82731
 16924
 15658
 35594
 98047
 1017
 43374
 43201
 35240
 17688
 47216
 28289
 22177
 37894
 64401
 30793
 23821
 72575
 75059
 14988
 64224
 49287
 37649
 47063
 53585
 44947
 6246
 29492
 95639
 14719
 13167
 20516
 95471
 38382
 37982
 74656
 48806
 20276
 28949
 55211
 75794
 53477
 69286
 97634
 37606
 12320
 63848
 22802
 46717
 80895
 66819
 83776
 84872
 60010
 99353
 56250
 77261
 96365
 51383
 95324
 62815
 20028
 13754
 84415
 80291
 85912
 59364
 9836
 95861
 77956
 62048
 40380
 91865
 62522
 77626
 47255
 44902
 4298
 68117
 80256
 23786
 71616
 23538
 80688
 59132
 39675
 81974
 45026
 25797
 45207
 2943
 39107
 4394
 67820
 99897
 69458
 68548
 95947
 13330
 39850
 79116
 8291
 51521
 46236
 86064
 64124
 6781
 36779
 46189
 31698
 776
 58945
 41706
 87032
 23210
 40582
 51882
 86696
 83452
 12542
 71516
 9856
 94649
 81083
 31655
 80458
 6780
 39503
 53476
 43598
 20650
 388
 44115
 92352
 50718
 2377
 8228
 27997
 47103
 82236
 33843
 67980
 12078
 70635
 55731
 12062
 19446
 80891
 84981
 36451
 46170
 56569
 75426
 85471
 43191
 83716
 46982
 67360
 97076
 15181
 89757
 97877
 40770
 26019
 52822
 10241
 53
 75489
 33361
 65581
 94916
 24054
 56735
 62333
 54903
 93227
 22499
 36580
 36772
 68264
 48882
 77317
 86330
 15698
 76180
 11068
 37178
 13084
 42587
 36664
 92402
 47502
 60672
 70949
 13642
 71794
 4318
 38983
 92064
 41787
 4429
 64502
 43343
 46886
 20113
 76294
 72833
 68709
 72650
 29463
 57946
 74641
 33441
 51474
 20771
 80816
 46219
 52678
 68779
 95240
 70660
 97317
 90179
 90341
 56647
 10343
 11813
 39136
 87090
 76519
 83361
 14814
 85135
 27228
 51781
 23973
 14538
 15779
 10810
 8498
 47202
 10023
 17598
 26978
 91744
 36290
 60993
 19025
 24333
 40799
 41007
 4018
 94144
 33983
 1114
 45497
 14337
 6290
 18452
 76927
 84508
 60000
 26908
 8661
 63229
 5200
 50928
 29715
 40819
 40591
 67718
 85915
 50834
 93941
 60266
 9598
 39091
 76462
 73480
 59468
 3852
 62896
 10914
 35518
 79586
 42634
 88172
 41408
 17347
 10902
 99405
 82121
 75353
 721
 24953
 41384
 34285
 56567
 61543
 56519
 13486
 10937
 10031
 94
 10003
 92892
 5112
 6235
 23073
 86387
 74375
 86909
 8444
 37022
 73962
 3630
 54927
 13400
 26799
 90077
 13232
 55043
 18460
 52297
 57155
 74049
 153
 89424
 37264
 96240
 19522
 53815
 91567
 7148
 38704
 53232
 21517
 76934
 31552
 89760
 51762
 71274
 50016
 48381
 96120
 1136
 51130
 13724
 77107
 13643
 92579
 87144
 64290
 60015
 8457
 254
 76103
 78765
 71419
 22804
 93281
 38743
 99229
 11544
 96227
 27051
 39347
 97894
 83807
 62062
 58017
 69784
 83071
 55256
 41595
 59416
 33395
 10237
 37816
 43023
 65365
 94736
 20748
 55768
 78474
 27678
 57209
 98343
 52963
 30807
 80665
 20843
 10632
 11443
 40560
 15901
 77911
 84936
 51992
 70370
 20807
 10489
 14698
 86708
 98198
 19362
 1905
 25756
 76798
 84940
 63760
 59368
 93433
 8833
 17401
 96204
 26865
 25311
 47525
 76073
 3690
 71428
 66026
 12726
 51553
 44431
 17647
 43321
 88543
 70573
 6404
 52173
 78685
 51711
 44078
 16697
 9621
 