50847
 91895
 10216
 24477
 94054
 39140
 49442
 89002
 83303
 84301
 7631
 25284
 36483
 57938
 86837
 27435
 14711
 34345
 19213
 69264
 56919
 8230
 46601
 8870
 74683
 25989
 88836
 98769
 74468
 5183
 80021
 27752
 71776
 95782
 68197
 82545
 53826
 99098
 18458
 1052
 18410
 54063
 7792
 40182
 34287
 41850
 28093
 68847
 47068
 99071
 41098
 2990
 32326
 50592
 48092
 36980
 57519
 83808
 79946
 62707
 38903
 96792
 43700
 48679
 86501
 8695
 81608
 2523
 2803
 3100
 15609
 48594
 78116
 96125
 24927
 22913
 45529
 58539
 45079
 77326
 57980
 99822
 10336
 67071
 4775
 24851
 38773
 56119
 78991
 93320
 57899
 3742
 67451
 38621
 38529
 49831
 52842
 16226
 60380
 29289
 84807
 88921
 79971
 59029
 23149
 78829
 83752
 46010
 30491
 65964
 30842
 24272
 48051
 21572
 28607
 5613
 55844
 49266
 45894
 76175
 1687
 67405
 74094
 17808
 68477
 23102
 15683
 88548
 66666
 80874
 9013
 11111
 842
 62709
 40488
 38222
 55838
 96346
 7676
 1485
 3651
 56832
 76251
 94437
 10763
 25676
 5026
 93745
 83248
 87038
 21906
 61538
 29402
 46471
 3875
 79307
 63647
 23739
 1103
 50770
 70614
 36044
 62796
 12550
 92709
 86493
 86153
 55578
 34929
 815
 49343
 29821
 78040
 95218
 65528
 12053
 66601
 24301
 13711
 25372
 24255
 84904
 72971
 25695
 13327
 85675
 32320
 73316
 14241
 89353
 7775
 46832
 40935
 21731
 28493
 7561
 18599
 40696
 54702
 29983
 28033
 28652
 32498
 76647
 7059
 49140
 77403
 48594
 91301
 78581
 39397
 16934
 38293
 94194
 83223
 47166
 69684
 7719
 95990
 26673
 27368
 20457
 16881
 22551
 72270
 85301
 24719
 19000
 53660
 39839
 40671
 75592
 83500
 99532
 67611
 13975
 15518
 61758
 41637
 8219
 25582
 38107
 19518
 27710
 21686
 76642
 76575
 53326
 57655
 74040
 11123
 8981
 39141
 18970
 14772
 1500
 48274
 42260
 7018
 97150
 33999
 94618
 77533
 55517
 6809
 69268
 33878
 51862
 55165
 42046
 63976
 4900
 64687
 34004
 88864
 24338
 89677
 50532
 27079
 63323
 28225
 92434
 83344
 45605
 30266
 61863
 17091
 28437
 96712
 28433
 28131
 35214
 24014
 10095
 69245
 94486
 69785
 10127
 73887
 80638
 83238
 28785
 40574
 63904
 85434
 23072
 60752
 58951
 68493
 94191
 48364
 64952
 35639
 46670
 55636
 32323
 23344
 13793
 48211
 39052
 76467
 44225
 65293
 91184
 88727
 65983
 27854
 81127
 88570
 3369
 87272
 94363
 64371
 6997
 48240
 61464
 70934
 34318
 88530
 10619
 90431
 18979
 5863
 249
 99632
 32087
 35825
 11204
 66950
 77188
 74187
 72193
 89317
 16243
 69980
 3636
 36427
 63429
 73476
 75608
 55561
 98338
 51269
 31665
 84725
 99690
 79220
 14725
 84850
 92931
 2991
 14859
 76557
 10318
 92049
 26859
 52260
 42424
 733
 16728
 55624
 17428
 18285
 62964
 98912
 51409
 8137
 90767
 35666
 93076
 60136
 5488
 46984
 78359
 37170
 5937
 86574
 16676
 6835
 83251
 3243
 17475
 22597
 66597
 87744
 99172
 99807
 98717
 94867
 19388
 99147
 27537
 15357
 29798
 38105
 15166
 70510
 98805
 76575
 94252
 8421
 41743
 84967
 95755
 64224
 89689
 68143
 39851
 58985
 90360
 22747
 8443
 84152
 10983
 50509
 96475
 45481
 90670
 35827
 71598
 58882
 44917
 39590
 50162
 73576
 35797
 79999
 75903
 11574
 76433
 68688
 51317
 9230
 72876
 9000
 64597
 95892
 8383
 27074
 60640
 68131
 85978
 54626
 5455
 8186
 75478
 49438
 78947
 65484
 74905
 85322
 91779
 82358
 89234
 4377
 37858
 4478
 9874
 9161
 94721
 84105
 74389
 62490
 10373
 51301
 95861
 20740
 47662
 97348
 75030
 31468
 54415
 41685
 29766
 6425
 93251
 25885
 70557
 86644
 71700
 44281
 37588
 84144
 63186
 1494
 46320
 28175
 12846
 95517
 24249
 86300
 9426
 27245
 44716
 99307
 74813
 56551
 43913
 29814
 60083
 19214
 94824
 75440
 52337
 37747
 49432
 55462
 96922
 76897
 19978
 43350
 14972
 59552
 32900
 13941
 38716
 70300
 2900
 9934
 58598
 74459
 26484
 89653
 8890
 30663
 12669
 66062
 90403
 27338
 74622
 11196
 51510
 56959
 30318
 27218
 63190
 97577
 3840
 62165
 51629
 12470
 98102
 43295
 74022
 68156
 43466
 37004
 66123
 76810
 65654
 59843
 87908
 34870
 29922
 13017
 95107
 18511
 54857
 45245
 69146
 31579
 15516
 36186
 38259
 47645
 78569
 81213
 96111
 21187
 61365
 79346
 39154
 43946
 32150
 1286
 71479
 75382
 48486
 7
 87272
 23767
 93191
 52578
 45087
 35703
 96501
 29954
 99910
 297
 71654
 25129
 89714
 71748
 74955
 33397
 61517
 77049
 80663
 92097
 53982
 5690
 93624
 62841
 97373
 26504
 1518
 53393
 31592
 40452
 1799
 43784
 71290
 71942
 51678
 9441
 98066
 51078
 59163
 76557
 46379
 42610
 7332
 94741
 43114
 83490
 50850
 46415
 56273
 42543
 93520
 79961
 16070
 5730
 35088
 83748
 60743
 26053
 2127
 62969
 89290
 37594
 49749
 98965
 61698
 17940
 64015
 35853
 23488
 61740
 29228
 96040
 19561
 83703
 14969
 18881
 12007
 61589
 50277
 30672
 90297
 37914
 43556
 39483
 78749
 25061
 89446
 59500
 10468
 96322
 77698
 42583
 95177
 7118
 62000
 5205
 71724
 77334
 34056
 36842
 56595
 96520
 6144
 45964
 3737
 60095
 74341
 1628
 59205
 424
 2344
 58309
 77695
 12479
 9041
 82648
 14742
 2398
 77809
 44654
 97315
 77298
 8710
 13928
 93161
 11991
 64026
 37265
 24194
 28571
 73585
 35329
 41248
 1802
 30663
 54240
 51694
 82479
 96936
 89437
 52805
 89313
 63919
 22405
 3671
 86046
 85725
 51934
 40412
 30456
 79264
 49147
 47946
 90685
 6849
 23489
 15342
 11498
 81493
 44863
 43052
 63422
 93654
 71686
 77416
 66166
 28172
 99752
 17725
 87744
 93389
 21171
 6414
 31631
 24019
 10216
 13724
 86356
 50579
 84232
 10080
 73421
 74597
 61664
 24587
 67941
 63399
 43195
 29124
 27166
 43429
 70181
 73356
 98006
 62100
 52430
 34183
 61165
 1869
 26666
 91413
 95754
 41997
 88308
 68456
 62022
 92541
 15559
 6104
 40157
 88116
 94214
 71539
 11697
 83359
 55984
 88543
 51179
 62394
 16478
 19895
 60383
 61959
 10483
 78917
 52478
 81566
 86988
 8150
 12698
 20683
 92646
 16929
 42423
 85290
 68198
 94043
 23318
 25190
 62165
 8194
 62662
 5860
 13440
 36182
 87110
 31622
 73779
 38240
 33505
 73539
 54088
 21020
 63001
 66990
 16353
 72601
 49342
 77151
 11085
 81168
 82048
 31572
 10289
 30859
 11596
 8973
 87146
 14023
 1171
 17418
 89116
 74037
 60561
 69514
 47364
 77647
 95045
 83238
 48533
 6080
 61960
 33304
 1489
 2080
 79500
 70462
 38181
 36150
 89217
 36376
 52888
 40248
 60800
 18521
 46430
 19241
 67040
 3871
 78558
 89220
 38445
 82645
 71215
 1417
 85714
 53113
 5520
 50160
 45433
 42379
 8127
 48082
 25531
 56822
 12290
 14048
 56109
 1313
 84003
 74147
 43573
 63414
 69900
 84837
 46153
 49309
 35420
 28002
 2498
 18573
 96501
 51673
 89745
 18184
 57019
 19831
 67587
 32468
 12751
 99457
 93485
 96460
 93562
 4107
 66392
 31193
 44123
 91670
 17939
 71684
 88451
 53267
 3340
 68590
 45945
 66929
 5646
 39811
 68162
 31022
 58108
 52243
 63953
 99721
 4735
 35038
 47849
 81840
 44278
 42162
 19869
 33622
 9725
 18843
 93662
 87310
 51324
 57503
 25673
 79066
 19546
 54786
 76109
 60560
 23971
 47659
 93509
 85697
 66259
 2059
 29998
 8279
 12912
 9914
 43879
 95075
 81002
 87800
 94553
 89956
 