37280
 98387
 38120
 22718
 58790
 42294
 955
 40165
 22691
 50278
 43930
 62669
 53992
 22060
 78853
 68537
 14337
 2085
 34970
 67050
 67865
 80995
 435
 54977
 43288
 86338
 44319
 68860
 90907
 97649
 24298
 2385
 9576
 86594
 96742
 52172
 32190
 54613
 62128
 83928
 73143
 76716
 65230
 42827
 12567
 4149
 80103
 82600
 46680
 94470
 53337
 15608
 51427
 33992
 22823
 88432
 24314
 15091
 88029
 91112
 71360
 90777
 96099
 44539
 57307
 95121
 64007
 8036
 94633
 95611
 11826
 76851
 92237
 30917
 47493
 31152
 49716
 24377
 57554
 78895
 42786
 47303
 92047
 12473
 71116
 80375
 58295
 32462
 17158
 86967
 23302
 66426
 75161
 59987
 27507
 37195
 37617
 85739
 81097
 12010
 33705
 99995
 93007
 48163
 74028
 83230
 97956
 1109
 8516
 68293
 21026
 49765
 51513
 48168
 39999
 83100
 88449
 24075
 47222
 89207
 36990
 86268
 32463
 70375
 10056
 77388
 32594
 38940
 9090
 45799
 21576
 52481
 48713
 87736
 33422
 56275
 55588
 75622
 1929
 1406
 52196
 63032
 63561
 98408
 33490
 27102
 25877
 68751
 9086
 62575
 65770
 32288
 1333
 10337
 417
 45381
 16778
 45188
 8791
 62353
 51024
 3695
 27802
 63305
 49659
 56684
 74486
 26583
 63673
 22798
 23157
 41022
 54578
 77027
 50095
 76741
 83076
 95360
 28190
 47992
 33465
 13176
 87833
 30558
 7192
 37331
 86018
 77388
 70265
 5882
 36598
 97463
 83544
 2235
 70926
 68485
 85102
 46058
 24765
 17262
 75325
 16532
 73393
 93631
 21793
 7220
 55919
 79806
 695
 97637
 71949
 34473
 48837
 81679
 78096
 2183
 80804
 97717
 92169
 43525
 80686
 46996
 13094
 28151
 73595
 34511
 50233
 76261
 54311
 64738
 78638
 3340
 6167
 36045
 52914
 83792
 66669
 91811
 12700
 62389
 72100
 88564
 10312
 14112
 60860
 16994
 36692
 25371
 22138
 10522
 27245
 53325
 67816
 85320
 40774
 37188
 25086
 71021
 97407
 36655
 96228
 17565
 52770
 38548
 11976
 17483
 96769
 35050
 42951
 58208
 91914
 81070
 14240
 42035
 96003
 25395
 1514
 35034
 29530
 25782
 21076
 4131
 2181
 95817
 10564
 75373
 83970
 96710
 90854
 5743
 91251
 87786
 29934
 56454
 67342
 59343
 70967
 27667
 39712
 11710
 69293
 33483
 90683
 8099
 69493
 36245
 68892
 70237
 87986
 78496
 62554
 45151
 29557
 44528
 99053
 74344
 85213
 2691
 62296
 56501
 56305
 58737
 17352
 44340
 67878
 72828
 4449
 37496
 29481
 51613
 16769
 20661
 91451
 2006
 8355
 28515
 45284
 8414
 43552
 13515
 8525
 8934
 28618
 71183
 83062
 40767
 36783
 59807
 77343
 51792
 34753
 84172
 28254
 51468
 41587
 41100
 83416
 61573
 69754
 11956
 87687
 69308
 63552
 33905
 58582
 93013
 27972
 94045
 66035
 81173
 18166
 59434
 91999
 37514
 67995
 68666
 83593
 26021
 91455
 12007
 57405
 85982
 32268
 18857
 33724
 28362
 73190
 25726
 75139
 56033
 17699
 10127
 87683
 51460
 73825
 23410
 55168
 80272
 79671
 85783
 51618
 94304
 35060
 52669
 52486
 86406
 13882
 55395
 94569
 57707
 21958
 72839
 68847
 78691
 76328
 19717
 93249
 84578
 78449
 39633
 58224
 89740
 50787
 81931
 85435
 46013
 53510
 0
 82459
 16831
 21083
 49908
 44584
 85252
 92762
 73783
 42663
 92301
 70402
 15126
 64413
 25840
 22619
 31173
 53187
 34559
 53135
 54944
 11012
 58915
 31627
 72228
 56036
 57239
 78485
 27022
 64748
 33181
 77727
 20358
 50307
 29100
 32256
 90673
 94468
 445
 57746
 93667
 3809
 61563
 62379
 34011
 83119
 11892
 56213
 10522
 74521
 5935
 76211
 68034
 62956
 98358
 88234
 7324
 88799
 33301
 34095
 48759
 1393
 76785
 9979
 84485
 4398
 73462
 76764
 59244
 38098
 1257
 37304
 6112
 14251
 50221
 77355
 23094
 18569
 1298
 32291
 56459
 34408
 28719
 55966
 72859
 65938
 71854
 20948
 29798
 76574
 51041
 73450
 60067
 31960
 33495
 59978
 22780
 32862
 65781
 45342
 45091
 3744
 73935
 67829
 3128
 77242
 55718
 96528
 88912
 22728
 98901
 75669
 66892
 90553
 27208
 61143
 53677
 12657
 31435
 80024
 56177
 7223
 42785
 26125
 12149
 18314
 98717
 99451
 25152
 9090
 2842
 76338
 90482
 63870
 74599
 45574
 21333
 19971
 86823
 13663
 94188
 893
 24259
 62726
 74431
 40303
 6207
 64814
 74178
 25610
 17596
 3231
 17179
 18999
 14152
 96959
 7327
 85845
 42534
 4004
 66606
 4366
 15899
 70151
 9333
 47026
 69135
 13588
 96447
 77334
 92712
 34813
 994
 14114
 63025
 43751
 29171
 22666
 19423
 27771
 34359
 98285
 59145
 6404
 59168
 50493
 90794
 55172
 95062
 97982
 21997
 87627
 90652
 18561
 50553
 89118
 65894
 97881
 30892
 81813
 69802
 25056
 60162
 70270
 90317
 17736
 27380
 85321
 86227
 14633
 87319
 16959
 98892
 74640
 94185
 71213
 35871
 76991
 50226
 89047
 16744
 51450
 2624
 74252
 69982
 93900
 49247
 20340
 47018
 3420
 25390
 67036
 30769
 92349
 88925
 30721
 99381
 92996
 76748
 26623
 55868
 87560
 41227
 61273
 30395
 28842
 38348
 68158
 43478
 31557
 97911
 25603
 37162
 82299
 83584
 24873
 77631
 47382
 63437
 43474
 25466
 24836
 16146
 445
 50410
 16161
 59753
 12690
 33307
 67068
 93314
 72670
 83506
 98945
 29368
 8630
 38683
 55122
 21955
 54
 90505
 28471
 42906
 19043
 1832
 58035
 94726
 66014
 5013
 21645
 37691
 69208
 90772
 357
 78175
 37802
 75820
 99708
 62282
 87604
 59813
 29921
 35765
 58458
 38059
 81886
 70182
 62788
 83094
 93793
 41820
 52758
 93598
 69112
 67424
 91196
 87312
 16078
 10998
 23496
 65509
 97482
 68114
 1161
 39860
 90315
 29903
 61421
 2199
 59134
 32349
 42509
 18236
 9926
 57655
 24363
 28786
 52879
 89714
 99426
 98023
 86314
 15803
 42244
 97956
 2903
 8610
 89887
 47812
 26472
 37062
 35085
 7497
 86820
 77355
 82834
 17140
 85333
 83416
 67079
 18283
 65296
 33703
 39226
 21827
 46825
 21643
 18576
 44709
 54332
 66143
 47893
 57446
 8841
 29847
 89388
 53551
 31378
 78831
 96097
 96353
 89420
 78780
 18457
 61695
 35981
 89888
 84657
 78374
 67400
 81726
 34405
 93636
 64707
 62245
 11259
 79013
 57796
 138
 27228
 17260
 86073
 93629
 2996
 2792
 39639
 59393
 15132
 245
 79694
 81459
 56302
 52387
 72438
 68858
 58321
 43797
 85499
 57679
 23581
 26229
 8751
 1684
 59798
 58193
 62574
 42101
 11501
 38704
 64393
 31402
 59504
 40794
 69192
 92000
 671
 30508
 45401
 78191
 15358
 29487
 95531
 69195
 93905
 55480
 15099
 59071
 11904
 81303
 53964
 45351
 89062
 82156
 23462
 94087
 89056
 45052
 43478
 61048
 16189
 8212
 18598
 68444
 68422
 41838
 39044
 70393
 71035
 57692
 83416
 8993
 64049
 13016
 27306
 27551
 1059
 7627
 33404
 50890
 80135
 17546
 74492
 92098
 99479
 15996
 11434
 35112
 59835
 14705
 78566
 84309
 44746
 28286
 67860
 96465
 86953
 60656
 13994
 78440
 98880
 62244
 83152
 11000
 38703
 43029
 1107
 75992
 37225
 8240
 22013
 20999
 3183
 2093
 73207
 66578
 87760
 87636
 7464
 22992
 63228
 74158
 29883
 69183
 13109
 66025
 49265
 13829
 5227
 10356
 48971
 33556
 23538
 31903
 0
 49180
 66130
 22829
 98287
 34771
 31692
 60959
 49852
 28797
 93201
 92631
 47610
 89978
 93529
 61725
 46347
 6000
 39543
 9807
 61698
 56006
 4992
 57847
 28257
 55629
 76192
 97807
 38636
 60091
 71308
 18316
 30862
 55841
 98747
 56024
 35942
 6907
 49655
 88357
 