43842
 30938
 19152
 44114
 74344
 61135
 56762
 19420
 52217
 23532
 95052
 79003
 66770
 45502
 47947
 24519
 67079
 17181
 32071
 89865
 34773
 98163
 22473
 98002
 93206
 55819
 87520
 19310
 94685
 23082
 82626
 51368
 59956
 76728
 8883
 7990
 54631
 64618
 9804
 26657
 0
 8504
 2786
 32085
 5093
 3284
 69338
 58335
 48387
 6703
 70341
 20253
 11997
 86201
 45328
 65045
 68929
 28737
 14765
 23851
 60022
 37545
 3506
 57269
 4152
 77952
 13449
 83980
 92253
 53439
 52021
 51451
 7896
 97386
 60650
 7031
 48434
 82856
 33310
 93228
 84762
 10769
 23642
 96298
 61636
 32545
 15918
 37969
 55451
 80045
 23167
 40377
 7459
 85237
 47657
 48703
 37117
 42702
 17991
 77117
 57120
 86584
 78079
 96169
 47888
 73757
 44375
 64395
 77037
 74979
 40552
 10508
 59247
 72224
 64724
 17332
 93574
 40103
 72618
 19217
 60943
 18203
 65901
 95780
 48256
 55261
 42387
 64295
 29500
 80297
 76468
 32721
 25498
 9900
 17797
 9408
 68169
 78685
 10710
 4492
 2066
 28117
 73370
 63043
 3684
 2104
 89905
 66191
 13022
 14754
 77685
 61218
 52375
 81812
 12812
 36771
 18444
 14834
 61322
 7203
 46795
 31612
 40782
 63361
 65749
 49251
 66134
 88027
 72771
 41149
 13043
 69792
 15154
 81541
 70731
 39415
 2877
 50156
 54935
 97797
 84431
 71818
 25103
 92558
 84345
 72628
 65877
 37679
 74991
 1505
 25847
 10905
 22463
 2137
 33549
 64274
 73888
 81543
 65805
 64805
 65312
 80119
 58815
 8020
 63851
 2222
 89208
 22902
 8834
 92287
 61478
 93656
 69230
 37411
 60656
 65894
 62436
 45172
 22840
 2045
 68869
 99729
 94999
 52573
 93218
 71946
 91807
 32229
 88759
 61913
 55993
 82407
 76363
 78473
 68674
 15787
 3930
 29900
 72618
 74630
 8808
 99379
 68009
 52801
 14239
 40240
 60310
 20012
 81280
 8131
 14484
 97559
 95699
 30968
 62808
 57191
 83183
 58053
 56073
 71517
 4841
 34999
 80446
 77031
 65990
 31034
 86843
 68540
 23761
 25761
 70588
 24363
 26474
 72467
 62768
 76181
 80466
 90237
 47479
 99937
 30260
 1569
 4375
 39197
 1429
 83971
 67973
 94285
 95808
 92532
 79730
 1846
 21574
 32903
 67034
 28987
 84268
 49486
 5071
 12856
 37193
 30980
 33031
 21549
 45189
 41142
 50866
 65433
 0
 26436
 49353
 40552
 50448
 47992
 69186
 55389
 70893
 34007
 47702
 91815
 30720
 84536
 9472
 29692
 59770
 23076
 96095
 55979
 31540
 38515
 85793
 94418
 82428
 81567
 48464
 69583
 35810
 28157
 2609
 50595
 58039
 19645
 57375
 37761
 2820
 11561
 67544
 12687
 55708
 94816
 38806
 23405
 65249
 21340
 58659
 60925
 48595
 58421
 27593
 65879
 80523
 79803
 67228
 26523
 12376
 50097
 8721
 93582
 44862
 58148
 22721
 83284
 36527
 4832
 42780
 11155
 2974
 27385
 63507
 7310
 73357
 16973
 54718
 9971
 2655
 83716
 39821
 21057
 69327
 97596
 37327
 82814
 12568
 41688
 71987
 76165
 47920
 78660
 6807
 16751
 39674
 63558
 5014
 48044
 5828
 9870
 48342
 17886
 20041
 522
 68615
 8120
 22748
 37408
 13430
 67211
 98550
 44648
 90440
 23525
 54245
 32394
 55105
 92647
 50939
 21477
 88236
 71903
 89378
 72870
 62515
 86235
 7837
 75337
 61839
 48136
 6373
 23458
 32996
 51275
 11614
 56830
 94761
 21077
 7958
 73762
 12551
 97665
 23050
 97748
 14162
 34896
 69954
 61236
 11773
 87794
 32187
 35487
 42717
 46525
 97537
 11476
 15748
 18801
 47983
 59538
 88638
 3838
 24820
 89493
 71585
 38614
 56076
 18733
 25925
 52013
 18758
 66581
 75635
 78605
 33820
 13998
 9631
 76501
 23628
 24720
 5344
 89541
 78248
 62224
 63417
 49261
 5017
 44691
 68849
 5510
 41582
 13311
 33426
 70017
 58931
 62629
 56193
 53610
 86938
 99975
 4595
 49271
 99424
 48445
 17953
 82624
 25979
 11653
 73297
 29579
 51967
 83068
 78730
 33902
 65806
 69094
 61044
 59398
 95368
 83151
 15648
 90095
 31970
 55555
 29013
 47364
 95100
 40925
 87423
 73746
 48458
 98456
 34693
 64124
 46032
 86576
 30196
 70816
 26199
 66082
 91086
 55146
 15895
 66481
 38361
 88315
 58630
 98340
 87849
 38567
 44924
 45040
 64730
 6457
 80876
 5779
 32142
 51949
 8752
 27527
 44628
 54101
 83876
 70902
 35297
 6041
 10862
 32433
 42812
 92966
 84611
 82378
 3043
 49612
 62486
 62884
 64108
 35634
 88643
 48772
 61363
 98322
 52000
 88941
 87145
 34864
 11673
 73793
 25508
 41656
 79885
 43018
 23799
 87841
 21043
 88358
 60686
 43254
 89383
 61288
 65472
 23049
 46804
 21140
 17499
 70834
 97722
 38157
 91763
 31596
 20134
 91764
 29031
 42853
 63795
 66815
 55695
 43298
 52473
 86280
 62506
 86469
 6141
 66635
 65201
 84681
 32209
 80697
 87368
 81821
 53755
 64240
 78571
 52298
 64572
 75178
 88747
 2836
 0
 33643
 49475
 59949
 60717
 27966
 49671
 60906
 33792
 22180
 38620
 90267
 85714
 24315
 91451
 29103
 45571
 10911
 74269
 85468
 65103
 25604
 6911
 38475
 36480
 92092
 12530
 58376
 53934
 30600
 45532
 40652
 88851
 437
 74839
 73438
 94091
 66344
 56017
 21334
 37230
 39191
 32503
 79282
 23342
 67657
 81213
 36690
 4137
 6242
 82195
 64063
 45833
 82321
 68250
 61705
 17335
 77826
 24582
 41740
 615
 27345
 7127
 83617
 55966
 51623
 28294
 70876
 95339
 66899
 47444
 67950
 6012
 46703
 46498
 71733
 73983
 86005
 28066
 8799
 7820
 13095
 61020
 57225
 77944
 31679
 83666
 25344
 65446
 96475
 40268
 11879
 61458
 40692
 94652
 19422
 70983
 39380
 99947
 54802
 16367
 39018
 78095
 7207
 42161
 11634
 75860
 51734
 54086
 64176
 1160
 96642
 40599
 14667
 81039
 78226
 36195
 78249
 85411
 97049
 17738
 16153
 5959
 2550
 74801
 92963
 80075
 76836
 65411
 61752
 33211
 82516
 51758
 7238
 61849
 57866
 87448
 33957
 11309
 83749
 64912
 48298
 76294
 27666
 36229
 2458
 18950
 37199
 21450
 45780
 80499
 11159
 1851
 83521
 91548
 70779
 82918
 55486
 56757
 58123
 29551
 41981
 61470
 27133
 28198
 25352
 27897
 37
 75167
 95564
 41906
 23109
 47418
 68421
 36915
 42700
 27494
 74190
 93061
 99290
 26600
 6300
 9541
 86461
 96135
 56854
 5005
 86474
 7940
 6089
 6327
 26847
 3996
 48393
 83042
 74671
 88930
 87430
 78312
 81324
 90472
 77673
 66805
 87770
 32593
 36383
 47431
 97575
 3572
 95626
 62664
 27829
 52223
 70735
 26041
 48338
 33396
 34998
 43712
 46768
 36754
 54098
 74112
 1927
 33814
 5070
 53425
 4783
 80954
 45323
 19844
 16779
 79820
 47749
 83475
 59389
 59496
 11735
 82001
 11493
 71867
 50173
 26831
 7040
 24075
 10066
 29252
 94964
 31281
 83022
 95592
 86885
 38415
 14429
 69656
 83965
 51258
 68016
 22461
 16047
 51030
 17057
 33177
 66420
 12393
 81857
 19026
 18172
 67374
 24686
 63524
 24643
 39026
 2855
 26208
 80947
 76582
 57702
 11761
 52598
 56582
 8392
 15640
 6311
 86925
 35575
 44967
 54355
 80898
 84144
 66795
 33266
 29185
 52266
 46790
 912
 32763
 33486
 85605
 31184
 94523
 76531
 71964
 47790
 71072
 54491
 65603
 97134
 15648
 77330
 22088
 44063
 80369
 14167
 53907
 77913
 70501
 27773
 48101
 18545
 27791
 75235
 94861
 68180
 5783
 29459
 38979
 21462
 18343
 32828
 63339
 96436
 54342
 99196
 52308
 99297
 78181
 59900
 92918
 17304
 93830
 53271
 48917
 43817
 33905
 14740
 60042
 65243
 4823
 9330
 6883
 41671
 77029
 23385
 8490
 46825
 