0
 94
 393
 401
 417
 515
 519
 719
 771
 846
 967
 1043
 1055
 1114
 1285
 1406
 1549
 1814
 1895
 1932
 2081
 2228
 2496
 2581
 2812
 3095
 3180
 3214
 3246
 3358
 3361
 3547
 3575
 3745
 3786
 3810
 3978
 4061
 4244
 4333
 4360
 4373
 4583
 4613
 4703
 4741
 5020
 5092
 5328
 5332
 5355
 5641
 5667
 5840
 5847
 5867
 5926
 6071
 6153
 6200
 6256
 6522
 6591
 6695
 6777
 7060
 7131
 7306
 7375
 7403
 7714
 7776
 7795
 7798
 7863
 7866
 8294
 8382
 8536
 8637
 8676
 8740
 8805
 8816
 8970
 9217
 9233
 9287
 9359
 9372
 9544
 9664
 9775
 9790
 9815
 9886
 10020
 10032
 10040
 10080
 10196
 10240
 10266
 10416
 10653
 10752
 10949
 11066
 11146
 11172
 11203
 11222
 11690
 11730
 11731
 12055
 12096
 12120
 12324
 12340
 12379
 12384
 12439
 12550
 12587
 13141
 13146
 13150
 13260
 13340
 13477
 13698
 13793
 14161
 14173
 14218
 14221
 14231
 14365
 14531
 14539
 14639
 14658
 14786
 14789
 14849
 14880
 14922
 14927
 15185
 15243
 15384
 15385
 15544
 15563
 15587
 15750
 16052
 16155
 16200
 16235
 16306
 16393
 16429
 16493
 16527
 16528
 16572
 16618
 16741
 16907
 17060
 17209
 17316
 17324
 17341
 17453
 17485
 17518
 17694
 18009
 18093
 18151
 18316
 18397
 18414
 18504
 18722
 18867
 19088
 19128
 19403
 19455
 19637
 19783
 19917
 19991
 20111
 20320
 20441
 20833
 20856
 20974
 21033
 21034
 21084
 21151
 21216
 21230
 21290
 21425
 21538
 21646
 21650
 21675
 21828
 21869
 21898
 21983
 21985
 22092
 22240
 22346
 22392
 22459
 22482
 22580
 22643
 22906
 23008
 23148
 23255
 23258
 23364
 23402
 23449
 23539
 23596
 23598
 23626
 23722
 24113
 24243
 24364
 24416
 24469
 24492
 24639
 24651
 24740
 24790
 25138
 25199
 25323
 25354
 25744
 25818
 25848
 25924
 26104
 26137
 26181
 26186
 26191
 26263
 26270
 26288
 26718
 26724
 26835
 26875
 26881
 26905
 27054
 27281
 27422
 27455
 27470
 27510
 27636
 27674
 27745
 27979
 28204
 28230
 28312
 28328
 28371
 28373
 28453
 28585
 28711
 28786
 28807
 28856
 28900
 28982
 29016
 29035
 29163
 29269
 29372
 29459
 29641
 29658
 29667
 29733
 29918
 29931
 29996
 30039
 30191
 30251
 30253
 30590
 30933
 30979
 31007
 31659
 31662
 31671
 31700
 31712
 31876
 31945
 32274
 32325
 32451
 32469
 32545
 32563
 32684
 32700
 32709
 32716
 32778
 32842
 32856
 32920
 32977
 33052
 33089
 33557
 33576
 33670
 33679
 33729
 34008
 34026
 34033
 34035
 34051
 34104
 34258
 34284
 34300
 34482
 34579
 34615
 34854
 34880
 34936
 34939
 35072
 35086
 35190
 35294
 35554
 35598
 35661
 35837
 35920
 36208
 36292
 36474
 36654
 36740
 36870
 37063
 37191
 37242
 37453
 37514
 37527
 37590
 37637
 37709
 37719
 37727
 37798
 37799
 37895
 38115
 38436
 38499
 38561
 38633
 38652
 38674
 38722
 38769
 38812
 38824
 38833
 38930
 38942
 38961
 38997
 39106
 39168
 39178
 39400
 39493
 39510
 39615
 39661
 39775
 40038
 40276
 40286
 40316
 40365
 40375
 40425
 40650
 40720
 41057
 41059
 41089
 41137
 41208
 41275
 41490
 41543
 41777
 41800
 41873
 41888
 42105
 42219
 42402
 42472
 42553
 42640
 42777
 43036
 43180
 43192
 43220
 43234
 43343
 43457
 43478
 43527
 43720
 43930
 44096
 44140
 44213
 44322
 44573
 44657
 44697
 44728
 44861
 45072
 45285
 45313
 45604
 45718
 45865
 45893
 45897
 45957
 46173
 46347
 46368
 46591
 46638
 46728
 46908
 46993
 47675
 47688
 47765
 47936
 48009
 48026
 48032
 48046
 48088
 48098
 48204
 48351
 48500
 48574
 48587
 48726
 48784
 48813
 48828
 48833
 48857
 48985
 48989
 49317
 49428
 49457
 49462
 49500
 49614
 49663
 49719
 49754
 49863
 49918
 50086
 50167
 50275
 50505
 50599
 50845
 51006
 51084
 51167
 51183
 51263
 51282
 51353
 51682
 51699
 51724
 51751
 52013
 52117
 52139
 52199
 52232
 52561
 52688
 53014
 53020
 53168
 53221
 53412
 53804
 53832
 53845
 54146
 54245
 54261
 54383
 54533
 54569
 54641
 54643
 55041
 55089
 55451
 55596
 55609
 55629
 55680
 55839
 55887
 56054
 56279
 56320
 56323
 56843
 56891
 56978
 57084
 57107
 57119
 57169
 57211
 57490
 57491
 57558
 57731
 57760
 57873
 57875
 57929
 57951
 57984
 58001
 58019
 58521
 58823
 58931
 58969
 59182
 59186
 59245
 59251
 59470
 59541
 59586
 59686
 59722
 59891
 59959
 60249
 60491
 60681
 60810
 60813
 60856
 60903
 60949
 61019
 61162
 61249
 61308
 61341
 61490
 61594
 61619
 61709
 61825
 61827
 61961
 61966
 62033
 62068
 62228
 62246
 62517
 62832
 62842
 62966
 63027
 63181
 63416
 63427
 63550
 63650
 63794
 63865
 63988
 64008
 64057
 64218
 64436
 64474
 64485
 64631
 64644
 64710
 64723
 64982
 65126
 65184
 65209
 65326
 65390
 65396
 65451
 65452
 65655
 65680
 65685
 65773
 65804
 65958
 65998
 66437
 66445
 66476
 66551
 66708
 66800
 67021
 67065
 67412
 67481
 67703
 67777
 67823
 67924
 67940
 67941
 68141
 68258
 68290
 68413
 68425
 68644
 68669
 68708
 68748
 68790
 69054
 69418
 69632
 69644
 69729
 69739
 69767
 69783
 69821
 70022
 70036
 70177
 70407
 70476
 70492
 70531
 70608
 70620
 71144
 71263
 71282
 71362
 71774
 71856
 71902
 71992
 71993
 72005
 72020
 72053
 72181
 72215
 72438
 72643
 72644
 72647
 72681
 72835
 72843
 72923
 73046
 73125
 73198
 73250
 73578
 73680
 73810
 74063
 74074
 74174
 74235
 74244
 74361
 74581
 74630
 74695
 74775
 74836
 74850
 74860
 74946
 74992
 75137
 75283
 75499
 75812
 75955
 76289
 76309
 76568
 76741
 76845
 76923
 76969
 77165
 77419
 77499
 77511
 77522
 77878
 77915
 77992
 78056
 78128
 78170
 78428
 78431
 78459
 78499
 78598
 78983
 78995
 79101
 79103
 79285
 79446
 79696
 79749
 79937
 79989
 80009
 80228
 80291
 80342
 80453
 80470
 80568
 80721
 80901
 81424
 81628
 81664
 81975
 82015
 82097
 82479
 82581
 82700
 82749
 82758
 82769
 82796
 82805
 82809
 82860
 82890
 82907
 83161
 83189
 83280
 83368
 83447
 83621
 83737
 83870
 83875
 84009
 84098
 84112
 84239
 84368
 84415
 84514
 84601
 84672
 84679
 84682
 84775
 84860
 84899
 85055
 85324
 85549
 85841
 85916
 85975
 86021
 86032
 86092
 86097
 86119
 86121
 86260
 86264
 86326
 86483
 86675
 86683
 86789
 86790
 86956
 86991
 87029
 87033
 87050
 87163
 87234
 87313
 87400
 87489
 87550
 87605
 87670
 87744
 87856
 87886
 88132
 88184
 88228
 88233
 88332
 88346
 88720
 88777
 89007
 89439
 89492
 89499
 89530
 89926
 89979
 90222
 90285
 90296
 90410
 90606
 90909
 90930
 91010
 91075
 91139
 91185
 91237
 91394
 91447
 91450
 91483
 91564
 91649
 91661
 91703
 91885
 91921
 91980
 91995
 92144
 92153
 92198
 92310
 92523
 92526
 92765
 92838
 92999
 93009
 93013
 93020
 93366
 93427
 93592
 93629
 93828
 93876
 93883
 93922
 94108
 94380
 94408
 94527
 94623
 94665
 94794
 94852
 94964
 95341
 95343
 95569
 95617
 95649
 95663
 95666
 95781
 95869
 96145
 96382
 96439
 96448
 96702
 96744
 96774
 97067
 97314
 97343
 97490
 97574
 97599
 97833
 97902
 98107
 98113
 98184
 98242
 98253
 98389
 98481
 98483
 98536
 98627
 98673
 98760
 98829
 98903
 98985
 98990
 98997
 99355
 99441
 99445
 99517
 99557
 99777
 99783
 100045
 100097
 100211
 100321
 100536
 100719
 100922
 100998
 101014
 101046
 101541
 101549
 101676
 102173
 102224
 102317
 102414
 102707
 102893
 102923
 102943
 103170
 103189
 103277
 103448
 103594
 103699
 103817
 103860
 104175
 104281
 104301
 104415
 104458
 104463
 104464
 104475
 104691
 104771
 104863
 104884
 104956
 105178
 105263
 105455
 105576
 105585
 105695
 105751
 106294
 106417
 106479
 106809
 106812
 107058
 107128
 107464
 107509
 107545
 107589
 107618
 107681
 107729
 107769
 107888
 107913
 107994
 108092
 108097
 108108
 108144
 108153
 108189
 108208
 108217
 108223
 108320
 108413
 108649
 108857
 108963
 109190
 109239
 109352
 109364
 109590
 109616
 109684
 109741
 109821
 109964
 110072
 110181
 110265
 110342
 110918
 111019
 111156
 111191
 111245
 111289
 111351
 111407
 111453
 111635
 111655
 112108
 112359
 112369
 112372
 112374
 112566
 112774
 112835
 112872
 112904
 112929
 112941
 113267
 113316
 113772
 113782
 113965
 113974
 114155
 114400
 114479
 114542
 114736
 114757
 114785
 114941
 115131
 115210
 115292
 115484
 115545
 115611
 115690
 115749
 115786
 115881
 116003
 116005
 116237
 116383
 116416
 116640
 116774
 116823
 116840
 116883
 116995
 117009
 117081
 117149
 117165
 117177
 117216
 117239
 117596
 117647
 117667
 117681
 117856
 117943
 117975
 118010
 118117
 118331
 118336
 118378
 118500
 118507
 118514
 118644
 118830
 118866
 118996
 118997
 119027
 119061
 119072
 119074
 119348
 119402
 119460
 119461
 119467
 119712
 119752
 120075
 120128
 120177
 120336
 120421
 120436
 120461
 120681
 120847
 120873
 121202
 121240
 121318
 121367
 121467
 121573
 121591
 121692
 121739
 121767
 121843
 121880
 121932
 122040
 122041
 122064
 122271
 122354
 122513
 122618
 122718
 122979
 123041
 123209
 123222
 123255
 123287
 123306
 123333
 123402
 123743
 123801
 123823
 123899
 123904
 123938
 123947
 124131
 124281
 124421
 124481
 124538
 124549
 124616
 124771
 124897
 125017
 125072
 125076
 125165
 125191
 125431
 125510
 125657
 125705
 125848
 126081
 126151
 126242
 126431
 126434
 126507
 126550
 126582
 126615
 126725
 126823
 126982
 127010
 127037
 127092
 127164
 127208
 127270
 127276
 127359
 127548
 127659
 127675
 127984
 128099
 128462
 128498
 128502
 128603
 128640
 128823
 128838
 128847
 128994
 129382
 129579
 129626
 129659
 129798
 129926
 130298
 130372
 130436
 130456
 130630
 130804
 130959
 131012
 131131
 131168
 131214
 131231
 131239
 131423
 131431
 131432
 131502
 131591
 131748
 131759
 132076
 132285
 132334
 132352
 132391
 132444
 132511
 132530
 132579
 132701
 132772
 132998
 133034
 133098
 133408
 133477
 133621
 133657
 133660
 133874
 133894
 134048
 134147
 134310
 134507
 134525
 134673
 134674
 134733
 134770
 134872
 134948
 134961
 135104
 135180
 135251
 135458
 135573
 135619
 135634
 135714
 135837
 135984
 136094
 136116
 136118
 136127
 136254
 136380
 136425
 136612
 136653
 136811
 136839
 136901
 136921
 136932
 136979
 137065
 137157
 137167
 137388
 137630
 137851
 138480
 138552
 138797
 138831
 138898
 139036
 139138
 139291
 139447
 139469
 139497
 139580
 139718
 139772
 139940
 139942
 140216
 140332
 140552
 140776
 141252
 141369
 141395
 141403
 141742
 141768
 141803
 141965
 142120
 142162
 142246
 142278
 142291
 142364
 142371
 142456
 142497
 142575
 142674
 142680
 142724
 142857
 142872
 142899
 142920
 142956
 143191
 143249
 143257
 143319
 143326
 143399
 143494
 143503
 143572
 143810
 143838
 144177
 144340
 144387
 144534
 144695
 144795
 145034
 145103
 145128
 145209
 145220
 145276
 145543
 145606
 145853
 145979
 146023
 146186
 146266
 146279
 146329
 146502
 146681
 146831
 146857
 146935
 146992
 147157
 147540
 147623
 147631
 147638
 147660
 147982
 148036
 148154
 148186
 148343
 148347
 148384
 148526
 148551
 148579
 148676
 149049
 149105
 149173
 149184
 149369
 149436
 149608
 149656
 149658
 149670
 149710
 149721
 149828
 150263
 150303
 150313
 150326
 150414
 150455
 150466
 150481
 150507
 150567
 150738
 150860
 151267
 151269
 151342
 151413
 151441
 151571
 151705
 151760
 151798
 151866
 151987
 151993
 152004
 152093
 152224
 152263
 152273
 152293
 152472
 152517
 152597
 152712
 152890
 152931
 153057
 153074
 153355
 153583
 153631
 153748
 153775
 153964
 154301
 154308
 154347
 154362
 154385
 154809
 154898
 154981
 155112
 155192
 155208
 155246
 155318
 155333
 155339
 155419
 155425
 155443
 155808
 156028
 156058
 156236
 156273
 156424
 156433
 156456
 156515
 156610
 156696
 156744
 156862
 156873
 156932
 156962
 157076
 157087
 157278
 157347
 157349
 157369
 157373
 157601
 158038
 158061
 158192
 158260
 158311
 158377
 158424
 158514
 158627
 158747
 158779
 158811
 158930
 159073
 159099
 159216
 159387
 159420
 159466
 159662
 159693
 159764
 159929
 159975
 159976
 160114
 160529
 160720
 160745
 160789
 160847
 160869
 160884
 160887
 161025
 161206
 161290
 161371
 161722
 161753
 161891
 161922
 162072
 162194
 162523
 162727
 162763
 162833
 162842
 162946
 163329
 163584
 163619
 163742
 163758
 163892
 164054
 164187
 164289
 164530
 164556
 164966
 165008
 165016
 165115
 165224
 165268
 165373
 165517
 165559
 165618
 165664
 165698
 166053
 166168
 166224
 166277
 166526
 166727
 166747
 167280
 167485
 167677
 167713
 167808
 167818
 168503
 168524
 168543
 168785
 168893
 169040
 169100
 169230
 169235
 169277
 169312
 169807
 169955
 169957
 170007
 170313
 170413
 170432
 170480
 170674
 170706
 170758
 170936
 170937
 170971
 171220
 171346
 171477
 171501
 171585
 171846
 171898
 172010
 172190
 172379
 172401
 172533
 172557
 172627
 172719
 173056
 173199
 173629
 173667
 173913
 173953
 173986
 174016
 174075
 174079
 174084
 174273
 174386
 174488
 174623
 174667
 174772
 174817
 175036
 175121
 175274
 175279
 175281
 175411
 175631
 175652
 175805
 175814
 175935
 175952
 176020
 176298
 176325
 176343
 176379
 176470
 176522
 176527
 176534
 176700
 176962
 176997
 177018
 177201
 177229
 177366
 177372
 177385
 177515
 177719
 177752
 177866
 177937
 178082
 178168
 178241
 178394
 178496
 178523
 178604
 178641
 178687
 178720
 178810
 178841
 178908
 178985
 179068
 179123
 179127
 179165
 179180
 179281
 179310
 179321
 179487
 179547
 179616
 179782
 179818
 179954
 180012
 180473
 180665
 180936
 180964
 180969
 181186
 181347
 181486
 181686
 181758
 181788
 181929
 182019
 182264
 182419
 182758
 182760
 182966
 183003
 183105
 183182
 183192
 183251
 183310
 183482
 183594
 183739
 183753
 183840
 183885
 183898
 183911
 183930
 183951
 184266
 184287
 184353
 184409
 184528
 184741
 185168
 185437
 185595
 185650
 185659
 185810
 185841
 185858
 186247
 186318
 186432
 186475
 186560
 186649
 186821
 186968
 187130
 187154
 187293
 187408
 187436
 187458
 187694
 187710
 188144
 188284
 188476
 188521
 188540
 188545
 188750
 188822
 188865
 189129
 189181
 189231
 189361
 189391
 189493
 189529
 189540
 189596
 189656
 189753
 189792
 189911
 189951
 190042
 190099
 190102
 190139
 190301
 190609
 190876
 190892
 191021
 191133
 191140
 191144
 191203
 191268
 191312
 191336
 191358
 191386
 191674
 191724
 191912
 191919
 191972
 191999
 192349
 192975
 193013
 193025
 193161
 193435
 193442
 193455
 193525
 193529
 193548
 193575
 193714
 193788
 193853
 194081
 194106
 194153
 194357
 194364
 194367
 194404
 194515
 194700
 194778
 195310
 195464
 195532
 195547
 195550
 195594
 195654
 195738
 195806
 195943
 195949
 196051
 196078
 196097
 196323
 196366
 196426
 196582
 196593
 196836
 197183
 197399
 197461
 197492
 197554
 197622
 197773
 197930
 198317
 198368
 198522
 198555
 198767
 198795
 198911
 198939
 199072
 199183
 199288
 199314
 199323
 199338
 199407
 199492
 199511
 199530
 199568
 199605
 199652
 199663
 199790
 200000
 200206
 200395
 200428
 200607
 200625
 200695
 200865
 200902
 201013
 201097
 201287
 201320
 201409
 201439
 201462
 201468
 201476
 201552
 201566
 201609
 201731
 201736
 201744
 201789
 201834
 201973
 202051
 202153
 202179
 202216
 202251
 202255
 202266
 202295
 202399
 202419
 202444
 202514
 202531
 202723
 202762
 202863
 202898
 203184
 203234
 203266
 203503
 203702
 203957
 204091
 204255
 204292
 204336
 204368
 204468
 204502
 204519
 204564
 204822
 204946
 205240
 205313
 205342
 205397
 205602
 205625
 205635
 205657
 205660
 205792
 205795
 205821
 205825
 205966
 206050
 206128
 206167
 206245
 206727
 206835
 206896
 206964
 206992
 206996
 207100
 207182
 207470
 207517
 207606
 207735
 207835
 207926
 207955
 208004
 208154
 208249
 208333
 208379
 208769
 208805
 209360
 209436
 209698
 209752
 209775
 209810
 210026
 210032
 210046
 210138
 210193
 210303
 210325
 210399
 210526
 210672
 210731
 210740
 210855
 211030
 211153
 211217
 211267
 211285
 211549
 211670
 211696
 211785
 211788
 211912
 212015
 212064
 212301
 212323
 212347
 212387
 212585
 212587
 212597
 212626
 212636
 212669
 212827
 212895
 212911
 212927
 213159
 213219
 213284
 213303
 213385
 213452
 213480
 213498
 213560
 213590
 213740
 213806
 213864
 213955
 213982
 214039
 214126
 214285
 214307
 214569
 214718
 214798
 215005
 215291
 215319
 215399
 215432
 215518
 215523
 215560
 215605
 215693
 215739
 215840
 215867
 216033
 216349
 216383
 216442
 216470
 216602
 216762
 216788
 216819
 216870
 216883
 216918
 216972
 217011
 217031
 217035
 217126
 217171
 217228
 217377
 217486
 217487
 217493
 217535
 217600
 218066
 218079
 218085
 218116
 218181
 218259
 218368
 218410
 218474
 218507
 218559
 218611
 218752
 218873
 219058
 219125
 219172
 219401
 219706
 219841
 219905
 219938
 220034
 220041
 220108
 220120
 220264
 220348
 220460
 220545
 220650
 220666
 220748
 220755
 220819
 220882
 220921
 220982
 221126
 221153
 221182
 221326
 221345
 221461
 221478
 221614
 221780
 222030
 222170
 222222
 222357
 222443
 222478
 222608
 222610
 222654
 222701
 222866
 223210
 223495
 223550
 223618
 223819
 223851
 223935
 223987
 224038
 224185
 224316
 224442
 224605
 224722
 224829
 224883
 224886
 224890
 224897
 224959
 225043
 225080
 225094
 225149
 225277
 225359
 225464
 225677
 225693
 225741
 225756
 225924
 226029
 226119
 226204
 226408
 226602
 226647
 226767
 226907
 226941
 227154
 227356
 227397
 227444
 227642
 227744
 227851
 227908
 227969
 228053
 228094
 228219
 228322
 228417
 228426
 228461
 228547
 228564
 228690
 228884
 228974
 229154
 229181
 229269
 229273
 229284
 229524
 229822
 229894
 230024
 230036
 230068
 230386
 230524
 230596
 230641
 230656
 230751
 230833
 230850
 230880
 231027
 231113
 231130
 231410
 231431
 231464
 231493
 231512
 231521
 231578
 231614
 231655
 231774
 231999
 232150
 232358
 232505
 232514
 232614
 232734
 232736
 232774
 232884
 232941
 232953
 233092
 233180
 233205
 233345
 233386
 233391
 233418
 233502
 233625
 233650
 233758
 233766
 233841
 233870
 233901
 234336
 234342
 234467
 234575
 234688
 234695
 234742
 234804
 234827
 234863
 234886
 234931
 234961
 235223
 235233
 235294
 235404
 235467
 235507
 235602
 235802
 235865
 235896
 236668
 236709
 236756
 236913
 236930
 236982
 237195
 237350
 237425
 237432
 237574
 237592
 237711
 237721
 237787
 238013
 238031
 238032
 238108
 238191
 238194
 238315
 238472
 238506
 238582
 238608
 238669
 238771
 238905
 238985
 239029
 239031
 239105
 239154
 239252
 239374
 239516
 239551
 239736
 239944
 239954
 239994
 240130
 240265
 240312
 240342
 240563
 240617
 240626
 240652
 240690
 240780
 240973
 240989
 241344
 241480
 241683
 241802
 241815
 241911
 242140
 242236
 242240
 242372
 242671
 242837
 242924
 242962
 242993
 243194
 243333
 243337
 243509
 243581
 243691
 243800
 243994
 244019
 244106
 244171
 244186
 244258
 244363
 244486
 244576
 244637
 244718
 244824
 244897
 244990
 245034
 245166
 245276
 245337
 245606
 245901
 245912
 245986
 246006
 246048
 246162
 246224
 246308
 246363
 246511
 246845
 246951
 247035
 247080
 247178
 247198
 247485
 247604
 247949
 247977
 248158
 248184
 248237
 248320
 248416
 248456
 248519
 248546
 248557
 248582
 248606
 248630
 248640
 248724
 248812
 248901
 248902
 248905
 249051
 249210
 249238
 249511
 249607
 249686
 249983
 250000
 250010
 250057
 250114
 250184
 250263
 250369
 250608
 250631
 250709
 251209
 251231
 251298
 251313
 251316
 251356
 251674
 251692
 251696
 251953
 251984
 252103
 252244
 252293
 252384
 252495
 252884
 252895
 252899
 252939
 252961
 253097
 253126
 253283
 253437
 253533
 253687
 253703
 253758
 253780
 253822
 253990
 253997
 253999
 254085
 254335
 254344
 254400
 254545
 254567
 254627
 254631
 254915
 254949
 255209
 255291
 255581
 255625
 255632
 255859
 255925
 255998
 256011
 256201
 256209
 256397
 256682
 256775
 256815
 256993
 257017
 257049
 257096
 257467
 257574
 257665
 257704
 257771
 257907
 257958
 258008
 258010
 258345
 258426
 258497
 258518
 258534
 258661
 258806
 258845
 258852
 258853
 259049
 259098
 259168
 259211
 259259
 259297
 259430
 259557
 259690
 259737
 259791
 259879
 260075
 260126
 260254
 260327
 260343
 260346
 260525
 260533
 260606
 260646
 260760
 260856
 260881
 261051
 261203
 261510
 261560
 261864
 261983
 262028
 262087
 262307
 262342
 262399
 262619
 262723
 263013
 263018
 263042
 263167
 263176
 263269
 263359
 263512
 263587
 263662
 263784
 263853
 263946
 263947
 263978
 263987
 263999
 264035
 264131
 264229
 264420
 264737
 264739
 264788
 264892
 265017
 265364
 265463
 265475
 265577
 265742
 265765
 265796
 265803
 265822
 265829
 265952
 266161
 266268
 266515
 266519
 266625
 266903
 266966
 267141
 267142
 267205
 267239
 267251
 267446
 267457
 267739
 267740
 267759
 267828
 268041
 268085
 268167
 268429
 268518
 268695
 268734
 268765
 268820
 268883
 269029
 269081
 269138
 269424
 269513
 269857
 270059
 270081
 270116
 270125
 270248
 270302
 270392
 270471
 270619
 270735
 271087
 271093
 271257
 271282
 271363
 271437
 271739
 271742
 271774
 271822
 271864
 271902
 272108
 272237
 272251
 272347
 272424
 272768
 272796
 272898
 272952
 273092
 273170
 273215
 273252
 273259
 273298
 273359
 273401
 273466
 273601
 273631
 273732
 273782
 273958
 274068
 274171
 274238
 274415
 274486
 274577
 274666
 274689
 274735
 274859
 274890
 275013
 275068
 275143
 275161
 275348
 275531
 275689
 275748
 275806
 275891
 275943
 275983
 276106
 276127
 276177
 276195
 276537
 276738
 276869
 276885
 276886
 276893
 276913
 277092
 277121
 277196
 277239
 277343
 277555
 277777
 278035
 278065
 278157
 278174
 278246
 278538
 278575
 278606
 278705
 278759
 278818
 278876
 279086
 279153
 279173
 279352
 279386
 279487
 279497
 279521
 279684
 279800
 280091
 280157
 280386
 280442
 280512
 280569
 280991
 281072
 281115
 281333
 281544
 281574
 281613
 281636
 281804
 281844
 281916
 281935
 281953
 281987
 282129
 282171
 282335
 282472
 282608
 282815
 282897
 282898
 282966
 283040
 283071
 283126
 283158
 283571
 283752
 283756
 283836
 283920
 283956
 283970
 284067
 284168
 284254
 284277
 284308
 284369
 284403
 284431
 284439
 284564
 284579
 284780
 284783
 284822
 284841
 285063
 285107
 285171
 285409
 285534
 285901
 286094
 286215
 286250
 286316
 286404
 286552
 286563
 286803
 286971
 287034
 287085
 287267
 287273
 287297
 287359
 287587
 287683
 287727
 287977
 288078
 288090
 288221
 288606
 288706
 288839
 289007
 289056
 289209
 289272
 289315
 289364
 289389
 289552
 289654
 289785
 289789
 289958
 290049
 290292
 290398
 290448
 290536
 291137
 291144
 291150
 291173
 291237
 291501
 291879
 291909
 292124
 292355
 292504
 292656
 292682
 293006
 293104
 293283
 293387
 293427
 293500
 293583
 293810
 293978
 294067
 294168
 294195
 294219
 294509
 294581
 294627
 294653
 294659
 294748
 294806
 294930
 295008
 295188
 295307
 295360
 295459
 295477
 295573
 295583
 295612
 295619
 295931
 295954
 296235
 296286
 296345
 296416
 296461
 296638
 296652
 296664
 296713
 296754
 296787
 297015
 297086
 297103
 297188
 297235
 297245
 297275
 297289
 297400
 297408
 297481
 297566
 297600
 298019
 298071
 298076
 298306
 298531
 298599
 298685
 298937
 298975
 299011
 299066
 299155
 299415
 299438
 299679
 299735
 299757
 300024
 300170
 300438
 300490
 300510
 300590
 300662
 300676
 300741
 300774
 301027
 301051
 301132
 301163
 301207
 301318
 301485
 301641
 301737
 301778
 301793
 301997
 302037
 302103
 302111
 302368
 302386
 302603
 302675
 302728
 302761
 302762
 302867
 303142
 303241
 303433
 303437
 303545
 303645
 303795
 303934
 304047
 304048
 304090
 304094
 304097
 304295
 304334
 304339
 304383
 304494
 304526
 304531
 304548
 304560
 304612
 304635
 304808
 304867
 304925
 305006
 305015
 305074
 305084
 305263
 305284
 305417
 305455
 305588
 305737
 305756
 305787
 305875
 306398
 306742
 306800
 306815
 306889
 306893
 306912
 307008
 307064
 307134
 307307
 307400
 307480
 307643
 307692
 307843
 307880
 307894
 308008
 308085
 308096
 308158
 308225
 308331
 308446
 308516
 308704
 308872
 308943
 308989
 309037
 309278
 309338
 309360
 309620
 309686
 309755
 309838
 310059
 310221
 310265
 310450
 310519
 310599
 310693
 310781
 310794
 310895
 311009
 311272
 311305
 311398
 311493
 311544
 311679
 311905
 311974
 312005
 312179
 312507
 312600
 312649
 312732
 312828
 312988
 313245
 313339
 313394
 313572
 313879
 313927
 313999
 314068
 314478
 314590
 314678
 315004
 315041
 315063
 315087
 315408
 315503
 315633
 315786
 315789
 315836
 315902
 316131
 316341
 316581
 316682
 316734
 316752
 316836
 316966
 316974
 317019
 317144
 317271
 317274
 317380
 317431
 317520
 317547
 317708
 317742
 317912
 317917
 317955
 318025
 318039
 318088
 318113
 318114
 318345
 318530
 318595
 318666
 318676
 318806
 319061
 319152
 319255
 319257
 319366
 319405
 319516
 319524
 319546
 319560
 319773
 319846
 320180
 320228
 320251
 320317
 320452
 320582
 320880
 321041
 321119
 321307
 321542
 321660
 321689
 321766
 321788
 321827
 321843
 321888
 321924
 322147
 322215
 322247
 322278
 322281
 322437
 322562
 322704
 322899
 322958
 322981
 323156
 323356
 323391
 323574
 323581
 323657
 323768
 323808
 323943
 323954
 324265
 324306
 324388
 324449
 324571
 324622
 324844
 324864
 325042
 325056
 325204
 325210
 325266
 325324
 325459
 325466
 325508
 325532
 325578
 325581
 325643
 325842
 325861
 325901
 326191
 326248
 326609
 326712
 326918
 326930
 326986
 327150
 327156
 327171
 327350
 327425
 327488
 327552
 327662
 327683
 327746
 327943
 327967
 328053
 328070
 328140
 328169
 328218
 328279
 328480
 328655
 328929
 329216
 329446
 329710
 329825
 329929
 330309
 330503
 330628
 330640
 330641
 330653
 330816
 330911
 330994
 331286
 331541
 331835
 331862
 331870
 331925
 332008
 332254
 332492
 332495
 332515
 332612
 332758
 332871
 332958
 332966
 333066
 333071
 333166
 333333
 333644
 333708
 333950
 334002
 334052
 334074
 334207
 334311
 334389
 334653
 334655
 334672
 334763
 335070
 335132
 335307
 335370
 335476
 335539
 335687
 335790
 335847
 335851
 335861
 336126
 336183
 336211
 336463
 336576
 336581
 336594
 336637
 336664
 336683
 336801
 336902
 336979
 337204
 337321
 337322
 337400
 337407
 337452
 337521
 337648
 337948
 338078
 338302
 338334
 338479
 338509
 338616
 338784
 338934
 339012
 339055
 339065
 339105
 339404
 339480
 340057
 340206
 340265
 340329
 340632
 340646
 340654
 340711
 340850
 340913
 341092
 341113
 341174
 341180
 341227
 341236
 341407
 341431
 341463
 341466
 341593
 341710
 342206
 342211
 342303
 342394
 342450
 342551
 342623
 342637
 342687
 342706
 342712
 342745
 342748
 342839
 342983
 343054
 343322
 343438
 343510
 343526
 343605
 343819
 343981
 344106
 344137
 344179
 344198
 344292
 344338
 344370
 344568
 344584
 344650
 344667
 344900
 344911
 344952
 344980
 345221
 345238
 345463
 345617
 345649
 345664
 345801
 345866
 345991
 346046
 346129
 346533
 346579
 346592
 346628
 346666
 346883
 347068
 347098
 347106
 347128
 347216
 347294
 347301
 347692
 347846
 348117
 348260
 348301
 348343
 348360
 348442
 348580
 348887
 349107
 349148
 349153
 349166
 349282
 349307
 349344
 349629
 349716
 349887
 349909
 350034
 350039
 350050
 350143
 350231
 350426
 350617
 350687
 350819
 351086
 351207
 351220
 351241
 351263
 351359
 351368
 351672
 351770
 351771
 351825
 351862
 352096
 352136
 352416
 352517
 352534
 352568
 352723
 352749
 352899
 353172
 353183
 353208
 353237
 353281
 353535
 353580
 353612
 353628
 353741
 353862
 353895
 353928
 354005
 354260
 354536
 354543
 354648
 354894
 355096
 355266
 355549
 355552
 355584
 355586
 355634
 355795
 355804
 355828
 356288
 356306
 356458
 356605
 356646
 356713
 356732
 356899
 356917
 357236
 357254
 357330
 357471
 357511
 357535
 357692
 357733
 358026
 358038
 358129
 358248
 358490
 358528
 358587
 358642
 358825
 358916
 358974
 359142
 359419
 359433
 359740
 359788
 359854
 359882
 359883
 360021
 360065
 360076
 360243
 360380
 360422
 360434
 360501
 360593
 360601
 360626
 360634
 360655
 360764
 360809
 360890
 361019
 361031
 361103
 361290
 361422
 361453
 361574
 361689
 361889
 361995
 362388
 362416
 362538
 362603
 362702
 362745
 362853
 363040
 363265
 363336
 363514
 363618
 363718
 363854
 364131
 364261
 364302
 364312
 364556
 364560
 364669
 364917
 364934
 364966
 365025
 365076
 365332
 365712
 365927
 366152
 366308
 366404
 366487
 366536
 366546
 366723
 366754
 366788
 366816
 366914
 366965
 367154
 367211
 367236
 367240
 367349
 367489
 367517
 367566
 367609
 367759
 367780
 367797
 367972
 368072
 368208
 368268
 368336
 368491
 368748
 368755
 368962
 369146
 369164
 369192
 369208
 369295
 369310
 369344
 369484
 369490
 369604
 369747
 369854
 369863
 370051
 370196
 370419
 370626
 370997
 371063
 371147
 371179
 371224
 371235
 371249
 371340
 371489
 371615
 371633
 371717
 371764
 371808
 371885
 371976
 372187
 372228
 372239
 372560
 372564
 372744
 372812
 372819
 373143
 373265
 373306
 373333
 373350
 373593
 373601
 373626
 373691
 373710
 373829
 373903
 374087
 374106
 374155
 374157
 374234
 374285
 374582
 374708
 374992
 375033
 375526
 375838
 375854
 375881
 375987
 376006
 376361
 376616
 376758
 376846
 376875
 376879
 377049
 377091
 377416
 377425
 377462
 377625
 377759
 377860
 377983
 378368
 378407
 378485
 378521
 378548
 378647
 378678
 378789
 378881
 378918
 379076
 379142
 379153
 379182
 379257
 379296
 379328
 379455
 379797
 379832
 379895
 380025
 380157
 380244
 380369
 380411
 380520
 380522
 380983
 380999
 381259
 381266
 381378
 381379
 381409
 381768
 381889
 382180
 382198
 382206
 382265
 382275
 382302
 382322
 382585
 382653
 382731
 382787
 382861
 382920
 383036
 383095
 383214
 383267
 383314
 383317
 383486
 383567
 383629
 383768
 383779
 383800
 383955
 384296
 384311
 384630
 384648
 384729
 384746
 384850
 385016
 385270
 385275
 385424
 385454
 385461
 385508
 385888
 385898
 385907
 385975
 386031
 386102
 386216
 386239
 386363
 386385
 386703
 386820
 386889
 386944
 386998
 387115
 387116
 387590
 387606
 387649
 387678
 387775
 387809
 387832
 388034
 388105
 388246
 388323
 388353
 388371
 388407
 388581
 388609
 388654
 388671
 388711
 388816
 388895
 388905
 388915
 388964
 389053
 389110
 389149
 389265
 389374
 389385
 389591
 389610
 389803
 389968
 390298
 390327
 390440
 390611
 390709
 390753
 390885
 390890
 390901
 391074
 391120
 391171
 391258
 391277
 391404
 391435
 391461
 391491
 391520
 391553
 391763
 391930
 391966
 392035
 392068
 392089
 392097
 392124
 392209
 392281
 392609
 392708
 392744
 392773
 392794
 392895
 393177
 393629
 393634
 393636
 393808
 394115
 394121
 394146
 394256
 394306
 394349
 394391
 394409
 394610
 394681
 394735
 394985
 395007
 395301
 395375
 395404
 395607
 395618
 395871
 395966
 396036
 396051
 396065
 396245
 396282
 396307
 396321
 396396
 396484
 396500
 396667
 396712
 396734
 396801
 396870
 396928
 397260
 397269
 397476
 397568
 397839
 397915
 398028
 398110
 398114
 398144
 398217
 398296
 398883
 398920
 399195
 399295
 399414
 399543
 399627
 399739
 399796
 399835
 399853
 399914
 399999
 400000
 400031
 400043
 400141
 400471
 400588
 400647
 400711
 400841
 401070
 401168
 401175
 401564
 401574
 401718
 401778
 401864
 401877
 401923
 401980
 402083
 402236
 402306
 402390
 402458
 402472
 402499
 402501
 402502
 402932
 403096
 403104
 403219
 403241
 403283
 403354
 403415
 403445
 403511
 403741
 404131
 404339
 404472
 404619
 404727
 404733
 404785
 404828
 404956
 405144
 405235
 405240
 405546
 405637
 405644
 405820
 405959
 406252
 406320
 406519
 406547
 406600
 406607
 406627
 406639
 406714
 406764
 406806
 406818
 406909
 407161
 407226
 407301
 407421
 407459
 407546
 407709
 407754
 407813
 407918
 408000
 408117
 408148
 408237
 408320
 408396
 408569
 408812
 408825
 408902
 408964
 408974
 409178
 409394
 409429
 409573
 409594
 409625
 409753
 409803
 409815
 409961
 410012
 410256
 410287
 410297
 410402
 410431
 410478
 410535
 410545
 410546
 410643
 410662
 410730
 410777
 411187
 411244
 411302
 411500
 411520
 411609
 411614
 411648
 411649
 411676
 411688
 411711
 411863
 411876
 411956
 411966
 412120
 412198
 412289
 412394
 412526
 412624
 412804
 412901
 412935
 412976
 413066
 413295
 413339
 413342
 413424
 413491
 413748
 413756
 414205
 414376
 414430
 414447
 414466
 414472
 414566
 414576
 414676
 414722
 414744
 414882
 414982
 415053
 415065
 415189
 415280
 415339
 415417
 415584
 415662
 415687
 415855
 415911
 416132
 416187
 416280
 416403
 416531
 416740
 416758
 416937
 416942
 417071
 417094
 417134
 417229
 417240
 417320
 417336
 417413
 417436
 417473
 417568
 417694
 417721
 417737
 417762
 417769
 417825
 418181
 418286
 418309
 418363
 418368
 418446
 418637
 418649
 418658
 418663
 418688
 418738
 418897
 419123
 419406
 419430
 419483
 419525
 419595
 419725
 419808
 419825
 419998
 420061
 420105
 420118
 420176
 420352
 420376
 420420
 420564
 420636
 420752
 420969
 421268
 421340
 421350
 421354
 421376
 421513
 421521
 421528
 421755
 421843
 422013
 422116
 422254
 422394
 422629
 422724
 422736
 422896
 422909
 422960
 422996
 423064
 423100
 423203
 423242
 423458
 423460
 423649
 423672
 423742
 423752
 423868
 424165
 424264
 424314
 424408
 424787
 425079
 425102
 425119
 425210
 425369
 425392
 425467
 425531
 425586
 425639
 425688
 425809
 425948
 425970
 426111
 426183
 426202
 426206
 426225
 426314
 426340
 426376
 426394
 426416
 426442
 426580
 426735
 427161
 427168
 427296
 427509
 427546
 427634
 427656
 427688
 427722
 427737
 427769
 427857
 428166
 428179
 428193
 428335
 428365
 428416
 428500
 428571
 428702
 428912
 429047
 429097
 429143
 429166
 429192
 429302
 429319
 429323
 429380
 429613
 429787
 429916
 430146
 430419
 430622
 430832
 430865
 430907
 431061
 431203
 431339
 431349
 431376
 431443
 431555
 431578
 431721
 431811
 431976
 432029
 432313
 432325
 432466
 432545
 432633
 432634
 432692
 432695
 433107
 433153
 433324
 433409
 433423
 433552
 433797
 434130
 434141
 434281
 434297
 434638
 434694
 434717
 434899
 434920
 434983
 435042
 435122
 435147
 435357
 435621
 435754
 435862
 435873
 435902
 436024
 436086
 436131
 436181
 436187
 436257
 436271
 436297
 436673
 436710
 436790
 436831
 436906
 437044
 437053
 437084
 437124
 437164
 437772
 437810
 437930
 438057
 438354
 438524
 438563
 438924
 439453
 439471
 439551
 439703
 439839
 439858
 439912
 440382
 440514
 440530
 440554
 440612
 440655
 440807
 440818
 440849
 440879
 440894
 441171
 441220
 441290
 441298
 441308
 441342
 441620
 441685
 441853
 441920
 441995
 442529
 442632
 442804
 442806
 442838
 443011
 443175
 443298
 443449
 443467
 443688
 443983
 444182
 444418
 444444
 444731
 444933
 444983
 445065
 445071
 445161
 445255
 445344
 445580
 445586
 445669
 445789
 446047
 446064
 446155
 446434
 446488
 446611
 446650
 446708
 446753
 446787
 446890
 447207
 447353
 447596
 448174
 448176
 448275
 448386
 448651
 448847
 448914
 449109
 449172
 449254
 449402
 449505
 449512
 449643
 449683
 449702
 449786
 449846
 449865
 449911
 449922
 449950
 450301
 450556
 450601
 450695
 450717
 450778
 450856
 451238
 451445
 451519
 451612
 451811
 451865
 451882
 452032
 452105
 452405
 452609
 452830
 452965
 453002
 453012
 453070
 453113
 453248
 453271
 453436
 453476
 453548
 453551
 453661
 453769
 453923
 453987
 454038
 454061
 454112
 454238
 454306
 454639
 454665
 454756
 454835
 454845
 454945
 454956
 454976
 455009
 455187
 455274
 455293
 455368
 455664
 455707
 455723
 455870
 456196
 456310
 456466
 456490
 456505
 456637
 456665
 456869
 456906
 457260
 457264
 457300
 457459
 457525
 457532
 457545
 457587
 457588
 457895
 458011
 458064
 458127
 458214
 458283
 458451
 458478
 458678
 458882
 458952
 458954
 459178
 459397
 459400
 459434
 459634
 459661
 459763
 459789
 459889
 459907
 459926
 460025
 460176
 460191
 460230
 460274
 460423
 460526
 460562
 461057
 461127
 461468
 461535
 461553
 461635
 462033
 462070
 462197
 462290
 462414
 462427
 462446
 462520
 462686
 462861
 463092
 463200
 463245
 463263
 463325
 463374
 463499
 463651
 463756
 463929
 463980
 464065
 464131
 464168
 464257
 464373
 464450
 464469
 464533
 464564
 464566
 464681
 464756
 464818
 465014
 465219
 465290
 465308
 465312
 465336
 465370
 465387
 465480
 466091
 466252
 466666
 466777
 466783
 466880
 466948
 467211
 467461
 467615
 467654
 467716
 467770
 468041
 468361
 468535
 468554
 468619
 468643
 468776
 468788
 468806
 469049
 469283
 469396
 469412
 469423
 469517
 469591
 469683
 469704
 469785
 469832
 469849
 469953
 469974
 470026
 470165
 470212
 470292
 470436
 470502
 470793
 470889
 470941
 471033
 471189
 471217
 471269
 471296
 471312
 471452
 471531
 471551
 471559
 471581
 471795
 471910
 472140
 472180
 472220
 472222
 472228
 472239
 472451
 472956
 472990
 473248
 473251
 473479
 473543
 473847
 473849
 473868
 473914
 473923
 474016
 474152
 474264
 474296
 474485
 474677
 474780
 474917
 474963
 475115
 475150
 475161
 475223
 475319
 475366
 475561
 475591
 475688
 476023
 476110
 476190
 476322
 476347
 476380
 476383
 476577
 476611
 476950
 477011
 477099
 477207
 477251
 477256
 477337
 477372
 477436
 477451
 477537
 477633
 477682
 477690
 477896
 478052
 478150
 478194
 478316
 478364
 478391
 478443
 478497
 478643
 478650
 478747
 478783
 478841
 478870
 479012
 479022
 479086
 479101
 479445
 479635
 479646
 479700
 479737
 479903
 479992
 480000
 480025
 480075
 480152
 480234
 480246
 480274
 480304
 480418
 480455
 480538
 480698
 480998
 481197
 481408
 481517
 481559
 481743
 481765
 481786
 481797
 482059
 482190
 482352
 482390
 482530
 482543
 482551
 482555
 482974
 483085
 483175
 483177
 483256
 483302
 483333
 483368
 483414
 483478
 483558
 483646
 483667
 483763
 483821
 483889
 484107
 484378
 484428
 484685
 484841
 484848
 485436
 485744
 485779
 485848
 486053
 486091
 486369
 486460
 486474
 486532
 486676
 486727
 486761
 486984
 487028
 487223
 487227
 487340
 487413
 487512
 487633
 487684
 487856
 487876
 488090
 488243
 488284
 488447
 488545
 488778
 488801
 488922
 488975
 489032
 489063
 489520
 489540
 489696
 489971
 490163
 490478
 490509
 490594
 490692
 490877
 491017
 491100
 491387
 491466
 491495
 491574
 491831
 491960
 492063
 492084
 492102
 492123
 492164
 492282
 492312
 492537
 492570
 492641
 492767
 492998
 493036
 493122
 493280
 493295
 493476
 493499
 493567
 493651
 493678
 493985
 494015
 494076
 494095
 494136
 494216
 494520
 494547
 494831
 494985
 495214
 495321
 495327
 495397
 495517
 495548
 495556
 495621
 495809
 495834
 495979
 496104
 496159
 496177
 496194
 496526
 496785
 496794
 496815
 496859
 496958
 496979
 497281
 497322
 497363
 497536
 497554
 497589
 497927
 498424
 498459
 498465
 498483
 498489
 498525
 498640
 498719
 498793
 499011
 499103
 499107
 499175
 499262
 499274
 499602
 499891
 500000
 500124
 500161
 500189
 500298
 500408
 500466
 500489
 500504
 500538
 500611
 500707
 500753
 500961
 500969
 501004
 501060
 501194
 501487
 501520
 501963
 502040
 502062
 502259
 502319
 502351
 502496
 502555
 502587
 502664
 502673
 502732
 502741
 502808
 502982
 503028
 503162
 503239
 503242
 503267
 503415
 503514
 503525
 503710
 503830
 503837
 503896
 504066
 504205
 504221
 504347
 504351
 504407
 504418
 504422
 504478
 504573
 504731
 505084
 505671
 505692
 505747
 505801
 505891
 506024
 506086
 506313
 506654
 506744
 506833
 506903
 507039
 507047
 507168
 507191
 507288
 507297
 507322
 507411
 507651
 507819
 507831
 507853
 507870
 507934
 507937
 507987
 507989
 508149
 508159
 508179
 508300
 508337
 508410
 508592
 508612
 508734
 509029
 509124
 509224
 509433
 509543
 509580
 509637
 509930
 509997
 510042
 510437
 510506
 510576
 510603
 510615
 510695
 510716
 510795
 510839
 510983
 511126
 511268
 511300
 511516
 511542
 511585
 511679
 511730
 511745
 511978
 511983
 512005
 512027
 512056
 512148
 512196
 512219
 512593
 512596
 512854
 513119
 513201
 513471
 513492
 513513
 513573
 513589
 513785
 514094
 514111
 514206
 514285
 514354
 514605
 514617
 514741
 514834
 514908
 514976
 515124
 515239
 515485
 515661
 515674
 515695
 515868
 516010
 516043
 516079
 516126
 516144
 516213
 516243
 516347
 516393
 516463
 516714
 516778
 517073
 517104
 517162
 517269
 517293
 517424
 517457
 517623
 517711
 517802
 517857
 517915
 518060
 518062
 518086
 518492
 518609
 518644
 518671
 518692
 518716
 518765
 518791
 518854
 518952
 519228
 519240
 519674
 519912
 520011
 520020
 520057
 520177
 520231
 520311
 520509
 520710
 520742
 520951
 520996
 521006
 521150
 521172
 521183
 521307
 521409
 521755
 521794
 522113
 522184
 522209
 522267
 522279
 522307
 522412
 522421
 522458
 522646
 522717
 522815
 522917
 523026
 523232
 523594
 523682
 523708
 523857
 523949
 523987
 524049
 524072
 524289
 524932
 524961
 524980
 525089
 525131
 525373
 525418
 525471
 525678
 525881
 525892
 526279
 526385
 526690
 526794
 526813
 526932
 526954
 526999
 527023
 527091
 527099
 527363
 527426
 527446
 527544
 527552
 527777
 527845
 528010
 528039
 528069
 528162
 528290
 528308
 528345
 528349
 528381
 528412
 528457
 528568
 528722
 528803
 528890
 529032
 529041
 529251
 529338
 529411
 529492
 529550
 529573
 529592
 529604
 529714
 529824
 529841
 529852
 529983
 530249
 530283
 530450
 530586
 530592
 530665
 530706
 530810
 530978
 531052
 531187
 531199
 531245
 531287
 531425
 531497
 531535
 531544
 531640
 531645
 531708
 531742
 531809
 531850
 531914
 532004
 532066
 532077
 532194
 532544
 532606
 532650
 532710
 532780
 532854
 532947
 532963
 533042
 533117
 533227
 533246
 533247
 533275
 533333
 533403
 533410
 533988
 534161
 534244
 534338
 534351
 534513
 534721
 534883
 534921
 534940
 534976
 535031
 535348
 535457
 535621
 535637
 535724
 535770
 535804
 535906
 535937
 536159
 536319
 536321
 536585
 536920
 536932
 537026
 537183
 537406
 537446
 537599
 537829
 537913
 537915
 538058
 538071
 538075
 538226
 538306
 538315
 538412
 538577
 538613
 538638
 538771
 538830
 538855
 538935
 539188
 539356
 539776
 540110
 540196
 540253
 540306
 540333
 540424
 540540
 540596
 540669
 540752
 540857
 540891
 540894
 541055
 541120
 541181
 541237
 541327
 541493
 541599
 541608
 541658
 541909
 542048
 542055
 542081
 542129
 542175
 542196
 542280
 542372
 542496
 542527
 542600
 542857
 542894
 543039
 543179
 543201
 543234
 543483
 543516
 543569
 543708
 543787
 543859
 543899
 543956
 544014
 544050
 544062
 544102
 544231
 544527
 544586
 544615
 544663
 544701
 544743
 544918
 545219
 545438
 545454
 545533
 545634
 545664
 545830
 545835
 545877
 545926
 545933
 546059
 546186
 546238
 546263
 546328
 546608
 546857
 546897
 546946
 547011
 547085
 547268
 547403
 547550
 547609
 547619
 547717
 547786
 547835
 547976
 548118
 548270
 548328
 548387
 548472
 548483
 548639
 548694
 548874
 548922
 548940
 549639
 549668
 549839
 549887
 549943
 549974
 550363
 550372
 550458
 550475
 550605
 550961
 551013
 551057
 551118
 551210
 551236
 551274
 551319
 551475
 551553
 551647
 551665
 551839
 551907
 552223
 552317
 552353
 552380
 552434
 552449
 552527
 552667
 553041
 553235
 553474
 553998
 554088
 554169
 554232
 554246
 554458
 554469
 554486
 554502
 554538
 554818
 554877
 555186
 555538
 555555
 555640
 555712
 555791
 555885
 556095
 556124
 556152
 556221
 556248
 556335
 556394
 556459
 556521
 556835
 557029
 557222
 557468
 557480
 557552
 557568
 557606
 557680
 557719
 557848
 558106
 558188
 558473
 558518
 558611
 558747
 558771
 558958
 559051
 559104
 559191
 559266
 559302
 559359
 559467
 559663
 559841
 559897
 559930
 560066
 560183
 560659
 560683
 560693
 560706
 560715
 560852
 560903
 560928
 560975
 561288
 561506
 561656
 561716
 561771
 561807
 561820
 561861
 562219
 562411
 562659
 562676
 563045
 563102
 563145
 563194
 563318
 563390
 563500
 563512
 563653
 563692
 563813
 563903
 563951
 563991
 564041
 564087
 564111
 564152
 564213
 564216
 564224
 564388
 564449
 564543
 564668
 564732
 565127
 565146
 565337
 565384
 565387
 565399
 565401
 565459
 565487
 565526
 566080
 566136
 566255
 566326
 566546
 566571
 566691
 566852
 567010
 567340
 567653
 567761
 567797
 568063
 568144
 568391
 568439
 568686
 568710
 568874
 568960
 569009
 569045
 569191
 569555
 569612
 569747
 569827
 569913
 569921
 569932
 570191
 570224
 570280
 570308
 570552
 570634
 570766
 570797
 570810
 570877
 570946
 570953
 571047
 571068
 571078
 571127
 571141
 571354
 571428
 571509
 571608
 571678
 571833
 572035
 572061
 572165
 572192
 572201
 572373
 572455
 572520
 572709
 572758
 572761
 572785
 572811
 572938
 572980
 572998
 573172
 573393
 573406
 573446
 573772
 573839
 574030
 574158
 574247
 574529
 574639
 574812
 574837
 575139
 575266
 575289
 575335
 575563
 575631
 575662
 575841
 575854
 576019
 576036
 576092
 576125
 576235
 576243
 576246
 576566
 576695
 576731
 576835
 576885
 577121
 577154
 577222
 577284
 577314
 577319
 577532
 577544
 577698
 577849
 577858
 577912
 577961
 577965
 578038
 578149
 578176
 578274
 578343
 578398
 578449
 578534
 579200
 579210
 579237
 579263
 579298
 579306
 579579
 579608
 579678
 579694
 579731
 579791
 579829
 579857
 579881
 579962
 580285
 580448
 580529
 580597
 580652
 580742
 580863
 580908
 581012
 581021
 581059
 581084
 581132
 581136
 581201
 581294
 581346
 581449
 581506
 581602
 581724
 581784
 581832
 581914
 581982
 581988
 581992
 582252
 582417
 582434
 582454
 582513
 582515
 582709
 582844
 582848
 582875
 582909
 583006
 583163
 583180
 583300
 583302
 583715
 583732
 583892
 583903
 583999
 584042
 584327
 584683
 585492
 585495
 585698
 585714
 585966
 586064
 586156
 586172
 586206
 586241
 586384
 586442
 586586
 586819
 586915
 586926
 586944
 587005
 587130
 587181
 587257
 587381
 587506
 587660
 587701
 587738
 587816
 587969
 588061
 588169
 588235
 588387
 588758
 588956
 588969
 589106
 589225
 589353
 589585
 589848
 589871
 589909
 590339
 590480
 590575
 590742
 590762
 590805
 591059
 591275
 591301
 591728
 591988
 592061
 592080
 592171
 592358
 592403
 592461
 592531
 593268
 593310
 593350
 593466
 593525
 593861
 594029
 594074
 594127
 594261
 594303
 594568
 594571
 594601
 594944
 594950
 595476
 595566
 595805
 595817
 595886
 595905
 596041
 596075
 596151
 596221
 596344
 596397
 596421
 596463
 596692
 596713
 596828
 596928
 596942
 597014
 597083
 597150
 597202
 597208
 597215
 597269
 597349
 597402
 597420
 597444
 597626
 597770
 597845
 597886
 597910
 597977
 598055
 598077
 598118
 598165
 598214
 598372
 598410
 598477
 598540
 598565
 598615
 598633
 598646
 598698
 598721
 598725
 598747
 598753
 598777
 598917
 598928
 599198
 599312
 599322
 599344
 599368
 599440
 599586
 599719
 599820
 599872
 599881
 600000
 600129
 600491
 600505
 600750
 600858
 601016
 601139
 601251
 601304
 601597
 601644
 601712
 601769
 601864
 601879
 602279
 602284
 602591
 602611
 602612
 602736
 602899
 603146
 603168
 603198
 603209
 603339
 603386
 603610
 603744
 603776
 603856
 603963
 604051
 604197
 604250
 604395
 604615
 604644
 604681
 604854
 604940
 604969
 605135
 605527
 605633
 605699
 605725
 606371
 606394
 606447
 606517
 606580
 606657
 606752
 606791
 606795
 606811
 606993
 607153
 607195
 607224
 607310
 607325
 607433
 607757
 607762
 608017
 608160
 608348
 608355
 608382
 608384
 608531
 608543
 608640
 608677
 608851
 609313
 609357
 609513
 609581
 609688
 609756
 609880
 609908
 609983
 610010
 610200
 610389
 610461
 610515
 610645
 610678
 610709
 610907
 611132
 611344
 611530
 611579
 611916
 611956
 612145
 612197
 612271
 612311
 612328
 612393
 612411
 612440
 612516
 612568
 612589
 612738
 612740
 612834
 613022
 613198
 613227
 613246
 613328
 613356
 613424
 613496
 613569
 613666
 613823
 613942
 614016
 614152
 614198
 614303
 614380
 614644
 614659
 614716
 614763
 614781
 614787
 614825
 614896
 615033
 615053
 615122
 615173
 615183
 615218
 615384
 615424
 615544
 615580
 615699
 615708
 615730
 615916
 616027
 616105
 616127
 616161
 616174
 616218
 616226
 616284
 616293
 616294
 616438
 616821
 616917
 617071
 617083
 617142
 617211
 617236
 617301
 617365
 617414
 617423
 617439
 617642
 617667
 617739
 617780
 617799
 617925
 617948
 617954
 618039
 618213
 618342
 618516
 618586
 618707
 618802
 618982
 619033
 619074
 619090
 619135
 619184
 619207
 619231
 619293
 619499
 619686
 620169
 620300
 620302
 620352
 620538
 620597
 620780
 620801
 620868
 620968
 621167
 621251
 621399
 621518
 621584
 621603
 621677
 621697
 621713
 621749
 621963
 622015
 622042
 622331
 622373
 622468
 622662
 622663
 622801
 622830
 622965
 622999
 623206
 623258
 623330
 623369
 623386
 623652
 623685
 623750
 623795
 623978
 624156
 624161
 624345
 624521
 624575
 624595
 624869
 624904
 625000
 625106
 625631
 625663
 625687
 625743
 625948
 625953
 626034
 626109
 626335
 626349
 626450
 626534
 626551
 627039
 627196
 627305
 627337
 627561
 627775
 627817
 627912
 628461
 628468
 628605
 628771
 628818
 628878
 628880
 628894
 628927
 629072
 629200
 629213
 629261
 629298
 629415
 629470
 629593
 629610
 629616
 629641
 629734
 629866
 630136
 630257
 630422
 630476
 630495
 630554
 630721
 630731
 630921
 631033
 631035
 631166
 631375
 631451
 631516
 631523
 631578
 631613
 631616
 631676
 631708
 631731
 631847
 631950
 631984
 632027
 632038
 632088
 632124
 632191
 632650
 632656
 632809
 632948
 633144
 633162
 633232
 633308
 633389
 633440
 633462
 633644
 633783
 634148
 634286
 634390
 634593
 634830
 634902
 634942
 634952
 635145
 635146
 635369
 635479
 635638
 635647
 635780
 635939
 635992
 636002
 636165
 636363
 636471
 636505
 636588
 636592
 637040
 637275
 637369
 637461
 637517
 637992
 638261
 638297
 638353
 638416
 638493
 638549
 638566
 638754
 638755
 639034
 639239
 639323
 639344
 639371
 639515
 639650
 639763
 639986
 640042
 640225
 640518
 640540
 640930
 640931
 641011
 641044
 641057
 641063
 641118
 641194
 641214
 641520
 641589
 641641
 641729
 641758
 642019
 642087
 642176
 642220
 642336
 642411
 642535
 642605
 642606
 642675
 642916
 642923
 643118
 643172
 643333
 643619
 643777
 643820
 643931
 644003
 644067
 644146
 644218
 644247
 644448
 644794
 644820
 644860
 644943
 645111
 645115
 645161
 645426
 645487
 645725
 645770
 645917
 646004
 646164
 646325
 646380
 646528
 646618
 646662
 646679
 646774
 646833
 646858
 647058
 647123
 647211
 647371
 647382
 647403
 647411
 647424
 647437
 647463
 647711
 647869
 648248
 648261
 648304
 648328
 648408
 648449
 648497
 648660
 648854
 648888
 649158
 649220
 649292
 649349
 649772
 649916
 649986
 650046
 650071
 650112
 650268
 650290
 650367
 650717
 650745
 651151
 651201
 651255
 651572
 651642
 651721
 651815
 651962
 651982
 651987
 652053
 652241
 652480
 652504
 652611
 652689
 652710
 652720
 653118
 653231
 653317
 654008
 654066
 654150
 654160
 654184
 654289
 654349
 654353
 654483
 654537
 654545
 654629
 654763
 654812
 654857
 654891
 655025
 655028
 655119
 655124
 655137
 655180
 655206
 655260
 655303
 655317
 655319
 655399
 655441
 655527
 655687
 655896
 655989
 656220
 656223
 656456
 656468
 656471
 656570
 656573
 656691
 656719
 656909
 657037
 657332
 657695
 657892
 657921
 657966
 658265
 658298
 658348
 658441
 658680
 658730
 658807
 658857
 658902
 658942
 659285
 659313
 659364
 659485
 659532
 659717
 659939
 659978
 660390
 660563
 660715
 660794
 661043
 661078
 661131
 661135
 661174
 661181
 661200
 661477
 661538
 661620
 661630
 661677
 661899
 662061
 662093
 662116
 662205
 662208
 662285
 662337
 662531
 662567
 662733
 662853
 663300
 663408
 663417
 663544
 663575
 663576
 663605
 663695
 663727
 663744
 663871
 664078
 664435
 664488
 664612
 664678
 664806
 664835
 664851
 664982
 665021
 665332
 665372
 665432
 665511
 665911
 665945
 666048
 666074
 666107
 666114
 666187
 666196
 666206
 666214
 666221
 666233
 666244
 666311
 666353
 666666
 666756
 666801
 666841
 666858
 666934
 666996
 667091
 667187
 667289
 667290
 667419
 667420
 667458
 667651
 667752
 667799
 668010
 668058
 668100
 668222
 668302
 668522
 668544
 668629
 668748
 668874
 668902
 668972
 669126
 669243
 669346
 669488
 669627
 669671
 669802
 669958
 670021
 670204
 670629
 670765
 670836
 670916
 670951
 670978
 671105
 671109
 671150
 671192
 671295
 671388
 671431
 671577
 671653
 671773
 672040
 672053
 672114
 672147
 672226
 672272
 672434
 672441
 672442
 672485
 672499
 672703
 672772
 672794
 672882
 672923
 672947
 673147
 673172
 673269
 673389
 673447
 673494
 673507
 673590
 673747
 673748
 673800
 673911
 673957
 674001
 674059
 674164
 674190
 674212
 674389
 674394
 674440
 674601
 674649
 674676
 674739
 674899
 674900
 675032
 675063
 675111
 675140
 675387
 675461
 675495
 675728
 676052
 676115
 676277
 676389
 676395
 676722
 676773
 676823
 676915
 677031
 677115
 677394
 677448
 677517
 677590
 677735
 677754
 677845
 677873
 677981
 678313
 678471
 678518
 679040
 679226
 679581
 679582
 679616
 679653
 679803
 679833
 679958
 680042
 680272
 680319
 680528
 680656
 680658
 680697
 680777
 680779
 680846
 680854
 680958
 680975
 681105
 681247
 681289
 681307
 681312
 681467
 681504
 681648
 681749
 681769
 682078
 682137
 682217
 682249
 682262
 682547
 682568
 682617
 682660
 682911
 682926
 683086
 683099
 683104
 683246
 683480
 683507
 683693
 683736
 683795
 683900
 684086
 684210
 684290
 684298
 684478
 684570
 684648
 684743
 684865
 684980
 684981
 685096
 685152
 685201
 685204
 685272
 685444
 685569
 685604
 685787
 685844
 685939
 685964
 685972
 686027
 686417
 686440
 686456
 686477
 686642
 686717
 686880
 686950
 687066
 687152
 687332
 687416
 687443
 687868
 688042
 688050
 688309
 688335
 688468
 688500
 688502
 688862
 688865
 688917
 688933
 688969
 688991
 689002
 689146
 689422
 689486
 689612
 689642
 689655
 689827
 689843
 689865
 689901
 690134
 690170
 690215
 690261
 690272
 690288
 690429
 690459
 690595
 690933
 690964
 691060
 691127
 691252
 691377
 691602
 691637
 691871
 691903
 691916
 692060
 692177
 692232
 692307
 692377
 692390
 692431
 692441
 692483
 692487
 692495
 692600
 692662
 692887
 693021
 693197
 693431
 693432
 693655
 693699
 693773
 693821
 694137
 694246
 694266
 694271
 694473
 694596
 694641
 694668
 694790
 694888
 695052
 695197
 695259
 695302
 695355
 695443
 695454
 695508
 695652
 696181
 696283
 696331
 696347
 696519
 696526
 696548
 696802
 696827
 696918
 696957
 696969
 696978
 697165
 697167
 697241
 697478
 697549
 697661
 697847
 697865
 697884
 697993
 698226
 698348
 698365
 698507
 698579
 698635
 698691
 698739
 698803
 698870
 698919
 698926
 698932
 698966
 699033
 699278
 699302
 699386
 699435
 699436
 699558
 699626
 699786
 700074
 700410
 700472
 700769
 701123
 701222
 701264
 701378
 701544
 701737
 701872
 701937
 702002
 702085
 702349
 702490
 702567
 702631
 702652
 702682
 702908
 702959
 703061
 703603
 703813
 703818
 704056
 704059
 704077
 704226
 704291
 704728
 704739
 704779
 704806
 704880
 704918
 705091
 705289
 705512
 705521
 705526
 705636
 705763
 705780
 705828
 705838
 706142
 706160
 706206
 706390
 706434
 706467
 706509
 706740
 706864
 706971
 707080
 707418
 707832
 707920
 707980
 708058
 708059
 708066
 708104
 708302
 708494
 708527
 708661
 709147
 709236
 709334
 709426
 709548
 709573
 709575
 709666
 709835
 709865
 710041
 710124
 710337
 710362
 710365
 710378
 710389
 710551
 710796
 710888
 710896
 710945
 710952
 710989
 711038
 711232
 711510
 711536
 711612
 711616
 711711
 711838
 712288
 712289
 712347
 712398
 712538
 712583
 712654
 712702
 712737
 712787
 712885
 712913
 713037
 713401
 713430
 713490
 713687
 713799
 713968
 714181
 714465
 714574
 714615
 714708
 714907
 714940
 715107
 715131
 715186
 715226
 715393
 715489
 715517
 715646
 715777
 715842
 715861
 715904
 715976
 716046
 716056
 716105
 716129
 716213
 716214
 716216
 716306
 716384
 716680
 716859
 716875
 717171
 717371
 717464
 717553
 717665
 717707
 717713
 717916
 717976
 718063
 718198
 718270
 718290
 718320
 718327
 718354
 718453
 718506
 718750
 718864
 718925
 719154
 719290
 719317
 719362
 719432
 719510
 719511
 719565
 719607
 719640
 719789
 719893
 720000
 720040
 720075
 720267
 720420
 720461
 720614
 720615
 720670
 720776
 720797
 721039
 721243
 721321
 721447
 721513
 721529
 721575
 721848
 721925
 721937
 722038
 722053
 722180
 722200
 722283
 722541
 722665
 722720
 722774
 722876
 723081
 723105
 723114
 723193
 723366
 723457
 723483
 723540
 723587
 723610
 723637
 723747
 723809
 723830
 723906
 723956
 724019
 724049
 724099
 724111
 724118
 724242
 724439
 724485
 724581
 724597
 724677
 724969
 725082
 725158
 725468
 725733
 725742
 725931
 726159
 726218
 726475
 726525
 726530
 726618
 726695
 726742
 726821
 727255
 727272
 727301
 727374
 727520
 727651
 727980
 728272
 728306
 728343
 728420
 728567
 728746
 728824
 728927
 728950
 729006
 729055
 729062
 729088
 729097
 729156
 729254
 729387
 729466
 729467
 729559
 729658
 729848
 730046
 730312
 730362
 730407
 730427
 730493
 730569
 730649
 730656
 730661
 730753
 730808
 730821
 730858
 730870
 730886
 730911
 730968
 731178
 731314
 731507
 731530
 731544
 731656
 731676
 731688
 731707
 731746
 731793
 731892
 731919
 731927
 732031
 732041
 732289
 732345
 732443
 732496
 732599
 732613
 732687
 732689
 732707
 732747
 732839
 732976
 733011
 733233
 733245
 733300
 733314
 733333
 733404
 733415
 733538
 734072
 734167
 734242
 734251
 734286
 734359
 734586
 734671
 734726
 734939
 734962
 735068
 735085
 735117
 735165
 735246
 735786
 735849
 735934
 736013
 736211
 736217
 736371
 736517
 736607
 736651
 736842
 736885
 737160
 737182
 737252
 737335
 737391
 737418
 737445
 737730
 737784
 737816
 737973
 738198
 738419
 738456
 738671
 738700
 738721
 738951
 739065
 739077
 739172
 739374
 739477
 739682
 739700
 739766
 739783
 739855
 739858
 739927
 739951
 740254
 740341
 740652
 740838
 740839
 740957
 740981
 740986
 741088
 741098
 741151
 741389
 741591
 741654
 741747
 741900
 741961
 742016
 742054
 742073
 742125
 742167
 742209
 742286
 742372
 742522
 742532
 742592
 742599
 742992
 743010
 743348
 743367
 743600
 743640
 743685
 743811
 744229
 744738
 744740
 744924
 744976
 745123
 745409
 745510
 745552
 745644
 745676
 745743
 745777
 745834
 746011
 746301
 746308
 746407
 746510
 746715
 746836
 747095
 747118
 747320
 747507
 747564
 747663
 747685
 747726
 747788
 747800
 747943
 747967
 748006
 748009
 748135
 748241
 748394
 748427
 748449
 748577
 748595
 748721
 748748
 748837
 748894
 748989
 749073
 749354
 749383
 749668
 749673
 749865
 749892
 749915
 749964
 749967
 750000
 750063
 750368
 750388
 750396
 750442
 750470
 750677
 750798
 750926
 751000
 751354
 751393
 751434
 751537
 751625
 751683
 751875
 751928
 752034
 752041
 752066
 752132
 752161
 752223
 752283
 752343
 752347
 752556
 752591
 752679
 752684
 752747
 752994
 753198
 753248
 753277
 753315
 753342
 753354
 753404
 753523
 753539
 753834
 754087
 754167
 754179
 754212
 754250
 754746
 754847
 754863
 754983
 755063
 755315
 755408
 755474
 755562
 755563
 755583
 755615
 755755
 755760
 755959
 755960
 756039
 756239
 756440
 756612
 756634
 756822
 756866
 756976
 757019
 757169
 757231
 757269
 757310
 757384
 757518
 757556
 757751
 757855
 757962
 758061
 758149
 758185
 758241
 758304
 758326
 758599
 758620
 758627
 758695
 759100
 759131
 759157
 759263
 759340
 759493
 759509
 759851
 760076
 760128
 760417
 760649
 760680
 760760
 760797
 761194
 761433
 761506
 761904
 762042
 762081
 762211
 762392
 762428
 762632
 762746
 762832
 762890
 762925
 762942
 762981
 762986
 763005
 763037
 763119
 763131
 763223
 763240
 763321
 763365
 763555
 763838
 763848
 764260
 764404
 764454
 764490
 764529
 764624
 764705
 764813
 765142
 765249
 765263
 765350
 765363
 765386
 765422
 765647
 765876
 766037
 766192
 766193
 766272
 766423
 766437
 766566
 766635
 766650
 766703
 766803
 766852
 766891
 766932
 766954
 767097
 767122
 767361
 767485
 767541
 767666
 767722
 767756
 767899
 767914
 768276
 768286
 768307
 768361
 768367
 768400
 768480
 768537
 768569
 768576
 768800
 768921
 768955
 769017
 769136
 769289
 769394
 769550
 769601
 769769
 769905
 769912
 770037
 770058
 770090
 770220
 770229
 770288
 770319
 770343
 770455
 770770
 770882
 770909
 770943
 771225
 771243
 771268
 771459
 771477
 771689
 771712
 771776
 771785
 771889
 772135
 772333
 772413
 772433
 772889
 772978
 773006
 773080
 773130
 773145
 773190
 773472
 773480
 773590
 773634
 773690
 773940
 774078
 774155
 774283
 774410
 774468
 774883
 774910
 774912
 775206
 775483
 775636
 775725
 775821
 775885
 775958
 775959
 775975
 775999
 776119
 776307
 776512
 776540
 776734
 776793
 776854
 777080
 777122
 777213
 777220
 777403
 777436
 777468
 777494
 778130
 778252
 778322
 778498
 778608
 778674
 778883
 778916
 778967
 779059
 779092
 779133
 779320
 779375
 779478
 779514
 779557
 779758
 779879
 779892
 779943
 779956
 780214
 780269
 780272
 780376
 780389
 780396
 780457
 780495
 780567
 780605
 780886
 780995
 781002
 781055
 781150
 781152
 781181
 781272
 781530
 781779
 782067
 782124
 782175
 782197
 782204
 782270
 782274
 782316
 782451
 782682
 782716
 782898
 782941
 783054
 783132
 783167
 783444
 784021
 784069
 784224
 784305
 784615
 784698
 784833
 784891
 784970
 784971
 785050
 785060
 785075
 785273
 785318
 785542
 785586
 785621
 785714
 785744
 785870
 786170
 786192
 786194
 786258
 786475
 786528
 786531
 786550
 786620
 786921
 787014
 787213
 787234
 787386
 787390
 787623
 787642
 787653
 787674
 787744
 787927
 787937
 788032
 788083
 788091
 788108
 788157
 788300
 788443
 788589
 788618
 788815
 788819
 789079
 789190
 789200
 789340
 789342
 789390
 789550
 789668
 789790
 789791
 789898
 789900
 789941
 789954
 789958
 790013
 790123
 790265
 790335
 790408
 790419
 790527
 790589
 790769
 790784
 790838
 790918
 791001
 791136
 791406
 791911
 792019
 792099
 792132
 792143
 792225
 792240
 792452
 792805
 792915
 793006
 793220
 793245
 793317
 793549
 793628
 793650
 793731
 793766
 793987
 794060
 794077
 794105
 794196
 794205
 794280
 794294
 794369
 794449
 794466
 794485
 794626
 794681
 794708
 794885
 794888
 795055
 795173
 795180
 795213
 795314
 795371
 795384
 795396
 795397
 795459
 795570
 795620
 795728
 795823
 796148
 796185
 796346
 796583
 796677
 796693
 796765
 796921
 797020
 797027
 797147
 797148
 797328
 797401
 797409
 797418
 797481
 797486
 797576
 797752
 797786
 797838
 797880
 797956
 798011
 798044
 798046
 798135
 798158
 798307
 798371
 798376
 798471
 798731
 798768
 798817
 798856
 798879
 798983
 798989
 799062
 799194
 799276
 799307
 799352
 799379
 799472
 799818
 799999
 800145
 800195
 800254
 800305
 800438
 800450
 800479
 800485
 800524
 800528
 800689
 800702
 800772
 800959
 801005
 801100
 801142
 801503
 801669
 801785
 802155
 802199
 802279
 802367
 802595
 802704
 802705
 802758
 802877
 802888
 802907
 803108
 803184
 803299
 803498
 803567
 803611
 803743
 803773
 803951
 804146
 804193
 804217
 804315
 804535
 804541
 804674
 804702
 804775
 804814
 804879
 805118
 805134
 805245
 805622
 805710
 805900
 805988
 806079
 806265
 806642
 806775
 806815
 806837
 806915
 806944
 806983
 807118
 807212
 807254
 807415
 807523
 807652
 807730
 807989
 808003
 808031
 808159
 808281
 808310
 808498
 808501
 808510
 808625
 808724
 808735
 808815
 808949
 809122
 809302
 809321
 809330
 809478
 809515
 809654
 809685
 809696
 809738
 809946
 810087
 810089
 810105
 810158
 810423
 810527
 810631
 810663
 810751
 810802
 811012
 811115
 811294
 811329
 811468
 811541
 811789
 812042
 812185
 812206
 812238
 812307
 812341
 812417
 812514
 812621
 812682
 812722
 812792
 812822
 812853
 812866
 813018
 813169
 813380
 813395
 813536
 813539
 813541
 813832
 813864
 813936
 813937
 813943
 813953
 814055
 814094
 814126
 814128
 814151
 814264
 814275
 814330
 814402
 814736
 814796
 814824
 814894
 814897
 815047
 815175
 815318
 815321
 815375
 815533
 815628
 815789
 815808
 815899
 815955
 815998
 816058
 816224
 816603
 816915
 816956
 817062
 817078
 817173
 817176
 817183
 817386
 817438
 817668
 817733
 817756
 817926
 818144
 818414
 818635
 818766
 818835
 818846
 819022
 819027
 819030
 819182
 819249
 819271
 819392
 819397
 819578
 819680
 820020
 820057
 820134
 820359
 820371
 820851
 821096
 821113
 821139
 821229
 821274
 821281
 821364
 821428
 821591
 821607
 821740
 821767
 821824
 821862
 821923
 821992
 822022
 822094
 822161
 822224
 822295
 822363
 822533
 822549
 822600
 822774
 822835
 822961
 823022
 823028
 823075
 823090
 823115
 823136
 823997
 824026
 824273
 824331
 824361
 824492
 824743
 824826
 824899
 824932
 825022
 825125
 825126
 825138
 825576
 825628
 825635
 825656
 825670
 825710
 825906
 826025
 826086
 826172
 826276
 826330
 826331
 826376
 826498
 826615
 826808
 826865
 826910
 826914
 826928
 826936
 826974
 827062
 827176
 827278
 827317
 827568
 827586
 827689
 828025
 828196
 828208
 828214
 828215
 828220
 828258
 828286
 828326
 828358
 828433
 828467
 828560
 828693
 828757
 828784
 828944
 828976
 829036
 829046
 829059
 829133
 829240
 829268
 829370
 829436
 829455
 829592
 829691
 829921
 829928
 830092
 830442
 830467
 830578
 830719
 830742
 830945
 831300
 831406
 831474
 831577
 831672
 831763
 831788
 831831
 831903
 832093
 832373
 832423
 832607
 832663
 832952
 832997
 833011
 833122
 833132
 833238
 833243
 833288
 833356
 833386
 833424
 833607
 833711
 833892
 833915
 833981
 834302
 834422
 834520
 834681
 834776
 834884
 834936
 834972
 835015
 835033
 835295
 835553
 835718
 835782
 835854
 835977
 836101
 836184
 836238
 836347
 836384
 836476
 836482
 836531
 836589
 836653
 836731
 837076
 837104
 837115
 837154
 837313
 837317
 837460
 837509
 837937
 838094
 838155
 838308
 838373
 838392
 838495
 838601
 838651
 838659
 838732
 838951
 839088
 839256
 839305
 839356
 839388
 839393
 839399
 839535
 839751
 839790
 839922
 839999
 840008
 840049
 840051
 840074
 840195
 840270
 840482
 840597
 840738
 840821
 840892
 840944
 840949
 840961
 841117
 841230
 841521
 841750
 841807
 841890
 841982
 842038
 842155
 842299
 842319
 842443
 842444
 842466
 842495
 842511
 842730
 842777
 843066
 843274
 843326
 843385
 843393
 843514
 843795
 843810
 843850
 843893
 844049
 844184
 844253
 844320
 844444
 844544
 844555
 844843
 845165
 845180
 845186
 845188
 845360
 845517
 845519
 845588
 845682
 845771
 845855
 845897
 845977
 846281
 846354
 846461
 846691
 846727
 846732
 846783
 846805
 847123
 847174
 847175
 847488
 847547
 847619
 847801
 847832
 847894
 848018
 848102
 848212
 848461
 848527
 848618
 848795
 848856
 849077
 849238
 849556
 849674
 849752
 849929
 849979
 850232
 850236
 850529
 850636
 850886
 850897
 851006
 851033
 851041
 851186
 851274
 851504
 851999
 852088
 852209
 852274
 852353
 852451
 852516
 852587
 852782
 852882
 852923
 852946
 853293
 853390
 853482
 853499
 853508
 853627
 853810
 853972
 854406
 854540
 854736
 854824
 854847
 854995
 855003
 855191
 855377
 855379
 855388
 855411
 855561
 855713
 855793
 855899
 855974
 856016
 856018
 856195
 856217
 856252
 856442
 856545
 856749
 856799
 856947
 856948
 856994
 857033
 857083
 857101
 857153
 857376
 857468
 857490
 857493
 857705
 858001
 858163
 858345
 858383
 858756
 858796
 859518
 859825
 859852
 859909
 859924
 860044
 860182
 860213
 860251
 860268
 860273
 860390
 860555
 860639
 860724
 860940
 860946
 860988
 860990
 861031
 861070
 861153
 861280
 861303
 861404
 861471
 862051
 862224
 862365
 862375
 862474
 862749
 862807
 862857
 862879
 863002
 863070
 863168
 863208
 863362
 863474
 863608
 863678
 863706
 863807
 863845
 863977
 863986
 864109
 864194
 864329
 864670
 864734
 864812
 864845
 864864
 864877
 864921
 865108
 865309
 865344
 865499
 865652
 865800
 865892
 865922
 866211
 866266
 866351
 866378
 866399
 866408
 866475
 866515
 866554
 866666
 866688
 866730
 866976
 867374
 867454
 867566
 867622
 867687
 867709
 867963
 868118
 868168
 868217
 868294
 868410
 868441
 868485
 868589
 868612
 868634
 868731
 868787
 868800
 868819
 868898
 869092
 869245
 869263
 869308
 869504
 869540
 869619
 869660
 869795
 869820
 869893
 869927
 870202
 870226
 870231
 870290
 870593
 870677
 870691
 870764
 870973
 871018
 871081
 871231
 871271
 871360
 871401
 871614
 871838
 871912
 871928
 871969
 872001
 872015
 872071
 872126
 872642
 872694
 872727
 872940
 872979
 873258
 873315
 873328
 873351
 873431
 873542
 873646
 873864
 873975
 874055
 874078
 874107
 874154
 874186
 874685
 875042
 875044
 875173
 875288
 875387
 875431
 875518
 875672
 875996
 876235
 876443
 876449
 876547
 876826
 876841
 876844
 877170
 877323
 877383
 877439
 877458
 877524
 877538
 877660
 877666
 877731
 877755
 877882
 878095
 878160
 878272
 878314
 878601
 878614
 878627
 878656
 878661
 878711
 878751
 878808
 878812
 878833
 878895
 878909
 878928
 878937
 879204
 879255
 879265
 879315
 879507
 879535
 879656
 879678
 879870
 880114
 880176
 880313
 880388
 880425
 880521
 880568
 880879
 881132
 881200
 881201
 881309
 881735
 881736
 881846
 881855
 882146
 882152
 882221
 882283
 882352
 882369
 882513
 882524
 882539
 882722
 882739
 882789
 883101
 883122
 883224
 883270
 883320
 883323
 883484
 883495
 883548
 883604
 883617
 883631
 883828
 883938
 884014
 884125
 884266
 884564
 884646
 884818
 884889
 884904
 885017
 885028
 885041
 885128
 885148
 885158
 885280
 885478
 885502
 885524
 885820
 885955
 886232
 886359
 886448
 886449
 886511
 886554
 886661
 886785
 886902
 887090
 887142
 887161
 887305
 887420
 887442
 887540
 887772
 887841
 887846
 887848
 888001
 888050
 888084
 888186
 888198
 888210
 888482
 888527
 888689
 888794
 888888
 889076
 889395
 889573
 889594
 889747
 889843
 889892
 889962
 889987
 890012
 890036
 890088
 890247
 890464
 890524
 890601
 890661
 890679
 890840
 891089
 891237
 891241
 891268
 891497
 891549
 891589
 891705
 891708
 891737
 891775
 891791
 891866
 891889
 891928
 892092
 892100
 892116
 892198
 892225
 892521
 892824
 892894
 893128
 893514
 893571
 893584
 893689
 893719
 893899
 893927
 893959
 894069
 894221
 894298
 894316
 894379
 894435
 894449
 894591
 894625
 894672
 894739
 895031
 895135
 895136
 895248
 895287
 895388
 895841
 895955
 895964
 895969
 896317
 896361
 896506
 896551
 896633
 896729
 896811
 896940
 897025
 897030
 897186
 897260
 897330
 897467
 897536
 897539
 897609
 897693
 897904
 897910
 898242
 898251
 898438
 898495
 898671
 898696
 898714
 898859
 898897
 898901
 899023
 899103
 899158
 899267
 899330
 899510
 899525
 899577
 899582
 899705
 899938
 899999
 900074
 900193
 900305
 900307
 900366
 900471
 900677
 900725
 900961
 900988
 901065
 901100
 901178
 901179
 901261
 901402
 901550
 901637
 901667
 902027
 902070
 902104
 902121
 902135
 902194
 902300
 902523
 902551
 902600
 902640
 902718
 902877
 902883
 902940
 903112
 903167
 903403
 903416
 903678
 903794
 903807
 903836
 903884
 903944
 904055
 904131
 904183
 904191
 904201
 904213
 904277
 904310
 904594
 904746
 904890
 904918
 905015
 905103
 905158
 905428
 905640
 905673
 905691
 905882
 905951
 905983
 906044
 906201
 906316
 906559
 906594
 906963
 907018
 907301
 907373
 907375
 907378
 907512
 907692
 907900
 907961
 907967
 907987
 908004
 908202
 908243
 908407
 908433
 908515
 908576
 908708
 908736
 908789
 908793
 908873
 909137
 909234
 909236
 909244
 909265
 909399
 909549
 909603
 909760
 909843
 909849
 909920
 910066
 910202
 910530
 910669
 910725
 910803
 910843
 910920
 910930
 910942
 910947
 911057
 911061
 911070
 911138
 911165
 911221
 911247
 911504
 911660
 911703
 911743
 911750
 911918
 911943
 912010
 912041
 912285
 912466
 912511
 912545
 912572
 912725
 912769
 912884
 912922
 912937
 912980
 913085
 913197
 913493
 913806
 914061
 914167
 914361
 914380
 914607
 914744
 914780
 914833
 914921
 914944
 914957
 915028
 915285
 915336
 915571
 915973
 916120
 916383
 916441
 916457
 916458
 916489
 916577
 916620
 916623
 916636
 916966
 917124
 917205
 917237
 917334
 917400
 917498
 917525
 917647
 917790
 917921
 918144
 918388
 918403
 918593
 918658
 919055
 919077
 919078
 919083
 919271
 919387
 919402
 919611
 919828
 919858
 919860
 920134
 920150
 920279
 920308
 920415
 920435
 920444
 920540
 920624
 920763
 920849
 921011
 921276
 921459
 921549
 921582
 921655
 921813
 921914
 921933
 921979
 922036
 922165
 922176
 922215
 922379
 922430
 922438
 922643
 922697
 922748
 922912
 922996
 923076
 923104
 923156
 923279
 923307
 923494
 923513
 923584
 923659
 923943
 924147
 924230
 924301
 924392
 924463
 924555
 924572
 924784
 924839
 924897
 925347
 925403
 925417
 925630
 925739
 925889
 925903
 925925
 926083
 926108
 926158
 926350
 926380
 926400
 926506
 926584
 926679
 926829
 926875
 926883
 926925
 926952
 927000
 927077
 927081
 927248
 927250
 927324
 927361
 927395
 927455
 927461
 927487
 927934
 927964
 928020
 928245
 928372
 928377
 928462
 928467
 928483
 928554
 928559
 928725
 928763
 928881
 929008
 929211
 929366
 929809
 929914
 929957
 930069
 930201
 930232
 930368
 930511
 930553
 930580
 930584
 930706
 930773
 930895
 930967
 931026
 931034
 931082
 931099
 931198
 931356
 931457
 931548
 931895
 931967
 932002
 932059
 932145
 932283
 932414
 932464
 932577
 932778
 932907
 933333
 933375
 933405
 933445
 933459
 933481
 933761
 933935
 934043
 934070
 934210
 934343
 934637
 934662
 934670
 934741
 934746
 934841
 935378
 935442
 935504
 935697
 935730
 935779
 935909
 936068
 936193
 936195
 936221
 936280
 936376
 936499
 936617
 936681
 937189
 937196
 937506
 937599
 937870
 937978
 938209
 938285
 938305
 938388
 938470
 938523
 938655
 938674
 938927
 939060
 939157
 939411
 939464
 939688
 939779
 940136
 940178
 940328
 940344
 940359
 940450
 940482
 940493
 940520
 940591
 940749
 940805
 940949
 940983
 941031
 941090
 941138
 941156
 941176
 941308
 941402
 941653
 941671
 941774
 941789
 941918
 942003
 942095
 942177
 942202
 942308
 942319
 942401
 942483
 942522
 942533
 942631
 942633
 942746
 942888
 943116
 943154
 943234
 943311
 943488
 943624
 943687
 943720
 943762
 943884
 943916
 943923
 943994
 944072
 944198
 944253
 944603
 944606
 944715
 944812
 944855
 944961
 944987
 945019
 945075
 945245
 945268
 945279
 945309
 945330
 945334
 945340
 945611
 945658
 945676
 945686
 945712
 945881
 945945
 946058
 946261
 946395
 946490
 946577
 946773
 946996
 947026
 947029
 947051
 947329
 947411
 947440
 947462
 947497
 947763
 947794
 947890
 948051
 948102
 948189
 948222
 948531
 948545
 948740
 948841
 949000
 949045
 949123
 949163
 949298
 950247
 950289
 950301
 950305
 950326
 950507
 950576
 950704
 950781
 950823
 950910
 950966
 950999
 951021
 951289
 951379
 951464
 951684
 951694
 951807
 951895
 952009
 952147
 952318
 952380
 952516
 952620
 952661
 952699
 952768
 952789
 952797
 953394
 953586
 953687
 953741
 953916
 954080
 954210
 954554
 954640
 954758
 955271
 955416
 955660
 955710
 955951
 955977
 956119
 956190
 956365
 956682
 956772
 956960
 957116
 957219
 957617
 957664
 957811
 957906
 958115
 958333
 958392
 958475
 958866
 958910
 958959
 959100
 959147
 959151
 959220
 959353
 959452
 960000
 960008
 960153
 960411
 960472
 960538
 960558
 960560
 960594
 960809
 960900
 960905
 960931
 961025
 961046
 961334
 961448
 961609
 961674
 961685
 961772
 961797
 961835
 961889
 961949
 962352
 962500
 962722
 962774
 962794
 962935
 962941
 963016
 963043
 963183
 963226
 963289
 963551
 963687
 963748
 963937
 963976
 964007
 964015
 964071
 964164
 964194
 964426
 964577
 964688
 964708
 964786
 964865
 964903
 964948
 965006
 965123
 965407
 965424
 965517
 965527
 965808
 965923
 965964
 966101
 966216
 966228
 966292
 966338
 966363
 966373
 966379
 966499
 966503
 966544
 966766
 967117
 967143
 967171
 967295
 967442
 967443
 967454
 967490
 967575
 967677
 967699
 967726
 967769
 967812
 967871
 967999
 968025
 968253
 968272
 968486
 968718
 968753
 968911
 969146
 969230
 969465
 969549
 969793
 969926
 970276
 970295
 970304
 970535
 970652
 970667
 970782
 970845
 970932
 971031
 971065
 971073
 971196
 971312
 971444
 971524
 971546
 971821
 971891
 971998
 972013
 972086
 972124
 972135
 972137
 972232
 972341
 972417
 972440
 972526
 972527
 972731
 972865
 973028
 973215
 973216
 973229
 973329
 973382
 973469
 973572
 973623
 973816
 973946
 974105
 974106
 974331
 974364
 974538
 974587
 974683
 974930
 974978
 975040
 975212
 975400
 975565
 975760
 975987
 976022
 976033
 976111
 976127
 976188
 976190
 976287
 976322
 976354
 976404
 976573
 976790
 976794
 977098
 977168
 977344
 977381
 977390
 977437
 977459
 977524
 977582
 977637
 977729
 977777
 977782
 977845
 977883
 978018
 978102
 978104
 978280
 978308
 978390
 978425
 978489
 978586
 978674
 978792
 978823
 978827
 978930
 978959
 978990
 979021
 979178
 979351
 979452
 979478
 979492
 979511
 979647
 979911
 979916
 979933
 980073
 980126
 980134
 980167
 980263
 980266
 980345
 980482
 980501
 980582
 980650
 980759
 980878
 980883
 980940
 980998
 981294
 981389
 981410
 981412
 981461
 981496
 981701
 981831
 981910
 982068
 982122
 982142
 982236
 982351
 982358
 982629
 982767
 982930
 982961
 983042
 983135
 983149
 983180
 983349
 983379
 983484
 983635
 983716
 983775
 983815
 983947
 983983
 984028
 984162
 984402
 984498
 984565
 984595
 984806
 984829
 985072
 985143
 985167
 985262
 985351
 985352
 985356
 985542
 985543
 985599
 985746
 985826
 985906
 985927
 986095
 986244
 986375
 986577
 986773
 986862
 987408
 987473
 987484
 987524
 987552
 987731
 987885
 987990
 988181
 988216
 988291
 988363
 988467
 988589
 988594
 988645
 988732
 988749
 988779
 988807
 988982
 989104
 989188
 989519
 989602
 989816
 989871
 989897
 989929
 989961
 990001
 990316
 990367
 990512
 990577
 990703
 990736
 990812
 990889
 991014
 991047
 991129
 991204
 991290
 991326
 991474
 991520
 991561
 991655
 991694
 991735
 991752
 991827
 991849
 992027
 992160
 992260
 992316
 992345
 992410
 992673
 993216
 993318
 993464
 993572
 993576
 993583
 993628
 993690
 993812
 993891
 994034
 994165
 994419
 994479
 994535
 994640
 994658
 994747
 994812
 994842
 994976
 995004
 995116
 995197
 995259
 995321
 995547
 995764
 996064
 996224
 996670
 996868
 996908
 997003
 997005
 997050
 997066
 997317
 997456
 997637
 997739
 997805
 997862
 997904
 998010
 998208
 998225
 998245
 998376
 998607
 998769
 998885
 998995
 999003
 999219
 999385
 999453
 999594
 