0
 286
 474
 500
 658
 659
 678
 870
 1064
 1108
 1154
 1175
 1191
 1258
 1322
 1461
 1516
 1760
 1856
 1945
 2027
 2428
 2507
 2569
 2719
 2932
 3063
 3107
 3251
 3285
 3675
 3787
 3888
 4209
 4336
 4374
 4382
 4442
 4464
 4541
 4586
 4726
 4771
 4851
 4891
 4947
 5255
 5510
 5774
 5949
 6013
 6070
 6107
 6121
 6185
 6218
 6287
 6517
 6622
 6715
 6867
 6913
 6954
 6965
 6977
 7067
 7073
 7154
 7182
 7225
 7282
 7375
 7490
 7571
 7604
 7656
 7804
 7834
 7912
 7982
 7984
 8282
 8333
 8547
 9009
 9050
 9180
 9231
 9261
 9796
 9969
 9992
 10053
 10087
 10119
 10135
 10211
 10215
 10264
 10526
 10760
 10781
 10937
 10955
 11008
 11198
 11255
 11264
 11546
 11578
 11723
 11887
 11938
 11970
 12032
 12038
 12261
 12521
 12577
 12647
 12678
 12693
 13076
 13462
 13513
 13529
 13618
 13695
 13757
 13865
 14105
 14140
 14240
 14411
 14412
 14734
 15037
 15079
 15354
 15432
 15503
 15543
 15643
 15647
 15695
 15709
 15711
 15714
 15748
 15841
 15945
 15950
 15993
 16080
 16162
 16208
 16211
 16266
 16326
 16362
 16405
 16425
 16594
 16616
 16634
 16637
 16871
 16922
 17031
 17138
 17606
 17693
 17890
 18003
 18194
 18282
 18319
 18329
 18689
 18691
 18713
 18747
 18750
 18805
 18936
 18989
 19055
 19441
 19656
 19692
 19755
 20097
 20131
 20209
 20389
 20482
 20530
 20637
 21059
 21072
 21203
 21258
 21307
 21352
 21409
 21482
 21658
 21887
 21988
 22120
 22222
 22260
 22330
 22373
 22385
 22653
 22704
 22742
 22865
 22990
 23123
 23137
 23149
 23241
 23275
 23369
 23489
 23497
 23793
 23945
 24220
 24303
 24330
 24354
 24417
 24440
 24483
 24518
 24590
 24618
 24889
 25180
 25235
 25316
 25343
 25648
 25850
 25873
 26052
 26185
 26285
 26518
 26582
 26601
 26673
 26738
 26916
 27109
 27163
 27197
 27210
 27252
 27318
 27635
 27667
 27683
 27686
 27807
 27894
 27915
 28099
 28254
 28571
 28793
 28810
 29170
 29264
 29427
 29482
 29629
 29833
 29895
 29982
 30074
 30193
 30611
 30674
 30676
 30710
 30718
 30814
 31056
 31193
 31390
 31446
 31480
 31738
 31911
 31914
 31968
 32007
 32021
 32198
 32370
 32475
 32573
 32775
 32818
 32860
 32934
 33073
 33098
 33549
 33605
 33651
 33703
 33798
 33837
 33857
 33908
 34128
 34220
 34251
 34341
 34366
 34401
 34617
 34624
 34706
 34714
 34771
 34900
 34984
 35001
 35201
 35315
 35346
 35573
 35801
 36214
 36215
 36261
 36289
 36298
 36343
 36549
 36552
 36632
 36687
 36705
 36772
 36863
 37030
 37054
 37106
 37219
 37321
 37383
 37581
 37613
 37799
 37801
 37887
 37943
 38254
 38522
 38537
 38674
 38824
 38905
 38949
 39011
 39108
 39203
 39256
 39430
 39542
 39550
 39627
 39705
 39853
 39854
 39908
 40090
 40164
 40193
 40282
 40304
 40449
 40501
 40510
 40603
 40643
 40765
 40810
 41165
 41427
 41442
 41512
 41556
 41740
 41777
 41779
 41990
 42142
 42471
 42473
 42689
 42913
 43047
 43162
 43288
 43443
 43664
 43815
 43820
 43830
 43874
 43913
 44128
 44146
 44211
 44255
 44358
 44444
 44487
 44593
 44687
 44971
 45133
 45158
 45298
 45314
 45315
 45666
 45684
 45685
 45747
 46192
 46488
 46591
 46655
 46690
 46718
 46759
 46815
 47117
 47197
 47282
 47493
 47534
 47547
 47619
 47716
 47731
 47897
 47926
 47972
 48006
 48138
 48165
 48325
 48354
 48370
 48661
 48785
 48882
 48988
 49007
 49016
 49046
 49080
 49180
 49265
 49340
 49534
 49711
 49786
 49983
 50062
 50163
 50209
 50251
 50389
 50433
 50467
 50488
 50513
 50549
 50593
 50650
 50715
 50836
 50847
 51181
 51535
 51614
 51734
 51740
 51747
 51937
 52173
 52187
 52307
 52315
 52378
 52416
 52438
 52704
 52725
 52730
 52768
 52949
 53041
 53097
 53144
 53154
 53187
 53253
 53297
 53333
 53402
 53526
 53623
 53761
 53851
 53973
 53978
 53989
 54081
 54083
 54097
 54141
 54242
 54288
 54309
 54313
 54326
 54339
 54576
 54662
 54700
 54750
 54860
 54921
 55007
 55145
 55298
 55334
 55568
 55659
 55737
 55937
 56112
 56128
 56162
 56188
 56232
 56246
 56497
 56582
 56605
 56738
 56779
 56798
 56872
 57117
 57181
 57185
 57270
 57306
 57389
 57572
 57623
 57638
 57665
 57785
 58161
 58165
 58360
 58464
 58534
 58847
 58882
 58960
 59044
 59153
 59259
 59360
 59508
 59672
 59695
 59829
 59930
 59938
 60018
 60097
 60178
 60237
 60371
 60599
 60775
 61017
 61061
 61127
 61216
 61389
 61638
 61663
 62039
 62165
 62399
 62467
 62568
 62588
 62617
 62840
 63024
 63063
 63105
 63212
 63334
 63468
 63809
 63913
 64074
 64211
 64351
 64387
 64404
 64471
 64509
 64524
 64587
 64764
 64801
 64981
 65000
 65002
 65025
 65078
 65119
 65172
 65190
 65230
 65509
 65514
 65667
 65755
 65799
 66039
 66374
 66691
 66805
 66856
 66954
 67002
 67143
 67224
 67438
 67529
 67615
 67732
 67911
 67989
 68043
 68046
 68230
 68288
 68322
 68368
 68406
 68471
 68503
 68514
 68584
 68589
 68965
 69049
 69110
 69128
 69223
 69291
 69544
 69647
 69717
 69770
 69811
 70441
 70517
 70524
 70550
 70583
 70675
 70699
 70743
 70924
 71371
 71521
 71532
 71591
 71816
 71886
 71897
 72072
 72113
 72115
 72346
 72432
 72487
 72555
 72571
 72677
 72847
 72961
 72963
 73006
 73018
 73020
 73035
 73057
 73210
 73266
 73279
 73743
 73766
 73882
 74066
 74543
 74614
 74619
 74778
 74974
 75025
 75059
 75137
 75401
 75520
 75549
 75625
 75667
 75693
 75836
 75872
 76013
 76327
 76420
 76701
 76901
 77071
 77098
 77154
 77242
 77300
 77335
 77380
 77431
 77454
 77467
 77592
 77692
 77720
 78126
 78186
 78187
 78289
 78321
 78453
 78651
 78669
 78792
 78795
 79070
 79152
 79154
 79170
 79190
 79267
 79308
 79345
 79383
 79455
 79477
 79508
 79518
 79540
 79725
 79863
 79874
 79940
 80542
 80577
 80864
 80916
 80937
 80957
 80963
 81051
 81081
 81130
 81159
 81209
 81224
 81285
 81299
 81371
 81412
 81436
 81497
 81552
 81599
 81659
 81691
 81745
 81771
 81828
 81988
 82486
 82550
 82858
 82865
 82915
 82953
 82997
 83333
 83403
 83615
 83712
 83769
 83904
 83969
 83979
 84059
 84076
 84391
 84550
 84660
 84758
 84998
 85308
 85345
 85457
 85656
 85737
 85929
 85995
 86141
 86363
 86483
 86486
 86691
 86874
 86877
 86889
 86956
 87173
 87296
 87324
 87355
 87425
 87568
 87609
 87633
 87638
 87706
 87823
 87878
 87892
 87950
 88029
 88490
 88607
 88690
 88728
 88754
 88854
 88888
 88937
 88945
 88965
 89032
 89249
 89467
 89675
 89753
 89839
 89853
 89906
 90166
 90182
 90198
 90252
 90262
 90366
 90657
 90658
 90762
 90849
 90885
 90997
 91071
 91073
 91164
 91183
 91235
 91447
 91452
 91480
 91646
 91670
 91700
 91751
 91775
 91937
 91961
 92079
 92166
 92181
 92355
 92358
 92395
 92421
 92584
 92602
 92672
 92687
 92715
 92719
 92756
 92934
 92958
 93043
 93127
 93223
 93291
 93332
 93382
 93494
 93615
 93645
 93663
 93719
 93963
 93972
 94038
 94087
 94117
 94298
 94377
 94422
 94466
 94873
 94968
 94986
 95045
 95136
 95152
 95282
 95346
 95423
 95571
 95578
 95720
 96077
 96242
 96251
 96253
 96288
 96308
 96335
 96546
 96557
 96596
 96700
 96906
 96941
 97262
 97267
 97446
 97610
 97889
 97909
 97972
 98151
 98265
 98330
 98354
 99059
 99495
 99644
 99650
 99736
 99762
 99829
 99847
 99873
 99906
 99931
 99944
 100158
 100254
 100402
 100472
 100654
 100662
 100697
 100723
 100909
 100940
 101045
 101060
 101098
 101207
 101231
 101318
 101382
 101492
 101513
 101659
 101680
 101702
 101715
 101886
 101973
 102204
 102398
 102537
 102703
 102728
 102780
 102857
 102892
 102901
 102918
 102956
 102990
 103040
 103181
 103282
 103403
 103447
 103453
 103455
 103525
 103528
 103546
 103588
 103591
 103620
 103728
 103749
 103874
 103882
 103909
 103932
 104009
 104179
 104333
 104347
 104405
 104412
 104801
 105136
 105211
 105427
 105450
 105495
 105662
 105790
 106040
 106056
 106090
 106150
 106229
 106378
 106408
 106772
 106841
 106879
 106918
 106967
 107013
 107051
 107137
 107158
 107438
 107446
 107527
 107919
 108172
 108202
 108433
 108457
 108491
 108609
 108654
 108753
 108983
 108991
 109050
 109090
 109116
 109120
 109190
 109244
 109251
 109309
 109323
 109422
 109530
 109570
 109586
 109612
 109653
 109711
 109836
 109913
 109991
 110038
 110431
 110437
 110458
 110526
 110534
 110635
 110671
 110704
 110878
 110910
 111111
 111237
 111389
 111413
 111418
 111457
 111535
 111581
 111614
 111620
 111663
 111692
 111724
 112020
 112054
 112367
 112376
 112391
 112613
 112654
 112724
 112784
 112953
 112975
 113039
 113057
 113144
 113174
 113179
 113573
 113597
 113636
 113640
 113641
 113660
 113729
 113749
 113783
 113846
 113903
 113965
 113979
 114003
 114457
 114493
 114579
 114580
 114629
 114729
 114798
 114949
 115016
 115053
 115078
 115115
 115355
 115497
 115537
 115551
 115592
 115607
 115611
 115714
 115802
 115886
 115887
 116088
 116267
 116279
 116575
 116723
 116786
 116812
 116820
 116958
 116967
 117092
 117157
 117310
 117388
 117400
 117404
 117885
 118078
 118157
 118243
 118617
 118736
 118772
 118812
 118833
 118893
 118959
 118989
 119113
 119237
 119241
 119320
 119448
 119823
 119920
 120103
 120348
 120352
 120503
 120606
 120657
 120688
 120706
 121041
 121050
 121144
 121174
 121212
 121373
 121408
 121514
 121595
 121758
 121948
 121972
 122312
 122350
 122356
 122361
 122562
 122595
 122596
 122697
 122814
 122877
 122937
 123080
 123227
 123233
 123285
 123446
 123507
 123623
 123639
 123694
 123853
 123936
 124043
 124060
 124195
 124362
 124692
 124887
 125032
 125221
 125412
 125420
 125440
 125558
 125608
 125707
 125866
 126267
 126341
 126394
 126740
 126762
 126786
 126801
 126804
 126873
 126930
 126970
 127102
 127161
 127272
 127479
 127481
 127617
 127620
 127640
 127657
 127685
 127735
 127853
 127865
 128039
 128114
 128153
 128191
 128335
 128358
 128549
 128605
 128627
 128674
 128728
 128765
 128774
 128874
 129058
 129333
 129389
 129516
 129784
 129987
 129990
 130005
 130150
 130189
 130253
 130290
 130296
 130346
 130385
 130476
 130757
 130758
 130765
 131074
 131131
 131221
 131297
 131407
 131446
 131578
 131589
 131660
 131989
 132031
 132041
 132087
 132137
 132162
 132186
 132223
 132323
 132383
 132420
 132431
 132639
 132660
 132713
 132738
 132906
 132924
 133148
 133168
 133174
 133231
 133407
 133581
 133608
 133769
 133863
 133907
 133959
 134044
 134045
 134309
 134423
 134522
 134592
 134642
 134654
 134743
 134853
 134961
 135082
 135103
 135218
 135234
 135254
 135435
 135618
 135678
 135690
 135812
 135819
 135875
 135990
 136020
 136060
 136198
 136292
 136482
 136830
 136944
 136973
 137073
 137166
 137186
 137213
 137427
 137435
 137716
 137818
 137901
 137903
 138146
 138256
 138288
 138342
 138419
 138440
 138450
 138572
 138883
 138912
 138933
 138982
 138989
 139139
 139224
 139373
 139414
 139788
 139982
 140005
 140045
 140309
 140411
 140450
 140940
 141093
 141162
 141331
 141405
 141463
 141595
 141914
 141987
 142031
 142113
 142154
 142269
 142312
 142386
 142407
 142718
 142777
 142857
 143021
 143069
 143146
 143152
 143165
 143649
 143650
 143667
 143884
 143907
 143963
 144144
 144267
 144427
 144442
 144636
 144671
 144921
 145000
 145042
 145217
 145513
 145519
 145687
 145704
 145934
 145963
 145992
 146003
 146259
 146473
 146533
 146557
 146732
 146872
 146979
 147376
 147666
 147679
 147783
 147803
 148107
 148628
 148760
 149060
 149069
 149253
 149271
 149303
 149310
 149514
 149685
 149868
 149980
 150009
 150048
 150071
 150355
 150400
 150428
 150616
 150808
 150866
 150882
 150967
 151079
 151227
 151311
 151343
 151359
 151364
 151430
 151650
 151925
 151990
 152207
 152464
 152652
 152665
 153027
 153183
 153188
 153453
 153519
 153528
 153634
 153650
 153656
 153730
 153915
 154068
 154176
 154280
 154446
 154554
 154610
 154628
 154669
 154703
 154757
 154758
 154761
 154768
 154855
 154894
 155099
 155197
 155223
 155389
 155463
 155540
 155637
 155724
 155750
 155866
 156198
 156250
 156313
 156363
 156371
 156529
 156541
 156572
 156635
 156747
 157051
 157117
 157145
 157165
 157180
 157326
 157408
 157626
 158022
 158052
 158221
 158334
 158335
 158380
 158434
 158463
 158490
 158662
 158715
 158759
 158866
 158992
 159183
 159420
 159470
 159508
 159552
 159628
 159671
 159780
 159795
 159903
 159923
 159982
 160000
 160062
 160116
 160289
 160434
 160439
 160583
 160692
 160879
 161007
 161042
 161133
 161322
 161677
 161767
 161791
 161897
 162045
 162282
 162307
 162310
 162425
 162437
 162451
 162779
 162899
 162976
 163177
 163321
 163378
 163642
 163682
 163720
 163881
 163934
 164093
 164198
 164200
 164271
 164351
 164705
 164752
 164895
 164942
 165017
 165106
 165109
 165129
 165156
 165160
 165195
 165276
 165479
 165620
 165625
 165781
 165820
 165829
 165958
 165978
 166177
 166178
 166192
 166259
 166343
 166476
 166546
 166701
 166776
 166833
 166854
 166994
 167095
 167155
 167188
 167389
 167539
 167563
 167583
 167842
 168024
 168224
 168258
 168280
 168358
 168634
 168647
 168659
 168751
 168837
 168895
 168933
 169027
 169054
 169165
 169365
 169422
 169463
 169468
 169541
 169557
 169691
 169765
 169875
 170172
 170198
 170274
 170348
 170418
 170503
 170524
 170553
 170622
 170715
 170798
 170957
 170963
 170999
 171059
 171080
 171355
 171383
 171392
 171448
 171595
 171648
 171738
 172043
 172268
 172572
 172594
 172799
 172879
 172947
 172958
 173078
 173114
 173148
 173261
 173627
 173729
 173847
 173887
 173913
 174089
 174187
 174191
 174261
 174405
 174464
 174668
 174722
 175079
 175087
 175376
 175451
 175504
 175561
 175802
 175836
 176188
 176315
 176360
 176470
 176582
 176593
 176595
 176631
 176693
 176715
 177089
 177465
 177518
 177581
 177655
 177782
 177812
 177866
 178032
 178060
 178143
 178182
 178189
 178355
 178364
 178723
 178784
 178839
 178877
 178882
 179012
 179051
 179053
 179104
 179337
 179457
 179474
 179516
 179680
 179884
 179890
 179914
 179985
 180059
 180252
 180443
 180464
 180586
 180592
 180633
 180793
 180796
 180862
 180926
 180932
 180951
 180952
 181056
 181111
 181261
 181551
 181591
 181910
 182050
 182118
 182129
 182169
 182284
 182368
 182498
 182616
 182691
 182730
 182732
 182784
 183098
 183174
 183301
 183412
 183604
 183673
 183703
 183767
 184034
 184134
 184291
 184671
 184712
 184812
 184880
 184979
 185461
 185973
 186174
 186292
 186385
 186411
 186545
 186678
 186777
 186821
 186848
 186871
 187061
 187090
 187155
 187229
 187248
 187355
 187369
 187419
 187432
 187533
 187601
 187703
 187767
 188000
 188121
 188181
 188270
 188303
 188370
 188483
 188485
 188497
 188568
 188683
 188715
 188915
 188954
 188962
 189077
 189130
 189254
 189470
 189520
 189666
 189944
 190019
 190045
 190054
 190089
 190127
 190241
 190321
 190324
 190476
 190531
 190569
 190574
 190826
 190839
 190852
 190896
 191045
 191206
 191350
 191386
 191416
 191611
 191709
 192128
 192337
 192510
 192646
 192842
 192888
 192937
 192948
 193440
 193510
 193548
 193648
 193733
 193743
 194015
 194100
 194246
 194352
 194405
 194414
 194477
 194729
 194851
 194958
 195027
 195045
 195154
 195248
 195271
 195356
 195389
 195588
 195750
 195781
 195796
 196002
 196179
 196312
 196320
 196422
 196430
 196442
 196469
 196486
 196561
 196565
 196656
 197044
 197101
 197132
 197147
 197203
 197315
 197318
 197324
 197348
 197353
 197356
 197393
 197473
 197530
 197711
 197783
 198035
 198075
 198155
 198347
 198374
 198442
 198494
 198569
 198571
 198725
 198984
 199087
 199201
 199381
 199412
 199438
 199476
 199513
 199521
 199734
 199766
 199797
 199992
 199999
 200168
 200243
 200328
 200346
 200373
 200589
 200636
 200673
 200835
 200886
 200908
 201080
 201365
 201831
 201907
 201945
 202020
 202178
 202321
 202448
 202555
 202582
 202598
 202613
 202750
 202753
 203010
 203015
 203044
 203053
 203090
 203126
 203149
 203225
 203251
 203296
 203306
 203319
 203345
 203360
 203394
 203575
 203649
 203821
 203835
 204103
 204301
 204398
 204444
 204589
 204801
 204924
 205130
 205385
 205394
 205451
 206385
 206778
 206884
 206903
 207075
 207274
 207461
 207478
 207562
 207630
 207754
 208199
 208459
 208557
 208581
 208730
 209036
 209057
 209083
 209264
 209291
 209294
 209428
 209729
 209988
 210123
 210228
 210256
 210759
 211314
 211315
 211408
 211502
 211563
 211613
 211640
 211834
 211969
 212193
 212260
 212461
 212491
 212572
 212612
 212830
 212868
 213022
 213308
 213410
 213443
 213701
 213708
 213801
 213821
 213872
 213988
 214148
 214224
 214259
 214299
 214457
 214477
 214524
 214588
 214766
 215012
 215031
 215078
 215105
 215321
 215338
 215475
 215512
 215719
 215733
 215762
 215827
 215874
 215903
 215965
 216028
 216047
 216085
 216118
 216307
 216567
 216580
 216623
 216706
 216797
 216967
 217101
 217185
 217200
 217259
 217264
 217368
 217374
 217733
 217894
 218019
 218045
 218069
 218181
 218418
 218523
 218666
 218703
 218888
 218905
 218993
 219005
 219133
 219149
 219333
 219397
 219409
 219423
 219973
 220026
 220467
 220621
 220645
 220748
 220901
 220996
 221018
 221169
 221181
 221459
 221555
 221595
 221661
 221687
 221695
 221787
 221989
 222222
 222407
 222587
 222809
 222885
 222960
 223048
 223535
 223581
 223597
 223711
 223792
 223855
 223890
 224006
 224072
 224118
 224156
 224242
 224366
 224489
 224682
 224693
 224868
 225165
 225195
 225243
 225367
 225421
 225535
 225717
 225958
 226029
 226213
 226255
 226314
 226415
 226543
 226563
 226587
 226639
 226648
 226821
 226826
 226954
 226958
 227474
 227603
 227661
 227833
 227914
 227963
 228187
 228452
 228642
 228714
 228820
 228942
 228947
 229227
 229296
 229299
 229311
 229415
 229421
 229474
 229511
 229565
 229581
 229643
 229659
 229703
 229710
 229775
 230096
 230660
 230731
 230788
 230883
 230937
 230985
 231072
 231151
 231340
 231743
 231972
 232120
 232289
 232293
 232591
 232599
 233100
 233339
 233429
 233480
 233594
 233976
 234323
 234391
 234671
 234818
 234917
 235053
 235192
 235294
 235306
 235535
 235542
 235605
 235711
 235745
 235844
 235849
 235993
 236130
 236136
 236446
 236493
 236580
 237010
 237058
 237227
 237238
 237302
 237620
 237675
 237692
 237716
 237990
 238095
 238203
 238210
 238694
 238888
 238946
 239124
 239174
 239224
 239404
 239407
 239469
 239481
 239617
 239661
 239795
 239892
 240073
 240492
 240504
 240519
 240776
 240992
 241060
 241139
 241169
 241178
 241423
 241627
 241724
 241773
 241818
 241862
 241889
 242177
 242183
 242230
 242265
 242311
 242625
 242658
 242766
 242791
 242796
 243054
 243093
 243125
 243144
 243221
 243232
 243367
 243423
 243432
 243453
 243504
 243606
 243614
 243626
 243686
 243711
 243733
 243792
 243819
 244025
 244111
 244190
 244233
 244384
 244409
 244577
 244624
 244687
 244711
 244946
 244949
 244994
 245024
 245091
 245382
 245390
 245516
 245579
 245733
 245749
 245919
 245982
 246040
 246187
 246332
 246447
 246480
 246575
 246622
 246751
 246794
 246806
 247016
 247060
 247062
 247116
 247125
 247185
 247194
 247356
 247379
 247532
 247746
 247758
 247832
 247908
 247978
 248079
 248175
 248201
 248572
 248651
 248715
 248750
 249174
 249192
 249242
 249277
 249493
 249630
 249956
 250000
 250185
 250236
 250255
 250284
 250295
 250321
 250387
 250437
 250466
 250630
 250735
 250847
 250896
 250899
 250910
 250924
 251085
 251142
 251183
 251459
 251570
 251576
 251773
 252268
 252456
 252517
 252539
 252836
 252889
 253236
 253291
 253598
 253613
 253702
 253703
 253763
 253915
 253938
 254016
 254135
 254173
 254202
 254240
 254606
 254623
 254869
 254880
 254995
 255003
 255035
 255121
 255150
 255300
 255444
 255959
 256038
 256048
 256115
 256144
 256228
 256295
 256445
 256663
 256720
 256730
 256742
 256924
 257195
 257294
 257360
 257723
 257796
 257866
 257931
 258061
 258107
 258146
 258177
 258187
 258306
 258583
 258591
 258657
 258746
 258807
 258903
 259012
 259085
 259336
 259388
 259417
 259534
 259741
 259804
 260152
 260161
 260270
 260333
 260491
 260599
 260628
 260651
 260773
 260869
 260903
 260937
 261100
 261196
 261261
 261271
 261319
 261356
 261380
 261437
 261542
 261637
 261666
 261667
 261688
 261755
 261893
 261976
 261998
 262025
 262195
 262214
 262328
 262403
 262447
 262478
 262633
 262689
 262832
 263042
 263215
 263259
 263470
 263546
 263593
 263607
 263650
 263681
 264065
 264145
 264178
 264252
 264286
 264422
 264495
 264599
 264670
 264841
 264859
 264886
 265178
 265185
 265342
 265448
 265508
 265536
 265701
 265709
 265716
 265734
 265743
 265747
 265901
 265938
 266120
 266227
 266266
 266434
 266451
 266509
 266577
 266624
 266695
 266699
 266744
 266941
 266975
 267199
 267202
 267233
 267324
 267702
 267796
 267797
 268125
 268172
 268237
 268275
 268317
 268331
 268398
 268420
 268451
 268486
 268488
 268525
 268552
 268597
 268635
 268653
 268668
 268765
 268777
 269121
 269221
 269244
 269349
 269359
 269745
 269807
 269838
 269841
 269889
 270245
 270306
 270521
 270816
 270822
 270977
 271157
 271280
 271310
 271402
 271421
 271522
 271532
 271604
 271647
 271679
 271749
 271820
 271870
 271934
 272223
 272281
 272409
 272506
 272549
 272581
 272582
 272649
 272715
 272727
 272734
 272846
 273034
 273208
 273216
 273365
 273556
 273572
 273638
 274063
 274312
 274348
 274438
 274444
 274581
 274728
 274729
 274851
 274956
 274959
 275190
 275302
 275326
 275417
 275616
 275667
 275680
 275689
 275952
 275999
 276043
 276079
 276159
 276281
 276330
 276486
 276763
 276860
 276896
 277335
 277401
 277407
 277475
 277493
 277644
 277697
 277719
 277795
 278214
 278230
 278339
 278600
 278736
 278983
 279031
 279061
 279272
 279335
 279383
 279410
 279461
 279489
 279701
 279708
 279804
 279999
 280056
 280252
 280440
 280474
 280475
 280542
 280667
 280861
 280876
 281033
 281038
 281166
 281259
 281284
 281382
 281548
 281578
 281637
 281651
 281673
 281691
 281797
 281829
 281889
 281935
 282030
 282067
 282147
 282191
 282231
 282455
 282533
 282555
 282600
 282641
 282722
 282758
 282759
 282828
 282857
 282858
 283185
 283192
 283199
 283223
 283582
 283667
 283933
 283963
 284058
 284193
 284583
 284621
 284657
 284681
 284860
 285398
 285492
 285599
 285679
 285714
 285873
 285887
 285912
 286004
 286221
 286350
 286418
 286442
 286527
 286560
 286649
 286682
 286698
 286745
 286954
 287032
 287158
 287374
 287659
 287756
 287787
 287932
 288028
 288038
 288160
 288166
 288288
 288646
 288654
 288802
 288875
 288892
 288910
 289128
 289237
 289502
 289562
 289686
 289831
 290196
 290322
 290512
 290542
 290543
 290765
 290967
 290968
 291054
 291268
 291344
 291408
 291410
 291472
 291480
 291715
 291718
 291743
 291851
 292006
 292023
 292165
 292184
 292483
 292732
 292745
 293133
 293163
 293503
 293593
 293739
 293749
 293800
 293827
 293942
 293990
 293991
 294176
 294573
 294836
 294862
 294901
 294902
 294946
 295008
 295085
 295571
 295694
 295789
 295885
 295929
 296141
 296250
 296572
 296626
 296657
 296737
 296804
 296824
 296851
 297051
 297497
 297508
 297686
 297760
 297880
 297907
 297933
 297939
 298036
 298093
 298194
 298369
 298391
 298447
 298788
 298829
 298836
 299135
 299196
 299329
 299408
 299668
 299813
 299825
 299826
 299832
 299960
 300085
 300129
 300252
 300430
 300615
 300738
 300884
 300947
 301141
 301395
 301472
 301605
 301610
 301674
 301909
 301990
 302004
 302171
 302175
 302296
 302325
 302343
 302457
 302561
 302570
 302613
 302615
 302640
 302692
 302693
 302695
 302726
 302729
 302752
 302869
 302885
 302927
 302963
 303011
 303061
 303078
 303130
 303287
 303439
 303855
 303861
 303987
 304089
 304117
 304133
 304239
 304287
 304317
 304332
 304461
 304557
 304712
 304770
 304777
 304781
 304900
 305065
 305084
 305241
 305323
 305785
 305848
 305913
 306045
 306073
 306222
 306376
 306504
 306687
 306797
 306826
 306871
 307338
 307402
 307503
 307572
 307808
 307822
 307842
 307844
 307878
 307911
 307915
 308057
 308251
 308321
 308646
 308765
 308943
 308971
 308992
 309098
 309119
 309125
 309155
 309178
 309218
 309590
 309701
 309734
 309741
 309758
 309772
 309801
 309867
 309927
 309972
 310027
 310055
 310185
 310275
 310344
 310383
 310486
 310496
 310508
 310513
 310558
 310629
 310687
 310860
 310958
 311033
 311073
 311513
 311663
 311688
 311926
 312086
 312113
 312391
 312628
 312658
 312669
 312725
 312962
 313030
 313288
 313349
 313453
 313458
 313465
 313546
 313592
 313710
 313718
 313963
 314125
 314141
 314212
 314302
 314435
 314454
 314538
 314557
 314584
 314732
 314792
 314814
 315041
 315115
 315200
 315372
 315380
 315522
 315937
 316079
 316122
 316239
 316360
 316379
 316389
 316390
 316398
 316411
 316449
 316455
 316500
 316538
 316688
 316726
 316831
 316832
 317146
 317201
 317255
 317565
 317603
 317800
 317880
 318179
 318268
 318272
 318397
 318478
 318590
 318608
 318650
 318764
 318815
 318925
 319097
 319237
 319639
 319647
 319854
 319865
 319950
 319989
 320034
 320063
 320130
 320338
 320383
 320642
 320822
 321080
 321279
 321316
 321381
 321396
 321507
 321604
 321642
 321696
 321739
 321757
 322045
 322248
 322401
 322410
 322513
 322570
 322609
 322670
 322750
 322774
 322888
 322891
 322970
 323042
 323117
 323147
 323192
 323222
 323264
 323304
 323373
 323437
 323447
 323705
 323758
 323786
 323851
 323853
 323969
 323997
 324119
 324208
 324368
 324483
 324641
 324723
 324910
 324967
 324983
 325074
 325201
 325233
 325282
 325301
 325492
 325527
 325619
 325842
 326076
 326266
 326302
 326317
 326340
 326372
 326453
 326495
 326521
 326569
 326644
 326732
 326814
 327214
 327230
 327434
 327526
 327664
 327805
 327884
 327932
 328000
 328102
 328374
 328437
 328457
 328624
 328705
 328977
 329136
 329152
 329185
 329213
 329337
 329639
 329688
 329856
 329927
 329986
 330049
 330088
 330166
 330186
 330225
 330539
 330542
 330680
 330732
 330797
 330814
 331087
 331197
 331246
 331297
 331397
 331703
 332115
 332155
 332319
 332505
 332546
 332719
 332802
 332855
 332873
 333008
 333020
 333077
 333115
 333194
 333333
 333433
 333535
 333692
 333796
 333898
 333947
 333994
 334091
 334151
 334293
 334407
 334433
 334442
 334447
 334560
 334569
 334726
 334852
 334871
 334907
 334928
 334963
 335086
 335132
 335146
 335176
 335250
 335260
 335397
 335595
 335816
 335879
 335964
 336056
 336113
 336309
 336358
 336367
 336516
 336525
 336704
 336715
 336716
 336768
 336842
 337016
 337147
 337236
 337348
 337468
 337496
 337608
 337769
 337990
 338029
 338089
 338600
 338733
 338800
 338912
 338983
 339001
 339009
 339092
 339104
 339107
 339144
 339179
 339255
 339330
 339393
 339426
 339434
 339550
 339563
 339568
 339622
 339677
 339734
 339782
 339964
 339992
 339999
 340079
 340152
 340246
 340330
 340352
 340353
 340425
 340475
 340625
 340706
 340772
 340959
 340963
 340995
 340997
 341046
 341130
 341168
 341296
 341330
 341356
 341391
 341468
 341507
 341658
 341859
 341949
 342199
 342265
 342304
 342367
 342544
 342559
 342768
 342838
 342994
 343255
 343337
 343627
 343795
 343812
 343850
 343927
 343937
 344130
 344394
 344484
 344650
 344790
 344798
 344836
 344952
 345021
 345038
 345111
 345143
 345153
 345206
 345227
 345250
 345270
 345444
 345481
 345488
 345559
 345572
 345622
 345906
 345908
 345971
 346124
 346153
 346271
 346370
 346391
 346430
 346731
 346850
 346886
 346987
 347113
 347191
 347212
 347517
 347826
 347979
 348218
 348269
 348312
 348491
 348501
 348546
 348621
 348837
 348915
 349072
 349077
 349081
 349121
 349284
 349310
 349337
 349434
 349518
 349660
 349669
 349809
 349987
 350189
 350274
 350308
 350422
 350438
 350526
 350649
 350802
 350900
 350910
 351071
 351074
 351142
 351177
 351192
 351245
 351258
 351302
 351303
 351306
 351351
 351995
 352082
 352168
 352265
 352302
 352346
 352542
 352568
 352690
 352879
 352881
 352988
 353240
 353246
 353307
 353364
 353535
 353664
 353682
 353804
 353834
 354188
 354216
 354252
 354285
 354426
 354473
 354564
 354591
 354737
 354746
 354749
 354760
 354972
 355048
 355152
 355222
 355242
 355246
 355288
 355427
 355654
 355786
 356255
 356331
 356354
 356452
 356493
 356626
 356772
 356873
 356913
 356952
 357114
 357118
 357206
 357442
 357570
 357737
 357810
 357841
 357846
 357961
 358288
 358351
 358406
 358565
 358581
 358783
 358834
 358974
 359139
 359175
 359458
 359508
 359640
 359691
 359766
 360207
 360301
 360421
 360497
 360572
 360631
 360802
 361078
 361092
 361111
 361261
 361422
 361518
 361528
 361549
 361575
 361592
 361610
 361706
 361736
 361765
 361838
 361916
 361976
 361983
 362106
 362107
 362213
 362399
 362435
 362665
 362708
 362760
 362763
 362845
 362962
 363184
 363196
 363247
 363303
 363310
 363517
 363554
 363561
 363679
 363786
 363855
 363871
 363957
 364078
 364102
 364324
 364341
 364408
 364570
 364723
 364740
 364830
 364873
 364907
 365145
 365167
 365168
 365314
 365323
 365399
 365480
 365562
 365596
 365606
 365954
 366217
 366313
 366322
 366344
 366370
 366390
 366565
 366733
 366744
 366865
 366880
 367618
 367647
 367817
 367909
 368000
 368043
 368066
 368147
 368159
 368168
 368184
 368249
 368302
 368336
 368668
 368710
 368711
 368745
 368846
 368888
 368914
 369034
 369063
 369067
 369069
 369091
 369174
 369190
 369200
 369387
 369587
 369986
 370051
 370059
 370152
 370177
 370225
 370308
 370330
 370370
 370788
 370972
 370977
 371056
 371075
 371137
 371830
 371872
 371991
 372167
 372203
 372251
 372294
 372360
 372361
 372399
 372418
 372574
 372598
 372721
 372773
 372976
 373121
 373205
 373239
 373301
 373306
 373507
 373631
 373979
 374022
 374193
 374213
 374246
 374333
 374409
 374442
 374443
 374484
 374515
 374560
 374598
 374603
 374660
 374700
 374937
 374952
 375094
 375117
 375380
 375383
 375397
 375453
 375636
 375921
 375923
 376042
 376195
 376261
 376323
 376328
 376415
 376421
 376551
 376774
 376778
 376862
 377030
 377189
 377321
 377364
 377461
 377627
 377710
 377761
 377777
 377882
 377898
 377952
 377984
 378051
 378263
 378331
 378357
 378378
 378604
 378620
 378758
 378947
 379007
 379136
 379207
 379331
 379461
 379474
 379832
 379930
 380035
 380411
 380434
 380496
 380822
 380972
 381004
 381056
 381069
 381169
 381254
 381311
 381434
 381502
 381538
 381600
 381818
 381858
 381993
 382061
 382191
 382193
 382327
 382429
 382463
 382687
 382862
 382893
 383077
 383080
 383215
 383252
 383351
 383561
 383571
 383681
 383814
 383820
 383838
 383947
 383953
 383972
 383999
 384057
 384299
 384485
 384539
 384615
 384685
 384762
 384777
 384920
 384924
 384928
 384975
 385321
 385402
 385427
 385636
 386024
 386111
 386350
 386373
 386400
 386447
 386747
 386816
 386901
 386950
 387154
 387230
 387335
 387645
 387655
 387675
 388086
 388134
 388305
 388400
 388455
 388470
 388475
 388504
 388608
 388688
 388813
 388958
 389023
 389095
 389108
 389145
 389153
 389235
 389316
 389485
 389490
 389511
 389752
 390141
 390262
 390267
 390448
 390581
 390635
 390825
 390896
 390955
 391026
 391181
 391199
 391268
 391275
 391320
 391661
 391727
 391764
 391989
 392009
 392014
 392120
 392159
 392299
 392402
 392438
 392563
 392701
 392804
 393008
 393068
 393088
 393216
 393244
 393501
 393731
 393812
 393838
 393857
 394070
 394337
 394354
 394636
 394663
 394776
 394820
 394957
 394979
 395105
 395147
 395229
 395248
 395274
 395286
 395348
 395413
 395536
 396025
 396050
 396070
 396087
 396169
 396186
 396216
 396367
 396453
 396485
 396657
 396694
 396790
 396969
 397047
 397114
 397148
 397153
 397277
 397386
 397489
 397513
 397520
 397522
 397609
 397742
 397874
 397949
 397988
 398280
 398326
 398344
 398498
 398550
 398682
 398699
 399002
 399098
 399103
 399330
 399349
 399614
 399629
 399661
 399738
 399907
 399999
 400000
 400155
 400400
 400416
 400458
 400501
 400557
 400571
 400670
 400694
 400756
 400845
 400862
 401015
 401064
 401197
 401217
 401350
 401550
 401656
 401686
 401781
 401839
 402020
 402048
 402258
 402323
 402360
 402470
 402623
 402784
 402808
 402970
 403081
 403111
 403118
 403464
 403574
 403622
 403958
 403965
 404011
 404071
 404244
 404281
 404297
 404301
 404318
 404438
 404549
 404624
 404819
 404986
 405006
 405016
 405098
 405258
 405279
 405396
 405778
 405835
 405855
 405935
 405967
 406252
 406518
 406592
 406593
 406631
 406729
 406937
 407163
 407236
 407249
 407385
 407673
 407731
 408011
 408021
 408028
 408098
 408111
 408500
 408602
 408737
 409090
 409201
 409273
 409350
 409381
 409386
 409514
 409559
 409610
 409693
 409694
 409847
 409954
 410032
 410278
 410364
 410714
 410757
 410768
 410887
 410919
 411018
 411053
 411075
 411110
 411206
 411290
 411299
 411356
 411389
 411391
 411722
 411868
 411871
 412086
 412275
 412672
 412701
 412732
 412780
 412844
 412893
 412929
 413043
 413133
 413150
 413169
 413171
 413184
 413340
 413355
 413533
 413602
 413708
 413811
 413833
 413888
 413916
 414030
 414130
 414391
 414610
 414634
 414862
 414887
 414957
 414990
 415018
 415026
 415122
 415129
 415306
 415313
 415456
 415787
 415795
 415809
 415930
 416495
 416666
 416715
 416972
 417118
 417184
 417201
 417309
 417337
 417479
 417589
 417812
 417817
 417878
 417914
 418059
 418091
 418211
 418230
 418396
 418972
 419049
 419340
 419360
 419437
 419463
 419566
 419642
 419740
 419775
 419779
 419798
 420236
 420525
 420686
 420689
 420741
 420838
 421025
 421052
 421159
 421377
 421449
 421502
 421531
 421899
 421973
 422059
 422237
 422268
 422408
 422595
 422764
 422841
 423036
 423116
 423157
 423517
 423793
 423822
 424134
 424206
 424218
 424242
 424302
 424339
 424356
 424374
 424443
 424799
 424831
 425240
 425287
 425363
 425499
 425514
 425517
 425520
 425731
 425850
 425936
 425961
 425967
 426133
 426135
 426195
 426527
 426655
 426780
 426836
 427017
 427263
 427299
 427318
 427425
 427480
 427518
 427839
 427920
 428100
 428114
 428200
 428293
 428458
 428518
 428625
 428669
 428755
 428819
 429223
 429263
 429290
 429341
 429413
 429501
 429775
 429922
 429969
 430040
 430057
 430074
 430242
 430291
 430313
 430379
 430380
 430410
 430525
 430586
 430768
 430824
 430929
 430940
 430962
 431054
 431218
 431255
 431272
 431281
 431308
 431497
 431538
 431593
 431834
 431891
 431920
 432279
 432293
 432341
 432344
 432350
 432380
 432400
 432463
 432564
 432599
 432832
 432901
 432953
 433035
 433228
 433340
 433405
 433486
 433600
 433687
 433912
 433955
 434116
 434250
 434372
 434500
 434519
 434722
 434733
 434760
 434782
 434850
 435028
 435422
 435613
 435689
 435716
 435855
 435936
 435987
 435997
 436109
 436234
 436359
 436479
 436512
 436660
 436742
 436764
 436765
 436797
 436948
 437066
 437109
 437206
 437312
 437350
 437358
 437507
 437568
 437684
 437930
 438073
 438078
 438083
 438134
 438291
 438356
 438368
 438397
 438467
 438474
 438504
 438795
 439059
 439225
 439548
 439569
 439602
 439700
 439728
 439813
 439862
 440100
 440221
 440230
 440270
 440318
 440620
 440648
 440649
 440702
 440764
 440828
 440957
 440980
 441129
 441173
 441216
 441512
 441536
 441571
 441699
 441844
 441860
 441922
 442181
 442303
 442548
 442558
 442605
 442643
 442862
 442977
 443093
 443146
 443154
 443298
 443348
 443648
 443776
 443980
 444027
 444065
 444075
 444227
 444313
 444317
 444444
 444731
 444806
 444850
 444988
 444992
 445546
 445582
 445708
 445830
 446119
 446197
 446475
 446504
 446525
 446895
 446991
 447058
 447122
 447704
 447751
 447792
 447795
 447853
 447891
 447997
 448209
 448398
 448415
 448521
 448594
 448709
 448852
 448907
 449152
 449169
 449318
 449590
 449718
 449782
 449857
 449870
 450037
 450251
 450516
 450531
 450567
 450594
 450668
 450773
 450847
 450928
 451425
 451494
 451597
 451671
 451726
 451753
 451775
 451833
 451870
 451912
 451923
 451942
 451957
 451958
 452009
 452021
 452033
 452080
 452148
 452159
 452336
 452582
 452597
 452713
 452726
 452783
 452808
 452922
 453014
 453313
 453324
 453331
 453333
 453380
 453393
 453427
 453459
 453577
 453608
 453625
 453718
 453789
 453964
 454169
 454252
 454301
 454356
 454458
 454481
 454567
 454578
 454598
 454625
 454818
 454912
 455225
 455285
 455314
 455347
 455679
 455729
 455915
 456333
 456475
 456562
 456603
 456619
 456678
 456863
 457024
 457104
 457105
 457261
 457552
 457643
 457667
 457978
 458006
 458008
 458039
 458132
 458145
 458444
 458547
 458650
 458658
 458821
 458823
 458844
 458855
 458914
 458956
 459003
 459008
 459059
 459173
 459204
 459305
 459439
 459459
 459499
 459505
 459646
 459813
 459825
 459850
 459911
 459984
 460231
 460334
 460506
 460537
 460669
 460836
 460857
 460869
 460935
 460946
 461270
 461306
 461358
 461420
 461423
 461538
 461642
 461764
 461990
 462236
 462249
 462493
 462772
 462859
 463166
 463217
 463236
 463239
 463381
 463414
 463658
 463671
 463908
 464077
 464234
 464236
 464278
 464285
 464310
 464377
 464677
 465095
 465140
 465176
 465210
 465277
 465458
 465517
 465533
 465712
 465908
 465928
 466216
 466236
 466242
 466324
 466382
 466555
 466783
 466841
 466942
 467034
 467065
 467070
 467147
 467195
 467196
 467340
 467454
 467601
 467816
 467817
 468210
 468548
 468596
 468599
 468686
 468726
 468803
 469186
 469305
 469761
 469879
 469900
 469981
 470432
 470435
 470475
 470880
 470893
 470897
 471086
 471093
 471218
 471308
 471354
 471414
 471447
 471692
 472399
 472402
 472554
 472761
 472847
 472948
 473061
 473163
 473171
 473299
 473702
 473705
 473737
 473745
 473842
 473843
 473877
 473904
 474022
 474162
 474181
 474260
 474266
 474277
 474465
 474540
 474642
 474672
 474841
 474920
 474955
 475100
 475197
 475262
 475355
 475391
 475432
 475536
 475798
 475851
 475880
 475925
 476138
 476190
 476365
 476599
 476742
 476909
 476971
 476972
 476978
 477203
 477303
 477321
 477358
 477406
 477560
 477595
 477686
 477836
 478272
 478336
 478412
 478605
 478606
 478903
 478958
 479008
 479128
 479221
 479308
 479412
 479508
 479535
 479735
 479762
 479765
 479772
 479956
 480099
 480207
 480222
 480227
 480373
 480428
 480576
 480678
 480702
 480824
 480874
 480936
 480938
 480999
 481012
 481255
 481281
 481419
 481462
 481635
 481713
 482051
 482773
 482803
 482901
 483591
 483648
 483670
 483744
 483748
 483901
 483943
 483958
 484330
 484452
 484454
 484579
 484583
 484646
 484670
 484711
 484725
 484946
 485004
 485429
 485948
 486457
 486611
 486792
 486810
 486832
 486834
 487015
 487106
 487157
 487174
 487205
 487293
 487381
 487504
 487558
 487630
 487864
 487946
 488266
 488274
 488485
 488592
 488605
 488690
 488761
 488776
 488996
 489087
 489133
 489202
 489308
 489381
 489391
 489437
 489603
 489748
 489839
 489999
 490041
 490156
 490286
 490348
 490440
 490467
 490653
 490860
 491121
 491181
 491303
 491307
 491369
 491374
 491431
 491474
 491635
 491732
 491817
 492059
 492106
 492158
 492178
 492271
 492273
 492391
 492421
 492646
 492763
 492824
 493119
 493294
 493305
 493583
 493722
 493822
 493843
 493857
 493943
 494152
 494200
 494270
 494911
 494925
 494927
 495067
 495159
 495327
 495333
 495350
 495616
 495666
 495754
 496050
 496256
 496302
 496382
 496450
 496527
 496794
 497043
 497168
 497300
 497359
 497433
 497512
 497608
 497783
 497805
 497837
 497955
 498427
 498473
 498483
 498583
 498733
 498771
 498830
 499014
 499136
 499137
 499282
 499367
 499372
 499383
 499520
 499621
 499712
 499738
 499748
 499843
 499859
 499935
 500000
 500076
 500265
 500368
 500439
 500608
 500635
 500684
 500689
 500772
 501016
 501246
 501569
 501577
 501601
 501700
 501719
 501770
 501819
 502158
 502180
 502216
 502248
 502649
 502687
 502752
 502828
 502857
 502868
 502879
 503082
 503199
 503205
 503249
 503272
 503349
 503364
 503412
 503558
 503610
 503803
 503852
 504164
 504213
 504347
 504532
 504574
 504856
 505093
 505216
 505489
 505667
 505786
 505880
 505976
 505981
 506024
 506166
 506252
 506338
 506432
 506471
 506543
 506695
 506757
 506777
 506988
 507077
 507305
 507511
 507669
 507778
 507857
 508192
 508216
 508227
 508330
 508474
 508526
 508576
 508639
 508790
 509017
 509021
 509033
 509045
 509138
 509381
 509443
 509476
 509643
 509659
 509663
 509680
 509707
 509962
 510081
 510176
 510204
 510227
 510310
 510400
 510438
 510526
 510584
 510750
 510906
 510975
 511157
 511291
 511326
 511363
 511745
 511817
 511846
 511861
 511902
 511925
 512145
 512301
 512328
 512521
 512593
 512686
 512734
 512799
 513079
 513144
 513151
 513364
 513430
 513499
 513647
 513908
 513943
 514031
 514132
 514209
 514270
 514317
 514427
 514450
 514585
 514650
 514668
 514780
 515108
 515174
 515315
 515601
 515652
 515731
 515761
 515870
 515974
 516182
 516300
 516496
 516512
 516653
 516837
 516876
 517042
 517094
 517241
 517300
 517375
 517582
 517651
 517743
 517951
 518330
 518384
 518518
 518543
 518642
 518657
 518716
 518894
 518987
 519110
 519131
 519330
 519384
 519510
 519615
 519650
 519843
 519846
 520000
 520095
 520165
 520213
 520285
 520358
 520385
 520398
 520426
 520445
 520536
 520580
 520735
 520743
 520817
 520819
 521110
 521151
 521347
 521449
 521456
 521610
 521634
 521739
 521750
 521834
 522023
 522101
 522245
 522309
 522362
 522415
 522707
 522921
 523124
 523235
 523400
 523422
 523464
 523489
 523579
 523613
 523900
 524119
 524310
 524337
 524338
 524410
 524483
 524538
 524554
 524859
 524878
 524918
 524931
 525185
 525252
 525478
 525552
 525758
 525834
 525918
 525928
 526059
 526148
 526385
 526655
 526774
 526823
 526860
 526865
 526933
 526942
 526945
 526972
 527130
 527293
 527315
 527517
 527567
 527729
 527880
 527898
 528036
 528149
 528239
 528584
 528664
 528667
 528714
 528910
 528978
 528997
 529010
 529024
 529055
 529091
 529171
 529207
 529307
 529356
 529390
 529637
 529738
 529801
 529835
 530051
 530117
 530133
 530271
 530395
 530812
 530835
 531016
 531031
 531078
 531156
 531166
 531229
 531359
 531600
 531791
 531811
 532300
 532304
 532498
 532510
 532517
 532602
 532704
 532749
 532752
 532827
 532831
 532865
 533130
 533171
 533304
 533342
 533375
 533487
 533731
 533799
 533834
 533879
 534156
 534228
 534526
 535061
 535100
 535228
 535233
 535269
 535275
 535336
 535372
 535468
 536091
 536115
 536183
 536221
 536226
 536570
 536653
 536716
 536808
 536842
 536844
 537041
 537405
 537726
 537772
 537797
 537987
 538116
 538155
 538299
 538873
 538914
 538922
 538998
 539154
 539160
 539231
 539360
 539571
 539609
 539995
 540005
 540368
 540372
 540508
 540523
 540540
 540766
 540782
 540785
 540848
 540859
 540986
 541023
 541089
 541189
 541277
 541445
 541715
 541954
 542023
 542087
 542278
 542457
 542617
 542622
 542626
 542682
 542722
 542742
 542760
 542816
 542946
 543252
 543323
 543352
 543554
 543614
 543677
 543753
 543804
 544043
 544207
 544459
 544569
 544741
 544927
 545006
 545061
 545072
 545175
 545304
 545403
 545541
 545680
 545875
 545892
 545949
 545988
 546070
 546081
 546203
 546224
 546779
 546836
 546954
 547142
 547263
 547498
 547579
 547590
 547702
 547726
 547794
 548074
 548102
 548294
 548505
 548606
 548609
 548643
 548707
 548726
 548755
 548812
 548979
 549090
 549154
 549294
 549334
 549450
 549512
 549516
 549518
 549539
 549653
 549731
 550003
 550022
 550040
 550085
 550372
 550493
 550507
 550967
 551009
 551227
 551403
 551550
 551712
 551852
 552260
 552270
 552475
 552587
 552674
 552762
 552881
 552958
 553007
 553385
 553595
 553666
 553962
 554140
 554146
 554238
 554285
 554305
 554316
 554485
 554581
 554664
 554712
 554730
 554868
 554908
 554910
 554913
 555025
 555038
 555068
 555187
 555195
 555347
 555526
 555555
 555580
 555682
 555905
 555925
 555950
 555968
 556049
 556229
 556256
 556270
 556384
 556390
 556477
 556569
 556641
 556684
 556723
 557083
 557219
 557496
 557522
 557696
 557782
 557945
 558114
 558129
 558172
 558241
 558295
 558464
 558508
 558556
 558754
 558906
 559007
 559411
 559532
 559708
 559724
 559789
 559798
 559845
 559886
 559948
 560022
 560474
 560513
 560700
 560860
 561094
 561215
 561430
 561718
 561903
 562127
 562149
 562192
 562224
 562277
 562362
 562386
 562500
 562629
 562735
 562737
 562770
 562890
 562913
 563106
 563252
 563297
 563510
 563573
 563591
 563683
 563890
 563894
 563896
 563990
 564058
 564099
 564119
 564128
 564254
 564559
 564628
 564760
 564876
 564896
 564915
 564933
 565112
 565217
 565436
 565517
 565653
 565762
 565807
 565938
 565963
 565988
 566100
 566153
 566267
 566332
 566411
 566463
 566768
 566889
 566966
 567032
 567181
 567252
 567273
 567347
 567567
 567587
 567650
 568050
 568189
 568280
 568311
 568385
 568511
 568691
 568764
 569013
 569151
 569300
 569396
 569414
 569539
 569817
 569877
 569935
 570058
 570093
 570112
 570164
 570303
 570321
 570324
 570370
 570475
 570583
 570593
 570690
 570701
 570760
 570856
 570979
 571008
 571088
 571419
 571428
 571572
 571580
 571617
 571686
 571841
 571977
 572000
 572005
 572028
 572224
 572231
 572478
 572556
 572573
 572753
 572764
 573044
 573090
 573145
 573277
 573451
 573563
 573733
 573909
 573913
 574036
 574041
 574075
 574107
 574294
 574726
 574741
 574757
 574803
 575047
 575103
 575126
 575163
 575189
 575274
 575339
 575498
 575535
 575687
 575700
 575953
 575987
 576003
 576160
 576199
 576264
 576283
 576345
 576423
 576426
 576465
 576539
 576657
 576788
 576900
 577024
 577087
 577247
 577290
 577354
 577372
 577394
 577476
 577524
 577661
 577665
 577767
 577784
 577830
 577846
 577996
 578024
 578125
 578245
 578319
 578947
 579009
 579083
 579272
 579283
 579336
 579453
 579670
 579680
 579852
 580305
 580322
 580330
 580338
 580440
 580505
 580605
 580746
 580859
 580971
 581152
 581224
 581447
 581511
 581987
 582089
 582174
 582266
 582301
 582325
 582412
 582423
 582434
 582493
 582617
 582625
 582696
 582914
 582955
 582995
 583003
 583184
 583250
 583271
 583296
 583333
 583450
 583482
 583759
 583892
 584000
 584305
 584334
 584358
 584389
 584521
 584867
 584955
 585159
 585196
 585209
 585335
 585372
 585471
 585852
 585880
 586264
 586361
 586409
 586662
 586808
 586866
 586870
 586947
 587043
 587093
 587147
 587153
 587168
 587412
 587588
 587723
 587793
 587836
 587838
 587850
 587867
 588155
 588223
 588406
 588432
 588457
 588538
 588570
 588667
 588677
 588780
 588993
 589133
 589190
 589284
 589390
 589477
 589618
 589658
 589687
 589912
 590067
 590103
 590113
 590146
 590163
 590212
 590425
 590679
 591007
 591034
 591093
 591213
 591218
 591248
 591338
 591371
 591433
 591489
 591703
 591785
 591939
 592062
 592090
 592334
 592464
 592536
 592538
 592562
 592592
 592657
 592822
 592849
 592879
 592920
 592937
 593029
 593147
 593190
 593261
 593420
 593448
 593488
 593639
 593720
 593721
 593820
 593870
 594046
 594224
 594240
 594318
 594376
 594574
 594612
 594654
 594735
 594749
 594780
 594876
 595154
 595546
 595740
 595744
 595875
 595966
 595976
 596011
 596147
 596244
 596504
 596666
 596714
 597019
 597064
 597087
 597140
 597142
 597183
 597273
 597283
 597469
 597570
 597646
 597860
 597953
 597985
 598032
 598034
 598044
 598068
 598366
 598644
 598885
 599042
 599073
 599095
 599139
 599244
 599250
 599282
 599391
 599435
 599500
 599525
 599713
 599963
 600000
 600135
 600224
 600325
 600357
 600366
 600602
 600748
 600799
 600903
 601101
 601230
 601312
 601525
 601555
 602167
 602409
 602444
 602610
 602867
 602994
 603007
 603157
 603250
 603637
 603814
 603835
 603901
 604027
 604092
 604126
 604131
 604133
 604291
 604297
 604433
 604447
 604534
 604651
 604709
 604778
 604829
 604885
 604892
 605093
 605120
 605210
 605251
 605403
 605422
 605463
 605471
 605588
 605633
 605698
 605782
 605783
 605867
 606036
 606085
 606109
 606527
 606528
 606741
 606984
 607108
 607206
 607278
 607331
 607462
 607588
 607678
 607709
 607883
 608061
 608101
 608503
 608695
 609173
 609245
 609310
 609423
 609543
 609628
 609682
 609962
 610158
 610169
 610311
 610354
 610437
 610438
 610444
 610687
 610717
 610897
 610944
 611012
 611053
 611192
 611231
 611253
 611435
 611444
 611461
 611717
 611730
 611828
 611900
 611968
 611976
 612309
 612346
 612474
 612617
 612738
 612752
 612788
 612864
 613031
 613068
 613124
 613222
 613251
 613454
 613475
 613571
 613717
 613741
 613756
 613895
 613913
 613918
 613929
 613969
 614461
 614651
 614818
 614892
 614899
 615127
 615249
 615284
 615302
 615520
 615560
 615570
 615994
 616046
 616193
 616230
 616251
 616291
 616401
 616405
 616584
 616633
 616710
 616784
 616815
 617008
 617274
 617316
 617357
 617422
 617629
 617882
 617987
 617989
 618122
 618383
 618495
 618522
 618714
 618820
 618823
 618825
 618947
 619047
 619099
 619232
 619306
 619436
 619508
 619608
 619701
 619736
 619847
 619916
 619963
 619967
 620005
 620187
 620253
 620656
 620679
 620689
 620728
 620797
 620886
 620979
 621062
 621136
 621320
 621482
 621585
 621686
 621733
 621854
 621884
 621995
 622119
 622174
 622228
 622249
 622461
 622571
 622641
 622661
 622760
 622857
 623329
 623333
 623542
 623579
 623618
 623859
 623891
 624093
 624234
 624323
 624365
 624550
 624600
 624617
 624667
 624785
 624908
 624971
 625145
 625204
 625235
 625281
 625356
 625369
 625429
 625441
 625455
 625758
 625803
 626101
 626118
 626156
 626609
 626823
 626839
 626927
 626974
 627002
 627398
 627420
 627432
 627513
 627601
 627613
 627680
 627757
 627808
 627848
 627951
 627962
 628070
 628082
 628107
 628134
 628138
 628141
 628149
 628274
 628484
 628495
 628497
 628538
 628571
 628680
 628699
 628964
 629160
 629189
 629327
 629473
 629524
 629536
 629537
 629601
 629629
 629679
 629944
 629987
 630057
 630071
 630186
 630266
 630381
 630585
 630700
 630983
 631014
 631045
 631090
 631262
 631538
 631602
 631892
 631975
 631999
 632032
 632059
 632140
 632183
 632233
 632254
 632268
 632453
 632525
 632806
 632994
 633279
 633373
 633407
 633519
 633702
 633841
 633846
 633916
 633928
 633951
 634228
 634237
 634386
 634550
 634796
 634879
 634920
 634942
 634953
 634989
 635078
 635135
 635204
 635286
 635304
 635657
 635818
 635914
 636039
 636130
 636629
 636704
 636833
 636887
 636969
 637008
 637330
 637433
 637551
 637647
 637755
 637891
 637906
 638002
 638050
 638231
 638297
 638464
 638537
 638619
 638648
 639086
 639097
 639107
 639180
 639207
 639209
 639306
 639329
 639497
 639564
 639572
 639753
 639999
 640041
 640141
 640219
 640442
 640518
 640554
 640654
 640749
 640771
 640866
 640994
 641004
 641017
 641152
 641226
 641284
 641425
 641432
 641521
 641671
 641736
 641771
 642201
 642337
 642375
 642432
 642470
 642704
 642808
 642935
 642986
 643030
 643165
 643174
 643179
 643229
 643330
 643359
 643478
 643485
 643572
 643712
 643799
 643811
 643835
 643975
 644063
 644343
 644438
 644461
 644629
 644736
 644806
 644817
 644880
 645109
 645139
 645173
 645303
 645373
 645468
 645490
 645587
 645683
 645719
 645836
 645839
 646365
 646398
 646432
 646521
 646540
 646562
 646622
 646658
 646754
 646858
 646901
 646902
 647058
 647087
 647243
 647460
 647678
 647769
 647831
 647908
 647968
 647981
 648070
 648187
 648492
 648590
 648595
 648598
 648675
 648676
 648910
 648949
 648967
 649089
 649091
 649111
 649229
 649325
 649478
 649551
 649576
 649635
 649733
 649841
 650019
 650110
 650356
 650381
 650428
 650429
 650444
 650592
 650712
 650921
 650946
 651020
 651069
 651086
 651119
 651202
 651430
 651460
 651848
 651909
 651963
 652044
 652049
 652173
 652490
 652498
 652506
 652629
 652639
 652713
 652762
 652868
 653026
 653069
 653103
 653136
 653137
 653146
 653235
 653287
 653363
 653429
 653440
 653453
 653625
 653932
 654064
 654069
 654100
 654462
 654602
 654650
 654682
 654742
 654765
 654782
 654818
 654853
 654876
 655015
 655136
 655189
 655212
 655372
 655478
 655486
 655571
 655601
 655737
 655937
 656124
 656189
 656246
 656262
 656367
 656420
 656528
 656603
 656643
 656733
 657064
 657069
 657096
 657142
 657263
 657276
 657293
 657482
 657505
 657737
 657752
 657992
 658180
 658250
 658579
 658879
 658930
 658986
 659074
 659109
 659302
 659505
 659742
 659854
 659934
 659971
 660057
 660103
 660204
 660236
 660312
 660366
 660471
 660610
 661062
 661091
 661098
 661288
 661371
 661457
 661503
 661774
 661966
 662061
 662141
 662161
 662188
 662207
 662244
 662295
 662481
 662499
 662562
 662683
 662706
 662715
 662973
 663012
 663173
 663208
 663370
 663404
 663452
 663596
 663641
 663700
 663783
 663811
 664020
 664236
 664423
 664457
 664886
 664974
 665004
 665012
 665034
 665048
 665148
 665158
 665162
 665171
 665226
 665312
 665432
 665457
 665514
 665601
 665644
 665722
 665734
 665798
 665878
 665968
 666051
 666270
 666297
 666615
 666666
 666734
 666798
 666860
 666925
 667110
 667371
 667554
 667802
 667892
 667939
 667984
 668035
 668140
 668182
 668189
 668236
 668482
 668615
 668637
 668897
 668937
 668949
 668991
 669046
 669085
 669210
 669334
 669338
 669394
 669496
 669498
 669719
 669730
 669847
 669949
 670015
 670124
 670192
 670219
 670259
 670292
 670442
 670645
 670658
 670784
 670878
 670920
 670967
 671111
 671209
 671254
 671284
 671464
 671908
 672020
 672142
 672171
 672178
 672316
 672447
 672537
 672549
 672676
 672696
 672853
 672973
 672994
 673011
 673103
 673158
 673230
 673276
 673318
 673360
 673547
 673601
 673629
 673717
 673964
 674271
 674308
 674349
 674693
 674757
 674869
 674943
 675037
 675077
 675143
 675314
 675327
 675462
 675484
 675537
 675708
 675793
 675959
 675961
 676032
 676062
 676186
 676187
 676194
 676250
 676312
 676359
 676419
 676550
 676721
 676882
 677271
 677485
 677531
 677685
 677899
 678334
 678346
 678471
 678526
 678722
 678904
 678908
 678964
 678975
 679017
 679156
 679245
 679309
 679355
 679548
 679611
 679908
 680122
 680153
 680231
 680300
 680312
 680425
 680435
 680588
 680636
 680696
 680798
 680807
 680812
 680817
 680837
 680846
 680928
 681115
 681359
 681586
 681653
 681717
 681747
 681761
 681953
 682011
 682073
 682142
 682260
 682293
 682431
 682453
 682775
 682874
 682910
 682922
 683066
 683130
 683157
 683273
 683366
 683576
 683591
 683732
 683778
 683788
 684081
 684250
 684298
 684340
 684356
 684406
 684424
 684460
 684491
 684567
 684775
 684843
 684860
 684985
 684998
 685185
 685297
 685402
 685549
 685562
 685664
 685714
 685778
 685893
 685895
 686023
 686100
 686165
 686570
 686589
 686661
 686689
 686956
 686984
 687179
 687205
 687259
 687326
 687437
 687662
 687824
 688003
 688073
 688102
 688265
 688269
 688302
 688361
 688399
 688491
 688578
 688672
 688740
 688857
 688894
 689195
 689200
 689263
 689345
 689453
 689495
 689605
 689623
 689708
 689721
 689842
 690127
 690186
 690235
 690380
 690466
 690515
 691031
 691057
 691152
 691166
 691226
 691287
 691297
 691468
 691499
 691516
 691595
 691820
 691866
 691929
 691953
 692118
 692126
 692192
 692277
 692307
 692391
 692569
 692581
 692722
 692788
 692896
 693171
 693271
 693744
 693930
 693963
 693969
 694256
 694287
 694295
 694351
 694447
 694541
 694599
 694634
 694691
 694731
 694739
 694850
 694919
 694967
 695501
 695633
 695652
 695820
 695838
 695880
 695911
 695974
 696026
 696113
 696155
 696321
 696453
 696487
 696587
 696736
 696788
 696797
 696865
 696928
 697059
 697220
 697326
 697374
 697461
 697531
 697617
 697820
 697895
 697910
 698178
 698216
 698282
 698507
 698528
 698553
 698668
 698727
 698738
 698924
 698964
 698965
 699012
 699075
 699082
 699126
 699160
 699218
 699408
 699624
 699781
 699942
 699987
 700050
 700094
 700182
 700322
 700671
 700729
 700863
 700997
 701241
 701318
 701353
 701471
 701547
 701560
 701569
 701680
 701681
 701699
 701723
 701731
 701940
 702015
 702219
 702294
 702399
 702416
 702481
 702623
 702653
 702702
 702883
 703024
 703109
 703116
 703330
 703380
 703389
 703621
 703636
 703872
 703882
 703909
 703917
 703930
 704017
 704183
 704225
 704311
 704355
 704444
 704513
 704545
 704575
 704755
 704820
 704860
 704926
 705171
 705175
 705210
 705215
 705221
 705364
 705444
 705552
 705848
 705882
 705921
 706094
 706108
 706149
 706227
 706256
 706270
 706348
 706378
 706490
 706638
 707048
 707078
 707172
 707317
 707408
 707462
 707620
 707800
 707845
 707896
 708036
 708542
 708586
 708716
 709079
 709103
 709130
 709300
 709534
 709735
 709849
 709956
 710097
 710101
 710152
 710167
 710272
 710412
 710419
 710443
 710514
 710702
 710742
 710877
 711030
 711055
 711097
 711206
 711286
 711405
 711458
 711465
 711571
 711737
 711750
 711834
 711864
 712068
 712388
 712406
 712478
 712562
 712598
 712643
 712701
 712882
 712908
 712942
 713102
 713109
 713132
 713176
 713310
 713409
 713419
 713451
 713705
 713898
 714031
 714164
 714178
 714285
 714391
 714544
 714617
 714640
 714669
 714803
 714819
 714859
 714871
 714966
 714983
 715204
 715246
 715317
 715409
 715428
 715583
 715762
 715813
 715980
 716022
 716108
 716224
 716227
 716407
 716417
 716511
 716698
 716922
 716941
 717051
 717171
 717344
 717624
 717635
 717917
 718337
 718433
 718479
 718549
 718767
 718822
 718911
 719200
 719460
 719806
 719899
 719980
 720015
 720023
 720138
 720148
 720220
 720403
 720605
 720624
 720831
 720880
 720954
 720959
 720974
 721003
 721044
 721097
 721284
 721348
 721522
 721592
 721718
 722084
 722240
 722270
 722388
 722634
 722734
 722760
 722781
 722903
 722921
 723210
 723351
 723391
 723421
 723608
 723723
 723865
 723919
 724090
 724130
 724386
 724409
 724422
 724433
 724448
 724649
 724742
 724992
 725008
 725336
 725389
 725396
 725565
 725603
 725624
 725631
 725698
 725922
 726202
 726311
 726350
 726374
 726386
 726692
 726882
 726915
 727000
 727272
 727296
 727588
 727613
 727810
 727865
 727886
 727905
 727925
 727951
 728140
 728155
 728162
 728183
 728272
 728407
 728465
 728485
 728555
 728588
 728682
 728793
 728869
 728971
 729009
 729192
 729215
 729223
 729559
 729632
 729668
 729708
 729709
 729732
 729776
 729810
 729945
 730167
 730381
 730391
 730522
 730531
 730859
 730913
 730922
 731021
 731107
 731110
 731120
 731147
 731277
 731513
 731720
 731787
 731812
 731866
 731925
 732061
 732067
 732087
 732141
 732273
 732415
 732621
 732624
 732669
 732673
 732787
 732959
 733333
 733394
 733446
 733651
 733727
 733731
 733958
 734287
 734339
 734371
 734431
 734553
 734859
 735067
 735093
 735153
 735172
 735255
 735395
 735445
 735707
 735729
 735804
 735849
 735932
 735992
 736222
 736250
 736311
 736367
 736492
 736660
 736680
 736949
 736972
 736998
 737124
 737223
 737270
 737305
 737369
 737391
 737418
 737524
 737568
 737704
 738041
 738164
 738227
 738286
 738317
 738406
 738422
 738443
 738501
 738517
 738601
 738649
 738670
 738831
 738893
 738956
 739130
 739181
 739297
 739332
 739358
 739482
 739499
 739599
 739602
 739772
 739776
 739818
 739844
 739986
 740266
 740410
 740411
 740526
 740581
 740740
 740876
 740897
 740976
 741116
 741122
 741268
 741270
 741331
 741353
 741807
 742023
 742037
 742074
 742501
 742599
 742693
 742699
 742857
 742890
 742933
 743268
 743333
 743538
 743560
 743803
 743812
 743854
 743907
 743954
 744214
 744466
 744472
 744492
 744592
 744754
 744943
 745008
 745044
 745222
 745441
 745487
 745619
 745620
 745726
 745850
 745859
 745963
 746257
 746760
 747150
 747252
 747269
 747354
 747361
 747586
 747812
 747919
 748059
 748089
 748102
 748158
 748165
 748170
 748266
 748585
 748661
 748696
 749082
 749200
 749254
 749263
 749429
 749567
 749576
 749583
 749753
 749849
 749971
 749984
 750000
 750061
 750177
 750238
 750282
 750286
 750591
 750618
 750679
 750684
 750786
 750937
 751020
 751159
 751266
 751458
 751475
 751483
 751672
 751803
 751858
 751987
 752013
 752171
 752304
 752442
 752590
 752651
 752668
 752768
 752800
 752807
 752869
 752901
 752936
 753181
 753255
 753325
 753408
 753543
 753606
 753610
 753647
 753846
 753908
 753914
 753924
 754018
 754460
 754539
 754685
 754776
 754800
 754803
 754838
 754891
 755102
 755240
 755244
 755311
 755324
 755339
 755388
 755532
 755920
 755962
 756006
 756208
 756291
 756421
 756594
 756795
 756989
 757042
 757210
 757255
 757301
 757353
 757435
 757622
 757808
 758075
 758110
 758142
 758179
 758420
 758496
 758526
 758532
 758550
 758628
 758669
 758678
 758700
 758835
 758889
 758897
 759112
 759339
 759472
 759482
 759484
 759518
 759547
 759550
 759589
 759665
 759758
 759840
 760140
 760195
 760199
 760639
 760649
 760726
 760727
 760774
 761068
 761150
 761154
 761226
 761358
 761403
 761463
 761533
 761614
 761958
 762055
 762109
 762204
 762376
 762390
 762636
 762649
 762893
 762897
 763048
 763078
 763135
 763307
 763631
 764017
 764031
 764284
 764308
 764339
 764443
 764453
 764482
 764654
 764680
 764686
 764741
 764822
 764918
 765002
 765093
 765196
 765230
 765272
 765279
 765280
 765286
 765380
 765540
 765820
 765878
 766375
 766866
 767018
 767193
 767542
 767588
 767632
 767716
 767985
 768136
 768187
 768426
 768443
 768529
 768555
 768589
 768597
 768640
 768861
 768883
 768937
 769082
 769119
 769200
 769280
 769366
 769608
 770055
 770167
 770246
 770301
 770447
 770647
 771037
 771095
 771138
 771190
 771219
 771224
 771225
 771428
 771448
 771563
 771635
 771696
 771711
 771718
 771990
 772010
 772029
 772085
 772100
 772128
 772170
 772518
 772585
 772589
 772631
 772658
 772669
 772765
 772840
 772895
 772963
 773114
 773293
 773413
 773494
 773539
 773689
 773761
 773792
 773866
 773902
 773913
 774184
 774241
 774314
 774396
 774563
 774656
 774704
 774733
 774737
 774771
 774779
 774792
 774859
 774992
 775019
 775056
 775119
 775324
 775540
 775596
 775777
 775831
 775834
 776024
 776034
 776207
 776312
 776389
 776520
 776595
 776603
 776634
 776794
 776840
 776864
 777127
 777128
 777285
 777292
 777448
 777450
 777464
 777646
 777698
 777788
 777991
 778042
 778391
 778449
 778595
 778739
 778862
 778947
 779005
 779128
 779411
 779446
 779492
 779516
 779536
 779593
 779616
 779680
 779765
 779781
 779851
 779948
 780022
 780243
 780325
 780338
 780521
 780559
 780625
 780794
 780821
 780865
 780951
 781111
 781251
 781261
 781277
 781333
 781410
 781456
 781521
 781706
 781719
 781797
 781799
 781852
 781898
 781941
 781959
 782015
 782111
 782124
 782237
 782243
 782279
 782387
 782459
 782765
 782801
 782898
 783042
 783180
 783421
 783514
 783592
 783710
 783907
 783933
 783936
 784065
 784535
 784542
 784623
 784673
 784880
 785072
 785108
 785244
 785273
 785277
 785313
 785328
 785384
 785474
 785652
 785662
 785665
 785688
 785714
 785945
 785986
 786151
 786166
 786263
 786266
 786342
 786389
 786436
 786818
 786819
 786828
 786835
 786869
 786871
 786904
 787048
 787207
 787312
 787501
 787530
 787632
 787644
 787722
 787974
 788096
 788307
 788338
 788440
 788488
 788573
 788868
 788876
 789116
 789240
 789473
 789546
 789565
 789650
 789680
 789738
 789859
 789987
 789996
 789998
 790073
 790193
 790340
 790454
 790598
 791114
 791161
 791283
 791445
 791449
 791467
 791570
 791598
 791990
 792147
 792197
 792296
 792613
 792622
 792701
 792802
 792867
 792900
 792950
 792979
 793319
 793341
 793378
 793464
 793526
 793602
 793954
 793973
 794076
 794145
 794161
 794212
 794240
 794366
 794411
 794489
 794667
 794698
 794730
 794769
 794920
 794976
 795011
 795021
 795118
 795153
 795442
 795479
 795514
 795733
 795912
 795943
 795956
 796208
 796290
 796317
 796580
 796636
 796889
 797040
 797081
 797091
 797513
 797516
 797626
 797659
 797676
 797773
 797797
 797912
 797955
 797970
 798053
 798232
 798427
 798599
 798760
 798939
 799095
 799239
 799265
 799573
 799833
 799930
 799999
 800044
 800045
 800133
 800178
 800250
 800288
 800289
 800472
 800485
 800491
 800504
 800551
 800728
 800880
 800892
 801056
 801135
 801150
 801235
 801364
 801697
 801755
 801770
 801838
 802130
 802245
 802322
 802494
 802638
 802643
 802655
 802692
 802786
 802810
 802980
 803141
 803323
 803350
 803615
 803618
 803693
 803696
 803921
 804071
 804091
 804150
 804182
 804208
 804259
 804329
 804351
 804458
 804531
 804701
 804714
 804743
 804928
 805009
 805113
 805268
 805574
 805708
 805858
 805907
 805918
 806320
 806324
 806441
 806451
 806491
 806558
 806619
 806697
 806728
 806786
 806822
 806835
 806914
 806987
 806998
 807088
 807107
 807128
 807283
 807393
 807665
 807757
 807817
 807891
 808025
 808097
 808144
 808250
 808370
 808471
 808639
 808647
 808679
 808758
 808820
 808847
 808991
 809042
 809103
 809342
 809483
 809631
 809727
 809988
 810117
 810423
 810448
 810716
 810802
 811026
 811038
 811111
 811179
 811188
 811194
 811350
 811412
 811483
 811503
 811509
 811642
 811706
 811770
 811790
 811889
 811891
 812097
 812124
 812136
 812681
 812685
 813008
 813076
 813175
 813306
 813364
 813403
 813432
 813650
 813740
 813890
 814063
 814064
 814081
 814180
 814472
 814762
 814775
 814784
 815130
 815305
 815307
 815379
 815417
 815642
 815654
 815686
 815940
 816210
 816249
 816462
 816466
 816605
 816787
 816923
 817206
 817217
 817266
 817274
 817465
 817566
 817966
 817967
 817980
 818305
 818317
 818390
 818593
 818841
 818919
 819447
 819457
 819484
 819518
 819544
 819586
 819667
 819680
 819780
 819799
 819909
 820035
 820112
 820252
 820264
 820275
 820544
 820566
 820638
 820693
 820858
 821051
 821138
 821307
 821413
 821464
 821513
 821538
 821561
 821566
 821632
 821725
 821935
 822108
 822364
 822380
 822485
 822571
 822707
 822777
 822818
 822917
 822988
 823040
 823085
 823249
 823525
 823529
 823535
 823611
 823741
 823875
 823935
 824006
 824308
 824313
 824424
 824491
 825034
 825311
 825396
 825416
 825671
 825901
 825918
 825951
 826218
 826272
 826341
 826364
 826665
 826929
 826998
 827130
 827143
 827252
 827279
 827281
 827293
 827408
 827446
 827505
 827532
 827687
 827713
 828045
 828128
 828319
 828386
 828474
 828571
 828580
 828613
 828828
 828903
 828938
 828956
 828988
 829023
 829041
 829103
 829204
 829367
 829477
 829648
 829680
 829729
 829781
 829849
 830048
 830070
 830072
 830203
 830495
 830555
 830558
 830730
 830764
 830769
 830939
 830975
 830998
 831067
 831325
 831348
 831436
 831629
 831683
 831776
 831780
 831945
 832040
 832041
 832199
 832298
 832573
 832860
 832933
 833110
 833260
 833343
 833449
 833512
 833706
 833738
 833747
 833775
 833870
 833950
 834182
 834260
 834265
 834431
 834491
 834531
 834615
 834677
 834683
 834710
 834829
 835000
 835215
 835228
 835477
 835506
 835529
 835848
 835877
 836035
 836091
 836134
 836363
 836369
 836542
 836622
 836715
 836835
 836919
 837013
 837016
 837097
 837148
 837175
 837209
 837239
 837317
 837437
 837536
 837545
 837682
 837701
 837881
 838118
 838140
 838518
 838711
 839002
 839036
 839160
 839188
 839403
 839432
 839513
 839534
 839557
 839694
 839738
 839833
 839907
 840000
 840045
 840213
 840220
 840326
 840481
 840520
 840592
 840599
 840767
 840942
 841253
 841254
 841414
 841451
 841496
 841579
 841597
 841813
 841839
 841870
 841943
 841951
 842223
 842237
 842288
 842317
 842327
 842368
 842386
 842463
 842507
 842592
 842682
 842727
 842838
 842872
 842924
 843110
 843264
 843319
 843370
 843375
 843734
 843754
 843870
 843879
 843881
 843925
 843934
 843950
 844090
 844109
 844110
 844335
 844349
 844364
 844921
 844937
 844981
 845116
 845119
 845406
 845452
 845557
 845570
 845777
 845797
 845823
 845863
 845865
 845943
 845962
 846032
 846104
 846153
 846222
 846283
 846380
 846406
 846463
 846767
 846794
 846878
 846960
 846981
 847133
 847160
 847495
 847508
 847647
 847685
 847766
 847771
 848054
 848229
 848452
 848519
 848534
 848545
 848748
 848779
 848806
 848877
 848917
 849006
 849022
 849035
 849467
 849496
 849600
 849675
 849700
 849710
 849713
 849784
 850032
 850092
 850200
 850622
 850801
 850813
 850814
 850844
 850956
 851158
 851172
 851339
 851351
 851377
 851641
 851664
 851830
 852062
 852197
 852269
 852364
 852459
 852753
 852842
 853004
 853045
 853080
 853179
 853198
 853571
 853620
 853643
 853748
 853870
 853871
 853942
 853964
 853969
 854137
 854220
 854250
 854435
 854503
 854706
 854746
 854771
 854831
 854840
 854844
 854891
 854919
 855005
 855300
 855454
 855530
 855564
 855628
 855680
 855761
 855837
 855917
 856150
 856155
 856179
 856187
 856282
 856324
 856340
 856535
 856548
 856661
 856747
 856815
 856854
 857041
 857137
 857142
 857250
 857317
 857372
 857506
 857538
 857547
 857817
 857857
 857973
 858009
 858246
 858289
 858603
 858692
 858751
 858920
 858970
 859070
 859132
 859154
 859166
 859383
 859649
 859908
 860112
 860577
 860647
 860653
 860759
 860845
 860971
 860987
 861001
 861060
 861169
 861273
 861495
 861598
 861614
 861666
 861670
 861782
 861788
 862068
 862221
 862237
 862313
 862478
 862643
 862664
 862961
 862983
 863038
 863126
 863219
 863403
 863407
 863584
 863681
 863688
 863906
 863945
 863960
 864047
 864069
 864115
 864199
 864297
 864301
 864347
 864452
 864533
 864652
 864683
 864970
 865323
 865692
 865839
 865996
 866076
 866143
 866213
 866331
 866360
 866387
 866478
 866487
 866525
 866586
 866634
 866752
 866912
 867028
 867052
 867202
 867261
 867346
 867426
 867452
 867507
 867673
 867686
 867762
 867806
 867872
 868009
 868099
 868131
 868398
 868559
 868571
 868858
 868934
 868988
 869103
 869238
 869485
 869604
 869706
 869717
 869792
 869856
 869981
 870170
 870172
 870317
 870406
 870448
 870602
 870791
 870812
 870840
 870878
 870967
 870987
 871104
 871233
 871408
 871431
 871713
 871814
 871830
 871910
 872187
 872217
 872316
 872440
 872446
 872532
 872617
 872667
 872767
 872915
 872946
 873090
 873150
 873295
 873402
 873547
 873589
 873664
 873927
 873991
 874015
 874083
 874205
 874540
 874751
 875288
 875290
 875302
 875337
 875452
 875667
 875749
 875785
 875885
 875888
 876225
 876270
 876289
 876301
 876311
 876373
 876451
 876484
 876533
 876591
 876628
 876638
 876665
 876783
 876866
 877064
 877070
 877091
 877141
 877154
 877184
 877208
 877507
 877573
 877593
 877984
 878076
 878234
 878351
 878402
 878443
 878731
 878787
 878885
 878887
 879060
 879139
 879197
 879274
 879311
 879434
 879474
 879585
 879616
 879670
 879763
 879840
 879921
 880126
 880230
 880573
 880666
 880794
 880869
 880870
 881077
 881136
 881155
 881232
 881240
 881253
 881534
 881762
 882000
 882012
 882084
 882191
 882247
 882352
 882362
 882416
 882475
 882559
 882640
 882882
 882892
 882995
 883087
 883546
 883600
 883656
 883706
 883802
 883919
 884072
 884135
 884424
 884476
 884833
 884892
 885112
 885245
 885271
 885295
 885342
 885640
 886020
 886038
 886044
 886055
 886280
 886397
 886418
 886651
 886836
 886893
 886950
 886984
 887131
 887196
 887247
 887277
 887291
 887390
 887465
 887583
 887640
 887658
 887750
 888019
 888036
 888134
 888290
 888351
 888364
 888753
 888860
 888888
 889052
 889082
 889087
 889332
 889631
 889655
 889721
 889723
 889888
 889955
 889980
 890186
 890196
 890223
 890240
 890372
 890439
 890442
 890528
 890543
 890630
 891003
 891042
 891148
 891191
 891220
 891373
 891374
 891425
 891587
 891673
 891796
 891806
 891912
 892002
 892052
 892064
 892221
 892224
 892233
 892301
 892376
 892404
 892575
 892747
 892892
 893028
 893293
 893406
 893448
 893549
 893844
 893880
 893891
 893956
 894102
 894321
 894382
 894395
 894482
 895081
 895114
 895270
 895574
 895707
 895745
 895834
 895866
 895905
 895964
 896016
 896248
 896249
 896378
 896480
 896551
 896560
 896746
 896832
 897025
 897096
 897263
 897415
 897596
 897903
 898108
 898152
 898397
 898621
 898622
 898847
 898855
 898981
 899084
 899165
 899307
 899463
 899484
 899583
 899661
 899831
 899893
 899943
 899989
 900028
 900037
 900050
 900087
 900269
 900277
 900346
 900353
 900399
 900584
 900618
 900621
 900627
 900900
 900907
 900929
 900969
 900991
 901052
 901137
 901148
 901295
 901568
 901577
 901658
 901754
 901855
 901927
 901960
 902111
 902169
 902171
 902205
 902282
 902305
 902363
 902578
 902581
 902702
 902778
 902973
 903041
 903080
 903228
 903266
 903315
 903342
 903372
 903475
 903681
 903733
 903743
 903772
 903825
 903937
 903952
 904013
 904113
 904229
 904392
 904480
 904603
 904616
 904971
 905010
 905253
 905299
 905532
 905579
 905618
 905648
 905660
 905691
 905773
 906123
 906135
 906374
 906439
 906457
 906712
 906725
 906911
 906948
 907022
 907062
 907084
 907103
 907129
 907133
 907462
 907464
 907545
 907634
 907638
 907842
 907845
 907949
 908004
 908045
 908124
 908140
 908183
 908672
 908688
 908730
 908862
 908936
 908948
 908958
 909090
 909160
 909368
 909422
 909439
 909447
 909797
 909876
 909956
 910863
 910956
 911080
 911098
 911235
 911788
 911919
 911972
 912107
 912133
 912141
 912179
 912392
 912550
 912572
 912824
 912956
 913085
 913145
 913185
 913523
 913594
 913648
 913686
 913690
 913828
 914030
 914183
 914303
 914305
 914346
 914624
 914697
 914755
 914757
 914805
 914983
 915035
 915254
 915312
 915528
 915688
 915853
 915854
 915912
 915927
 915968
 916038
 916109
 916115
 916192
 916286
 916343
 916361
 916411
 916554
 916633
 916710
 916752
 916839
 916956
 917048
 917134
 917245
 917271
 917319
 917340
 917476
 917545
 917551
 917612
 917648
 917730
 917809
 917823
 918033
 918083
 918155
 918166
 918172
 918339
 918367
 918459
 918622
 918727
 918736
 918835
 918918
 919151
 919159
 919226
 919345
 919366
 919409
 919449
 919497
 919667
 919929
 920061
 920087
 920195
 920248
 920398
 920520
 920709
 920873
 920887
 920934
 920978
 920979
 921192
 921274
 921353
 921365
 921389
 921468
 921495
 921547
 921926
 922105
 922198
 922232
 922434
 922744
 922764
 922772
 922959
 922965
 923020
 923098
 923103
 923237
 923248
 923265
 923327
 923332
 923379
 923615
 923619
 923733
 923743
 923749
 923814
 924028
 924276
 924411
 924465
 924477
 924528
 924641
 924882
 925035
 925066
 925074
 925185
 925233
 925398
 925498
 925550
 925637
 926247
 926272
 926329
 926335
 926505
 926530
 926539
 926648
 926707
 926719
 926785
 926787
 926922
 926977
 927102
 927272
 927448
 927536
 927630
 927736
 927801
 927802
 927974
 928214
 928309
 928495
 928621
 928698
 928777
 928842
 928857
 928866
 928900
 929115
 929169
 929245
 929292
 929311
 929460
 929605
 929714
 929789
 929895
 930150
 930301
 930357
 930980
 931141
 931166
 931269
 931336
 931563
 931579
 931695
 931724
 931811
 932138
 932156
 932168
 932217
 932224
 932285
 932315
 932393
 932425
 932590
 932718
 932725
 932775
 932960
 933069
 933106
 933119
 933174
 933391
 933561
 933643
 933645
 933650
 933739
 933919
 933929
 933974
 934159
 934207
 934265
 934272
 934437
 934628
 934708
 935082
 935114
 935231
 935269
 935300
 935437
 935551
 935566
 935686
 935856
 935859
 935949
 935985
 936035
 936117
 936240
 936344
 936349
 936488
 936545
 936653
 936802
 937473
 937553
 937602
 937767
 938053
 938093
 938102
 938151
 938185
 938223
 938248
 938674
 938707
 938752
 938846
 939160
 939478
 939697
 939794
 939839
 939876
 939922
 939947
 940084
 940233
 940520
 940757
 940827
 941023
 941237
 941472
 941534
 941649
 941854
 941969
 942065
 942093
 942213
 942259
 942492
 942547
 942672
 942696
 942734
 942797
 942817
 942965
 943103
 943150
 943173
 943230
 943359
 943577
 943585
 943792
 943801
 943831
 944004
 944027
 944060
 944069
 944100
 944294
 944318
 944483
 944507
 944737
 944787
 944951
 944991
 945036
 945317
 945347
 945510
 945573
 945666
 945704
 945731
 945899
 946079
 946161
 946269
 946396
 946428
 946566
 946698
 946790
 946835
 947003
 947067
 947085
 947160
 947256
 947329
 947368
 947391
 947558
 947724
 947770
 947926
 947941
 948097
 948185
 948186
 948207
 948231
 948289
 948358
 948411
 948538
 948614
 948949
 949355
 949371
 949494
 949497
 949596
 949733
 949767
 949872
 950179
 950279
 950292
 950353
 950359
 950397
 950493
 950569
 950581
 950660
 950677
 950744
 950943
 950955
 951164
 951324
 951334
 951557
 951616
 951645
 951922
 952000
 952071
 952245
 952275
 952708
 952846
 952885
 953046
 953077
 953169
 953344
 953375
 953377
 953555
 953601
 953624
 953656
 953924
 953973
 954118
 954158
 954179
 954231
 954243
 954575
 954838
 954887
 955030
 955041
 955125
 955149
 955183
 955353
 955437
 955439
 955451
 955498
 955555
 955659
 955866
 955869
 956031
 956095
 956129
 956260
 956360
 956494
 956521
 957242
 957322
 958017
 958029
 958044
 958251
 958363
 958423
 958482
 958585
 958609
 958654
 958717
 958784
 958904
 958925
 958969
 958972
 958988
 959268
 959557
 959612
 959638
 959641
 959666
 959863
 959999
 960132
 960197
 960271
 960451
 960526
 960870
 961119
 961195
 961234
 961322
 961333
 961365
 961664
 961908
 962506
 962719
 962770
 962778
 963090
 963212
 963233
 963423
 963891
 963987
 964028
 964271
 964315
 964319
 964356
 964642
 964712
 964828
 964838
 964912
 965115
 965193
 965227
 965285
 965400
 965407
 965472
 965575
 965586
 965691
 965750
 965816
 965847
 965973
 965988
 966189
 966191
 966198
 966480
 966504
 966551
 966559
 966666
 966681
 966717
 966836
 966839
 967102
 967418
 967469
 967588
 967684
 967715
 967736
 967750
 967797
 967841
 967888
 967910
 968136
 968166
 968202
 968295
 968427
 968565
 968585
 968597
 968600
 968635
 968641
 968750
 968779
 969151
 969241
 969396
 969696
 969767
 969846
 970114
 970149
 970186
 970254
 970261
 970362
 970365
 970473
 970865
 971002
 971832
 971951
 971995
 972074
 972204
 972368
 972396
 972409
 972661
 972679
 972755
 973402
 973483
 973579
 973622
 973646
 973690
 973727
 973743
 973919
 973927
 974020
 974065
 974106
 974247
 974404
 974405
 974420
 974463
 974623
 974947
 975182
 975229
 975396
 975401
 975464
 975544
 975761
 975973
 976194
 976205
 976259
 976299
 976635
 976683
 976824
 976828
 976869
 976878
 976911
 976912
 976917
 977054
 977067
 977104
 977281
 977443
 977725
 977815
 977858
 977924
 977966
 977979
 977991
 978220
 978221
 978320
 978358
 978489
 978625
 978628
 978653
 978918
 978947
 978988
 979020
 979050
 979091
 979161
 979195
 979262
 979557
 979686
 979750
 979758
 979775
 979932
 979933
 979950
 979969
 980508
 980606
 980748
 980755
 980801
 980843
 980928
 981121
 981290
 981426
 981553
 981658
 981686
 981798
 981872
 981936
 981967
 982002
 982183
 982248
 982413
 982725
 982827
 982860
 982915
 983001
 983042
 983182
 983347
 983500
 983684
 983870
 983899
 984016
 984045
 984063
 984162
 984324
 984382
 984423
 984570
 984635
 984845
 985109
 985286
 985553
 985667
 985700
 985834
 985915
 985930
 986012
 986041
 986504
 986561
 986576
 986587
 986606
 986703
 986721
 986894
 986930
 986967
 987044
 987076
 987238
 987310
 987412
 987517
 987529
 987654
 987686
 987720
 987744
 987780
 987946
 988075
 988094
 988400
 988442
 988582
 988764
 988915
 988962
 989010
 989047
 989225
 989226
 989293
 989660
 989704
 989789
 989898
 990001
 990014
 990265
 990386
 990709
 990750
 990819
 990840
 990962
 991483
 991554
 991566
 991672
 991703
 991732
 991739
 991827
 991861
 991906
 991918
 991924
 991980
 992120
 992254
 992345
 992469
 992588
 992592
 992597
 992739
 992846
 992862
 992902
 992966
 993219
 993350
 993377
 993532
 993783
 993798
 993811
 994005
 994106
 994236
 994291
 994400
 994458
 994466
 994479
 994535
 994596
 994608
 994635
 994688
 994870
 994979
 994982
 995010
 995160
 995180
 995203
 995271
 995293
 995356
 995489
 995540
 995548
 995730
 995850
 995863
 995881
 995889
 996005
 996393
 996419
 996432
 996471
 996487
 996523
 996648
 996706
 996712
 996743
 996930
 997173
 997300
 997350
 997397
 997469
 997478
 997773
 997837
 998079
 998125
 998329
 998436
 998570
 998797
 999091
 999144
 999171
 999306
 999403
 999411
 999518
 999625
 999812
 