0
 71
 159
 172
 623
 731
 752
 888
 939
 961
 1016
 1032
 1075
 1328
 1360
 1430
 1511
 1523
 1563
 1626
 1700
 1934
 1970
 2019
 2041
 2094
 2219
 2235
 2288
 2378
 2397
 2474
 2482
 2493
 2579
 2628
 2757
 2877
 3066
 3199
 3207
 3215
 3237
 3355
 3370
 3397
 3431
 3437
 3627
 3734
 3827
 3951
 3972
 4042
 4207
 4407
 4418
 4739
 4947
 5039
 5092
 5196
 5231
 5361
 5566
 5763
 5841
 6291
 6404
 6444
 6589
 6590
 6685
 6694
 6703
 6706
 6735
 7075
 7096
 7101
 7246
 7396
 7564
 7613
 7685
 7733
 7914
 8019
 8065
 8163
 8203
 8359
 8411
 9528
 9580
 9586
 9640
 9672
 9777
 9880
 9892
 10200
 10434
 10439
 10771
 10774
 10837
 10928
 10984
 11014
 11096
 11169
 11356
 11470
 11506
 11540
 11546
 11637
 11693
 11714
 11784
 11799
 11805
 11821
 11875
 11968
 12060
 12093
 12327
 12449
 12548
 12610
 12613
 12724
 12824
 12884
 12987
 13011
 13021
 13065
 13190
 13262
 13462
 13509
 13541
 13649
 13708
 13901
 13938
 13945
 14134
 14210
 14243
 14244
 14342
 14462
 14558
 14634
 14778
 14863
 14869
 14999
 15105
 15112
 15249
 15404
 15713
 15732
 16058
 16144
 16158
 16220
 16274
 16445
 16460
 16564
 16574
 16625
 16633
 16855
 16931
 16999
 17063
 17106
 17167
 17261
 17416
 17657
 17709
 17797
 17804
 17903
 18261
 18353
 18371
 18446
 18471
 18490
 18495
 18597
 18746
 18777
 18800
 19063
 19183
 19193
 19245
 19248
 19283
 19364
 19576
 19673
 19853
 19929
 19968
 20060
 20076
 20134
 20270
 20293
 20366
 20606
 20650
 20665
 20807
 20833
 20860
 20953
 21060
 21084
 21186
 21454
 21778
 22059
 22073
 22296
 22298
 22465
 22649
 22775
 22815
 22851
 22880
 22887
 22988
 23103
 23255
 23264
 23272
 23579
 23581
 23744
 23755
 23836
 23861
 24037
 24067
 24111
 24208
 24375
 24438
 24523
 24584
 24660
 24689
 25053
 25054
 25085
 25156
 25296
 25376
 25426
 25432
 25453
 25594
 25838
 25844
 25965
 26091
 26128
 26140
 26698
 26818
 27063
 27263
 27408
 27459
 27501
 27555
 27611
 27760
 27845
 27865
 27869
 27983
 28084
 28287
 28443
 28548
 29055
 29080
 29093
 29310
 29401
 29411
 29541
 29627
 29641
 29726
 29735
 29782
 29809
 29964
 29989
 30003
 30154
 30303
 30358
 30612
 30638
 30724
 30866
 30885
 30947
 31053
 31237
 31258
 31319
 31354
 31522
 31704
 32014
 32053
 32108
 32167
 32179
 32374
 32414
 32418
 32439
 32698
 32733
 32869
 33024
 33049
 33112
 33123
 33390
 33422
 33438
 33498
 33724
 33841
 33848
 33935
 33967
 34030
 34087
 34103
 34130
 34672
 34786
 34868
 34911
 35001
 35002
 35037
 35329
 35434
 35596
 35645
 35739
 35815
 35891
 35918
 36037
 36208
 36289
 36297
 36354
 36402
 36452
 36466
 36556
 36745
 36871
 37287
 37302
 37337
 37383
 37900
 38119
 38138
 38242
 38303
 38338
 38437
 38545
 38578
 38604
 38609
 38913
 38968
 38997
 39050
 39051
 39056
 39126
 39141
 39151
 39362
 39524
 39644
 39699
 39706
 39836
 40080
 40110
 40366
 40728
 40830
 41128
 41236
 41426
 41455
 41728
 41820
 41897
 41912
 41973
 42112
 42175
 42271
 42291
 42345
 42417
 42489
 42563
 42671
 42820
 42960
 43019
 43046
 43251
 43495
 43773
 43813
 43989
 43993
 44178
 44237
 44334
 44399
 44464
 44572
 44586
 44610
 44621
 44750
 44835
 44892
 44956
 45021
 45799
 45824
 45977
 46207
 46474
 46526
 46728
 46735
 46849
 46884
 46894
 46949
 46982
 47013
 47136
 47470
 47593
 47595
 47619
 48068
 48085
 48293
 48331
 48433
 48443
 48565
 48640
 48676
 48701
 48712
 48780
 48969
 49255
 49275
 49296
 49389
 49627
 49634
 49822
 49944
 49958
 49963
 50168
 50304
 50375
 50489
 50678
 50704
 50847
 50982
 51222
 51416
 51624
 51900
 51955
 52032
 52048
 52340
 52504
 52535
 52631
 52741
 52790
 52813
 52834
 53012
 53158
 53226
 53227
 53435
 53509
 53602
 53619
 53656
 53769
 53916
 53922
 53999
 54033
 54054
 54232
 54250
 54563
 54777
 54852
 54912
 55003
 55037
 55068
 55427
 55575
 55823
 55997
 56065
 56201
 56466
 56560
 56648
 56735
 56786
 57038
 57670
 57771
 57965
 58177
 58192
 58198
 58302
 58352
 58397
 58420
 58479
 58511
 58631
 58648
 58661
 58787
 58807
 58823
 59012
 59214
 59274
 59275
 59360
 59449
 59593
 59811
 60168
 60389
 60417
 60522
 60769
 60924
 61054
 61137
 61237
 61725
 61778
 61796
 61893
 61907
 62146
 62201
 62308
 62619
 62672
 62717
 62788
 62848
 63013
 63084
 63175
 63276
 63339
 63366
 63530
 63685
 63911
 64178
 64241
 64426
 64457
 64520
 64551
 64828
 64972
 65073
 65263
 65295
 65298
 65490
 65564
 65672
 65725
 65728
 65753
 66239
 66383
 66392
 66425
 66515
 66544
 66623
 66696
 66839
 66923
 66924
 67134
 67184
 67326
 67357
 67448
 67528
 67582
 67993
 68010
 68080
 68116
 68146
 68161
 68179
 68405
 68464
 68559
 68597
 68805
 69003
 69029
 69035
 69191
 69217
 69249
 69296
 69366
 69548
 69558
 69729
 69730
 69867
 69883
 69886
 69893
 69952
 69991
 70047
 70248
 70360
 70493
 70604
 71260
 71295
 71391
 71445
 71519
 71699
 72097
 72148
 72186
 72200
 72270
 72324
 72337
 72354
 72697
 72749
 72891
 73280
 73288
 73637
 73682
 73788
 73936
 73941
 74083
 74146
 74261
 74278
 74358
 74509
 74603
 74635
 74792
 74917
 74950
 75063
 75141
 75156
 75241
 75272
 75308
 75403
 75536
 75753
 75842
 75906
 75912
 75949
 76392
 76606
 76658
 76705
 76769
 76902
 76935
 77141
 77171
 77362
 77539
 77915
 77939
 77967
 78183
 78463
 78521
 78618
 78637
 78643
 78795
 78833
 78918
 78974
 79025
 79100
 79201
 79207
 79232
 79286
 79410
 79462
 79496
 79520
 79601
 79606
 80333
 80436
 80444
 80545
 80558
 80579
 80667
 80690
 80707
 80726
 80731
 80798
 81122
 81207
 81339
 81542
 81767
 81793
 81829
 81881
 82005
 82152
 82233
 82290
 82312
 82413
 82562
 82594
 82775
 82936
 82962
 82987
 83009
 83218
 83228
 83315
 83333
 83506
 83650
 83870
 84094
 84127
 84155
 84365
 84705
 84799
 84884
 84957
 84980
 85061
 85066
 85128
 85158
 85257
 85432
 85470
 85687
 85720
 85737
 85906
 86015
 86090
 86419
 86425
 86761
 86772
 86847
 87082
 87103
 87109
 87133
 87165
 87242
 87264
 87920
 87939
 87998
 88083
 88143
 88205
 88545
 88555
 88633
 88641
 88655
 88661
 88739
 88974
 89088
 89106
 89271
 89713
 89990
 90124
 90128
 90252
 90258
 90329
 90487
 90611
 90887
 90955
 91021
 91078
 91117
 91676
 91683
 91817
 91842
 91967
 91986
 92035
 92041
 92266
 92319
 92442
 93023
 93249
 93289
 93813
 93850
 93867
 93959
 94153
 94370
 94440
 94475
 94549
 94557
 94624
 94728
 94769
 94797
 94863
 94867
 95025
 95097
 95110
 95333
 95714
 95814
 96126
 96253
 96256
 96310
 96461
 96503
 96527
 96545
 96550
 96585
 96599
 96602
 96659
 96680
 96961
 96969
 97014
 97199
 97287
 97371
 97483
 97867
 97894
 97978
 98029
 98039
 98093
 98189
 98226
 98330
 98445
 98754
 98901
 99051
 99065
 99093
 99107
 99118
 99154
 99211
 99326
 99346
 99466
 99497
 99577
 99716
 99830
 99857
 99942
 99963
 99999
 100000
 100031
 100081
 100108
 100187
 100192
 100218
 100227
 100334
 100599
 100760
 100861
 100934
 101076
 101162
 101250
 101346
 101430
 101434
 101539
 101551
 101645
 101701
 101714
 101730
 102211
 102215
 102390
 102395
 102576
 102635
 102649
 102657
 102912
 103036
 103092
 103117
 103151
 103190
 103245
 103254
 103328
 103496
 103645
 103715
 103729
 103770
 103862
 103952
 104114
 104249
 104310
 104346
 104465
 104475
 104483
 104484
 104528
 104529
 104935
 104972
 105019
 105051
 105138
 105200
 105345
 105352
 105506
 105545
 105816
 105969
 106343
 106360
 106380
 106394
 106431
 106631
 106661
 106681
 106735
 106804
 106901
 107028
 107116
 107255
 107398
 107505
 107526
 107600
 107844
 107876
 107906
 107925
 108128
 108152
 108491
 108539
 108583
 108743
 108786
 108836
 109065
 109473
 109566
 109670
 109774
 109777
 109823
 110114
 110340
 110385
 110733
 110760
 110842
 110891
 110999
 111111
 111262
 111383
 111517
 111531
 111561
 111606
 111626
 111691
 111703
 111815
 111816
 111845
 112049
 112106
 112350
 112393
 112636
 112722
 112796
 112881
 113157
 113180
 113704
 113774
 114011
 114083
 114110
 114204
 114218
 114278
 114285
 114310
 114318
 114347
 114439
 114722
 114758
 114924
 115032
 115202
 115583
 115765
 115794
 115949
 116264
 116351
 116389
 116503
 116788
 116828
 116902
 117069
 117179
 117241
 117371
 117519
 117582
 117629
 117647
 117865
 117917
 117920
 117945
 118031
 118152
 118397
 118766
 118769
 118777
 118813
 118817
 118944
 119056
 119102
 119130
 119429
 119595
 119745
 119765
 119772
 119795
 119907
 119982
 119983
 120017
 120077
 120087
 120156
 120250
 120508
 120560
 120674
 120687
 120772
 120780
 120826
 120885
 120955
 121293
 121335
 121406
 121489
 121806
 122061
 122086
 122164
 122332
 122549
 122661
 122672
 122678
 122703
 122725
 122777
 122803
 122849
 122856
 122866
 122869
 123081
 123083
 123116
 123178
 123623
 123765
 123916
 123921
 124022
 124112
 124367
 124543
 124562
 124739
 124825
 124902
 124907
 124952
 125000
 125232
 125307
 125330
 125537
 125624
 125654
 125701
 125938
 126168
 126176
 126331
 126636
 126655
 126782
 126894
 127006
 127036
 127098
 127118
 127207
 127226
 127343
 127405
 127463
 127490
 127516
 127536
 127708
 127750
 127971
 127987
 127999
 128041
 128070
 128297
 128487
 128489
 128625
 128685
 128741
 128798
 128819
 128908
 128967
 129017
 129028
 129213
 129488
 129547
 129895
 130434
 130487
 130693
 130942
 131302
 131333
 131349
 131495
 131515
 131549
 131628
 131941
 132055
 132299
 132350
 132358
 132616
 132659
 132769
 132815
 132840
 132895
 132970
 133070
 133081
 133291
 133308
 133333
 133376
 133555
 133627
 133690
 133748
 133752
 133796
 133842
 133938
 134001
 134182
 134408
 134471
 134504
 134663
 134672
 134680
 134688
 134802
 134821
 134952
 135007
 135023
 135066
 135094
 135242
 135314
 135401
 135466
 135476
 136057
 136095
 136125
 136132
 136288
 136348
 136436
 136563
 136588
 136628
 136633
 136641
 136790
 136890
 136947
 137329
 137340
 137431
 137566
 137578
 137657
 137732
 137931
 138151
 138152
 138335
 138522
 138585
 138602
 138696
 138791
 138823
 138852
 138856
 138898
 138976
 139153
 139332
 139408
 139473
 139484
 139558
 139611
 139824
 140049
 140109
 140157
 140290
 140303
 140419
 140498
 140593
 140597
 140726
 140855
 141171
 141206
 141351
 141414
 141538
 141643
 141712
 141714
 141749
 141752
 141778
 141865
 141906
 142066
 142286
 142324
 142373
 142515
 142857
 142909
 143086
 143147
 143238
 143273
 143430
 143591
 143822
 144098
 144195
 144310
 144625
 144670
 144931
 144986
 145169
 145591
 145616
 145741
 145850
 145999
 146019
 146072
 146214
 146347
 146403
 146524
 146556
 146579
 146586
 146676
 146815
 146826
 147015
 147038
 147148
 147179
 147206
 147272
 147319
 147335
 147507
 147540
 147582
 147649
 147671
 147895
 147901
 147934
 147971
 147982
 148038
 148118
 148258
 148358
 148604
 148785
 148866
 149005
 149014
 149106
 149267
 149320
 149325
 149563
 149599
 149672
 149957
 149989
 150014
 150098
 150168
 150191
 150203
 150350
 150402
 150509
 150650
 150714
 150868
 150919
 150943
 150990
 151001
 151271
 151290
 151315
 151345
 151370
 151776
 151957
 151975
 152037
 152082
 152276
 152318
 152621
 152713
 152939
 153349
 153436
 153497
 153609
 153626
 153682
 153685
 153846
 153976
 154011
 154087
 154121
 154558
 154716
 154753
 154807
 154843
 154894
 154966
 155001
 155047
 155207
 155223
 155505
 155569
 155662
 155688
 155763
 155851
 156229
 156334
 156374
 156666
 156746
 156763
 156771
 156780
 156838
 157024
 157043
 157145
 157155
 157264
 157539
 157564
 157571
 157581
 157671
 157677
 157732
 157975
 158131
 158175
 158279
 158785
 158949
 159010
 159036
 159048
 159068
 159070
 159169
 159214
 159317
 159725
 159782
 159785
 159836
 159900
 160392
 160521
 160719
 160726
 160773
 160804
 160839
 160855
 160868
 161146
 161168
 161354
 161377
 161473
 161611
 161770
 162412
 162422
 162668
 162696
 162823
 162916
 162937
 162967
 162983
 163123
 163701
 163810
 163918
 164032
 164202
 164264
 164308
 164440
 164501
 164594
 164660
 164800
 164836
 164970
 165197
 165273
 165580
 165720
 165968
 166106
 166202
 166292
 166388
 166554
 166666
 166816
 167118
 167123
 167152
 167315
 167332
 167419
 167431
 167715
 167732
 167874
 168058
 168124
 168183
 168223
 168598
 168664
 168665
 168698
 168758
 168807
 168829
 168916
 168926
 168930
 168984
 169076
 169139
 169143
 169332
 169455
 169497
 169502
 169535
 169649
 169659
 169820
 169904
 169999
 170028
 170238
 170244
 170365
 170571
 170670
 170872
 171005
 171065
 171097
 171171
 171399
 171434
 171462
 171502
 171563
 171581
 171977
 172057
 172204
 172407
 172439
 172531
 172538
 172700
 172710
 172906
 172917
 172925
 173012
 173056
 173076
 173103
 173181
 173200
 173278
 173479
 173681
 173715
 173718
 174011
 174029
 174076
 174123
 174335
 174426
 174582
 174681
 174721
 174739
 174788
 174846
 174853
 174872
 174978
 175068
 175141
 175190
 175206
 175552
 175575
 175629
 175819
 175866
 176000
 176188
 176304
 176411
 176470
 176663
 176720
 176908
 177215
 177272
 177514
 177728
 177774
 177865
 177880
 177962
 178082
 178154
 178172
 178179
 178468
 178523
 178926
 178929
 179204
 179451
 179603
 179646
 179866
 179974
 180043
 180063
 180067
 180173
 180195
 180205
 180451
 180599
 180769
 181008
 181029
 181120
 181276
 181309
 181324
 181347
 181365
 181390
 181511
 181544
 181673
 181675
 181676
 181805
 181870
 182042
 182111
 182200
 182201
 182205
 182253
 182391
 182431
 182505
 182690
 182728
 182821
 182899
 183013
 183061
 183086
 183297
 183349
 183364
 183368
 183499
 183545
 183729
 183782
 183896
 184000
 184080
 184318
 184376
 184745
 184764
 184818
 185010
 185026
 185037
 185081
 185101
 185117
 185253
 185269
 185461
 185602
 185789
 185959
 186012
 186040
 186214
 186271
 186366
 186415
 186510
 186740
 186879
 186938
 186968
 186979
 187096
 187183
 187195
 187203
 187290
 187310
 187408
 187439
 187456
 187531
 187623
 187905
 187906
 188277
 188544
 188605
 188693
 188727
 188765
 188806
 189133
 189205
 189348
 189349
 189440
 189542
 189568
 189583
 189608
 189929
 190099
 190106
 190110
 190127
 190206
 190330
 190379
 190395
 190517
 190518
 190522
 190580
 190625
 190648
 190689
 190749
 190941
 191092
 191322
 191343
 191362
 191463
 191489
 191500
 191549
 191576
 191824
 191891
 191968
 192035
 192083
 192094
 192161
 192405
 192534
 192575
 192660
 192733
 192872
 192970
 192996
 193001
 193019
 193046
 193069
 193166
 193170
 193176
 193236
 193457
 193548
 193583
 193593
 193624
 193630
 193896
 193939
 193944
 194152
 194173
 194269
 194571
 194713
 194779
 194906
 194995
 195002
 195236
 195280
 195286
 195469
 195485
 195500
 195505
 195628
 195678
 195707
 195709
 195818
 195847
 195996
 196056
 196296
 196310
 196434
 196560
 196702
 196819
 196822
 197131
 197223
 197305
 197313
 197355
 197376
 197418
 197524
 197654
 197889
 197947
 198019
 198141
 198243
 198562
 198637
 198675
 198866
 198952
 198973
 199224
 199549
 199891
 199985
 199986
 199999
 200000
 200036
 200132
 200380
 200455
 200461
 200510
 200581
 200594
 200670
 200850
 200853
 200920
 200930
 200964
 201018
 201100
 201118
 201289
 201412
 201486
 201667
 201705
 201763
 201846
 201871
 201996
 202076
 202102
 202123
 202266
 202738
 202805
 202866
 202867
 202976
 202989
 203074
 203094
 203140
 203169
 203216
 203309
 203392
 203472
 203509
 203618
 203798
 203810
 203840
 203970
 204164
 205096
 205144
 205203
 205314
 205352
 205384
 205442
 205479
 205513
 205599
 205667
 205675
 205811
 205920
 206051
 206158
 206185
 206349
 206360
 206382
 206389
 206445
 206647
 206831
 206966
 207006
 207167
 207185
 207203
 207274
 207289
 207290
 207301
 207451
 207601
 207858
 207936
 207959
 207996
 208122
 208136
 208325
 208355
 208602
 208644
 208792
 208862
 208921
 208955
 209229
 209277
 209467
 209515
 209635
 209719
 209821
 209865
 209990
 210143
 210166
 210264
 210270
 210300
 210305
 210410
 210464
 210515
 210765
 211011
 211037
 211105
 211179
 211180
 211195
 211302
 211365
 211618
 211631
 211669
 212320
 212347
 212365
 212494
 212629
 212729
 212784
 212824
 212862
 212903
 212957
 213013
 213067
 213210
 213280
 213483
 213521
 213546
 213565
 213579
 213892
 213906
 214526
 214548
 214655
 214726
 215234
 215294
 215366
 215373
 215550
 215551
 215735
 215767
 215887
 215939
 215963
 215985
 216041
 216124
 216164
 216216
 216261
 216776
 216791
 217024
 217264
 217391
 217416
 217452
 217794
 217946
 218054
 218258
 218309
 218400
 218491
 218943
 218977
 219010
 219023
 219076
 219081
 219178
 219184
 219192
 219227
 219540
 219637
 219836
 219840
 219924
 219992
 220088
 220316
 220392
 220396
 220400
 220590
 220602
 220807
 220877
 221052
 221085
 221127
 221164
 221238
 221322
 221454
 221522
 221834
 222222
 222328
 222344
 222399
 222492
 222525
 222576
 222590
 222857
 223133
 223168
 223313
 223396
 223416
 223489
 223688
 223711
 223880
 223976
 223985
 223999
 224109
 224409
 224481
 224681
 224752
 224785
 224836
 224946
 225023
 225138
 225240
 225412
 225469
 225546
 225585
 225817
 225941
 225995
 226027
 226035
 226071
 226111
 226469
 226577
 226635
 226717
 227114
 227147
 227153
 227364
 227409
 227423
 227424
 227482
 227666
 227780
 227921
 228059
 228090
 228125
 228298
 228346
 228404
 228451
 228556
 228571
 228697
 229411
 229499
 229521
 229743
 229946
 229951
 229984
 230002
 230503
 230556
 230563
 230636
 230686
 230687
 230704
 230944
 231048
 231073
 231231
 231457
 231511
 231574
 231816
 232048
 232142
 232146
 232266
 232272
 232341
 232360
 232366
 232394
 232532
 232692
 232754
 232938
 233068
 233248
 233288
 233510
 233609
 233649
 233914
 233965
 234042
 234084
 234135
 234376
 234421
 234611
 234642
 234829
 235077
 235127
 235278
 235294
 235421
 235494
 236236
 236440
 236513
 236526
 236566
 236603
 236722
 236859
 236904
 236995
 237223
 237269
 237322
 237345
 237349
 237818
 237887
 237928
 237950
 238005
 238095
 238232
 238280
 238307
 238410
 238444
 238628
 238967
 239209
 239337
 239348
 239364
 239482
 239539
 239542
 239557
 239852
 239872
 239973
 240287
 240360
 240362
 240579
 240632
 240643
 240691
 240697
 240808
 240900
 240958
 241042
 241086
 241122
 241135
 241238
 241366
 241579
 241750
 242089
 242098
 242106
 242231
 242253
 242296
 242506
 242586
 242897
 243032
 243528
 243544
 243554
 243590
 243620
 243817
 243888
 243910
 243999
 244186
 244249
 244311
 244341
 244383
 244442
 244569
 244658
 244693
 244791
 245014
 245179
 245398
 245795
 245812
 245824
 245884
 246157
 246186
 246219
 246382
 246439
 246516
 247078
 247137
 247250
 247303
 247336
 247524
 247662
 247671
 247680
 247970
 248052
 248062
 248083
 248200
 248430
 248438
 248551
 248599
 248616
 248623
 249041
 249089
 249192
 249205
 249229
 249272
 249324
 249668
 249918
 250051
 250102
 250117
 250157
 250236
 250371
 250445
 250457
 250701
 250774
 250824
 250837
 250859
 250944
 250976
 251159
 251218
 251252
 251270
 251533
 251750
 251904
 251908
 251922
 251935
 251958
 252427
 252720
 252779
 252882
 252903
 252928
 253106
 253131
 253175
 253208
 253310
 253318
 253866
 254041
 254273
 254374
 254609
 254674
 254730
 254966
 254982
 255011
 255205
 255307
 255352
 255397
 255538
 255645
 255887
 256302
 256484
 256857
 256925
 256940
 256960
 257096
 257266
 257282
 257287
 257511
 257562
 257641
 257683
 257712
 257743
 257835
 257971
 258015
 258102
 258137
 258209
 258353
 258502
 258593
 259000
 259018
 259028
 259050
 259096
 259113
 259259
 259585
 259602
 259684
 259785
 259842
 259883
 259926
 260105
 260202
 260627
 260671
 260717
 260857
 260936
 260969
 261086
 261393
 261410
 261494
 261647
 261660
 261675
 261697
 261822
 262084
 262281
 262286
 262392
 262564
 262593
 262739
 262798
 262815
 262920
 262926
 263106
 263107
 263139
 263499
 263632
 263738
 263817
 263849
 263916
 264100
 264314
 264535
 264766
 264772
 265043
 265060
 265070
 265108
 265202
 265287
 265425
 265623
 265789
 265887
 265894
 265895
 266043
 266059
 266338
 266655
 266659
 266750
 266801
 266935
 266992
 267181
 267268
 267280
 267686
 267729
 267903
 268426
 268493
 268558
 268712
 268740
 268784
 268814
 268900
 269135
 269145
 269565
 269904
 270132
 270248
 270302
 270379
 270411
 270551
 270648
 270742
 270758
 270805
 270821
 270871
 270879
 270967
 270986
 271032
 271063
 271071
 271226
 271227
 271304
 271449
 271805
 271818
 271944
 272052
 272176
 272185
 272348
 272369
 272484
 272501
 272652
 272773
 272925
 273056
 273171
 273271
 273297
 273356
 273474
 273622
 273649
 273712
 273774
 273891
 274081
 274110
 274250
 274389
 274408
 274524
 274574
 274725
 275183
 275187
 275284
 275353
 275385
 275469
 275506
 275689
 275901
 275907
 276006
 276024
 276383
 276589
 276666
 276849
 276963
 277006
 277035
 277048
 277191
 277222
 277278
 277310
 277513
 277605
 277818
 277904
 277954
 278018
 278339
 278417
 278520
 278659
 278946
 279386
 279689
 279860
 280032
 280149
 280155
 280162
 280462
 280486
 280754
 280865
 280936
 281234
 281351
 281454
 281562
 281978
 282127
 282206
 282223
 282296
 282303
 282321
 282329
 282352
 282432
 282442
 282478
 282510
 282544
 282547
 282641
 282721
 282791
 282829
 282871
 282938
 283154
 283185
 283228
 283256
 283333
 283408
 283430
 283595
 283781
 283900
 283969
 284202
 284262
 284297
 284329
 284786
 284951
 285118
 285441
 285641
 285714
 285853
 285860
 285876
 285904
 285918
 285944
 286008
 286027
 286196
 286214
 286274
 286303
 286374
 286424
 286452
 286481
 286566
 286634
 286660
 286694
 286881
 287031
 287043
 287328
 287365
 287381
 287705
 288147
 288161
 288356
 288445
 288466
 288564
 288578
 288722
 288765
 289003
 289096
 289224
 289279
 289389
 289498
 289836
 289863
 289884
 289951
 290152
 290208
 290289
 290413
 290464
 290572
 290647
 290664
 290719
 290784
 290789
 291069
 291117
 291385
 291453
 291481
 291523
 291564
 291676
 291771
 291777
 291826
 291972
 292212
 292240
 292370
 292436
 292514
 292535
 292639
 292984
 293025
 293035
 293074
 293130
 293154
 293221
 293389
 293394
 293500
 293744
 293782
 294085
 294209
 294267
 294329
 294395
 294605
 294787
 294792
 294827
 294850
 294861
 294881
 295002
 295222
 295254
 295443
 295619
 295792
 295819
 295827
 295968
 296218
 296244
 296305
 296360
 296416
 296418
 296538
 296831
 296943
 297077
 297336
 297397
 297691
 297801
 297816
 298179
 298196
 298245
 298502
 298686
 298701
 298815
 298871
 298926
 298982
 298989
 299080
 299114
 299177
 299194
 299216
 299223
 299407
 299488
 299574
 299581
 299663
 299738
 299930
 299948
 299967
 300058
 300167
 300297
 300461
 300512
 300546
 300682
 300770
 300838
 300869
 300968
 301302
 301494
 301515
 301572
 301677
 301737
 301779
 301886
 301931
 301942
 301969
 302288
 302295
 302558
 302564
 302586
 302682
 302720
 302730
 302762
 302850
 302875
 302880
 302910
 303462
 303637
 303670
 303778
 303783
 303838
 303863
 303890
 303914
 303926
 303983
 304234
 304236
 304327
 304399
 304526
 304736
 305111
 305120
 305257
 305389
 305398
 305543
 305788
 305834
 305840
 305959
 306012
 306133
 306461
 306529
 306597
 306698
 306715
 306772
 306897
 307298
 307380
 307445
 307471
 307698
 307853
 307890
 308034
 308036
 308217
 308368
 308596
 308626
 308742
 308943
 309153
 309463
 309464
 309498
 309595
 309599
 309885
 309895
 310291
 310328
 310492
 310534
 310559
 310706
 310864
 310875
 311223
 311236
 311291
 311408
 311516
 311700
 312084
 312090
 312094
 312141
 312218
 312236
 312327
 312414
 312442
 312460
 312461
 312465
 312595
 312666
 312752
 312818
 312882
 313092
 313306
 313323
 313343
 313345
 313450
 313588
 313599
 313608
 313850
 313992
 314315
 314465
 314801
 315000
 315054
 315093
 315217
 315463
 315549
 315605
 315700
 315926
 316092
 316290
 316417
 316509
 316612
 316623
 317279
 317303
 317304
 317307
 317375
 317378
 317442
 317460
 317540
 317556
 317787
 317931
 317938
 318246
 318265
 318364
 318383
 318477
 318685
 318824
 318840
 318986
 319045
 319062
 319104
 319212
 319236
 319428
 319436
 319691
 319815
 320014
 320078
 320085
 320400
 320443
 320493
 320518
 320624
 320810
 320994
 321020
 321078
 321167
 321295
 321432
 321437
 321537
 321616
 321806
 321809
 321895
 321913
 321935
 321999
 322056
 322095
 322127
 322275
 322326
 322526
 322542
 322727
 322729
 322748
 322920
 322931
 322971
 323082
 323105
 323116
 323247
 323320
 323331
 323423
 323426
 323487
 323580
 323642
 323684
 323943
 324111
 324218
 324308
 324310
 324322
 324358
 324434
 324503
 324564
 324606
 324675
 324830
 325002
 325264
 325302
 325332
 325581
 325670
 325724
 325779
 325815
 325833
 325917
 326057
 326206
 326267
 326361
 326509
 326563
 326575
 326756
 326844
 326940
 327005
 327140
 327198
 327202
 327278
 327365
 327639
 327790
 327858
 327949
 327966
 327982
 328034
 328083
 328347
 328907
 329060
 329061
 329113
 329144
 329179
 329240
 329259
 329363
 329396
 329470
 329645
 329650
 329692
 329770
 329868
 329900
 329920
 330076
 330330
 330376
 330510
 330655
 330739
 330757
 330763
 330802
 330868
 331315
 331352
 331583
 331712
 331738
 331936
 332097
 332136
 332227
 332239
 332323
 332420
 332464
 332631
 332795
 332831
 333059
 333111
 333149
 333207
 333333
 333730
 333802
 333907
 333911
 333986
 333991
 334082
 334132
 334153
 334374
 334523
 334653
 334851
 335015
 335049
 335166
 335386
 335389
 335413
 335453
 335495
 335570
 335615
 335671
 335678
 335875
 335959
 335961
 336261
 336311
 336316
 336568
 336629
 336682
 336732
 336822
 336926
 336945
 337023
 337433
 337450
 337568
 337611
 337729
 337734
 337746
 337960
 338072
 338129
 338246
 338266
 338268
 338301
 338449
 339066
 339073
 339123
 339239
 339389
 339582
 339636
 339648
 339793
 340021
 340159
 340323
 340332
 340337
 340380
 340425
 340429
 340479
 340495
 340529
 340588
 340769
 341105
 341119
 341288
 341385
 341433
 341439
 341444
 341703
 341798
 341969
 342049
 342163
 342350
 342440
 342793
 342810
 342840
 342926
 343379
 343404
 343452
 343491
 343532
 343572
 343648
 343993
 343994
 344061
 344165
 344197
 344305
 344742
 344769
 344827
 344936
 345019
 345091
 345100
 345213
 345226
 345422
 345765
 345884
 345885
 346024
 346030
 346206
 346340
 346364
 346548
 346587
 346623
 346774
 346881
 346938
 347036
 347132
 347336
 347492
 347694
 347826
 348068
 348138
 348212
 348253
 348289
 348731
 348857
 348943
 349622
 349694
 350000
 350021
 350220
 350332
 350342
 350364
 350402
 350412
 350501
 350602
 350609
 350750
 350782
 350808
 350810
 350937
 350957
 351073
 351351
 351357
 351418
 351446
 351527
 351602
 351685
 351881
 351900
 351987
 352036
 352142
 352201
 352297
 352399
 352710
 352793
 352811
 352824
 352941
 352972
 353024
 353029
 353328
 353449
 353620
 353712
 353780
 353831
 353977
 354047
 354068
 354145
 354179
 354333
 354367
 354372
 354407
 354508
 354733
 354735
 354756
 354857
 355039
 355096
 355179
 355353
 355830
 355854
 355980
 356039
 356115
 356229
 356268
 356272
 356281
 356399
 356521
 356530
 356637
 356659
 356715
 356842
 357033
 357196
 357198
 357366
 357485
 357586
 357728
 357740
 357747
 357812
 357859
 358117
 358153
 358208
 358350
 358408
 358642
 358644
 358665
 358689
 358946
 358993
 359060
 359167
 359179
 359207
 359497
 359733
 359764
 359974
 360049
 360080
 360289
 360344
 360447
 360497
 360523
 360577
 360676
 360678
 360706
 360782
 360824
 360887
 360973
 360995
 361117
 361127
 361202
 361211
 361256
 361339
 361556
 361730
 361740
 361750
 361753
 361824
 361967
 362650
 362785
 362816
 362860
 362864
 363154
 363186
 363225
 363263
 363437
 363473
 363477
 363528
 363533
 363558
 363719
 363761
 363778
 363819
 363908
 363951
 364108
 364455
 364496
 364536
 364556
 364806
 364847
 364854
 364874
 364902
 364989
 365037
 365090
 365301
 365310
 365320
 365423
 365451
 365510
 365635
 365655
 365751
 365906
 365924
 366119
 366184
 366197
 366436
 366598
 366609
 366742
 366879
 366995
 367077
 367117
 367299
 367352
 367372
 367436
 367453
 367475
 367699
 367781
 367925
 367998
 368303
 368421
 368696
 368727
 368761
 368833
 368883
 368911
 369036
 369048
 369117
 369190
 369253
 369567
 369617
 369712
 369893
 369907
 369981
 370010
 370105
 370261
 370390
 370656
 370741
 371004
 371172
 371226
 371248
 371278
 371284
 371569
 371819
 371954
 372093
 372170
 372202
 372219
 372290
 372296
 372412
 372604
 372670
 372686
 372714
 372785
 372972
 372978
 373000
 373028
 373112
 373164
 373285
 373404
 373552
 373665
 373708
 373798
 374290
 374347
 374358
 374449
 374561
 374727
 374844
 374956
 375000
 375012
 375013
 375032
 375125
 375145
 375319
 375386
 375414
 375424
 375427
 375650
 375782
 375909
 375958
 376186
 376269
 376284
 376310
 376363
 376499
 376502
 376508
 376628
 376701
 376716
 376753
 376889
 376920
 377105
 377281
 377468
 377704
 377794
 377950
 378122
 378138
 378377
 378569
 378586
 378984
 379044
 379073
 379221
 379286
 379378
 379409
 379421
 379498
 379535
 379580
 379611
 379640
 379659
 379698
 379704
 379722
 379883
 380156
 380285
 380379
 380394
 380416
 380491
 380692
 380695
 380746
 380812
 380852
 380888
 380963
 380989
 381181
 381221
 381375
 381509
 381521
 381655
 381805
 381844
 381945
 382030
 382077
 382112
 382282
 382303
 382326
 382352
 382554
 382613
 382662
 382671
 382718
 382861
 382938
 383025
 383075
 383115
 383331
 383434
 383542
 383654
 384036
 384056
 384319
 384511
 384531
 384607
 384615
 384763
 384817
 384913
 384946
 385007
 385105
 385112
 385182
 385380
 385490
 385579
 385915
 386012
 386418
 386421
 386500
 386605
 386708
 386768
 386817
 386959
 387155
 387190
 387200
 387248
 387262
 387284
 387434
 387473
 387495
 387564
 387736
 387770
 387793
 387832
 387833
 388098
 388248
 388379
 388727
 388772
 388860
 388998
 389438
 389511
 389523
 389695
 389708
 389714
 389854
 389869
 389884
 390062
 390136
 390166
 390248
 390256
 390629
 390898
 390920
 391024
 391103
 391363
 391376
 391424
 391768
 391769
 391823
 391861
 391940
 391980
 391997
 392079
 392213
 392248
 392292
 392501
 392695
 392715
 393197
 393367
 393369
 393509
 393565
 393687
 393968
 394221
 394481
 394645
 394686
 394903
 394952
 395058
 395061
 395152
 395204
 395227
 395348
 395373
 395383
 395527
 395638
 395662
 395730
 395932
 396247
 396322
 396417
 396438
 396590
 396602
 396649
 396668
 396787
 396938
 396984
 397022
 397117
 397211
 397318
 397327
 397459
 397580
 397683
 397711
 397721
 397727
 397764
 397910
 398063
 398301
 398388
 398757
 398800
 398933
 399487
 399599
 399610
 399613
 399620
 399691
 399999
 400000
 400082
 400250
 400503
 400650
 400876
 401054
 401085
 401100
 401150
 401364
 401459
 401464
 401466
 401507
 401523
 401916
 401930
 401952
 401955
 401997
 402083
 402088
 402446
 402470
 402780
 402845
 402929
 403302
 403829
 403844
 403857
 404013
 404291
 404431
 404458
 404466
 404493
 404688
 404764
 404992
 404995
 405003
 405266
 405296
 405435
 405446
 405680
 405744
 405926
 405964
 406030
 406117
 406139
 406183
 406267
 406512
 406566
 406639
 406737
 406786
 406829
 406945
 407121
 407126
 407197
 407505
 407532
 407607
 407608
 407744
 407797
 407803
 408027
 408157
 408247
 408314
 408332
 408519
 408732
 408877
 409014
 409132
 409177
 409192
 409244
 409281
 409438
 409470
 409604
 409699
 409794
 409885
 409970
 410020
 410071
 410124
 410174
 410228
 410272
 410426
 410463
 410606
 410672
 410869
 410879
 411161
 411185
 411506
 411536
 411540
 411567
 411724
 411764
 411805
 411827
 412162
 412243
 412296
 412424
 412567
 412847
 412969
 413023
 413216
 413456
 413607
 413663
 413680
 413741
 413944
 414095
 414129
 414146
 414283
 414352
 414356
 414451
 414459
 414472
 414478
 414558
 414607
 414756
 414807
 414885
 414920
 415338
 415495
 415500
 415658
 415976
 416149
 416260
 416283
 416319
 416430
 416481
 416509
 416826
 416888
 416892
 416961
 417100
 417130
 417406
 417475
 417489
 417688
 417699
 418256
 418352
 418693
 418696
 418771
 418824
 418868
 418917
 418950
 419141
 419153
 419250
 419278
 419288
 419354
 419423
 419426
 419495
 419635
 419787
 419810
 420038
 420074
 420399
 420518
 420526
 420585
 420637
 420703
 420841
 420923
 421031
 421052
 421091
 421111
 421342
 421490
 421506
 421570
 421696
 421713
 421785
 422535
 422626
 422797
 422802
 422863
 423003
 423125
 423378
 423434
 423497
 423841
 423892
 423914
 424056
 424137
 424148
 424164
 424167
 424327
 424342
 424363
 424438
 424495
 424552
 424648
 424739
 424744
 424762
 424909
 424935
 425003
 425140
 425688
 425790
 425928
 426062
 426345
 426364
 426456
 426480
 426568
 426592
 426691
 426727
 426764
 426852
 426891
 426930
 427019
 427073
 427236
 427238
 427654
 427899
 427956
 428044
 428063
 428160
 428280
 428448
 428571
 428660
 428844
 429041
 429162
 429227
 429257
 429294
 429342
 429460
 429464
 429477
 429495
 429583
 429665
 429752
 429775
 429787
 429873
 429951
 430257
 430521
 430526
 430571
 430574
 430598
 430645
 430656
 430680
 430833
 430953
 431072
 431133
 431264
 431367
 431530
 431683
 431876
 431880
 431923
 431989
 432002
 432217
 432356
 432389
 432432
 432702
 432745
 432757
 432947
 433182
 433337
 433365
 433553
 433570
 433668
 433729
 433812
 433839
 433852
 433855
 433944
 433973
 434299
 434314
 434329
 434386
 434437
 434476
 434576
 434600
 434628
 434732
 434782
 434896
 434937
 434940
 435351
 435378
 435796
 435798
 435908
 435958
 436033
 436059
 436064
 436074
 436102
 436482
 436526
 436555
 436618
 436675
 436697
 436831
 436893
 436894
 436969
 437027
 437074
 437218
 437407
 437520
 437564
 438181
 438253
 438286
 438503
 438674
 438788
 438814
 438879
 438908
 438940
 439077
 439111
 439207
 439216
 439280
 439347
 439404
 439429
 439490
 439593
 439740
 439899
 439968
 440008
 440037
 440072
 440084
 440166
 440172
 440291
 440366
 440386
 440589
 440700
 440821
 440828
 441103
 441257
 441318
 441581
 441704
 441812
 441975
 442013
 442054
 442321
 442361
 442384
 442507
 442584
 442598
 442930
 442944
 442996
 443082
 443232
 443277
 443432
 443514
 443629
 443678
 443901
 444075
 444091
 444212
 444535
 444583
 444627
 444651
 444701
 445269
 445300
 445728
 445790
 445795
 445824
 445993
 446004
 446101
 446283
 446301
 446360
 446553
 446615
 446675
 446712
 446910
 447130
 447162
 447289
 447372
 447383
 447390
 447407
 447473
 447482
 447596
 447607
 447779
 447792
 447863
 447865
 448200
 448275
 448592
 448615
 448671
 448729
 448755
 448788
 449052
 449181
 449241
 449248
 449299
 449405
 449552
 449704
 449745
 449812
 450071
 450340
 450347
 450486
 450615
 450746
 450772
 450920
 451029
 451052
 451457
 451633
 451636
 451925
 451939
 452070
 452193
 452240
 452466
 452829
 452894
 453016
 453027
 453034
 453129
 453159
 453160
 453213
 453263
 453834
 453875
 453980
 454413
 454419
 454545
 454804
 454873
 454951
 455057
 455092
 455155
 455193
 455210
 455255
 455282
 455311
 455447
 455652
 455698
 455719
 455862
 455902
 456065
 456147
 456200
 456368
 456374
 456455
 456467
 456755
 456949
 457013
 457044
 457079
 457167
 457208
 457341
 457575
 457627
 457676
 457831
 458126
 458239
 458386
 458503
 458578
 458737
 458772
 459497
 459591
 459643
 459653
 459696
 459739
 459853
 459854
 459994
 460248
 460310
 460321
 460333
 460388
 460399
 460679
 460956
 461126
 461188
 461323
 461433
 461447
 461538
 461761
 461774
 462078
 462094
 462171
 462274
 462325
 462375
 462395
 462672
 462757
 462770
 462857
 462915
 462922
 463190
 463218
 463223
 463236
 463444
 463505
 463548
 463595
 463671
 463778
 463933
 463954
 463965
 464126
 464128
 464219
 464449
 464516
 464611
 464614
 464624
 464633
 464650
 464670
 464734
 464828
 464844
 465198
 465339
 465363
 465488
 465560
 465641
 465667
 465668
 465680
 465715
 465734
 465768
 465784
 465846
 465888
 466299
 466487
 466533
 466769
 466799
 467091
 467403
 467438
 467556
 467774
 467795
 467995
 468007
 468257
 468433
 468455
 468513
 468783
 468825
 468874
 468882
 468930
 469117
 469120
 469180
 469229
 469354
 469355
 469408
 469601
 469604
 469607
 469654
 469701
 469931
 470128
 470183
 470225
 470359
 470406
 470644
 470755
 470884
 471032
 471155
 471172
 471194
 471349
 471568
 471623
 471698
 471790
 471916
 472000
 472015
 472018
 472255
 472508
 472517
 472591
 472652
 472677
 472680
 472781
 472856
 472928
 473086
 473143
 473295
 473396
 473457
 473484
 473488
 473527
 473540
 473551
 473982
 474128
 474134
 474232
 474474
 474516
 474524
 474527
 474557
 474576
 474627
 474727
 474951
 475053
 475205
 475210
 475386
 475472
 475499
 475712
 475933
 475974
 475978
 476009
 476277
 476279
 476390
 476518
 476571
 476586
 476619
 476624
 476655
 476839
 476908
 477234
 477308
 477310
 477325
 477374
 477401
 477521
 477601
 477620
 477785
 477850
 477858
 478061
 478073
 478164
 478347
 478433
 478434
 478454
 478481
 478496
 478524
 478617
 478764
 479222
 479239
 479258
 479338
 479477
 479539
 479744
 479799
 479888
 479905
 479999
 480000
 480112
 480510
 480615
 480620
 480750
 481128
 481260
 481682
 481685
 482015
 482017
 482071
 482112
 482253
 482410
 482600
 482605
 482657
 482900
 482956
 482968
 483047
 483048
 483317
 483439
 483499
 483606
 483648
 483817
 483852
 483870
 484035
 484044
 484048
 484058
 484218
 484364
 484469
 484531
 484666
 484825
 484909
 484911
 484929
 484975
 485126
 485494
 485508
 485602
 485639
 485756
 485815
 486306
 486443
 486507
 486515
 486607
 486616
 486699
 486912
 486917
 487341
 487367
 487414
 487442
 487475
 487710
 487750
 487754
 487794
 488048
 488119
 488202
 488265
 488271
 488424
 488476
 488501
 488621
 488638
 488669
 488787
 488870
 488888
 488897
 488903
 489144
 489260
 489429
 489492
 489495
 489598
 489599
 489818
 489946
 489966
 490010
 490077
 490158
 490200
 490257
 490519
 490566
 490591
 490630
 490780
 490789
 490834
 490850
 490941
 491003
 491154
 491221
 491239
 491364
 491580
 491687
 492046
 492160
 492174
 492227
 492507
 492535
 492541
 492565
 492594
 492716
 492792
 493287
 493376
 493474
 493487
 493520
 493875
 494028
 494070
 494191
 494225
 494238
 494258
 494530
 494643
 494779
 494949
 495000
 495142
 495183
 495385
 495417
 495616
 495869
 495903
 495966
 496111
 496143
 496189
 496191
 496264
 496816
 496979
 497524
 497553
 497603
 497695
 497706
 498032
 498034
 498070
 498094
 498189
 498356
 498412
 498519
 498668
 498680
 498762
 498855
 499075
 499077
 499116
 499148
 499197
 499228
 499258
 499343
 499388
 499436
 499568
 499627
 499718
 499938
 500000
 500078
 500204
 500469
 500492
 500577
 500646
 500728
 500784
 500885
 501148
 501165
 501243
 501320
 501510
 501639
 501650
 501654
 501708
 501760
 501838
 502193
 502283
 502349
 502487
 502707
 503028
 503090
 503099
 503422
 503524
 503678
 503683
 503713
 503721
 503862
 503920
 503986
 504041
 504343
 504647
 504730
 504768
 504769
 504961
 504985
 505002
 505087
 505617
 505715
 505746
 505758
 505787
 505832
 505875
 505996
 506136
 506267
 506271
 506425
 506541
 506716
 507108
 507131
 507194
 507200
 507262
 507384
 507529
 507600
 507614
 507649
 507727
 507750
 507797
 507813
 507829
 508057
 508071
 508096
 508118
 508160
 508196
 508273
 508280
 508417
 508426
 508492
 508620
 508626
 508837
 508994
 509090
 509255
 509440
 509578
 509603
 509639
 509873
 509881
 509885
 510104
 510188
 510381
 510480
 510541
 510740
 510776
 510834
 510835
 510893
 510927
 510928
 511138
 511182
 511251
 511435
 511455
 511470
 511551
 511644
 511649
 511861
 511934
 511982
 512006
 512007
 512181
 512282
 512555
 512635
 512676
 512889
 512907
 513039
 513133
 513248
 513322
 513361
 513558
 513905
 513944
 513951
 514167
 514184
 514211
 514338
 514635
 514745
 514765
 514848
 514917
 514929
 514970
 515141
 515318
 515358
 515375
 515499
 515520
 515701
 515719
 515751
 515764
 515784
 515820
 515897
 516171
 516214
 516279
 516402
 516470
 516735
 516749
 516778
 517068
 517163
 517382
 517462
 517493
 517495
 517615
 517647
 517758
 517884
 517919
 517960
 518014
 518029
 518122
 518424
 518535
 518755
 518924
 519001
 519050
 519069
 519185
 519235
 519379
 519538
 519591
 519685
 519800
 519877
 519953
 519986
 520025
 520061
 520074
 520106
 520150
 520244
 520302
 520348
 520462
 520499
 520503
 520626
 520878
 520893
 520920
 521158
 521306
 521376
 521401
 521582
 522024
 522090
 522105
 522314
 522683
 522799
 522935
 522954
 523053
 523105
 523127
 523233
 523326
 523354
 523426
 523612
 523660
 523774
 523796
 523816
 523916
 524142
 524206
 524223
 524235
 524247
 524460
 524535
 524573
 524750
 524814
 525176
 525401
 525467
 525479
 525490
 525518
 525540
 525552
 525557
 525577
 525657
 525678
 525793
 525801
 525864
 525866
 525998
 526090
 526122
 526202
 526420
 526671
 526717
 526816
 526967
 526992
 527017
 527312
 527481
 527760
 528117
 528124
 528209
 528428
 528520
 528634
 528878
 529271
 529523
 529616
 529671
 529780
 529913
 529963
 530259
 530291
 530474
 530546
 530549
 530592
 530612
 530647
 530724
 530869
 530880
 530886
 530962
 531131
 531193
 531217
 531250
 531295
 531405
 531591
 531649
 531885
 532027
 532058
 532125
 532166
 532213
 532218
 532428
 532527
 532540
 532631
 532852
 533064
 533161
 533296
 533375
 533432
 533503
 533509
 533587
 533678
 533947
 534032
 534042
 534116
 534248
 534570
 534675
 534699
 534720
 534787
 534798
 534842
 534978
 535191
 535245
 535368
 535632
 535732
 535832
 535915
 536066
 536345
 536620
 536864
 536896
 536959
 537004
 537054
 537672
 538026
 538310
 538366
 538461
 538504
 538513
 538592
 538654
 538880
 539017
 539028
 539208
 539438
 539444
 539489
 539630
 539746
 539835
 540166
 540252
 540255
 540563
 540732
 540797
 540932
 540958
 541149
 541194
 541497
 541595
 541656
 541714
 541778
 541818
 541840
 541927
 542039
 542134
 542200
 542221
 542255
 542333
 542446
 542456
 542576
 542642
 542696
 542863
 542997
 543046
 543052
 543116
 543262
 543319
 543468
 543643
 543686
 543871
 544080
 544084
 544105
 544161
 544217
 544231
 544539
 544550
 544577
 544750
 545009
 545062
 545073
 545313
 545344
 545376
 545454
 545490
 545640
 545653
 545673
 545684
 545699
 545870
 546154
 546180
 546184
 546266
 546319
 546326
 546359
 546509
 546669
 546716
 546888
 546987
 547082
 547103
 547153
 547223
 547561
 547701
 547719
 547945
 548008
 548093
 548279
 548346
 548376
 548444
 548479
 548644
 548788
 548962
 548971
 549075
 549329
 549593
 549601
 549680
 549711
 549743
 549943
 550047
 550163
 550342
 550433
 550693
 550742
 550774
 550852
 550961
 551020
 551132
 551163
 551186
 551229
 551495
 551587
 551607
 551636
 551703
 552031
 552132
 552147
 552185
 552215
 552227
 552238
 552493
 552527
 552530
 552554
 552851
 552890
 552930
 552948
 552998
 553052
 553188
 553240
 553295
 553403
 553517
 553699
 553741
 553935
 554315
 554482
 554692
 554732
 554797
 554956
 554971
 555194
 555285
 555383
 555419
 555637
 555656
 555705
 555920
 555966
 555983
 556068
 556082
 556204
 556305
 556311
 556401
 556476
 556552
 556593
 556681
 556701
 556712
 557102
 557127
 557254
 557362
 557376
 557499
 557753
 557800
 557853
 557947
 557951
 557996
 558123
 558314
 558337
 558441
 558473
 558480
 558537
 558558
 558720
 558771
 558988
 559011
 559055
 559078
 559130
 559185
 559197
 559255
 559282
 559374
 559566
 559577
 559698
 559748
 559981
 560135
 560291
 560311
 560509
 560574
 560696
 560703
 561065
 561089
 561205
 561358
 561666
 561677
 561719
 561757
 561793
 561836
 561971
 562055
 562070
 562090
 562131
 562211
 562289
 562314
 562326
 562513
 562757
 562795
 562898
 562935
 563012
 563085
 563128
 563182
 563616
 564355
 564373
 564504
 564694
 564705
 564749
 564881
 564896
 564938
 565011
 565188
 565228
 565289
 565543
 565728
 565873
 566063
 566065
 566082
 566145
 566328
 566341
 566384
 566442
 566528
 566544
 566591
 566630
 566884
 566892
 566978
 567146
 567635
 567738
 567741
 567815
 567826
 568015
 568052
 568147
 568173
 568320
 568379
 568609
 568712
 568848
 568950
 569110
 569137
 569206
 569248
 569255
 569482
 569648
 569834
 570114
 570236
 570270
 570310
 570312
 570316
 570320
 570370
 570415
 570632
 570681
 570948
 571012
 571128
 571169
 571269
 571428
 571493
 571593
 571599
 571647
 571689
 571810
 571849
 572246
 572250
 572307
 572601
 572649
 572657
 572792
 572874
 573222
 573262
 573319
 573363
 573549
 573816
 573822
 573895
 573961
 574091
 574120
 574121
 574252
 574382
 574717
 574731
 574928
 574972
 574979
 575089
 575133
 575141
 575250
 575312
 575342
 575482
 575594
 575861
 575875
 575931
 576092
 576154
 576218
 576298
 576336
 576355
 576502
 576697
 576785
 576844
 576912
 576946
 576968
 577052
 577075
 577102
 577272
 577282
 577296
 577412
 577415
 577432
 577538
 577574
 577707
 577708
 577825
 577857
 577907
 577997
 578027
 578243
 578301
 578364
 578370
 578593
 578618
 578622
 578690
 578837
 578947
 579001
 579143
 579208
 579238
 579317
 579375
 579406
 579487
 579790
 579805
 579956
 580059
 580088
 580232
 580246
 580249
 580395
 580404
 580547
 580626
 580834
 580873
 581192
 581230
 581289
 581373
 581450
 581471
 581540
 581569
 581807
 581844
 581858
 581945
 581973
 582140
 582231
 582356
 582613
 582703
 583249
 583267
 583273
 583333
 583338
 583513
 583872
 583911
 583944
 583975
 584092
 584127
 584172
 584376
 584388
 584390
 584445
 584577
 584599
 584626
 584864
 584891
 584905
 584945
 584993
 585520
 585612
 585683
 585687
 585737
 585865
 585939
 585942
 585962
 586074
 586206
 586298
 586360
 586364
 586434
 586470
 586515
 586542
 586757
 586822
 586922
 586948
 587032
 587088
 587496
 587500
 587502
 587524
 587834
 587890
 588131
 588146
 588191
 588235
 588243
 588275
 588433
 588471
 588674
 588724
 588789
 588845
 588876
 589033
 589034
 589210
 589278
 589285
 589327
 589341
 589395
 589524
 589576
 589661
 589671
 589815
 589989
 590015
 590267
 590284
 590351
 590390
 590461
 590519
 590597
 590649
 590665
 590675
 590748
 590930
 590962
 590971
 591099
 591348
 591484
 591538
 591658
 591765
 591785
 591824
 591836
 591976
 592018
 592041
 592262
 592337
 592448
 592622
 592757
 592893
 592900
 592977
 593161
 593404
 593543
 593548
 593634
 593668
 593908
 593912
 593964
 594031
 594155
 594276
 594421
 594885
 595348
 595358
 595419
 595453
 595469
 595486
 595585
 595589
 595620
 595690
 595918
 595939
 596046
 596101
 596140
 596144
 596169
 596270
 596337
 596382
 596491
 596835
 596927
 597291
 597779
 597822
 597874
 597965
 598040
 598101
 598174
 598276
 598310
 598331
 598623
 598784
 598949
 599000
 599029
 599040
 599116
 599221
 599339
 599404
 599456
 600000
 600237
 600258
 600345
 600538
 600751
 600903
 600956
 601075
 601085
 601150
 601193
 601271
 601272
 601289
 601335
 601520
 601589
 601859
 602139
 602201
 602254
 602401
 602426
 602579
 602675
 602702
 602774
 602790
 602954
 603250
 603415
 603442
 603453
 603516
 603603
 603606
 603677
 603694
 603701
 603799
 603821
 603849
 603867
 603883
 604232
 604288
 604374
 604622
 604662
 604676
 604698
 604731
 604925
 605153
 605362
 605381
 605577
 605823
 606261
 606263
 606292
 606345
 606507
 606535
 606563
 606609
 606652
 606929
 606956
 607098
 607139
 607315
 607393
 607628
 607639
 607735
 607773
 607848
 607871
 607979
 608028
 608135
 608147
 608219
 608323
 608327
 608514
 608594
 609049
 609079
 609227
 609231
 609252
 609311
 609410
 609421
 609427
 609481
 609602
 609666
 609708
 609837
 609846
 610101
 610326
 610515
 610632
 610641
 610674
 610962
 611022
 611198
 611292
 611305
 611324
 611338
 611408
 611590
 611591
 611688
 611744
 611888
 611995
 612021
 612073
 612222
 612415
 612427
 612571
 612821
 612932
 613076
 613418
 613672
 613691
 613731
 613761
 613860
 614202
 614295
 614466
 614705
 614720
 614964
 614973
 614995
 615124
 615145
 615178
 615309
 615551
 615706
 615805
 615995
 616099
 616195
 616228
 616358
 616426
 616514
 616745
 616813
 616833
 616939
 617021
 617166
 617254
 617630
 617822
 618030
 618111
 618267
 618281
 618392
 618454
 618479
 618549
 618554
 618593
 618677
 618722
 618926
 618938
 618947
 618978
 619047
 619065
 619076
 619113
 619498
 619551
 619602
 619902
 619968
 619969
 620051
 620178
 620261
 620271
 620468
 620493
 620504
 620641
 620771
 621193
 621215
 621261
 621313
 621430
 621470
 621616
 621621
 621764
 622126
 622474
 622561
 622855
 622950
 622975
 623023
 623062
 623122
 623188
 623285
 623394
 623415
 623424
 623457
 623787
 623801
 623933
 623941
 624035
 624063
 624195
 624224
 624703
 624785
 624897
 625301
 625324
 625429
 625835
 625877
 625945
 625954
 625998
 626010
 626141
 626219
 626253
 626314
 626391
 626599
 626722
 626742
 626804
 626806
 626870
 627039
 627082
 627111
 627244
 627553
 627611
 627669
 627761
 627774
 627828
 627906
 627990
 628006
 628059
 628112
 628146
 628365
 628589
 628599
 628644
 628710
 628741
 628779
 628795
 628860
 628902
 628908
 628979
 629169
 629201
 629249
 629308
 629404
 629447
 629626
 629629
 629693
 629726
 629729
 629773
 629791
 630014
 630068
 630177
 630229
 630326
 630399
 630601
 630746
 630999
 631095
 631125
 631132
 631196
 631238
 631426
 631511
 631553
 631578
 631748
 631942
 631954
 631987
 632031
 632161
 632373
 632390
 632431
 632432
 632719
 632741
 632767
 632857
 633015
 633043
 633059
 633079
 633180
 633244
 633461
 633489
 633516
 633657
 633689
 633716
 633811
 633852
 633978
 634100
 634217
 634274
 634394
 634486
 634915
 634920
 635020
 635186
 635354
 635412
 635436
 635547
 635576
 635710
 635744
 635820
 635883
 635902
 636032
 636171
 636197
 636363
 636586
 636605
 636821
 636959
 636963
 637142
 637480
 637737
 638044
 638054
 638176
 638180
 638494
 638584
 638638
 638721
 638757
 638832
 638928
 638935
 639191
 639220
 639453
 639556
 639722
 639758
 640066
 640176
 640341
 640442
 640653
 640720
 641161
 641179
 641215
 641279
 641360
 641423
 641441
 641452
 641489
 641651
 641859
 641868
 641886
 641942
 642034
 642074
 642157
 642240
 642384
 642523
 642529
 642570
 642793
 642975
 643247
 643256
 643305
 643314
 643399
 643446
 643484
 643860
 643888
 644230
 644361
 644468
 644516
 644521
 644738
 644774
 645030
 645037
 645114
 645146
 645265
 645354
 645385
 645713
 645731
 645862
 645907
 645939
 646099
 646479
 646512
 646616
 646667
 646729
 646872
 647043
 647331
 647351
 647396
 647416
 647419
 647462
 647599
 647748
 647966
 648342
 648369
 648502
 648508
 648583
 648743
 648748
 648754
 648802
 648907
 648960
 649065
 649180
 649298
 649345
 649370
 649441
 649606
 649715
 649832
 650020
 650082
 650107
 650112
 650245
 650268
 650287
 650415
 650416
 650424
 650542
 650563
 650636
 650749
 650898
 650936
 651535
 651597
 651602
 651685
 651776
 651933
 651934
 652028
 652061
 652065
 652121
 652416
 652613
 652651
 652717
 652826
 652939
 653054
 653071
 653074
 653276
 653392
 653437
 653495
 653732
 653757
 653812
 653946
 653987
 654093
 654464
 654545
 654626
 654695
 654729
 654828
 654929
 654933
 654981
 655020
 655067
 655125
 655290
 655511
 655559
 655589
 655738
 655913
 655936
 656040
 656163
 656194
 656488
 656587
 656688
 656698
 656746
 657002
 657033
 657084
 657139
 657205
 657218
 657252
 657253
 657370
 657682
 657712
 657719
 657825
 657851
 657923
 657928
 658017
 658411
 658559
 658631
 658736
 658856
 659047
 659453
 659618
 659634
 659687
 659755
 659843
 659850
 659906
 659991
 660030
 660096
 660153
 660172
 660396
 660499
 660737
 660915
 660937
 661006
 661027
 661560
 661579
 661629
 661725
 661837
 661932
 662111
 662212
 662281
 662301
 662597
 662625
 662977
 663017
 663053
 663560
 663716
 663872
 663927
 664091
 664164
 664202
 664263
 664733
 664927
 664959
 664997
 665036
 665420
 665466
 665474
 665501
 665502
 665524
 665558
 665585
 665586
 665614
 665930
 665977
 666016
 666018
 666167
 666251
 666425
 666465
 666666
 666718
 666798
 666872
 666970
 667135
 667153
 667188
 667468
 667554
 667579
 667590
 667654
 667820
 667850
 667907
 668059
 668100
 668200
 668373
 668449
 668717
 668878
 669057
 669136
 669253
 669271
 669406
 669461
 669470
 669523
 669557
 669607
 669854
 670018
 670027
 670063
 670141
 670169
 670308
 670320
 670375
 670439
 670538
 670912
 670957
 671008
 671105
 671268
 671414
 671504
 671850
 671999
 672005
 672097
 672115
 672147
 672320
 672441
 672514
 672519
 672651
 672768
 672837
 672981
 673050
 673150
 673246
 673335
 673469
 673554
 673720
 673776
 674048
 674150
 674193
 674198
 674209
 674315
 674444
 674504
 674795
 674849
 674937
 674979
 675029
 675277
 675370
 675379
 675565
 675584
 675675
 675709
 675870
 676108
 676117
 676194
 676270
 676487
 676628
 676883
 676977
 677303
 677315
 677353
 677396
 677435
 677484
 677586
 677791
 677853
 677929
 678034
 678084
 678420
 678441
 678542
 678580
 678625
 678638
 678641
 678707
 678868
 678890
 679031
 679093
 679097
 679362
 679368
 679498
 679655
 679874
 679972
 680120
 680121
 680260
 680293
 680550
 680575
 680679
 680830
 680970
 681046
 681107
 681269
 681318
 681359
 681442
 682099
 682159
 682208
 682223
 682292
 682307
 682319
 682361
 682529
 682545
 682851
 683052
 683085
 683204
 683321
 683555
 683670
 683836
 683891
 683935
 683964
 684174
 684218
 684258
 684571
 684609
 684684
 684782
 685002
 685111
 685122
 685164
 685166
 685197
 685212
 685393
 685539
 685541
 685586
 686076
 686110
 686184
 686210
 686448
 686788
 686826
 686950
 686962
 687164
 687262
 687349
 687356
 687361
 687362
 687500
 687559
 687562
 687589
 687815
 687914
 687978
 688030
 688037
 688241
 688326
 688364
 688668
 688840
 688854
 689222
 689310
 689320
 689464
 689632
 689688
 689701
 689823
 689976
 690270
 690301
 690413
 690489
 690503
 690543
 690776
 690821
 691234
 691272
 691399
 691434
 691538
 691725
 691823
 691990
 692001
 692120
 692216
 692307
 692449
 692550
 692601
 692605
 692650
 692827
 692836
 692858
 692908
 693026
 693304
 693434
 693488
 693740
 693943
 694014
 694054
 694108
 694277
 694298
 694344
 694365
 694400
 694454
 694474
 694506
 694560
 694563
 694623
 694690
 694790
 694922
 694933
 695115
 695244
 695251
 695587
 695604
 695622
 695696
 695700
 695817
 695831
 696142
 696177
 696247
 696314
 696341
 696411
 696446
 696468
 696483
 696487
 696531
 696582
 696715
 696735
 696757
 696794
 696805
 696841
 696901
 697057
 697220
 697337
 697408
 697413
 697526
 697636
 697645
 697745
 697781
 697859
 697864
 697904
 698077
 698164
 698205
 698220
 698244
 698343
 698384
 698412
 698481
 698614
 698694
 698765
 698907
 698993
 699039
 699281
 699391
 699408
 699457
 699508
 699568
 699792
 700029
 700037
 700167
 700198
 700202
 700224
 700324
 700352
 700401
 700653
 700683
 700745
 700772
 700854
 700938
 701033
 701176
 701246
 701778
 701837
 701906
 701942
 702037
 702099
 702140
 702298
 702321
 702450
 702552
 702654
 702702
 702873
 702878
 702912
 703020
 703320
 703408
 703637
 703667
 703681
 703789
 703903
 703970
 704020
 704277
 704295
 704310
 704316
 704384
 704422
 704459
 704574
 704620
 704697
 704783
 704876
 704945
 705036
 705293
 705363
 705413
 705422
 705605
 705615
 705670
 705698
 705713
 705725
 705746
 705812
 705882
 705943
 705977
 706011
 706046
 706099
 706228
 706243
 706471
 706485
 706492
 706638
 706782
 706869
 707205
 707602
 707604
 707685
 707791
 707800
 707936
 708066
 708078
 708228
 708309
 708317
 708331
 708343
 708534
 708548
 709079
 709156
 709221
 709394
 709537
 709545
 709547
 709730
 709889
 710152
 710191
 710219
 710348
 710448
 710511
 710516
 710518
 710526
 710556
 710696
 710916
 711125
 711605
 711808
 711997
 712062
 712168
 712517
 712554
 712589
 712912
 712933
 712988
 712991
 712997
 713075
 713111
 713201
 713233
 713365
 713441
 713479
 713518
 713585
 713642
 713864
 713929
 714022
 714084
 714178
 714199
 714343
 714643
 714693
 714713
 714716
 714915
 715151
 715183
 715203
 715322
 715494
 715562
 715576
 715601
 715695
 715700
 715928
 716060
 716215
 716227
 716247
 716448
 716574
 716614
 716617
 716640
 716694
 716703
 716713
 716729
 716733
 717011
 717157
 717175
 717196
 717377
 717444
 717650
 717732
 717767
 717774
 717795
 717824
 717829
 717905
 717910
 717990
 718120
 718222
 718355
 718491
 718582
 718610
 718750
 718903
 718910
 718944
 719001
 719447
 719507
 719588
 719642
 719811
 719849
 720063
 720225
 720314
 720417
 720430
 720477
 720488
 720608
 720819
 721052
 721179
 721372
 721419
 721490
 721724
 721809
 721898
 721989
 722019
 722062
 722178
 722184
 722250
 722665
 722785
 722890
 722951
 722982
 723179
 723309
 723388
 723792
 724274
 724325
 724349
 724434
 724444
 724562
 724596
 724637
 724820
 724842
 724854
 724866
 724890
 724956
 725029
 725061
 725249
 725299
 725417
 725578
 725653
 725659
 725740
 725765
 725766
 725842
 725883
 725941
 726095
 726132
 726256
 726413
 726428
 726479
 726577
 726633
 726845
 726901
 727020
 727066
 727272
 727321
 727327
 727664
 728027
 728083
 728084
 728093
 728180
 728318
 728340
 728359
 728363
 728373
 728399
 728530
 728630
 728749
 728781
 729113
 729132
 729186
 729283
 729405
 729483
 729766
 729856
 729902
 730071
 730105
 730111
 730181
 730316
 730393
 730623
 730733
 730802
 730808
 730886
 730937
 731007
 731024
 731132
 731155
 731163
 731204
 731234
 731301
 731360
 731396
 731434
 731455
 731636
 731771
 731844
 731868
 731910
 731961
 732081
 732184
 732205
 732589
 732753
 732965
 733097
 733333
 733507
 733788
 733791
 734064
 734160
 734296
 734410
 734545
 734555
 734643
 734645
 734682
 734718
 734786
 734854
 735193
 735270
 735312
 735395
 735456
 735507
 735600
 735744
 735751
 735777
 735795
 735878
 735970
 735987
 736006
 736013
 736095
 736099
 736108
 736129
 736197
 736379
 736404
 736573
 736625
 736774
 736842
 736872
 736985
 737001
 737190
 737237
 737252
 737281
 737315
 737412
 737523
 737546
 737587
 737648
 737782
 738057
 738120
 738619
 738649
 738676
 738779
 738841
 738862
 738902
 739059
 739130
 739170
 739265
 739303
 739606
 739652
 739840
 739919
 740119
 740219
 740235
 740686
 740688
 740758
 740921
 741081
 741188
 741286
 741308
 741315
 741496
 741697
 741726
 741780
 741825
 741852
 742029
 742079
 742328
 742346
 742616
 742634
 742675
 742816
 743080
 743209
 743341
 743357
 743373
 743395
 743418
 743445
 743550
 743589
 743881
 743909
 744087
 744091
 744112
 744117
 744118
 744281
 744423
 744518
 744884
 745017
 745256
 745383
 745696
 745955
 746011
 746031
 746084
 746321
 746341
 746413
 746427
 746562
 746567
 746601
 746629
 746799
 747024
 747047
 747086
 747533
 747537
 747569
 747703
 747784
 747997
 748026
 748034
 748234
 748663
 748824
 748949
 749034
 749186
 749225
 749482
 749648
 749761
 749955
 750000
 750151
 750428
 750637
 750722
 750917
 750924
 750940
 751028
 751049
 751054
 751079
 751100
 751241
 751244
 751278
 751401
 751601
 751687
 751729
 751775
 751867
 752112
 752253
 752311
 752368
 752421
 752655
 752677
 753035
 753177
 753297
 753377
 753474
 753494
 753749
 753801
 753809
 753811
 753890
 753894
 753959
 754052
 754102
 754150
 754472
 754491
 754516
 754850
 755113
 755362
 755555
 755558
 755624
 755677
 755803
 755946
 755949
 755959
 756057
 756428
 756543
 756556
 756566
 756641
 756831
 756884
 756895
 756994
 757080
 757199
 757227
 757314
 757417
 757420
 757454
 757476
 757507
 757713
 757733
 757894
 758150
 758227
 758239
 758254
 758327
 758356
 758408
 758457
 758677
 758749
 758769
 758842
 758966
 759051
 759161
 759303
 759343
 759353
 759442
 759705
 759965
 759973
 760257
 760316
 760529
 760594
 760608
 760636
 760805
 760981
 761080
 761197
 761286
 761339
 761467
 761644
 762081
 762179
 762346
 762551
 762610
 762619
 762623
 763055
 763157
 763176
 763323
 763335
 763360
 763452
 763616
 763713
 764064
 764195
 764237
 764242
 764248
 764297
 764378
 764390
 764973
 765019
 765074
 765151
 765160
 765799
 765872
 766219
 766240
 766353
 766942
 766943
 766947
 767156
 767212
 767309
 767315
 767333
 767478
 767658
 767754
 767760
 767805
 767857
 767866
 767994
 768163
 768221
 768362
 768476
 768543
 768612
 768630
 768796
 769041
 769109
 769176
 769331
 769438
 769506
 769593
 769637
 769648
 769699
 770015
 770162
 770185
 770292
 770348
 770384
 770546
 770591
 770645
 770870
 770878
 771012
 771081
 771113
 771374
 771382
 771468
 771621
 771775
 771781
 771869
 771935
 771976
 772069
 772118
 772124
 772335
 772378
 772427
 772710
 772727
 772832
 773205
 773218
 773221
 773242
 773360
 773551
 773552
 773656
 773864
 773924
 773927
 774216
 774303
 774325
 774353
 774668
 774761
 774969
 775095
 775193
 775343
 775377
 775455
 775483
 775562
 775599
 775622
 775629
 775674
 776000
 776278
 776296
 776349
 776517
 776549
 776611
 776677
 776699
 776860
 777391
 777411
 777456
 777459
 777501
 777576
 777582
 777693
 777694
 777730
 777777
 777850
 778023
 778091
 778254
 778260
 778337
 778445
 778469
 778517
 778538
 778625
 778661
 778777
 778976
 778993
 779019
 779229
 779288
 779313
 779352
 779650
 779792
 779863
 780196
 780198
 780351
 780399
 780410
 780766
 780785
 781091
 781172
 781272
 781384
 781430
 781479
 781554
 781633
 781727
 781743
 781916
 781937
 782038
 782243
 782469
 782573
 782855
 782973
 783027
 783040
 783258
 783368
 783417
 783455
 783483
 783543
 783561
 783572
 783661
 783772
 783813
 783914
 783999
 784163
 784244
 784370
 784421
 784483
 784527
 784659
 784791
 784905
 785057
 785122
 785180
 785208
 785625
 785662
 785676
 785817
 785960
 786118
 786135
 786179
 786223
 786327
 786412
 786430
 786516
 786537
 786617
 786620
 786640
 786701
 786771
 787152
 787492
 787500
 787770
 787917
 787998
 788004
 788093
 788168
 788301
 788311
 788316
 788371
 788398
 788437
 788581
 788636
 788757
 788844
 788914
 788955
 788979
 789166
 789223
 789237
 789359
 789473
 789505
 789600
 789909
 789922
 789946
 789959
 789976
 790107
 790333
 790401
 790458
 790468
 790568
 790641
 790826
 790856
 790884
 790892
 790966
 791021
 791078
 791136
 791363
 791365
 791489
 791582
 791583
 791599
 791678
 791719
 791730
 792244
 792382
 792400
 792416
 792458
 792526
 792582
 792592
 792616
 792648
 792760
 792861
 792913
 792936
 793055
 793226
 793271
 793272
 793296
 793539
 793633
 793650
 794083
 794135
 794538
 794540
 794718
 794823
 794866
 794887
 795042
 795247
 795295
 795340
 795346
 795419
 795517
 795558
 795583
 795650
 795751
 795850
 795957
 795978
 796174
 796231
 796238
 796244
 796460
 796466
 796529
 796560
 796633
 796758
 796983
 797010
 797065
 797232
 797246
 797427
 797468
 797555
 797566
 797765
 797833
 797933
 798269
 798313
 798432
 798488
 798560
 798563
 798611
 798631
 798635
 798678
 798764
 798902
 798914
 798965
 799228
 799561
 799569
 799664
 799967
 799999
 800000
 800053
 800143
 800202
 800505
 800554
 800620
 800681
 800736
 800888
 800895
 800931
 800967
 800968
 801033
 801034
 801375
 801553
 801756
 801763
 801784
 801839
 801916
 802253
 802375
 802436
 802670
 802756
 802792
 802823
 802919
 802946
 802985
 803007
 803018
 803081
 803170
 803553
 803564
 803677
 803804
 803816
 804073
 804100
 804231
 804265
 804472
 804607
 804612
 804652
 804878
 804994
 805069
 805076
 805252
 805325
 805337
 805519
 805829
 805940
 805946
 806048
 806056
 806218
 806301
 806310
 806332
 806347
 806384
 806618
 806669
 806749
 806861
 806914
 807048
 807082
 807126
 807131
 807155
 807156
 807228
 807246
 807444
 807486
 807491
 807497
 807551
 807556
 807662
 807761
 807803
 807818
 807869
 807896
 807971
 808120
 808148
 808184
 808219
 808242
 808306
 808314
 808375
 808516
 808753
 808924
 809568
 809836
 809938
 809976
 810153
 810228
 810302
 810339
 810401
 810593
 810628
 810951
 811211
 811263
 811320
 811402
 811430
 811446
 811641
 811709
 811744
 811761
 811836
 811868
 811918
 811965
 812095
 812099
 812133
 812297
 812404
 812556
 812560
 812610
 812719
 812793
 812903
 812922
 813084
 813283
 813294
 813339
 813642
 813753
 813980
 814169
 814318
 814338
 814348
 814358
 814467
 814639
 814852
 814859
 814953
 814990
 815023
 815189
 815210
 815295
 815311
 815340
 815361
 815402
 815568
 815657
 815739
 815784
 815999
 816049
 816074
 816108
 816131
 816298
 816492
 816675
 816746
 816802
 817055
 817133
 817170
 817219
 817413
 817467
 817521
 817600
 817607
 817609
 817644
 817683
 817692
 817707
 817716
 817945
 818046
 818181
 818246
 818255
 818264
 818321
 818770
 818949
 819090
 819134
 819177
 819469
 819523
 819662
 819667
 819865
 819881
 819978
 820038
 820051
 820078
 820368
 820394
 820441
 820576
 820717
 820833
 820857
 821052
 821111
 821342
 821582
 821642
 821786
 821831
 821922
 821958
 822072
 822197
 822242
 822343
 822451
 822485
 822490
 822558
 822597
 822816
 822843
 822854
 822897
 822949
 822961
 823008
 823048
 823294
 823379
 823471
 823529
 823789
 823805
 823842
 823872
 824120
 824268
 824446
 824508
 824578
 824883
 824895
 824911
 824999
 825036
 825096
 825152
 825386
 825593
 825596
 825698
 825846
 825904
 825972
 826060
 826287
 826501
 826556
 826784
 826789
 826820
 826887
 827103
 827184
 827344
 827361
 827542
 827566
 827586
 827871
 827893
 828004
 828074
 828132
 828348
 828492
 828655
 828770
 828778
 828897
 828914
 829132
 829187
 829203
 829326
 829477
 829627
 829687
 829762
 829820
 830058
 830082
 830103
 830134
 830188
 830268
 830311
 830711
 830769
 830883
 830917
 830926
 830928
 830931
 831083
 831181
 831188
 831358
 831387
 831422
 831484
 831626
 831654
 831710
 831721
 831758
 831955
 831977
 831980
 832079
 832111
 832158
 832208
 832220
 832306
 832408
 832598
 832630
 832654
 832663
 832738
 832847
 832959
 833333
 833410
 833437
 833538
 833587
 833637
 833693
 833705
 833910
 834030
 834175
 834618
 834645
 834665
 834782
 834816
 834843
 835046
 835262
 835282
 835314
 835616
 835922
 835970
 836010
 836126
 836280
 836302
 836498
 836882
 836923
 837099
 837198
 837209
 837331
 837578
 837807
 837934
 838007
 838049
 838124
 838718
 838770
 838965
 838973
 838982
 839165
 839166
 839195
 839201
 839244
 839253
 839263
 839357
 839457
 839516
 839579
 839737
 839754
 839784
 839880
 839980
 840133
 840170
 840210
 840275
 840356
 840463
 840709
 840876
 840935
 841222
 841229
 841269
 841351
 841394
 841492
 841568
 841584
 841586
 841634
 841651
 841807
 841811
 841886
 842290
 842387
 842460
 842547
 842599
 842616
 842860
 842879
 842918
 842944
 843090
 843137
 843361
 843925
 843953
 844007
 844044
 844097
 844118
 844141
 844183
 844307
 844748
 844844
 844877
 844895
 845048
 845061
 845063
 845066
 845184
 845429
 845614
 845721
 845772
 846003
 846072
 846756
 846833
 846908
 847190
 847396
 847414
 847493
 847684
 847749
 847794
 848128
 848253
 848393
 848448
 848476
 848533
 848555
 848739
 849305
 849387
 849410
 849421
 849462
 849576
 849585
 849599
 849607
 849608
 849620
 849650
 849696
 849769
 849835
 849860
 849914
 850392
 850396
 850473
 850579
 850601
 850627
 850710
 850724
 850804
 850883
 850971
 851005
 851063
 851234
 851332
 851442
 851494
 851556
 851571
 851725
 851768
 851777
 851896
 851918
 851971
 851993
 852054
 852103
 852104
 852129
 852248
 852318
 852358
 852641
 852712
 852797
 853281
 853316
 853370
 853398
 853420
 853456
 853518
 853634
 853771
 853858
 853894
 853943
 853987
 854023
 854160
 854395
 854542
 854595
 854969
 855109
 855201
 855405
 855483
 855580
 855600
 855687
 855706
 855816
 855857
 855878
 855879
 856213
 856428
 856460
 856527
 856626
 856731
 856766
 856783
 857032
 857105
 857142
 857179
 857378
 857395
 857530
 857806
 857884
 857900
 858052
 858055
 858234
 858319
 858400
 858614
 858897
 858952
 859060
 859091
 859232
 859429
 859453
 859485
 859702
 859751
 859841
 859870
 859880
 859936
 860013
 860115
 860194
 860205
 860227
 860323
 860376
 860596
 860779
 860801
 860818
 860837
 860853
 860964
 861224
 861360
 861397
 861454
 861463
 861481
 861529
 861538
 861598
 861777
 861880
 862015
 862049
 862208
 862231
 862404
 862473
 862625
 862871
 862911
 863038
 863258
 863291
 863462
 863801
 863848
 863938
 864430
 864458
 864596
 864823
 864830
 864891
 864929
 864930
 864948
 865116
 865208
 865235
 865261
 865652
 865667
 865731
 865858
 865962
 865999
 866072
 866530
 866614
 866855
 867496
 867515
 867517
 867753
 867860
 868001
 868147
 868217
 868350
 868537
 868542
 868722
 868761
 868769
 868852
 868894
 868951
 869004
 869005
 869019
 869109
 869164
 869184
 869298
 869565
 869688
 869701
 869797
 869973
 869977
 870004
 870026
 870078
 870131
 870174
 870191
 870246
 870272
 870365
 870445
 870548
 870551
 870574
 870686
 870806
 870830
 870963
 870967
 871078
 871172
 871529
 871698
 871794
 871896
 871919
 871931
 871933
 871949
 872026
 872030
 872239
 872245
 872360
 872371
 872385
 872431
 872464
 872560
 872576
 872659
 872780
 872840
 872944
 873103
 873153
 873169
 873255
 873285
 873304
 873594
 873596
 873949
 873967
 874116
 874138
 874218
 874326
 874439
 874603
 874784
 874874
 875074
 875169
 875196
 875219
 875432
 875476
 875739
 875825
 875853
 875884
 875928
 875961
 876100
 876176
 876190
 876197
 876237
 876284
 876333
 876408
 876470
 876649
 876661
 876823
 876838
 876974
 877310
 877359
 877750
 877839
 877852
 877862
 877932
 878098
 878139
 878155
 878172
 878173
 878321
 878429
 878527
 878547
 878592
 878616
 878787
 878835
 878923
 878973
 879287
 879354
 879418
 879457
 879611
 879659
 879712
 879714
 879720
 880059
 880349
 880582
 880723
 880749
 880886
 881153
 881250
 881328
 881360
 881444
 881635
 881645
 881731
 881822
 881824
 881846
 881894
 881965
 881970
 881974
 882095
 882135
 882177
 882304
 882391
 882502
 882544
 882555
 882656
 882773
 882798
 882867
 882874
 882889
 882897
 883058
 883321
 883349
 883361
 883479
 883485
 883529
 883576
 883595
 883720
 883773
 884039
 884070
 884289
 884366
 884395
 884641
 884813
 884858
 884884
 885182
 885459
 885467
 885486
 885714
 885726
 885787
 885927
 886002
 886234
 886320
 886399
 886408
 886505
 886548
 886612
 886620
 886817
 887202
 887396
 887705
 887801
 887825
 887873
 887982
 888242
 888253
 888391
 888497
 888575
 888681
 888876
 888916
 888994
 889390
 889493
 889497
 889646
 889694
 889699
 889726
 889783
 889837
 889880
 889923
 889999
 890254
 890262
 890318
 890387
 890660
 890788
 890809
 890844
 890935
 891107
 891217
 891246
 891409
 891454
 891529
 891769
 891963
 892072
 892109
 892128
 892354
 892458
 892629
 892988
 893133
 893297
 893398
 893443
 893624
 893897
 893942
 894375
 894404
 894409
 894514
 894560
 894704
 894859
 894918
 894920
 894994
 895111
 895130
 895332
 895496
 895679
 895755
 895802
 895853
 896150
 896582
 896834
 896851
 897176
 897288
 897370
 897398
 897693
 897899
 898006
 898021
 898090
 898344
 898508
 898538
 898707
 898963
 899004
 899075
 899208
 899210
 899318
 899595
 899652
 899705
 899713
 899776
 899867
 900069
 900213
 900373
 900381
 900569
 900887
 900952
 900964
 900973
 901033
 901093
 901193
 901354
 901378
 901439
 901472
 901512
 901579
 901658
 901744
 901818
 901926
 901937
 902061
 902255
 902262
 902487
 902522
 902614
 902711
 902739
 902785
 902883
 902988
 903048
 903314
 903440
 903498
 903499
 903517
 903725
 903768
 903870
 903936
 904441
 904531
 904557
 904761
 904824
 904939
 905053
 905064
 905070
 905107
 905503
 905535
 905667
 905745
 905842
 905927
 905929
 906224
 906298
 906495
 906706
 906767
 906789
 906904
 906932
 906954
 906999
 907044
 907289
 907541
 907578
 907760
 907809
 907824
 907877
 908121
 908263
 908330
 908343
 908347
 908509
 908556
 908661
 908664
 908727
 908814
 908867
 909260
 909396
 909399
 909418
 909424
 909553
 909566
 909669
 909681
 909771
 909777
 909780
 909799
 909868
 910017
 910029
 910036
 910115
 910159
 910278
 910300
 910355
 910387
 910412
 910423
 910434
 910522
 910560
 910581
 910633
 910835
 910846
 910864
 910888
 910937
 910993
 911025
 911076
 911089
 911115
 911288
 911342
 911358
 911472
 911675
 911782
 911787
 911816
 911927
 911979
 912306
 912309
 912472
 912576
 912754
 912755
 913085
 913094
 913125
 913378
 913539
 913904
 913950
 914077
 914078
 914086
 914161
 914246
 914285
 914580
 914613
 914712
 914774
 914913
 914959
 915007
 915026
 915076
 915195
 915199
 915201
 915230
 915237
 915343
 915352
 915509
 915631
 915640
 915662
 915986
 915997
 916060
 916196
 916400
 916427
 916433
 916524
 916539
 916541
 916554
 916631
 916749
 916891
 916906
 916911
 917241
 917329
 917427
 917661
 917663
 917683
 917756
 918038
 918340
 918638
 918672
 918708
 918743
 918800
 918946
 919130
 919191
 919263
 919298
 919472
 919484
 919576
 919612
 920060
 920116
 920172
 920255
 920344
 920653
 920690
 920900
 920930
 921005
 921221
 921241
 921338
 921531
 921558
 921568
 921739
 921742
 921847
 922097
 922272
 922325
 922397
 922468
 922857
 923177
 923416
 923628
 924019
 924203
 924275
 924298
 924321
 924348
 924358
 924485
 924486
 924622
 924651
 924809
 924822
 925148
 925336
 925344
 925572
 925574
 925976
 926088
 926199
 926206
 926264
 926300
 926394
 926479
 926507
 926551
 926615
 926623
 926648
 926817
 927015
 927258
 927308
 927395
 927408
 927624
 927707
 927738
 928030
 928143
 928208
 928398
 928461
 928498
 928592
 928776
 928842
 928878
 928980
 929064
 929086
 929113
 929146
 929189
 929228
 929265
 929466
 929552
 929577
 929824
 929896
 929903
 930043
 930106
 930113
 930175
 930184
 930210
 930306
 930332
 930341
 930379
 930496
 930510
 930687
 930740
 930763
 930806
 930960
 931312
 931313
 931353
 931703
 931754
 931764
 931914
 931927
 931993
 932015
 932510
 932745
 932806
 932960
 933187
 933221
 933280
 933314
 933597
 933649
 933653
 933695
 933828
 933990
 934088
 934158
 934252
 934358
 934557
 934994
 935044
 935196
 935424
 935470
 935574
 935764
 935814
 935849
 935970
 936010
 936048
 936057
 936168
 936170
 936210
 936305
 936613
 936711
 936932
 937147
 937252
 937309
 937423
 937601
 937607
 937694
 937812
 937813
 937842
 938005
 938064
 938148
 938183
 938193
 938238
 938434
 938945
 939165
 939422
 939461
 939572
 939585
 939680
 939742
 939890
 939939
 940004
 940161
 940207
 940307
 940479
 940498
 940559
 941021
 941060
 941123
 941133
 941139
 941145
 941224
 941250
 941343
 941354
 941355
 941434
 941438
 941478
 941520
 941648
 941769
 941775
 941873
 941908
 941932
 941976
 942133
 942332
 942336
 942451
 942470
 942492
 942582
 942795
 942857
 942921
 942925
 942973
 943080
 943171
 943191
 943204
 943286
 943322
 943520
 943564
 943568
 943714
 943738
 943793
 943892
 943902
 943909
 944026
 944105
 944255
 944391
 944472
 944612
 944773
 945011
 945085
 945265
 945282
 945454
 945501
 945602
 945775
 945812
 945888
 945895
 946124
 946236
 946365
 946512
 946580
 946670
 946732
 946892
 947059
 947203
 947258
 947275
 947290
 947331
 947356
 947459
 947492
 947500
 947630
 947747
 947772
 948260
 948352
 948439
 948471
 948596
 948714
 948779
 948965
 949048
 949101
 949303
 949307
 949367
 949447
 949640
 949712
 949863
 949930
 949948
 950075
 950118
 950259
 950404
 950640
 950738
 950823
 950861
 950877
 951075
 951200
 951362
 951503
 951595
 951598
 951641
 951862
 951897
 952021
 952058
 952166
 952534
 952539
 952786
 952941
 952996
 953018
 953041
 953099
 953120
 953163
 953309
 953381
 953445
 953516
 953628
 953681
 953716
 953858
 953870
 954073
 954377
 954453
 954504
 954681
 954710
 954756
 954799
 954864
 955314
 955380
 955493
 955505
 955770
 955855
 956068
 956084
 956521
 956662
 956739
 956765
 957038
 957083
 957154
 957685
 957721
 957833
 957894
 958070
 958161
 958199
 958371
 958474
 958525
 958549
 958600
 958841
 958896
 959183
 959247
 959302
 959311
 959595
 959875
 959887
 959999
 960015
 960112
 960371
 960377
 960544
 960586
 960608
 960662
 960777
 960802
 960805
 960809
 960810
 960978
 961181
 961455
 961567
 961670
 962068
 962323
 962332
 962354
 962453
 962552
 962712
 962793
 962805
 963016
 963037
 963261
 963440
 963551
 963576
 963755
 963757
 963799
 963817
 964032
 964319
 964339
 964408
 964428
 964517
 964593
 964708
 964723
 964806
 964855
 964915
 965161
 965367
 965397
 965425
 965438
 965592
 965600
 965685
 965957
 966003
 966037
 966144
 966599
 966617
 966653
 966660
 966740
 967213
 967254
 967325
 967387
 967403
 967435
 967498
 967524
 967592
 967663
 967830
 968051
 968089
 968126
 968127
 968366
 968370
 968542
 968746
 968782
 968837
 969063
 969122
 969164
 969174
 969211
 969245
 969298
 969381
 969667
 969670
 969690
 969876
 969905
 969960
 970030
 970041
 970330
 970404
 970553
 970703
 971123
 971190
 971279
 971310
 971313
 971441
 971556
 971607
 971686
 971754
 971774
 971802
 971818
 971860
 971867
 972131
 972154
 972187
 972231
 972265
 972327
 972438
 972443
 972813
 972884
 972887
 972931
 972972
 973000
 973252
 973269
 973276
 973353
 973512
 973625
 973894
 974218
 974285
 974358
 974404
 974550
 974584
 974610
 974647
 974702
 974707
 974710
 974732
 974786
 974971
 974999
 975214
 975216
 975278
 975355
 975442
 975529
 975715
 975729
 975750
 975804
 976019
 976043
 976145
 976175
 976201
 976227
 976388
 976470
 976527
 976710
 976772
 976853
 976938
 976947
 977006
 977010
 977064
 977083
 977099
 977161
 977209
 977289
 977328
 977492
 977545
 977599
 977808
 977885
 977905
 977941
 977958
 977976
 978065
 978068
 978070
 978088
 978273
 978404
 978533
 978798
 978806
 979079
 979131
 979286
 979788
 979801
 979914
 979964
 979998
 980003
 980091
 980181
 980381
 980384
 980540
 980574
 980690
 980725
 980756
 980843
 980951
 980977
 980994
 981195
 981255
 981267
 981432
 981818
 981827
 981886
 982112
 982241
 982263
 982302
 982304
 982456
 982503
 982680
 982749
 982805
 982898
 982950
 982958
 983377
 983436
 983443
 983519
 983594
 983676
 983697
 983783
 983836
 983917
 984018
 984048
 984065
 984084
 984192
 984225
 984239
 984271
 984407
 984520
 984552
 984613
 984687
 984763
 984932
 985175
 985309
 985520
 985578
 985605
 985622
 985626
 985739
 985828
 985835
 985840
 985853
 986024
 986029
 986130
 986252
 986400
 986493
 986538
 986762
 986840
 986882
 986890
 987032
 987069
 987089
 987120
 987255
 987306
 987396
 987538
 987603
 987785
 987868
 987871
 987927
 988092
 988533
 988553
 988791
 988827
 989048
 989057
 989067
 989089
 989135
 989214
 989536
 989537
 989577
 989615
 989898
 989936
 990217
 990319
 990365
 990391
 990465
 990513
 990520
 990706
 990819
 990839
 990860
 990981
 990997
 991047
 991226
 991233
 991418
 991431
 991603
 991679
 991798
 991826
 991999
 992000
 992259
 992285
 992319
 992337
 992357
 992609
 992610
 992731
 992796
 992832
 992932
 993115
 993221
 993367
 993408
 993502
 993669
 993768
 993798
 993863
 993883
 994044
 994328
 994461
 994671
 994758
 994784
 994838
 994883
 995280
 995344
 995719
 995752
 995791
 996023
 996085
 996115
 996382
 996636
 996813
 996975
 997011
 997259
 997343
 997514
 997542
 997600
 997616
 997672
 997737
 997926
 998302
 998511
 998530
 998709
 998729
 998817
 998850
 998899
 999031
 999053
 999114
 999135
 999520
 999541
 999558
 999635
 999644
 999656
 999705
 999736
 999759
 999784
 