0
 350
 357
 530
 635
 728
 868
 993
 1050
 1122
 1201
 1316
 1325
 1413
 1434
 1492
 1522
 1645
 1881
 2105
 2163
 2372
 2398
 2471
 2499
 2506
 2558
 2607
 2649
 3126
 3193
 3307
 3323
 3588
 3660
 3768
 3845
 3881
 3980
 4013
 4065
 4146
 4344
 4524
 4552
 4565
 4567
 4587
 4625
 4632
 4810
 4829
 4949
 4954
 4987
 4994
 5020
 5040
 5064
 5355
 5510
 5540
 5656
 5791
 5815
 6018
 6168
 6178
 6237
 6261
 6326
 6332
 6539
 6631
 6676
 6728
 7021
 7100
 7676
 7793
 7835
 8136
 8331
 8413
 8520
 8805
 8937
 9126
 9206
 9304
 9501
 9503
 9712
 9763
 9838
 10059
 10104
 10265
 10310
 10334
 10384
 10398
 10660
 10690
 10754
 10807
 10822
 10982
 11045
 11145
 11362
 11426
 11530
 11573
 11629
 11739
 11842
 12119
 12154
 12393
 12832
 12833
 12881
 12973
 12987
 13010
 13016
 13040
 13213
 13344
 13476
 13481
 13699
 13848
 14017
 14069
 14239
 14498
 14841
 14891
 14899
 15006
 15026
 15077
 15385
 15390
 15590
 15663
 15728
 15768
 15824
 16034
 16043
 16101
 16159
 16166
 16204
 16216
 16275
 16487
 16497
 16528
 16603
 16626
 16627
 16628
 16666
 16721
 16797
 16837
 16848
 16929
 17010
 17071
 17628
 17691
 17811
 17914
 18021
 18069
 18077
 18103
 18181
 18218
 18264
 18336
 18340
 18380
 18439
 18471
 18619
 18659
 18736
 18748
 18801
 18867
 18928
 19098
 19402
 19446
 19454
 19496
 19529
 19563
 19607
 19647
 19707
 19743
 19793
 19835
 19844
 19995
 20030
 20036
 20044
 20222
 20226
 20256
 20408
 20444
 20550
 20574
 20602
 20744
 20780
 20860
 20915
 20949
 20973
 21080
 21174
 21456
 21481
 21584
 21610
 21739
 21745
 21790
 21811
 21855
 22271
 22274
 22296
 22415
 22421
 22503
 22585
 22649
 22828
 22829
 22913
 22919
 23265
 23290
 23357
 23380
 23397
 23435
 23601
 23773
 23866
 23894
 23904
 23947
 23988
 24174
 24408
 24461
 24626
 24695
 24733
 24758
 25131
 25238
 25456
 25530
 25607
 25766
 26032
 26236
 26357
 26483
 26531
 27104
 27149
 27350
 27456
 27576
 27608
 27657
 27718
 27742
 27963
 28082
 28090
 28113
 28121
 28314
 28430
 28471
 28507
 28592
 28659
 28661
 28935
 28939
 29145
 29338
 29445
 29701
 29746
 29794
 29920
 29952
 29995
 30125
 30714
 30769
 30953
 30954
 31059
 31100
 31137
 31276
 31294
 31520
 31573
 31589
 31864
 32009
 32046
 32056
 32089
 32175
 32179
 32356
 32378
 32494
 32504
 32513
 32616
 32630
 32632
 32653
 32681
 32756
 32870
 33016
 33112
 33223
 33297
 33331
 33454
 33488
 33491
 33607
 33613
 33642
 33665
 33676
 33680
 33693
 33855
 34156
 34268
 34329
 34343
 34524
 34613
 34617
 34740
 34910
 35019
 35149
 35323
 35369
 35392
 35437
 35634
 35635
 36036
 36041
 36062
 36072
 36323
 36333
 36396
 36480
 36573
 36634
 36697
 36743
 36837
 36863
 36875
 36889
 36904
 36968
 37049
 37082
 37183
 37370
 37422
 37471
 37595
 37613
 37635
 37804
 37907
 38167
 38250
 38442
 38478
 38585
 38656
 38657
 38709
 38759
 39048
 39162
 39193
 39222
 39236
 39352
 39405
 39414
 39460
 39542
 39552
 39689
 39993
 39999
 40003
 40118
 40186
 40250
 40262
 40317
 40595
 40610
 40656
 40935
 40936
 41070
 41083
 41127
 41271
 41521
 41807
 41848
 42152
 42279
 42467
 42890
 42987
 43134
 43217
 43331
 43418
 43615
 43680
 43720
 43853
 43862
 43918
 44048
 44143
 44235
 44326
 44424
 44539
 44558
 44562
 44665
 44984
 45046
 45128
 45174
 45356
 45424
 45531
 45610
 45631
 45659
 45745
 45846
 46002
 46070
 46184
 46294
 46370
 46403
 46558
 46587
 46717
 46746
 46761
 46769
 46827
 46962
 47008
 47026
 47058
 47144
 47301
 47333
 47395
 47564
 47647
 47739
 47835
 47863
 48239
 48418
 48458
 48466
 48472
 48473
 48584
 48774
 48795
 49079
 49460
 49481
 49500
 49580
 49771
 49944
 50074
 50113
 50209
 50388
 50420
 50460
 50478
 50684
 50811
 50847
 50862
 51007
 51009
 51222
 51289
 51291
 51361
 51435
 51625
 51630
 51687
 51768
 52087
 52341
 52376
 52631
 52799
 53044
 53081
 53367
 53374
 53413
 53464
 53698
 53719
 53784
 53819
 53969
 54283
 54355
 54409
 54531
 54556
 54743
 54748
 55006
 55067
 55073
 55076
 55255
 55415
 55526
 55560
 55730
 55785
 55915
 55947
 55982
 56060
 56091
 56142
 56173
 56423
 56669
 56787
 56845
 57056
 57157
 57177
 57321
 57363
 57608
 57613
 57664
 57679
 57829
 57830
 57841
 57851
 57874
 57900
 57977
 58025
 58275
 58289
 58416
 58577
 58640
 58669
 58711
 58867
 58904
 58916
 59325
 59338
 59511
 59530
 59571
 59713
 59751
 59770
 59803
 59839
 59877
 59896
 59942
 60030
 60034
 60055
 60240
 60291
 60304
 60357
 60802
 60991
 61058
 61090
 61224
 61283
 61339
 61448
 61462
 61740
 61760
 61841
 61942
 62040
 62095
 62375
 62675
 62734
 62814
 62919
 62949
 62957
 62971
 62982
 62992
 63029
 63112
 63145
 63159
 63217
 63228
 63294
 63305
 63379
 63427
 63516
 63550
 63602
 63623
 63648
 63649
 63821
 63885
 63978
 64020
 64052
 64098
 64491
 64493
 64519
 64622
 64727
 64834
 64872
 64926
 64995
 64996
 65083
 65193
 65271
 65390
 65561
 65589
 65706
 65723
 65934
 65996
 66075
 66088
 66153
 66268
 66298
 66365
 66590
 66776
 66817
 66890
 67202
 67222
 67251
 67308
 67383
 67439
 67524
 67576
 67601
 67689
 67787
 67823
 67906
 68151
 68189
 68265
 68270
 68316
 68522
 68568
 68583
 68692
 68814
 68817
 69111
 69230
 69262
 69306
 69414
 69423
 69700
 69706
 69740
 70094
 70169
 70175
 70360
 70574
 70660
 70680
 70707
 70733
 70836
 70894
 70911
 70962
 71007
 71200
 71428
 71471
 71497
 71655
 71713
 71823
 72047
 72056
 72234
 72250
 72358
 72411
 72506
 72587
 72632
 72733
 72823
 72902
 73015
 73145
 73431
 73446
 73488
 73517
 73692
 73830
 74012
 74074
 74146
 74189
 74513
 74626
 74655
 74666
 74707
 74718
 74879
 74891
 75136
 75159
 75346
 75395
 75673
 75684
 75688
 75910
 75963
 76001
 76016
 76164
 76226
 76480
 76569
 76780
 76916
 76989
 77337
 77399
 77479
 77501
 77594
 77673
 77695
 77836
 77906
 77937
 78001
 78081
 78108
 78238
 78274
 78441
 78471
 78552
 78635
 78647
 78660
 78875
 78981
 79031
 79153
 79410
 79425
 79702
 79777
 79898
 80234
 80336
 80520
 80537
 80677
 80736
 80753
 80809
 80921
 80937
 80968
 80970
 81069
 81112
 81193
 81326
 81333
 81592
 81821
 81824
 81873
 81902
 81958
 81986
 82009
 82257
 82306
 82442
 82521
 82568
 82787
 82796
 82852
 82859
 83037
 83208
 83388
 83395
 83537
 83573
 83576
 83579
 83709
 83949
 83990
 84256
 84296
 84551
 84760
 84768
 84815
 84900
 84921
 84985
 85133
 85218
 85247
 85581
 85596
 85764
 85778
 85972
 86014
 86179
 86202
 86231
 86240
 86344
 86868
 86922
 87150
 87180
 87249
 87317
 87339
 87363
 87371
 87376
 87444
 87518
 87596
 87625
 87649
 87664
 87669
 87700
 87719
 87752
 87811
 87842
 87857
 87985
 88118
 88120
 88141
 88310
 88735
 88839
 88882
 89008
 89020
 89131
 89138
 89197
 89218
 89277
 89339
 89428
 89473
 89840
 89847
 89877
 90056
 90148
 90240
 90398
 90472
 90518
 90667
 90770
 90876
 90877
 90926
 90967
 91182
 91200
 91257
 91274
 91417
 91520
 91525
 91557
 91568
 91571
 91746
 91846
 91886
 91911
 91938
 91947
 91952
 91977
 91996
 92050
 92184
 92436
 92450
 92455
 92485
 92553
 92598
 92630
 92678
 92783
 92797
 92798
 92826
 92832
 93045
 93327
 93369
 93535
 93695
 93725
 93841
 93884
 93886
 93980
 94227
 94301
 94414
 94640
 94995
 95001
 95020
 95062
 95086
 95149
 95357
 95558
 95804
 95813
 95951
 96012
 96226
 96236
 96244
 96633
 96798
 96884
 96885
 96916
 96937
 97072
 97374
 97400
 97542
 97560
 97564
 97655
 97784
 97796
 97912
 98097
 98158
 98450
 98729
 98974
 99031
 99079
 99082
 99105
 99167
 99232
 99331
 99492
 99520
 99788
 99959
 100083
 100183
 100218
 100242
 100442
 100616
 100684
 100709
 100750
 100840
 101063
 101138
 101250
 101324
 101374
 101387
 101440
 101517
 101578
 101644
 101694
 101925
 101992
 102030
 102106
 102189
 102276
 102285
 102377
 102397
 102406
 102473
 102678
 102703
 102812
 102889
 102908
 103092
 103095
 103159
 103166
 103294
 103448
 103469
 103549
 103620
 103661
 103896
 103941
 103946
 103997
 104022
 104246
 104266
 104325
 104472
 104594
 104632
 104726
 104805
 104868
 104948
 104974
 105081
 105330
 105384
 105391
 105485
 105502
 105525
 105530
 105691
 105726
 106113
 106115
 106179
 106374
 106697
 106779
 106803
 107131
 107245
 107327
 107368
 107379
 107405
 107448
 107627
 107710
 107733
 107779
 107794
 107805
 107997
 108022
 108196
 108263
 108344
 108492
 108669
 108753
 108755
 108774
 108791
 108796
 108949
 109228
 109468
 109495
 109589
 109685
 109823
 109919
 110096
 110176
 110285
 110357
 110375
 110403
 110495
 110497
 110769
 110799
 110801
 110880
 111147
 111186
 111224
 111381
 111459
 111582
 111584
 111634
 111672
 111773
 111835
 111876
 111954
 111978
 112062
 112158
 112167
 112198
 112232
 112502
 112676
 112715
 112760
 112844
 112865
 112918
 113079
 113092
 113101
 113114
 113297
 113573
 113634
 113659
 113803
 113823
 113837
 114192
 114228
 114275
 114316
 114339
 114379
 114411
 114735
 114747
 114788
 114816
 115044
 115094
 115140
 115162
 115264
 115359
 115579
 115639
 115864
 115911
 116170
 116336
 116391
 116437
 116492
 116651
 116657
 116788
 116843
 117021
 117352
 117359
 117402
 117413
 117435
 117568
 117628
 117647
 117685
 117728
 117782
 117818
 118070
 118100
 118148
 118391
 118403
 118589
 118613
 118790
 118918
 118938
 118999
 119008
 119078
 119230
 119362
 119507
 119574
 119660
 119743
 119789
 119905
 119952
 119988
 120082
 120207
 120217
 120415
 120502
 120600
 120692
 121067
 121104
 121170
 121362
 121368
 121387
 121436
 121567
 121628
 121662
 121681
 121684
 121783
 121905
 121947
 122011
 122095
 122137
 122180
 122202
 122378
 122456
 122470
 122679
 122762
 122766
 122837
 122944
 123012
 123062
 123147
 123232
 123247
 123449
 123568
 123797
 123929
 123949
 123993
 124027
 124156
 124164
 124210
 124356
 124388
 124468
 124580
 124650
 124659
 124708
 125000
 125031
 125039
 125134
 125163
 125171
 125313
 125350
 125468
 125675
 125704
 125708
 125714
 125772
 125782
 125980
 125995
 126175
 126227
 126280
 126292
 126350
 126385
 126429
 126827
 127169
 127253
 127258
 127272
 127375
 127436
 127615
 127709
 127745
 127785
 127936
 128021
 128033
 128046
 128271
 128389
 128493
 128686
 128938
 128946
 129181
 129287
 129313
 129353
 129382
 129388
 129411
 129436
 129588
 129707
 129713
 129867
 129883
 129904
 129919
 130040
 130049
 130194
 130315
 130415
 130544
 130684
 130699
 130725
 131176
 131195
 131364
 131440
 131521
 131682
 131736
 131768
 131969
 132014
 132075
 132195
 132205
 132384
 132531
 132897
 133048
 133064
 133119
 133356
 133403
 133491
 133763
 133810
 133813
 133950
 133982
 133996
 134185
 134391
 134599
 134602
 134758
 134814
 135021
 135061
 135069
 135070
 135081
 135112
 135299
 135414
 135450
 135631
 135734
 135816
 135931
 135935
 136014
 136156
 136301
 136330
 136337
 136543
 136687
 136697
 136711
 136733
 136778
 136901
 136973
 137066
 137235
 137313
 137555
 137598
 137641
 137651
 137770
 137810
 137814
 137850
 137910
 137986
 137992
 138041
 138106
 138390
 138449
 138482
 138513
 138571
 138579
 138630
 138646
 138728
 138804
 138868
 138920
 139020
 139105
 139507
 139523
 139854
 139866
 139905
 139917
 139941
 140234
 140251
 140730
 140878
 141479
 141612
 141639
 141702
 141762
 141795
 141807
 141947
 142127
 142167
 142343
 142366
 142432
 142462
 142790
 142857
 143277
 143349
 143524
 143857
 143887
 144025
 144168
 144387
 144398
 144411
 144808
 144897
 144902
 144977
 145118
 145150
 145207
 145225
 145446
 145545
 145616
 145748
 145775
 145896
 145899
 145907
 145938
 146107
 146121
 146432
 146452
 146454
 146593
 146624
 146655
 146730
 146851
 147047
 147102
 147201
 147324
 147404
 147515
 147781
 147899
 147962
 148000
 148099
 148110
 148257
 148336
 148446
 148514
 148555
 148557
 148645
 148649
 148735
 148743
 148961
 149135
 149515
 149664
 149992
 150213
 150333
 150362
 150426
 150532
 150579
 150615
 150684
 150764
 150772
 150953
 150978
 151014
 151023
 151276
 151555
 151619
 151621
 151748
 151782
 151836
 151847
 152090
 152143
 152250
 152406
 152667
 152690
 152737
 152783
 152845
 153316
 153351
 153363
 153401
 153415
 153662
 153741
 153771
 153909
 153973
 154076
 154090
 154282
 154346
 154349
 154361
 154468
 154474
 154513
 154761
 154862
 154928
 154994
 155041
 155145
 155151
 155230
 155309
 155375
 155389
 155570
 155662
 155903
 156154
 156193
 156300
 156391
 156556
 156595
 156639
 156709
 156799
 156862
 156995
 157081
 157178
 157223
 157260
 157275
 157378
 157493
 157520
 157605
 157628
 157635
 157757
 157803
 158307
 159010
 159055
 159078
 159289
 159438
 159530
 159590
 159829
 160009
 160125
 160717
 160804
 160841
 160869
 160948
 161124
 161354
 161616
 161626
 161782
 161921
 162044
 162046
 162094
 162149
 162187
 162264
 162544
 162555
 162613
 162738
 162790
 162876
 163130
 163145
 163182
 163372
 163373
 163378
 163555
 163695
 163740
 163748
 163782
 163783
 163924
 164162
 164237
 164250
 164323
 164333
 164387
 164407
 164464
 164482
 164801
 164876
 164941
 165075
 165146
 165260
 165266
 165422
 165494
 165739
 165780
 166057
 166109
 166125
 166158
 166239
 166241
 166299
 166442
 166548
 166800
 166951
 167070
 167203
 167366
 167411
 167436
 167485
 167531
 167559
 167886
 167921
 168092
 168239
 168297
 168387
 168581
 168714
 168783
 168920
 169154
 169259
 169314
 169366
 169443
 169491
 169537
 169552
 169572
 169654
 169687
 169700
 169916
 170043
 170278
 170285
 170418
 170506
 170530
 170542
 170710
 170854
 170867
 170894
 171052
 171216
 171329
 171395
 171499
 171699
 171717
 171749
 171869
 171963
 171974
 172067
 172325
 172503
 172586
 172743
 173047
 173182
 173209
 173258
 173263
 173333
 173424
 173450
 173658
 173677
 173686
 173872
 173876
 173913
 174229
 174403
 174464
 174549
 174579
 174728
 175312
 175409
 175511
 175578
 175843
 175895
 176388
 176450
 176626
 176681
 176814
 176891
 177073
 177090
 177311
 177461
 177529
 177597
 177673
 177805
 177909
 177912
 178050
 178181
 178553
 178703
 178734
 178781
 179141
 179261
 179289
 179346
 179440
 179700
 179852
 179878
 179934
 179946
 180038
 180157
 180275
 180347
 180536
 180562
 180565
 180700
 180722
 180725
 180802
 180811
 180885
 180887
 181001
 181221
 181462
 181485
 182296
 182458
 182604
 182654
 182675
 182722
 182754
 182774
 182823
 182925
 182957
 183056
 183303
 183378
 183483
 183519
 183619
 183724
 183844
 183948
 184012
 184052
 184188
 184265
 184300
 184339
 184412
 184466
 184669
 184738
 185110
 185122
 185179
 185266
 185390
 185558
 185603
 185657
 185673
 185703
 186288
 186391
 186516
 186610
 186738
 186803
 186846
 186953
 187005
 187067
 187099
 187100
 187182
 187184
 187199
 187298
 187430
 187514
 187549
 187577
 187648
 187663
 187739
 187786
 187861
 188079
 188096
 188408
 188418
 188440
 188459
 188515
 188596
 188680
 188757
 189002
 189044
 189511
 189588
 189865
 189925
 189972
 190234
 190301
 190364
 190382
 190401
 190867
 190883
 190916
 190982
 191013
 191164
 191471
 191544
 191559
 191571
 191595
 191652
 191703
 191780
 191979
 192095
 192197
 192343
 192355
 192604
 192666
 192671
 192719
 192862
 193218
 193455
 193545
 193643
 193657
 193684
 193820
 194016
 194246
 194342
 194614
 194622
 194642
 194741
 194934
 194983
 195061
 195219
 195601
 195707
 195934
 196040
 196130
 196190
 196296
 196361
 196480
 196647
 196721
 197313
 197319
 197358
 197470
 197481
 197601
 197623
 197732
 197773
 197778
 197815
 198152
 198214
 198390
 198430
 198494
 198534
 198560
 198566
 198641
 198643
 198735
 199214
 199404
 199448
 199532
 199650
 199796
 200000
 200222
 200399
 200547
 200658
 200694
 200745
 200752
 200853
 200884
 200993
 201024
 201126
 201275
 201280
 201393
 201457
 201543
 201550
 201581
 201627
 201638
 201692
 201817
 201834
 201844
 201882
 202531
 202600
 202603
 202660
 202846
 202859
 203051
 203172
 203304
 203530
 203605
 203791
 204105
 204135
 204169
 204231
 204558
 204687
 204772
 204814
 204830
 204864
 205190
 205208
 205269
 205273
 205417
 205586
 205779
 205888
 206095
 206203
 206248
 206388
 206781
 206839
 206861
 206880
 206896
 207017
 207043
 207236
 207502
 207523
 207573
 207655
 207759
 207838
 208095
 208097
 208216
 208247
 208253
 208266
 208597
 208798
 208986
 209119
 209237
 209254
 209304
 209705
 209712
 209850
 209879
 209994
 210174
 210330
 210341
 210400
 210401
 210526
 210609
 210637
 210658
 210796
 210852
 210871
 211000
 211102
 211147
 211160
 211199
 211282
 211350
 211361
 211445
 211562
 211754
 212020
 212095
 212144
 212286
 212376
 212411
 212539
 212583
 212676
 213047
 213226
 213610
 213627
 213904
 213941
 214154
 214294
 214365
 214716
 214765
 214860
 214982
 215109
 215230
 215326
 215503
 215533
 215632
 215656
 215662
 215686
 215848
 216181
 216335
 216425
 216932
 217018
 217021
 217095
 217107
 217137
 217362
 217365
 217371
 217413
 217506
 217550
 217576
 217616
 217706
 217879
 217902
 218123
 218201
 218370
 218389
 218476
 218592
 218831
 218843
 218905
 218934
 219003
 219167
 219182
 219203
 219257
 219385
 219435
 219528
 219566
 219574
 219851
 219910
 220025
 220051
 220105
 220266
 220386
 220883
 220895
 220982
 220989
 221034
 221045
 221125
 221137
 221138
 221242
 221337
 221419
 221557
 221706
 221732
 221736
 221803
 221961
 222501
 222840
 222852
 222960
 223043
 223238
 223290
 223354
 223411
 223486
 223624
 223756
 223835
 223845
 223923
 223961
 224111
 224142
 224254
 224280
 224355
 224400
 224422
 224452
 224610
 224749
 224752
 224760
 224771
 224779
 224803
 225076
 225305
 225448
 225495
 225557
 225613
 225617
 225649
 225682
 225778
 225992
 226053
 226100
 226115
 226163
 226206
 226262
 226263
 226273
 226546
 226654
 226693
 226765
 226912
 226932
 226945
 227027
 227154
 227408
 227482
 227621
 227640
 227759
 227962
 228099
 228109
 228308
 228323
 228579
 228675
 228779
 229110
 229112
 229322
 229481
 229668
 229772
 229982
 230008
 230082
 230315
 230319
 230433
 230542
 230581
 230706
 231100
 231185
 231429
 231448
 231518
 231719
 231887
 231967
 232088
 232191
 232274
 232287
 232306
 232472
 232583
 232687
 232729
 232766
 232953
 233009
 233072
 233160
 233230
 233232
 233268
 233397
 233655
 233716
 233750
 233797
 233875
 233971
 234249
 234317
 234447
 234781
 235020
 235050
 235117
 235211
 235273
 235294
 235371
 235418
 235567
 235621
 235669
 235873
 236077
 236144
 236380
 236403
 236449
 236455
 236553
 236616
 236778
 236858
 237168
 237185
 237272
 237394
 237456
 237489
 237697
 237882
 238111
 238235
 238399
 238483
 238538
 238663
 238708
 238909
 239266
 239278
 239327
 239418
 239436
 239577
 239959
 239979
 239999
 240322
 240378
 240397
 240411
 240493
 240566
 240672
 240776
 240963
 240988
 241084
 241114
 241134
 241355
 241379
 241415
 241590
 241717
 241909
 241969
 242225
 242230
 242537
 242752
 243253
 243369
 243428
 243488
 243518
 243714
 243781
 243792
 244042
 244263
 244320
 244405
 244492
 244505
 244511
 244541
 244604
 244746
 245314
 245333
 245396
 245537
 245765
 246123
 246170
 246182
 246183
 246207
 246678
 246768
 247121
 247154
 247164
 247197
 247440
 247496
 247559
 247571
 247588
 247779
 248062
 248105
 248237
 248330
 248457
 248484
 248486
 248561
 248646
 248736
 248776
 248838
 248842
 248982
 249068
 249161
 249366
 249590
 249717
 249814
 249825
 249859
 249872
 249967
 250000
 250338
 250345
 250384
 250467
 250536
 250761
 250772
 250873
 251112
 251241
 251242
 251264
 251271
 251359
 251413
 251655
 251658
 251766
 251789
 251841
 251942
 252097
 252170
 252507
 252675
 252703
 252758
 252794
 253181
 253401
 253550
 253804
 253939
 254037
 254209
 254376
 254387
 254409
 254414
 254421
 254456
 254485
 254693
 254710
 254711
 254882
 254950
 255028
 255051
 255101
 255168
 255250
 255283
 255439
 255485
 255506
 255516
 255577
 255652
 255813
 255879
 256198
 256242
 256302
 256410
 256495
 256499
 256721
 256767
 256842
 256951
 256960
 256994
 257178
 257345
 257421
 257442
 257514
 257541
 257875
 257886
 258171
 258240
 258259
 258295
 258377
 258486
 258546
 258663
 258928
 259122
 259133
 259259
 259315
 259457
 259658
 259754
 259837
 259852
 260105
 260171
 260180
 260290
 260347
 260370
 260422
 260798
 261035
 261109
 261303
 261486
 261537
 261603
 261640
 261699
 262050
 262169
 262413
 262561
 262572
 262753
 262771
 262812
 262935
 262948
 263173
 263356
 263488
 263650
 263678
 263699
 263720
 263793
 263840
 263874
 263928
 264026
 264039
 264045
 264151
 264220
 264411
 264449
 264467
 264486
 264487
 264549
 264591
 264664
 264666
 264781
 265033
 265127
 265154
 265161
 265165
 265198
 265223
 265345
 265387
 265509
 265516
 265530
 265541
 265681
 265874
 265912
 266041
 266171
 266180
 266251
 266431
 266477
 266489
 266637
 266712
 266723
 266782
 266903
 267060
 267062
 267087
 267312
 267676
 267798
 268173
 268182
 268447
 268535
 268600
 268801
 268884
 269377
 269491
 269688
 269701
 269781
 269948
 269976
 270062
 270101
 270311
 270349
 270551
 270671
 271189
 271209
 271214
 271317
 271403
 271555
 271557
 271560
 271746
 271899
 272003
 272027
 272078
 272194
 272271
 272275
 272291
 272727
 272759
 272826
 272851
 272918
 272997
 273078
 273329
 273374
 273440
 273471
 273852
 273908
 273936
 274015
 274088
 274145
 274287
 274338
 274509
 274591
 274605
 274666
 274683
 274795
 274887
 275157
 275178
 275290
 275294
 275562
 275592
 275628
 275957
 276082
 276147
 276198
 276243
 276474
 276482
 276488
 276516
 276776
 276821
 276829
 277031
 277110
 277179
 277192
 277334
 277533
 277554
 277688
 277697
 277843
 277918
 277927
 278134
 278383
 278489
 278643
 278712
 278719
 278727
 278760
 278911
 279013
 279069
 279155
 279380
 279423
 279474
 279640
 279683
 279688
 279797
 279825
 280107
 280326
 280338
 280525
 280739
 280819
 280836
 280839
 280844
 280931
 280989
 281505
 281595
 281857
 281993
 282023
 282057
 282084
 282266
 282315
 282331
 282452
 282525
 282567
 282678
 282697
 282876
 283020
 283152
 283185
 283339
 283417
 283569
 283579
 283922
 284048
 284119
 284196
 284262
 284629
 284709
 284829
 284865
 285069
 285078
 285213
 285220
 285241
 285443
 285465
 285539
 285664
 285714
 285796
 285889
 286031
 286075
 286119
 286204
 286225
 286298
 286396
 286429
 286474
 286616
 286685
 286728
 286821
 287166
 287583
 287695
 287855
 287859
 287893
 287899
 288019
 288050
 288057
 288151
 288965
 289045
 289156
 289289
 289297
 289448
 289622
 289628
 289966
 289975
 289981
 290045
 290076
 290093
 290172
 290181
 290646
 290647
 290706
 290721
 290732
 290881
 291072
 291083
 291097
 291424
 291491
 291522
 291638
 291744
 291952
 292173
 292261
 292310
 292464
 292511
 292577
 292632
 292955
 293020
 293165
 293286
 293400
 293569
 293580
 293627
 293631
 293734
 293745
 293771
 293888
 294036
 294087
 294091
 294238
 294308
 294395
 294435
 294699
 295235
 295257
 295362
 295559
 295650
 295762
 295771
 295906
 296035
 296126
 296152
 296193
 296208
 296386
 296761
 296797
 296819
 296831
 296841
 296879
 296934
 296960
 297090
 297123
 297134
 297356
 297710
 297996
 298008
 298035
 298148
 298300
 298456
 298885
 298932
 299179
 299193
 299196
 299321
 299373
 299385
 299708
 299716
 299934
 300000
 300082
 300265
 300291
 300416
 300770
 301020
 301112
 301211
 301304
 301603
 301620
 301635
 301665
 301706
 302167
 302221
 302374
 302465
 302500
 302641
 302681
 303023
 303030
 303036
 303078
 303312
 303380
 303452
 303516
 303852
 303872
 303885
 304194
 304212
 304256
 304280
 304498
 304499
 304580
 304687
 304710
 304865
 304871
 304918
 305009
 305260
 305335
 305462
 305476
 305640
 305691
 305843
 305919
 306092
 306129
 306227
 306230
 306286
 306428
 306491
 306657
 306678
 306743
 306882
 307083
 307163
 307185
 307485
 307499
 307567
 307574
 307593
 307791
 307810
 307871
 308037
 308296
 308501
 308580
 308585
 308692
 308857
 309225
 309226
 309363
 309555
 309677
 309905
 310028
 310112
 310181
 310344
 310357
 310529
 310695
 310721
 310724
 310795
 310909
 311092
 311143
 311289
 311404
 311475
 311481
 311486
 311510
 311562
 311593
 311606
 311736
 311922
 312079
 312171
 312273
 312342
 312384
 312400
 312649
 312651
 312662
 312736
 312943
 313001
 313080
 313122
 313212
 313261
 313361
 313405
 313572
 313738
 313758
 314017
 314119
 314204
 314380
 314462
 314724
 314750
 314776
 315249
 315281
 315435
 315455
 315480
 315692
 315738
 315868
 315912
 315998
 316021
 316025
 316104
 316238
 316293
 316366
 316427
 316435
 316590
 316719
 316775
 316782
 317145
 317376
 317533
 317568
 317576
 317635
 317647
 317715
 317739
 317875
 317926
 318036
 318248
 318417
 318432
 318541
 318569
 318595
 318655
 318719
 318749
 318945
 319116
 319137
 319148
 319307
 319342
 319365
 319375
 319446
 319478
 319514
 319525
 319557
 319587
 319626
 319676
 319745
 319895
 320311
 320418
 320500
 320612
 320835
 321335
 321385
 321389
 321468
 321487
 321584
 321589
 321613
 321657
 321728
 321918
 322089
 322267
 322295
 322334
 322392
 322483
 322582
 322730
 322744
 322836
 323138
 323198
 323223
 323366
 323780
 324130
 324151
 324232
 324238
 324313
 324336
 324356
 324368
 324393
 324546
 324569
 324757
 324775
 324795
 324902
 325246
 325362
 325454
 325714
 325799
 325872
 325986
 326125
 326146
 326183
 326260
 326264
 326431
 326617
 326686
 326861
 326905
 327210
 327297
 327377
 327381
 327386
 327390
 327454
 327509
 327656
 327784
 327785
 327984
 328329
 328481
 328703
 328767
 329268
 329293
 329337
 329423
 329465
 329575
 329593
 329651
 329729
 329926
 329963
 329985
 330369
 330645
 330728
 330759
 330782
 330793
 330868
 331005
 331016
 331058
 331092
 331103
 331478
 331530
 331534
 331643
 331687
 331854
 331887
 332014
 332044
 332077
 332083
 332104
 332365
 332559
 332582
 332609
 332620
 332650
 332926
 333018
 333333
 333354
 333368
 333447
 333545
 333552
 333599
 333651
 333959
 334039
 334201
 334220
 334223
 334305
 334419
 334552
 334568
 334922
 335115
 335293
 335413
 335428
 335483
 335542
 335644
 335719
 335738
 335740
 335744
 335769
 335812
 336034
 336102
 336167
 336200
 336555
 336697
 336909
 336994
 337006
 337049
 337066
 337130
 337163
 337336
 337475
 337492
 337530
 337712
 337719
 337791
 337904
 337959
 337989
 338039
 338064
 338082
 338083
 338139
 338155
 338212
 338242
 338321
 338477
 338508
 338579
 338654
 338936
 338963
 339130
 339233
 339292
 339420
 339554
 339608
 339732
 339770
 339811
 339888
 339892
 340063
 340206
 340243
 340269
 340340
 340353
 340660
 340768
 340948
 340981
 341007
 341073
 341104
 341214
 341269
 341312
 341313
 341436
 341437
 341541
 341627
 341629
 342009
 342023
 342073
 342106
 342160
 342205
 342458
 342487
 342605
 342618
 342670
 342827
 342851
 342908
 342945
 342976
 343009
 343023
 343043
 343175
 343208
 343322
 343370
 343371
 343491
 343664
 343845
 343915
 344059
 344418
 344588
 344590
 344682
 344686
 344733
 344831
 344869
 344948
 345099
 345222
 345464
 345580
 345705
 345776
 345811
 346059
 346153
 346163
 346309
 346715
 347077
 347107
 347178
 347222
 347266
 347288
 347315
 347384
 347390
 347419
 347423
 347622
 347742
 347816
 348033
 348035
 348092
 348125
 348276
 348316
 348379
 348451
 348684
 348738
 348812
 348928
 349052
 349390
 349498
 349730
 349914
 349957
 349986
 350051
 350084
 350154
 350463
 350499
 350582
 350804
 350880
 350958
 350989
 351109
 351405
 351528
 351541
 352006
 352159
 352183
 352503
 352628
 352769
 352810
 352895
 352941
 353128
 353188
 353251
 353309
 353356
 353387
 353634
 353672
 354164
 354304
 354442
 354564
 354744
 354748
 354770
 354916
 354949
 355158
 355159
 355231
 355252
 355258
 355272
 355376
 355582
 355592
 355693
 355821
 355985
 356005
 356011
 356035
 356234
 356333
 356473
 356632
 356671
 356738
 356839
 356884
 356915
 356996
 357074
 357142
 357470
 357509
 357635
 357677
 357874
 357929
 357936
 357953
 358040
 358121
 358234
 358412
 358534
 358559
 358565
 358602
 358780
 358933
 359004
 359028
 359080
 359206
 359301
 359605
 359656
 359676
 359717
 359775
 359796
 359834
 359852
 359866
 359873
 359996
 360064
 360072
 360090
 360094
 360096
 360287
 360298
 360351
 360377
 360411
 360529
 360556
 360621
 360717
 360912
 360984
 361300
 361639
 361668
 361924
 362038
 362116
 362356
 362376
 362463
 362507
 362518
 362580
 362599
 362858
 363152
 363272
 363452
 363472
 363534
 363544
 363571
 363636
 363772
 363964
 364084
 364220
 364426
 364683
 364814
 365064
 365077
 365269
 365469
 365482
 365717
 365719
 365870
 365913
 366135
 366190
 366250
 366466
 366480
 366528
 366607
 366713
 366865
 366982
 367081
 367184
 367221
 367260
 367542
 367615
 367620
 367748
 367833
 367875
 367991
 368322
 368385
 368421
 368513
 368550
 368691
 368696
 368839
 369068
 369202
 369208
 369320
 369482
 369488
 369631
 369653
 369727
 369928
 370230
 370237
 370287
 370869
 370885
 370933
 371055
 371064
 371069
 371148
 371254
 371382
 371428
 371484
 371510
 371553
 371716
 371883
 372034
 372093
 372398
 372549
 372604
 372830
 372933
 372997
 373165
 373322
 373333
 373493
 373576
 373583
 373681
 373850
 373897
 373909
 373913
 373923
 373939
 374030
 374150
 374288
 374334
 374469
 374496
 374561
 374680
 374925
 374982
 375233
 375312
 375396
 375494
 375686
 375714
 375867
 375933
 376003
 376124
 376272
 376293
 376294
 376722
 377049
 377184
 377236
 377294
 377446
 377521
 377707
 377728
 377909
 378000
 378006
 378048
 378056
 378083
 378140
 378335
 378353
 378390
 378442
 378498
 378600
 378629
 378716
 379001
 379330
 379371
 379502
 379513
 379626
 379637
 379645
 379778
 379813
 380029
 380060
 380090
 380145
 380182
 380201
 380231
 380235
 380245
 380358
 380368
 380601
 380659
 380668
 380789
 380790
 380866
 380952
 381207
 381210
 381294
 381436
 381444
 381616
 381637
 381658
 381746
 382123
 382210
 382238
 382497
 382590
 382663
 382704
 382768
 382775
 383366
 383367
 383396
 383449
 383450
 383480
 383505
 383676
 383713
 383779
 383780
 383967
 383994
 384062
 384227
 384287
 384384
 384476
 384615
 384694
 384792
 384961
 384987
 385128
 385235
 385366
 385464
 385552
 385611
 385766
 386284
 386289
 386550
 386681
 386708
 386762
 386764
 386803
 386853
 386874
 386936
 386945
 386962
 387165
 387188
 387348
 387437
 387453
 387511
 387537
 387568
 387592
 387730
 387955
 388014
 388019
 388095
 388190
 388387
 388457
 388728
 388844
 388901
 388994
 389098
 389112
 389177
 389183
 389326
 389345
 389413
 389453
 389558
 389575
 389583
 389638
 389670
 389738
 389957
 390003
 390113
 390180
 390234
 390353
 390432
 390465
 390730
 390743
 390966
 391048
 391123
 391158
 391250
 391254
 391279
 391304
 391530
 391536
 391787
 391925
 391980
 391999
 392004
 392053
 392152
 392189
 392296
 392324
 392371
 392478
 392528
 392607
 392694
 392725
 392811
 393042
 393194
 393272
 393434
 393546
 393687
 393852
 393987
 394148
 394192
 394354
 394476
 394587
 394604
 394632
 394736
 394756
 394845
 394885
 395061
 395500
 395627
 395786
 395821
 395891
 396070
 396111
 396150
 396321
 396326
 396515
 396767
 396932
 397003
 397236
 397370
 397449
 397494
 397562
 397574
 397730
 398030
 398095
 398151
 398226
 398374
 398484
 398510
 398516
 398542
 398688
 398751
 398769
 398798
 398860
 398937
 399026
 399075
 399078
 399109
 399232
 399306
 399409
 399641
 399653
 399678
 399737
 399739
 399804
 399942
 399947
 400000
 400111
 400130
 400136
 400250
 400307
 400332
 400349
 400543
 400553
 400591
 400745
 400855
 400953
 401336
 401380
 401508
 401574
 401743
 401842
 402170
 402209
 402409
 402444
 402457
 402617
 402621
 402668
 402758
 402826
 402894
 402915
 402927
 402959
 403014
 403191
 403222
 403227
 403310
 403690
 403708
 404302
 404486
 404580
 404624
 404665
 404758
 404930
 405023
 405033
 405613
 405687
 405846
 405917
 406417
 406485
 406675
 406774
 406929
 407184
 407230
 407275
 407538
 407794
 407885
 407894
 407957
 407999
 408048
 408051
 408160
 408163
 408177
 408190
 408327
 408383
 408575
 408729
 408739
 408850
 408890
 408930
 409037
 409071
 409193
 409237
 409286
 409372
 409402
 409487
 409552
 409613
 409709
 409733
 409746
 409841
 409844
 409889
 410056
 410177
 410220
 410222
 410268
 410299
 410309
 410545
 410596
 410638
 410664
 410683
 410758
 410835
 410842
 410926
 411194
 411261
 411351
 411388
 411515
 411593
 411831
 411939
 412420
 412743
 412757
 412796
 412869
 412923
 413152
 413205
 413217
 413317
 413322
 413461
 413483
 413940
 414294
 414467
 414754
 414814
 414819
 414918
 414924
 415000
 415089
 415146
 415192
 415359
 415402
 415487
 415513
 415578
 415758
 415857
 415885
 416035
 416327
 416362
 416397
 416498
 416499
 416579
 416643
 416730
 416760
 417276
 417322
 417472
 417479
 417675
 417816
 417825
 417846
 417910
 417995
 418037
 418066
 418075
 418117
 418366
 418372
 418629
 418680
 418834
 418953
 419045
 419080
 419173
 419203
 419314
 419503
 419638
 419795
 420044
 420086
 420100
 420121
 420165
 420283
 420292
 420324
 420327
 420356
 420684
 420706
 420792
 420845
 420858
 420892
 420988
 420989
 421203
 421261
 421467
 421487
 421501
 421511
 421817
 421986
 422060
 422208
 422479
 422536
 422540
 422586
 422661
 422729
 422878
 422996
 423040
 423184
 423270
 423275
 423411
 423480
 423499
 423786
 423864
 424013
 424130
 424178
 424249
 424317
 424437
 424444
 424457
 424696
 424741
 424791
 424999
 425027
 425086
 425250
 425479
 425519
 425549
 425683
 425757
 425959
 426172
 426330
 426346
 426352
 426438
 426474
 426508
 426523
 426635
 426636
 426685
 426840
 427001
 427006
 427055
 427164
 427169
 427305
 427444
 427535
 427612
 427616
 427959
 427966
 428087
 428096
 428162
 428289
 428290
 428408
 428445
 428499
 428571
 428641
 428680
 428819
 428940
 429081
 429098
 429338
 429561
 429569
 430036
 430060
 430337
 430372
 430379
 430550
 430564
 430571
 430656
 430671
 430851
 430959
 430964
 431076
 431197
 431208
 431226
 431230
 431326
 431438
 431578
 431864
 431881
 431930
 432017
 432054
 432200
 432321
 432353
 432592
 432673
 432682
 432793
 432843
 432902
 432976
 433122
 433208
 433347
 433392
 433458
 433476
 433534
 433541
 433548
 433709
 433734
 433752
 433988
 434316
 434330
 434415
 434461
 434634
 434642
 434816
 434876
 435132
 435272
 435317
 435348
 435420
 435424
 435516
 435594
 435768
 435914
 435936
 435996
 436120
 436358
 436419
 436555
 436619
 436651
 436681
 436823
 437008
 437052
 437232
 437514
 437681
 437710
 437744
 437797
 437860
 437881
 437903
 437911
 438037
 438042
 438076
 438132
 438175
 438276
 438356
 438525
 438729
 438763
 438789
 438803
 438824
 438961
 438968
 439074
 439109
 439182
 439422
 439528
 439570
 439614
 439863
 439924
 439996
 440409
 440437
 440499
 440516
 440666
 440725
 440946
 440985
 440988
 441124
 441172
 441196
 441206
 441247
 441276
 441303
 441306
 441557
 441631
 441775
 441898
 441937
 441984
 442067
 442079
 442119
 442155
 442215
 442455
 442836
 442859
 442945
 443146
 443222
 443251
 443295
 443432
 443458
 443480
 443531
 443605
 443617
 443692
 443709
 443841
 444063
 444077
 444126
 444224
 444295
 444316
 444424
 444444
 444459
 444477
 444578
 444777
 444834
 444855
 444956
 445057
 445132
 445138
 445149
 445411
 445634
 445642
 445663
 445679
 445799
 445977
 446013
 446069
 446344
 446712
 446813
 446875
 447058
 447160
 447288
 447422
 447592
 447636
 447691
 447714
 447887
 448039
 448087
 448251
 448266
 448366
 448368
 448415
 448417
 448425
 448438
 448569
 448793
 449110
 449361
 449380
 449625
 449806
 449834
 449853
 449889
 449959
 450036
 450385
 450549
 450704
 450716
 450785
 450843
 450996
 451071
 451100
 451174
 451265
 451319
 451327
 451518
 451567
 451639
 451661
 451712
 451776
 451795
 451850
 451862
 451887
 451915
 452054
 452194
 452305
 452323
 452372
 452373
 452380
 452524
 452549
 452566
 452697
 452705
 452730
 452803
 452830
 453097
 453209
 453333
 453387
 453409
 453566
 453902
 453921
 453930
 454039
 454046
 454128
 454315
 454318
 454514
 454545
 454588
 454878
 455108
 455316
 455320
 455353
 455410
 455415
 455416
 455430
 455445
 455568
 455659
 455761
 455782
 455850
 455901
 456032
 456213
 456310
 456409
 456416
 456467
 456616
 456882
 457004
 457047
 457444
 457469
 457481
 457602
 457853
 457988
 458089
 458177
 458302
 458634
 458680
 458715
 458801
 458937
 458974
 458978
 459134
 459327
 459421
 459482
 459502
 459639
 459668
 459679
 459747
 460107
 460277
 460317
 460368
 460369
 460465
 460481
 460496
 460622
 460630
 460698
 460715
 460825
 460867
 460870
 460947
 461068
 461168
 461193
 461239
 461462
 461560
 461779
 461895
 461960
 462232
 462243
 462341
 462424
 462489
 462567
 462826
 462859
 462880
 462895
 462983
 463057
 463151
 463158
 463177
 463408
 463427
 463512
 463612
 463789
 464152
 464227
 464229
 464237
 464285
 464599
 464620
 464740
 464771
 464930
 464989
 465088
 465247
 465390
 465490
 465692
 465753
 465777
 465781
 466047
 466096
 466148
 466534
 466563
 466731
 466803
 467037
 467153
 467202
 467382
 467625
 467802
 467803
 468042
 468052
 468079
 468187
 468208
 468240
 468737
 468887
 468923
 468965
 469296
 469391
 469521
 469538
 469565
 469601
 469745
 469879
 470037
 470132
 470160
 470279
 470382
 470594
 470883
 471346
 471562
 471570
 471786
 471847
 472076
 472168
 472201
 472431
 472467
 472484
 472487
 472508
 472617
 472754
 472993
 473048
 473065
 473118
 473199
 473221
 473309
 473365
 473480
 473663
 473679
 473725
 473822
 473839
 473843
 473846
 474006
 474017
 474641
 474763
 475054
 475084
 475196
 475244
 475453
 475493
 475503
 475524
 475556
 475885
 476016
 476365
 476463
 476651
 476653
 476703
 476784
 476923
 476940
 476997
 477015
 477032
 477162
 477276
 477323
 477357
 477376
 477388
 477503
 477607
 477648
 477759
 477760
 477807
 478135
 478447
 478477
 478479
 478569
 478709
 478751
 478777
 478959
 479001
 479003
 479054
 479125
 479205
 479244
 479272
 479288
 479476
 479564
 479717
 479844
 479873
 480007
 480116
 480170
 480205
 480238
 480248
 480277
 480391
 480421
 480543
 480649
 480775
 480822
 480965
 481013
 481122
 481134
 481191
 481203
 481274
 481399
 481510
 481572
 481657
 481685
 481739
 482139
 482352
 482360
 482644
 482880
 482954
 483025
 483121
 483256
 483341
 483406
 483414
 483506
 483622
 483648
 483682
 483827
 483832
 483914
 483950
 484061
 484149
 484242
 484331
 484335
 484482
 484513
 484519
 484707
 484743
 484745
 484848
 484973
 485007
 485366
 485623
 485762
 485991
 486033
 486143
 486288
 486447
 486526
 486782
 486951
 486999
 487065
 487273
 487328
 487341
 487365
 487426
 487471
 487518
 487565
 487669
 487740
 487760
 487804
 487840
 487861
 487940
 488077
 488082
 488250
 488470
 488487
 488502
 488798
 489064
 489268
 489332
 489386
 489430
 489506
 489528
 489675
 489822
 489952
 490071
 490146
 490169
 490305
 490342
 490618
 490829
 490840
 490850
 490906
 491073
 491124
 491221
 491319
 491345
 491562
 491585
 491593
 491789
 491945
 492037
 492070
 492163
 492210
 492237
 492426
 492442
 492877
 492957
 492960
 492965
 492981
 492983
 492994
 493185
 493194
 493274
 493506
 493604
 493618
 493827
 493861
 493900
 494007
 494053
 494147
 494468
 494475
 494503
 494678
 495087
 495300
 495575
 495652
 495684
 495819
 495849
 496071
 496081
 496453
 496622
 496630
 496632
 496664
 496902
 497010
 497117
 497124
 497352
 497372
 497393
 497485
 497554
 497712
 498076
 498157
 498158
 498175
 498233
 498250
 498644
 498696
 499123
 499210
 499330
 499331
 499479
 499499
 499532
 499694
 499765
 499849
 499902
 499976
 500000
 500127
 500191
 500296
 500365
 500421
 500633
 500803
 500881
 501104
 501123
 501280
 501336
 501774
 501890
 502022
 502064
 502176
 502354
 502361
 502405
 502487
 502590
 502719
 502774
 503116
 503188
 503225
 503391
 503700
 503719
 503752
 504178
 504312
 504424
 504449
 504453
 504480
 504494
 504679
 504845
 504928
 505003
 505023
 505050
 505080
 505113
 505147
 505263
 505285
 505340
 505381
 505385
 505399
 505484
 505529
 505617
 505646
 505681
 505771
 505911
 505935
 506186
 506329
 506436
 506550
 506646
 506683
 506709
 506725
 506816
 506823
 507006
 507027
 507223
 507346
 507414
 507623
 507638
 507655
 507747
 507781
 507813
 507843
 507857
 507885
 507936
 508009
 508038
 508170
 508171
 508193
 508252
 508354
 508795
 508851
 508939
 508975
 509076
 509151
 509223
 509273
 509319
 509448
 509597
 509613
 509803
 509833
 510010
 510036
 510050
 510170
 510570
 510829
 510968
 510974
 511108
 511145
 511251
 511312
 511341
 511400
 511760
 511769
 512081
 512156
 512227
 512241
 512458
 512507
 512514
 512605
 512611
 512613
 512615
 512621
 512641
 512768
 512816
 512900
 512959
 513165
 513169
 513470
 513477
 513572
 513685
 513711
 513827
 513892
 513905
 513914
 513966
 514229
 514381
 514560
 514616
 514814
 514950
 515034
 515281
 515292
 515349
 515356
 515542
 515589
 515620
 515681
 515712
 516086
 516112
 516340
 516399
 516407
 516495
 516622
 516902
 516993
 517046
 517181
 517284
 517498
 517549
 517652
 517718
 517736
 518195
 518269
 518274
 518311
 518410
 518433
 518537
 518615
 518734
 518802
 518911
 518961
 519088
 519254
 519336
 519348
 519438
 519486
 519607
 519682
 519728
 519832
 519986
 520064
 520090
 520161
 520193
 520367
 520631
 520666
 520691
 520809
 520878
 521068
 521137
 521201
 521235
 521245
 521334
 521358
 521395
 521415
 521430
 521472
 521505
 521560
 521568
 521626
 521904
 521937
 521953
 522068
 522098
 522291
 522349
 522408
 522471
 522685
 522793
 523037
 523406
 523487
 523588
 523635
 523668
 523832
 523897
 523980
 524048
 524163
 524201
 524324
 524475
 524534
 524590
 524599
 524668
 524669
 524714
 524777
 524811
 524999
 525298
 525474
 525595
 525683
 525845
 525890
 525952
 526119
 526139
 526286
 526303
 526362
 526401
 526403
 526460
 526641
 526678
 526713
 526835
 526917
 527020
 527420
 527486
 527584
 527603
 527820
 527936
 528089
 528198
 528326
 528446
 528534
 528615
 528658
 528683
 528851
 528892
 529057
 529058
 529597
 529664
 529712
 529943
 530115
 530152
 530540
 530635
 530716
 530785
 531010
 531097
 531194
 531412
 531568
 531645
 531809
 531898
 531963
 531998
 532018
 532060
 532121
 532212
 532285
 532301
 532325
 532384
 532485
 532577
 532615
 532807
 532964
 533047
 533152
 533215
 533249
 533709
 533710
 533778
 533788
 533807
 533864
 533925
 534151
 534254
 534337
 534442
 534545
 534575
 534789
 534816
 534950
 534957
 535079
 535084
 535134
 535217
 535349
 535388
 535450
 535602
 535741
 535866
 535871
 535929
 536176
 536250
 536495
 536496
 536796
 536876
 537112
 537149
 537189
 537313
 537470
 537535
 537601
 537627
 537759
 537845
 537898
 538025
 538047
 538181
 538240
 538345
 538531
 538593
 538613
 538681
 538719
 538735
 538803
 538815
 538895
 538928
 539032
 539075
 539228
 539354
 539375
 539380
 539533
 539573
 539581
 539705
 539930
 540083
 540232
 540249
 540343
 540660
 540755
 540845
 540953
 541220
 541380
 541541
 541556
 541603
 541689
 541709
 541784
 541818
 541858
 541913
 542135
 542269
 542308
 542357
 542649
 542701
 542923
 542984
 542992
 543119
 543259
 543417
 543526
 543530
 543721
 543735
 543740
 543780
 543789
 543861
 543995
 544018
 544111
 544275
 544590
 544596
 544707
 544913
 544983
 545012
 545141
 545201
 545225
 545312
 545324
 545470
 545719
 545885
 545905
 546069
 546090
 546106
 546319
 546413
 546502
 546552
 546617
 546666
 546681
 546938
 547200
 547224
 547251
 547296
 547403
 547415
 547602
 547617
 547640
 547811
 548027
 548069
 548141
 548249
 548287
 548357
 548466
 548473
 548476
 548626
 548631
 548795
 548868
 548905
 548980
 549025
 549126
 549240
 549367
 549790
 549821
 549956
 549983
 550188
 550337
 550408
 550505
 550618
 550836
 551002
 551047
 551087
 551177
 551179
 551191
 551517
 551525
 551585
 551665
 551862
 552019
 552044
 552141
 552255
 552265
 552465
 552476
 552599
 552629
 552843
 552895
 552925
 553026
 553183
 553191
 553299
 553382
 553459
 553474
 553476
 553515
 553589
 553605
 553880
 553896
 553980
 554219
 554267
 554296
 554332
 554352
 554490
 554584
 554678
 554900
 554999
 555069
 555168
 555216
 555256
 555363
 555497
 555645
 555833
 555856
 555965
 555979
 556056
 556086
 556188
 556224
 556288
 556297
 556353
 556447
 556662
 556820
 556987
 557059
 557069
 557127
 557264
 557373
 557480
 557719
 557991
 558018
 558208
 558225
 558239
 558420
 558552
 558762
 558777
 558801
 558904
 559255
 559376
 559449
 559592
 559696
 559748
 559841
 560058
 560140
 560466
 560764
 560833
 560876
 561197
 561339
 561385
 561403
 561465
 561496
 561568
 561643
 561674
 561852
 561923
 561983
 562024
 562113
 562151
 562294
 562383
 562403
 562473
 562495
 562709
 562741
 562919
 563218
 563266
 563428
 563439
 563480
 563620
 563627
 563734
 563747
 563986
 564007
 564140
 564160
 564478
 564668
 564757
 564838
 564958
 565055
 565061
 565180
 565201
 565336
 565523
 565834
 565854
 565870
 565965
 566312
 566371
 566689
 566778
 566967
 566987
 567046
 567049
 567057
 567068
 567128
 567211
 567213
 567232
 567302
 567428
 567510
 567595
 567694
 567769
 567775
 567807
 567828
 567832
 567992
 567997
 568028
 568206
 568267
 568297
 568367
 568513
 568627
 568730
 568807
 568812
 568859
 569005
 569049
 569286
 569340
 569403
 569628
 569712
 569723
 569744
 570074
 570284
 570301
 570353
 570418
 570443
 570562
 570595
 570610
 570636
 570756
 570823
 570839
 571072
 571115
 571415
 571417
 571428
 571678
 571728
 571731
 571893
 571901
 571951
 572017
 572062
 572088
 572093
 572246
 572327
 572529
 572710
 572728
 572756
 572760
 572803
 572828
 572842
 572892
 572976
 573033
 573304
 573319
 573449
 573663
 573730
 573842
 573921
 573961
 574121
 574173
 574309
 574325
 574439
 574500
 574703
 574712
 574753
 574801
 574819
 574912
 575164
 575213
 575241
 575268
 575511
 575754
 575843
 575943
 576028
 576055
 576066
 576375
 576480
 576549
 576552
 576588
 576652
 576685
 576862
 576942
 577014
 577114
 577177
 577219
 577391
 577519
 577554
 577585
 577662
 577689
 577826
 577834
 577925
 577948
 578130
 578176
 578334
 578492
 578535
 578544
 578561
 578702
 578806
 578841
 579031
 579067
 579088
 579184
 579324
 579349
 579539
 579541
 579603
 579688
 579725
 579765
 579940
 579970
 580031
 580200
 580367
 580424
 580526
 580671
 580716
 580725
 580778
 580803
 580811
 580984
 581083
 581229
 581322
 581368
 581439
 581534
 581600
 581755
 581815
 581946
 581997
 582012
 582098
 582203
 582231
 582326
 582527
 582591
 582597
 582699
 582819
 582914
 583115
 583222
 583237
 583450
 583534
 583578
 583738
 583791
 583927
 583932
 584022
 584042
 584112
 584168
 584194
 584254
 584269
 584341
 584394
 584577
 584581
 584699
 584777
 584783
 584856
 584905
 584980
 584996
 585005
 585267
 585365
 585597
 585616
 585768
 585870
 585888
 586083
 586177
 586194
 586357
 586375
 586388
 586482
 586601
 586664
 587030
 587188
 587234
 587534
 587561
 587677
 587681
 587701
 587870
 587940
 587991
 588032
 588239
 588252
 588315
 588630
 588641
 588671
 588700
 589079
 589096
 589154
 589213
 589262
 589386
 589465
 589579
 589677
 589861
 590066
 590126
 590298
 590435
 590551
 590614
 590639
 590665
 590776
 590804
 590889
 590909
 591203
 591321
 591501
 591591
 591771
 591836
 591904
 591928
 592031
 592033
 592064
 592227
 592434
 592485
 592606
 592650
 592684
 592918
 592945
 593060
 593086
 593415
 593432
 593607
 593651
 593675
 593956
 594062
 594091
 594317
 594388
 594390
 594451
 594628
 594681
 594783
 594868
 594972
 595067
 595256
 595435
 595704
 595744
 595979
 596051
 596065
 596105
 596260
 596473
 596477
 596589
 596683
 596715
 596888
 596908
 597033
 597234
 597258
 597335
 597346
 597399
 597433
 597782
 597836
 597844
 598031
 598073
 598121
 598222
 598229
 598276
 598371
 598746
 598807
 598930
 599032
 599055
 599094
 599097
 599181
 599274
 599340
 599353
 599384
 599560
 599660
 599668
 599676
 599765
 599806
 599850
 600098
 600306
 600321
 600357
 600419
 600501
 600573
 600574
 600702
 600711
 600827
 601029
 601429
 601467
 601480
 601583
 601608
 601779
 601790
 601812
 602219
 602366
 602389
 602410
 602588
 602616
 602769
 602825
 602836
 602891
 602953
 602965
 603067
 603233
 603280
 603286
 603305
 603317
 603321
 603405
 603422
 603432
 603574
 603672
 603984
 604172
 604301
 604387
 604415
 604582
 604843
 605263
 605264
 605547
 605553
 605643
 605668
 605683
 605823
 605825
 605892
 606299
 606333
 606353
 606473
 606596
 606728
 607092
 607146
 607343
 607467
 607552
 607649
 607821
 607940
 608098
 608508
 608611
 608834
 608873
 608991
 609140
 609224
 609298
 609430
 609534
 609543
 609628
 609729
 609755
 609892
 609909
 610010
 610044
 610058
 610169
 610229
 610591
 610738
 610802
 610810
 611032
 611075
 611085
 611145
 611211
 611221
 611246
 611504
 611632
 611745
 611771
 611812
 612178
 612335
 612433
 612498
 612786
 612863
 612951
 613037
 613195
 613334
 613515
 613710
 614135
 614167
 614250
 614359
 614449
 614704
 614747
 614813
 614852
 614973
 614978
 615384
 615722
 615739
 616004
 616161
 616222
 616383
 616482
 616915
 616945
 617021
 617160
 617357
 617656
 617750
 617875
 618001
 618098
 618195
 618357
 618477
 618680
 618971
 618998
 619168
 619198
 619243
 619331
 619606
 619672
 619680
 619750
 619896
 619904
 620079
 620095
 620103
 620211
 620253
 620424
 620517
 620583
 620779
 620835
 621593
 621627
 621718
 621736
 621840
 621876
 621919
 621972
 622083
 622104
 622192
 622203
 622204
 622237
 622347
 622447
 622497
 622641
 622849
 622943
 622961
 623009
 623025
 623237
 623308
 623376
 623463
 623521
 623572
 623685
 623762
 624043
 624080
 624201
 624284
 624384
 624544
 624634
 624698
 624704
 624715
 624818
 624885
 624978
 625105
 625231
 625407
 625727
 625764
 625887
 625905
 625975
 625980
 626011
 626068
 626185
 626210
 626244
 626287
 626565
 626587
 626647
 626828
 626830
 626869
 626964
 626968
 626978
 627009
 627033
 627115
 627261
 627283
 627292
 627451
 627615
 627686
 627693
 627895
 627906
 627917
 628028
 628162
 628318
 628332
 628369
 628501
 628545
 628558
 628750
 628857
 628924
 629104
 629152
 629167
 629238
 629563
 629889
 630076
 630143
 630169
 630236
 630283
 630289
 630303
 630317
 630363
 630421
 630522
 630606
 630731
 630744
 630907
 630975
 631041
 631086
 631289
 631302
 631314
 631510
 631632
 631679
 631791
 631910
 631942
 632028
 632168
 632252
 632345
 632518
 632528
 632658
 632676
 632711
 632731
 632810
 632911
 633052
 633113
 633246
 633540
 633552
 633697
 633853
 633889
 633931
 634004
 634084
 634161
 634183
 634243
 634416
 634515
 634517
 634609
 634645
 634714
 634855
 634945
 635326
 635375
 635514
 635562
 635565
 635574
 635716
 635741
 635775
 635897
 635911
 636005
 636278
 636324
 636391
 636409
 636607
 636743
 636792
 636794
 636800
 636850
 636948
 637032
 637086
 637131
 637147
 637492
 637549
 637558
 637634
 637753
 637785
 637860
 637898
 637912
 637956
 638036
 638129
 638208
 638303
 638456
 638843
 638984
 639065
 639123
 639398
 639415
 639470
 639477
 639503
 639508
 639579
 639583
 639613
 639686
 639705
 639747
 639782
 639789
 639792
 639838
 639956
 640107
 640116
 640250
 640304
 640478
 640538
 640590
 640924
 641025
 641235
 641279
 641608
 641666
 641698
 642139
 642201
 642263
 642484
 642535
 642764
 642802
 642808
 642812
 643175
 643194
 643343
 643377
 643596
 643634
 643746
 644046
 644110
 644230
 644259
 644321
 644459
 644942
 644964
 645195
 645299
 645541
 645560
 645569
 645591
 645596
 645604
 645653
 645860
 646090
 646097
 646391
 646399
 646458
 646771
 646811
 646949
 647031
 647058
 647094
 647272
 647614
 647937
 648091
 648176
 648189
 648379
 648466
 648471
 648744
 648746
 648820
 648900
 649082
 649364
 649385
 649429
 649484
 649549
 649896
 649935
 649944
 650230
 650245
 650778
 650998
 651220
 651284
 651367
 651379
 651515
 651610
 651664
 651685
 651697
 651796
 651905
 651963
 651995
 652127
 652173
 652371
 652472
 652571
 652818
 652865
 652890
 652892
 653061
 653154
 653172
 653485
 653679
 653714
 653902
 654141
 654166
 654246
 654409
 654432
 654456
 654515
 654563
 654581
 654609
 654678
 654750
 654754
 654802
 654834
 654880
 655057
 655152
 655172
 655210
 655264
 655347
 655434
 655560
 655735
 655830
 655935
 655989
 656394
 656678
 656814
 656837
 656903
 657101
 657268
 657391
 657422
 657770
 657825
 658043
 658045
 658123
 658149
 658172
 658260
 658279
 658280
 658359
 658370
 658407
 658431
 658681
 658706
 658738
 658958
 659086
 659100
 659145
 659259
 659378
 659394
 659463
 659649
 659675
 659798
 659822
 659868
 659909
 660108
 660198
 660272
 660441
 660904
 661298
 661443
 661516
 661553
 661711
 661729
 661879
 662060
 662162
 662216
 662227
 662337
 662418
 662420
 662484
 662530
 662767
 662955
 662966
 663118
 663154
 663325
 663416
 663522
 663545
 663602
 663610
 663850
 664089
 664198
 664264
 664322
 664356
 664470
 664516
 664580
 664674
 664720
 664723
 664953
 665095
 665148
 665708
 665889
 666081
 666121
 666137
 666212
 666214
 666218
 666328
 666337
 666427
 666487
 666530
 666574
 666666
 666910
 667004
 667068
 667119
 667232
 667318
 667749
 667798
 667906
 667984
 668000
 668041
 668156
 668229
 668544
 668804
 668852
 668886
 668985
 669041
 669114
 669153
 669163
 669183
 669189
 669262
 669263
 669346
 669611
 669693
 669957
 670007
 670009
 670139
 670188
 670249
 670484
 670572
 670762
 670881
 670924
 671059
 671105
 671140
 671190
 671319
 671465
 671493
 671497
 671514
 671641
 672097
 672199
 672316
 672394
 672552
 672684
 672686
 672883
 672957
 673116
 673385
 673469
 673590
 673638
 673709
 673892
 673913
 673934
 673994
 674079
 674131
 674339
 674440
 674481
 674745
 674874
 675042
 675100
 675148
 675158
 675217
 675234
 675274
 675279
 675280
 675317
 675462
 675589
 675603
 675769
 675970
 676158
 676212
 676605
 676745
 676977
 677030
 677062
 677140
 677251
 677304
 677523
 677583
 677598
 677767
 678098
 678132
 678189
 678202
 678308
 678321
 678479
 678522
 678626
 678644
 678701
 678739
 678824
 678856
 678971
 679008
 679091
 679145
 679168
 679341
 679432
 679459
 679719
 679752
 680368
 680428
 680490
 680534
 680594
 680628
 680743
 680795
 680817
 680899
 680971
 681004
 681039
 681132
 681152
 681164
 681219
 681297
 681355
 681589
 681614
 681683
 681726
 681818
 681841
 681989
 682027
 682124
 682172
 682191
 682258
 682267
 682276
 682323
 682447
 682526
 682531
 682661
 683381
 683404
 683469
 683506
 683593
 683740
 683741
 683760
 683848
 683869
 684477
 684478
 684618
 684625
 684684
 684718
 684803
 684977
 684988
 685065
 685320
 685337
 685346
 685393
 685847
 685891
 685978
 686122
 686197
 686288
 686432
 686486
 686492
 686611
 686760
 686850
 686858
 686949
 687022
 687041
 687179
 687218
 687409
 687491
 687626
 687672
 687695
 687733
 687873
 687973
 687991
 688045
 688249
 688252
 688481
 688483
 689023
 689243
 689538
 689600
 689737
 689837
 689891
 690020
 690278
 690355
 690467
 690530
 690627
 690650
 690688
 690695
 690716
 690951
 690970
 691011
 691105
 691126
 691195
 691245
 691249
 691307
 691337
 691373
 691409
 691432
 691440
 691506
 691880
 691895
 691951
 691957
 691997
 692019
 692034
 692138
 692187
 692191
 692307
 692358
 692556
 692698
 692804
 692889
 692954
 693003
 693057
 693101
 693108
 693394
 693408
 693735
 694115
 694183
 694233
 694293
 694302
 694344
 694479
 694544
 694578
 695020
 695029
 695200
 695492
 695528
 695771
 695983
 696152
 696190
 696271
 696279
 696296
 696418
 696512
 696550
 696578
 696852
 696918
 697297
 697694
 697726
 697736
 697890
 697906
 698022
 698034
 698061
 698069
 698090
 698146
 698429
 698458
 698552
 698611
 698809
 699082
 699110
 699194
 699303
 699436
 699603
 699721
 699751
 699879
 699909
 700229
 700516
 700683
 700803
 701033
 701040
 701133
 701141
 701186
 701293
 701311
 701358
 701380
 701526
 701570
 701573
 702648
 702810
 702819
 703079
 703277
 703285
 703322
 703370
 703378
 703433
 703601
 703636
 703637
 703703
 703744
 703797
 703853
 704014
 704268
 704307
 704312
 704319
 704463
 704506
 704519
 704764
 704819
 704893
 705261
 705361
 705617
 705777
 705830
 705978
 706102
 706152
 706161
 706191
 706422
 706429
 706430
 706491
 706579
 706673
 706793
 706969
 706978
 707044
 707045
 707054
 707129
 707445
 707943
 708080
 708099
 708133
 708184
 708203
 708920
 709022
 709085
 709205
 709219
 709331
 709359
 709465
 709799
 709859
 709965
 710147
 710175
 710176
 710255
 710279
 710338
 710344
 710391
 710436
 710483
 710586
 710746
 710803
 710879
 710982
 711005
 711376
 711475
 711538
 711571
 711798
 711885
 711889
 712045
 712122
 712318
 712701
 712920
 713027
 713244
 713305
 713471
 713533
 713567
 713699
 713783
 713804
 713918
 714072
 714167
 714258
 714262
 714285
 714340
 714377
 714590
 714596
 714923
 715091
 715371
 715441
 715527
 715555
 715567
 715575
 715789
 715833
 715863
 715909
 716104
 716199
 716220
 716318
 716462
 716490
 716524
 716599
 716648
 716650
 716721
 716747
 716770
 716828
 716849
 716918
 716938
 717171
 717387
 717432
 717443
 717583
 717659
 717770
 717778
 717993
 718047
 718198
 718297
 718462
 718639
 718773
 718858
 718865
 719125
 719130
 719165
 719196
 719222
 719372
 719420
 719481
 719485
 719942
 719976
 720000
 720088
 720095
 720153
 720359
 720466
 720473
 720481
 720706
 720844
 721007
 721075
 721179
 721213
 721245
 721248
 721515
 721594
 721763
 722141
 722200
 722329
 722419
 722428
 722440
 722507
 722619
 722769
 722978
 723032
 723127
 723208
 723678
 723679
 723688
 723771
 723861
 723941
 724000
 724116
 724131
 724258
 724425
 724525
 724662
 724741
 724778
 724806
 724811
 724887
 724976
 725175
 725211
 725257
 725376
 725384
 725693
 725893
 725976
 726091
 726204
 726213
 726217
 726439
 726446
 726474
 726491
 727002
 727013
 727272
 727389
 727412
 727425
 727434
 727480
 727598
 727741
 727785
 727894
 727904
 728279
 728382
 728452
 728516
 728604
 728740
 729206
 729278
 729429
 729438
 729754
 729761
 729786
 730215
 730229
 730273
 730501
 730742
 730947
 731096
 731265
 731435
 731524
 731538
 731599
 731610
 731727
 731775
 731781
 731879
 732270
 732282
 732319
 732372
 732530
 732548
 732565
 732578
 732738
 732776
 732831
 732885
 733081
 733088
 733092
 733098
 733957
 733985
 734163
 734364
 734411
 734465
 734540
 734571
 734653
 734680
 734693
 734858
 734861
 734880
 734911
 735050
 735179
 735362
 735388
 735664
 735707
 735760
 735784
 735854
 735875
 735892
 735983
 736118
 736276
 736383
 736455
 736555
 736616
 736694
 736750
 736855
 736945
 736981
 737279
 737315
 737609
 737728
 737780
 737835
 737852
 737931
 738103
 738192
 738195
 738207
 738494
 738548
 738582
 738649
 738752
 738909
 739095
 739164
 739222
 739355
 739412
 739440
 739459
 739495
 739644
 739906
 740003
 740210
 740436
 740482
 740551
 740740
 740872
 740961
 741074
 741125
 741217
 741258
 741393
 741418
 741510
 741518
 741519
 741525
 741764
 741901
 741943
 741981
 742045
 742123
 742137
 742152
 742193
 742247
 742451
 742470
 742529
 742560
 742565
 742594
 742665
 742826
 742891
 743141
 743146
 743250
 743450
 743466
 743476
 743533
 743835
 744007
 744088
 744103
 744136
 744186
 744295
 744493
 744502
 744641
 744872
 744919
 745027
 745388
 745481
 745501
 745602
 745667
 745669
 745685
 745735
 745837
 745936
 746012
 746031
 746152
 746237
 746473
 746556
 746716
 746813
 746987
 747004
 747147
 747230
 747359
 747632
 747664
 747672
 747880
 747887
 747933
 748096
 748117
 748121
 748148
 748293
 748301
 748324
 748335
 748719
 748975
 748990
 749277
 749376
 749645
 749795
 749972
 750000
 750187
 750220
 750402
 750534
 750612
 750671
 750677
 750722
 751076
 751107
 751108
 751610
 751779
 751851
 752008
 752027
 752080
 752159
 752209
 752358
 752532
 752674
 752698
 752913
 753112
 753149
 753253
 753306
 753321
 753329
 753472
 753495
 753670
 753755
 753758
 754068
 754126
 754240
 754528
 754617
 754666
 754820
 755102
 755147
 755177
 755372
 755430
 755479
 755519
 755818
 755930
 755936
 755941
 755977
 756073
 756074
 756151
 756201
 756385
 756462
 756493
 756516
 756690
 756715
 756739
 756817
 756874
 757009
 757015
 757176
 757373
 757575
 757726
 757749
 757870
 757919
 758091
 758263
 758317
 758418
 758453
 758559
 758647
 758787
 758814
 758851
 758991
 759002
 759062
 759098
 759211
 759474
 759561
 759621
 759636
 759945
 759999
 760269
 760391
 760441
 760620
 760825
 760850
 760867
 760868
 760946
 761003
 761030
 761097
 761118
 761158
 761178
 761215
 761235
 761245
 761308
 761397
 761678
 761714
 761829
 761833
 761885
 761886
 762137
 762527
 762684
 762724
 762851
 762974
 763469
 763475
 763552
 763694
 763798
 763862
 763917
 763933
 764007
 764194
 764231
 764347
 764423
 764433
 764436
 764739
 764811
 764901
 765027
 765035
 765118
 765147
 765247
 765325
 765472
 765684
 765716
 765946
 765957
 766010
 766037
 766177
 766183
 766248
 766395
 766427
 766544
 766573
 766723
 766752
 766767
 766777
 766780
 766815
 766883
 766932
 767027
 767055
 767158
 767173
 767481
 767518
 767539
 767879
 768006
 768115
 768264
 768303
 768312
 768430
 768522
 768637
 768656
 768786
 768902
 768952
 768981
 769041
 769068
 769352
 769549
 769617
 769867
 769944
 770180
 770292
 770347
 770588
 770746
 770816
 770909
 771008
 771032
 771221
 771230
 771264
 771307
 771414
 771496
 771578
 771856
 771961
 772166
 772623
 772663
 772852
 772972
 773249
 773298
 773357
 773534
 773667
 773794
 773866
 773932
 773955
 774023
 774074
 774193
 774252
 774280
 774284
 774327
 774377
 774480
 774488
 774686
 774696
 774877
 774911
 774983
 775017
 775018
 775059
 775152
 775204
 775372
 775453
 775472
 775578
 775723
 775749
 775774
 775790
 775793
 775851
 775887
 775918
 775999
 776049
 776168
 776334
 776470
 776740
 776827
 776839
 776862
 776892
 777050
 777070
 777072
 777332
 777409
 777548
 777642
 777777
 777838
 777876
 777900
 778135
 778176
 778275
 778361
 778416
 778530
 778546
 778598
 778625
 778718
 778729
 778824
 778846
 779066
 779260
 779449
 779476
 779482
 779607
 779822
 779836
 779883
 779918
 779991
 780114
 780269
 780577
 780612
 780648
 780695
 780700
 780716
 780871
 780978
 781174
 781231
 781254
 781302
 781456
 781462
 781499
 781555
 781580
 781779
 781796
 781839
 782118
 782214
 782242
 782331
 782487
 782554
 782783
 782834
 783271
 783357
 783558
 783761
 783931
 783964
 784298
 784361
 784444
 784582
 784788
 784849
 784908
 785283
 785442
 785531
 785751
 785855
 786028
 786056
 786070
 786184
 786332
 786427
 786495
 786499
 786533
 786548
 786654
 786721
 786805
 786907
 787113
 787301
 787314
 787524
 787586
 787664
 787691
 787721
 787723
 788008
 788186
 788349
 788460
 788675
 788698
 788753
 788772
 788789
 788876
 788903
 789037
 789070
 789194
 789251
 789556
 789747
 790238
 790350
 790534
 790550
 790698
 790807
 790834
 790945
 791102
 791144
 791303
 791464
 791584
 791587
 791593
 791604
 791775
 791818
 791875
 792099
 792199
 792400
 792543
 792796
 793002
 793057
 793165
 793352
 793478
 793656
 793693
 793740
 793920
 793999
 794074
 794114
 794205
 794212
 794230
 794263
 794437
 794557
 794657
 794665
 794791
 794868
 795013
 795045
 795077
 795104
 795285
 795378
 795415
 795628
 795674
 795809
 795840
 795869
 795905
 795941
 795975
 796264
 796368
 796904
 797083
 797116
 797161
 797370
 797376
 797438
 797458
 797569
 797882
 797947
 797964
 798033
 798056
 798098
 798193
 798213
 798395
 798417
 798464
 798816
 798843
 798844
 798865
 799027
 799102
 799151
 799158
 799161
 799197
 799206
 799245
 799323
 799438
 799554
 799594
 799675
 799709
 799881
 799945
 799967
 799999
 800145
 800200
 800224
 800283
 800304
 800467
 800821
 801068
 801315
 801432
 801454
 801467
 801704
 801781
 801896
 801907
 801916
 801961
 802125
 802150
 802336
 802393
 802395
 802399
 802423
 802446
 802465
 802490
 802585
 802588
 802792
 802900
 803180
 803216
 803507
 803546
 803582
 803782
 803851
 804137
 804195
 804266
 804289
 804386
 804566
 804737
 804835
 804909
 805220
 805472
 805497
 805503
 805674
 805682
 805749
 805755
 805927
 806028
 806053
 806138
 806164
 806206
 806319
 806671
 806691
 806929
 806970
 807151
 807198
 807327
 807483
 807662
 807692
 807711
 807730
 807971
 808257
 808596
 808765
 808793
 808937
 809148
 809443
 809453
 809523
 809762
 809837
 809867
 809977
 810119
 810136
 810448
 810815
 810824
 810893
 810985
 811078
 811143
 811152
 811196
 811320
 811501
 811660
 811852
 812005
 812100
 812101
 812115
 812472
 812566
 812706
 812812
 812851
 813147
 813517
 813559
 813824
 813851
 813868
 813916
 813993
 814067
 814070
 814155
 814414
 814442
 814486
 814598
 814614
 814689
 814726
 814914
 814995
 815138
 815175
 815284
 815533
 815558
 815639
 815649
 815789
 816133
 816140
 816143
 816314
 816326
 816337
 816479
 816480
 816513
 816689
 816837
 816844
 816978
 816991
 817064
 817201
 817268
 817284
 817354
 817426
 817513
 817626
 817682
 817879
 817921
 817922
 817939
 817967
 817995
 818041
 818049
 818169
 818404
 818957
 819171
 819481
 819570
 819644
 819659
 819700
 819741
 819757
 819759
 819998
 820041
 820114
 820220
 820315
 820601
 820724
 820911
 821110
 821268
 821282
 821292
 821310
 821616
 821775
 821897
 822050
 822127
 822202
 822326
 822378
 822383
 822449
 822507
 822573
 822615
 822706
 822871
 822915
 823129
 823529
 823595
 823702
 823745
 823788
 823891
 824103
 824228
 824335
 824404
 824482
 824694
 824742
 825311
 825327
 825368
 825481
 825506
 825745
 825972
 826003
 826220
 826337
 826429
 826565
 826650
 826737
 826758
 826794
 827021
 827056
 827116
 827167
 827444
 827521
 827606
 827627
 828184
 828282
 828290
 828391
 828431
 828674
 829000
 829005
 829144
 829189
 829199
 829206
 829268
 829307
 829417
 829431
 829474
 829476
 829526
 829546
 829652
 829942
 830071
 830200
 830255
 830266
 830437
 830607
 830645
 830745
 830807
 830890
 830896
 831005
 831182
 831552
 831594
 831708
 831763
 831777
 831814
 831819
 831872
 831877
 831896
 831949
 832083
 832201
 832370
 832585
 832628
 832677
 832713
 832764
 832886
 833014
 833240
 833300
 833727
 833759
 833898
 833939
 833955
 834011
 834032
 834182
 834264
 834305
 834352
 834544
 834868
 835170
 835283
 835367
 835396
 835773
 835776
 835909
 835950
 836052
 836159
 836196
 836506
 837034
 837070
 837083
 837114
 837300
 837344
 837465
 837504
 837723
 837735
 837862
 837926
 837961
 838020
 838126
 838207
 838219
 838289
 838331
 838467
 838787
 838837
 839241
 839260
 839431
 839491
 839633
 839661
 839762
 839901
 840000
 840051
 840258
 840344
 840498
 840524
 840529
 840682
 840704
 840727
 840970
 841007
 841107
 841197
 841201
 841216
 841475
 841493
 841497
 841627
 841682
 841765
 841783
 841789
 842008
 842328
 842618
 842965
 843213
 843416
 843442
 843620
 843631
 843679
 843736
 843755
 843849
 843900
 843905
 843914
 844161
 844277
 844455
 844529
 844669
 844772
 844937
 844955
 845045
 845146
 845202
 845671
 845779
 845810
 845951
 845980
 846033
 846090
 846253
 846280
 846411
 846421
 846548
 846612
 846662
 846699
 846707
 846716
 847061
 847140
 847213
 847272
 847282
 847448
 847524
 847561
 847590
 847660
 847704
 847935
 847945
 847983
 847993
 848054
 848090
 848178
 848219
 848270
 848378
 848408
 848417
 848628
 848683
 848724
 848739
 848780
 848934
 849015
 849254
 849294
 849394
 849572
 849579
 849583
 849632
 849782
 849868
 849901
 849923
 850119
 850127
 850453
 850630
 850800
 850824
 850829
 850906
 850940
 850959
 851025
 851029
 851132
 851167
 851225
 851366
 851742
 851812
 851894
 851969
 852007
 852052
 852097
 852127
 852134
 852147
 852240
 852271
 852312
 852359
 852389
 852530
 852677
 852686
 852850
 852913
 853038
 853039
 853080
 853417
 853662
 854006
 854007
 854368
 854402
 854480
 854579
 854585
 854649
 854922
 854995
 855050
 855171
 855172
 855175
 855182
 855313
 855421
 855445
 855487
 855989
 856045
 856123
 856134
 856194
 856484
 856607
 856728
 857142
 857174
 857236
 857265
 857342
 857364
 857479
 857487
 857577
 857679
 857752
 857845
 857892
 857909
 858042
 858064
 858296
 858350
 858436
 858524
 858539
 858557
 858782
 858895
 859013
 859116
 859143
 859160
 859393
 859402
 859474
 859476
 859484
 859649
 859685
 859802
 859823
 859875
 860185
 860195
 860319
 860404
 861090
 861127
 861238
 861432
 861710
 862026
 862054
 862153
 862624
 862752
 862813
 862888
 862914
 862974
 863070
 863668
 863690
 863708
 864000
 864054
 864365
 864404
 864432
 864442
 864444
 864628
 864664
 864706
 864767
 864820
 865057
 865080
 865086
 865142
 865165
 865177
 865231
 865474
 865611
 865617
 865827
 865965
 866225
 866236
 866317
 866476
 866616
 866666
 866905
 867078
 867233
 867298
 867466
 867524
 867560
 867605
 867947
 868406
 868561
 868875
 868903
 868948
 869158
 869259
 869290
 869320
 869398
 869413
 869476
 869590
 869709
 869739
 870028
 870266
 870292
 870336
 870370
 870392
 870413
 870427
 870446
 870496
 870670
 870711
 871030
 871210
 871305
 871365
 871416
 871493
 871777
 871794
 871922
 871996
 872011
 872150
 872186
 872277
 872481
 872595
 872779
 872878
 873018
 873203
 873334
 873589
 873672
 873801
 873822
 874373
 874388
 874715
 874804
 874822
 874868
 874904
 874930
 874940
 874945
 874953
 874960
 875090
 875322
 875439
 875444
 875548
 875589
 875964
 876115
 876128
 876497
 876516
 876530
 876698
 876735
 876761
 876819
 876908
 876950
 877014
 877033
 877138
 877145
 877170
 877192
 877266
 877343
 877370
 877419
 877516
 877528
 877640
 877675
 877785
 877817
 877851
 877961
 878316
 878572
 878649
 878652
 878661
 878678
 878856
 878930
 879081
 879130
 879211
 879231
 879315
 879369
 879410
 879642
 879737
 879874
 880000
 880131
 880348
 880365
 880438
 880457
 880658
 880745
 880978
 880996
 881081
 881253
 881256
 881355
 881548
 881581
 881646
 881720
 881752
 881836
 882037
 882086
 882112
 882155
 882195
 882227
 882380
 882382
 882426
 882495
 882673
 882885
 883066
 883106
 883209
 883221
 883339
 883548
 883560
 883575
 883588
 883638
 883641
 883678
 883704
 883870
 884404
 884414
 884498
 884527
 884579
 884656
 885093
 885212
 885221
 885292
 885532
 885643
 885808
 885978
 886019
 886039
 886075
 886295
 886304
 886422
 886494
 886652
 886659
 886708
 886714
 886765
 886813
 886924
 887001
 887195
 887222
 887389
 887422
 887489
 887510
 887554
 887585
 887643
 887648
 887659
 887755
 887769
 887874
 888357
 888558
 888724
 888854
 888995
 889026
 889333
 889483
 889524
 889735
 889879
 889918
 890089
 890121
 890136
 890166
 890189
 890277
 890476
 890505
 890586
 890589
 890615
 890988
 891088
 891167
 891287
 891387
 891503
 891566
 891575
 891587
 891590
 891780
 891998
 892428
 892612
 892832
 892976
 892985
 893342
 893382
 893455
 893484
 893706
 893877
 893900
 893973
 893984
 894000
 894158
 894191
 894243
 894266
 894436
 894540
 894663
 895070
 895129
 895196
 895219
 895312
 895356
 895477
 895509
 895525
 895671
 895823
 895866
 895903
 896044
 896063
 896103
 896330
 896529
 896540
 896679
 896979
 897112
 897242
 897553
 897572
 897596
 897605
 897684
 897712
 897806
 897845
 897952
 898293
 898408
 898601
 898704
 898945
 899057
 899103
 899159
 899315
 899328
 899347
 899579
 899645
 899797
 899838
 900132
 900151
 900280
 900342
 900354
 900418
 900494
 900548
 900621
 900639
 900750
 900862
 900921
 900998
 901133
 901182
 901372
 901540
 901854
 901894
 901909
 901926
 902080
 902134
 902263
 902265
 902280
 902423
 902594
 902623
 902634
 902821
 902844
 903137
 903147
 903236
 903274
 903348
 903551
 903596
 903703
 903720
 903731
 903803
 903837
 904146
 904296
 904306
 904333
 904514
 904576
 904761
 904820
 904835
 904859
 904862
 904960
 905017
 905077
 905139
 905222
 905395
 905578
 905746
 905809
 905882
 905921
 906086
 906181
 906338
 906346
 906492
 906641
 906733
 906755
 906976
 907055
 907270
 907313
 907619
 907641
 907643
 907663
 907756
 907759
 907809
 907960
 907999
 908019
 908298
 908357
 908453
 908587
 908600
 908770
 908978
 909063
 909125
 909307
 909471
 909801
 909896
 909999
 910055
 910142
 910375
 910668
 910864
 910891
 910896
 910909
 910913
 910932
 911105
 911407
 911421
 911447
 911508
 911784
 912182
 912196
 912222
 912280
 912291
 912443
 912457
 912509
 912533
 912587
 912613
 912724
 912852
 913113
 913220
 913577
 913735
 913857
 913872
 913885
 913916
 913998
 914028
 914058
 914096
 914314
 914398
 914553
 914672
 914673
 914733
 914798
 915167
 915174
 915189
 915224
 915439
 915651
 915690
 915694
 915752
 915833
 915834
 915909
 915912
 916096
 916097
 916113
 916183
 916356
 916384
 916523
 916715
 916864
 916934
 917059
 917212
 917431
 917582
 917638
 917687
 917927
 917967
 918015
 918197
 918198
 918286
 918677
 918682
 918922
 918964
 919252
 919253
 919256
 919327
 919343
 919345
 919366
 919390
 919446
 919507
 919574
 919882
 920000
 920074
 920127
 920204
 920323
 920410
 920570
 920630
 920739
 920796
 920875
 920956
 921128
 921134
 921238
 921348
 921907
 921969
 922248
 922299
 922385
 922467
 922505
 922540
 922924
 922934
 922945
 922982
 923084
 923117
 923294
 923580
 923801
 923994
 924117
 924258
 924324
 924482
 924508
 924582
 924708
 924741
 924947
 925353
 925363
 925459
 925464
 925862
 925894
 925898
 925986
 926127
 926220
 926289
 926310
 926351
 926383
 926531
 926634
 926695
 926811
 926857
 927268
 927284
 927337
 927350
 927608
 927697
 927727
 927745
 927752
 928089
 928147
 928163
 928199
 928372
 928516
 928713
 928733
 928855
 928908
 928916
 929362
 929509
 929532
 929767
 929852
 930094
 930184
 930209
 930341
 930464
 930483
 930833
 931040
 931268
 931282
 931348
 931372
 931400
 931404
 931584
 931674
 931716
 931744
 931833
 932057
 932203
 932253
 932432
 932543
 932628
 932771
 933082
 933124
 933274
 933341
 933409
 933424
 933457
 933884
 934043
 934327
 934399
 934407
 934459
 934670
 934707
 934715
 934828
 934843
 935045
 935102
 935290
 935389
 935406
 935495
 935508
 935854
 935976
 936323
 936597
 936664
 936747
 936754
 936809
 936810
 936816
 936842
 936848
 937184
 937212
 937297
 937342
 937424
 937586
 937732
 937814
 937819
 938120
 938189
 938449
 938601
 938658
 938770
 938847
 938864
 938915
 939013
 939037
 939275
 939503
 939598
 939611
 940004
 940021
 940209
 940253
 940425
 940535
 940592
 940833
 940980
 941031
 941101
 941409
 941489
 941514
 941559
 941685
 941724
 941742
 941759
 941772
 941849
 942387
 942711
 942720
 942746
 943026
 943055
 943119
 943181
 943419
 943672
 943707
 943718
 943722
 944377
 944571
 944683
 944723
 944873
 945032
 945071
 945103
 945121
 945154
 945336
 945589
 945624
 945706
 945770
 945836
 945842
 945945
 946130
 946132
 946287
 946306
 946338
 946396
 946502
 946575
 946586
 946677
 946716
 946735
 947152
 947209
 947289
 947444
 947593
 947621
 947689
 947702
 947871
 947890
 947964
 948103
 948159
 948248
 948321
 948452
 948453
 948538
 948836
 948875
 949101
 949213
 949260
 949264
 949384
 949411
 949434
 949572
 950015
 950730
 950774
 951247
 951386
 951451
 951573
 951610
 951781
 951783
 951808
 951923
 952095
 952242
 952304
 952503
 952671
 952727
 952728
 953039
 953063
 953144
 953232
 953271
 953280
 953491
 953621
 953677
 953737
 953937
 953992
 954007
 954095
 954294
 954509
 954550
 954713
 954954
 955403
 955437
 955502
 955513
 955529
 955663
 955779
 955785
 955849
 955867
 955927
 955943
 955994
 956231
 956304
 956521
 956552
 956601
 956603
 956725
 956748
 956768
 956829
 956847
 956868
 956886
 957220
 957446
 957464
 957508
 957552
 957597
 957667
 957827
 958178
 958248
 958291
 958362
 958468
 958480
 958579
 958762
 958815
 958893
 958907
 959330
 959416
 959492
 959559
 959602
 959603
 959738
 959808
 959999
 960047
 960059
 960151
 960173
 960215
 960253
 960557
 960651
 960937
 960983
 961020
 961226
 961253
 961460
 961544
 961783
 961973
 962264
 962825
 962856
 962872
 962967
 962999
 963206
 963224
 963320
 963460
 963533
 963749
 963788
 963892
 963907
 963923
 964048
 964359
 964396
 964629
 964679
 964804
 964898
 965277
 965287
 965652
 965764
 965777
 965974
 965989
 966056
 966133
 966228
 966241
 966256
 966516
 966573
 966610
 966618
 966633
 966675
 966711
 966712
 966918
 966951
 967057
 967094
 967097
 967101
 967297
 967328
 967359
 967372
 967413
 967506
 967575
 967672
 967681
 967741
 967813
 967909
 967920
 968010
 968026
 968158
 968238
 968277
 968487
 968612
 968757
 968850
 968863
 968911
 968964
 969067
 969072
 969162
 969180
 969356
 969445
 969647
 969660
 969864
 969888
 970038
 970255
 970443
 970678
 970701
 970726
 970903
 970922
 970989
 971034
 971061
 971094
 971110
 971130
 971298
 971573
 971738
 971773
 971848
 971851
 972001
 972298
 972326
 972486
 972515
 972592
 972677
 972694
 973056
 973082
 973204
 973221
 973284
 973388
 973489
 973625
 973880
 974037
 974184
 974236
 974513
 974545
 974558
 974656
 974942
 975048
 975261
 975273
 975330
 975574
 975577
 975969
 976057
 976090
 976121
 976228
 976335
 976506
 976521
 976604
 976630
 976699
 976758
 976812
 976839
 976863
 977019
 977442
 977628
 977769
 977875
 977884
 978264
 978429
 978482
 978521
 978586
 978678
 978686
 978700
 978884
 978930
 978947
 979022
 979034
 979077
 979129
 979251
 979426
 979591
 979635
 979668
 979919
 980312
 980353
 980406
 980475
 980703
 980767
 980883
 980936
 981055
 981144
 981233
 981284
 981407
 981445
 981581
 981598
 981607
 981647
 981719
 981748
 981990
 982165
 982283
 982310
 982460
 982521
 982617
 982767
 982834
 982836
 982893
 982902
 982920
 983043
 983299
 983331
 983389
 983571
 983796
 983825
 983873
 983957
 984011
 984126
 984218
 984358
 984547
 984641
 984753
 984848
 984891
 985057
 985091
 985126
 985128
 985131
 985330
 985758
 985831
 985873
 985904
 985917
 985932
 986027
 986046
 986432
 986439
 986479
 986533
 986706
 986869
 986960
 987054
 987099
 987219
 987275
 987482
 987768
 987845
 987908
 987957
 988364
 988447
 988450
 988707
 988747
 988954
 989059
 989099
 989135
 989335
 989489
 989630
 989641
 989726
 989752
 989868
 989956
 989991
 990000
 990184
 990413
 990459
 990548
 990564
 990662
 990675
 990700
 990727
 990810
 990838
 990849
 991311
 991333
 991347
 991617
 991685
 991771
 991894
 991983
 991998
 992185
 992295
 992469
 992507
 992554
 992575
 992582
 992662
 992880
 992922
 993093
 993125
 993199
 993224
 993317
 993455
 993504
 993543
 993671
 993849
 993920
 994037
 994048
 994110
 994126
 994153
 994277
 994468
 994778
 994783
 994826
 994941
 995096
 995161
 995331
 995411
 995975
 995987
 996068
 996095
 996139
 996273
 996306
 996320
 996364
 996619
 996707
 996727
 996734
 996739
 996742
 996794
 996833
 996927
 996966
 997096
 997167
 997294
 997304
 997313
 997428
 997546
 997626
 997731
 997906
 998060
 998127
 998226
 998358
 998411
 998763
 998867
 998875
 999067
 999198
 999286
 999307
 999432
 999747
 999877
 