0
 189
 362
 378
 493
 506
 552
 699
 794
 858
 882
 983
 1071
 1230
 1345
 1349
 1531
 1613
 1726
 1743
 1876
 2027
 2051
 2117
 2213
 2263
 2440
 2472
 2476
 2501
 2589
 2642
 2678
 2898
 3022
 3156
 3227
 3290
 3318
 3344
 3628
 3866
 3930
 3981
 4016
 4044
 4235
 4331
 4357
 4400
 4442
 4499
 4501
 4520
 4567
 4571
 4648
 4690
 4878
 4923
 5242
 5350
 5482
 5522
 5661
 5681
 5767
 5789
 5821
 5858
 6006
 6106
 6162
 6215
 6225
 6382
 6395
 6593
 6622
 6870
 6931
 7403
 7407
 7480
 7518
 7585
 7689
 7696
 7739
 7767
 7772
 7855
 8073
 8112
 8137
 8163
 8425
 8504
 8506
 8859
 8986
 9016
 9174
 9226
 9255
 9401
 9677
 9934
 10001
 10007
 10201
 10204
 10277
 10353
 10492
 10624
 10883
 11009
 11159
 11225
 11283
 11364
 11367
 11389
 11461
 11599
 11676
 11712
 11725
 11764
 11890
 12016
 12057
 12164
 12367
 12552
 12581
 12597
 12634
 12712
 12721
 12741
 13071
 13074
 13384
 13588
 13655
 13811
 14108
 14151
 14172
 14250
 14492
 14510
 14577
 14578
 14674
 14745
 15015
 15018
 15275
 15374
 15712
 15782
 15889
 15918
 16093
 16118
 16181
 16224
 16864
 16917
 16985
 17028
 17032
 17324
 17419
 17450
 17607
 17697
 17790
 17978
 18044
 18143
 18259
 18264
 18300
 18348
 18480
 18779
 19128
 19148
 19209
 19211
 19276
 19375
 19442
 19528
 19569
 19650
 19846
 19975
 20613
 20692
 20784
 20849
 20854
 20987
 21136
 21156
 21244
 21281
 21285
 21384
 21467
 21555
 21773
 21791
 21878
 21890
 21909
 21929
 21978
 21988
 22035
 22153
 22261
 22283
 22717
 22751
 22873
 22897
 22967
 23076
 23243
 23249
 23306
 23375
 23412
 23475
 23529
 23652
 23721
 23997
 24134
 24356
 24368
 24552
 24639
 24772
 24817
 24828
 25070
 25123
 25190
 25377
 25406
 25538
 25590
 25779
 25970
 25995
 26143
 26168
 26181
 26221
 26431
 26477
 26526
 26527
 27027
 27101
 27165
 27185
 27223
 27387
 27571
 27600
 27607
 27702
 27777
 27865
 28062
 28072
 28169
 28187
 28188
 28226
 28364
 28373
 28434
 28541
 28708
 28953
 28991
 29105
 29116
 29121
 29141
 29496
 29549
 29589
 29680
 29804
 29808
 29937
 30094
 30148
 30150
 30234
 30448
 30535
 30571
 31064
 31078
 31354
 31428
 31498
 31831
 31917
 32214
 32727
 32771
 32886
 32887
 33017
 33192
 33367
 34010
 34122
 34209
 34223
 34296
 34369
 34383
 34621
 34634
 34646
 34709
 34892
 35351
 35364
 35823
 35847
 35856
 36024
 36301
 36408
 36509
 36581
 36874
 36883
 37127
 37301
 37383
 37410
 37412
 37427
 37468
 37529
 37559
 37597
 37853
 38060
 38098
 38171
 38279
 38774
 38839
 39000
 39010
 39018
 39044
 39133
 39244
 39283
 39535
 39603
 39683
 39701
 39745
 39936
 40002
 40042
 40225
 40295
 40374
 40498
 40548
 40695
 40855
 40883
 41127
 41237
 41259
 41270
 41305
 41362
 41725
 41817
 41860
 41865
 41968
 41993
 42037
 42048
 42204
 42325
 42334
 42538
 42563
 42589
 42818
 43487
 43504
 43531
 44055
 44136
 44378
 44391
 44478
 44622
 44669
 44686
 44697
 44874
 45145
 45386
 45468
 45521
 45675
 45779
 45900
 45977
 46017
 46067
 46425
 46470
 46520
 46530
 46696
 46704
 46736
 46745
 46855
 46986
 47065
 47277
 47300
 47407
 47481
 47593
 47748
 47822
 48024
 48096
 48102
 48130
 48221
 48227
 48302
 48319
 48543
 48716
 48856
 48860
 48920
 49031
 49483
 49592
 49633
 49710
 49757
 49859
 49892
 49959
 50089
 50145
 50264
 50315
 50333
 50632
 50660
 50680
 50716
 50818
 50832
 50847
 50895
 50955
 51194
 51269
 51300
 51346
 51366
 51416
 51523
 51694
 51742
 51782
 51818
 51825
 51891
 52040
 52044
 52104
 52197
 52401
 52426
 52611
 52832
 52887
 52927
 53001
 53012
 53021
 53022
 53075
 53267
 53330
 53807
 53817
 53896
 53995
 54057
 54144
 54385
 54460
 54557
 54711
 54728
 54743
 55044
 55131
 55220
 55235
 55263
 55555
 55671
 55871
 55921
 55994
 56003
 56032
 56205
 56312
 56358
 56649
 56650
 57012
 57018
 57071
 57118
 57141
 57142
 57511
 57555
 57662
 58008
 58073
 58246
 58472
 58670
 58691
 58823
 58897
 59196
 59238
 59250
 59539
 59541
 59568
 59726
 59851
 60225
 60229
 60252
 60254
 60532
 60549
 60570
 60793
 60796
 60800
 60891
 60979
 60981
 61065
 61209
 61368
 61495
 61507
 61544
 61555
 61776
 61818
 61891
 62128
 62370
 62617
 62645
 62715
 62838
 62900
 62989
 62996
 63068
 63245
 63489
 63675
 63772
 63829
 64046
 64108
 64137
 64192
 64217
 64228
 64382
 64475
 64506
 64516
 64602
 64722
 64858
 64873
 64955
 64963
 65042
 65105
 65365
 65573
 65909
 65958
 66084
 66115
 66188
 66293
 66658
 66783
 66860
 67001
 67069
 67110
 67116
 67229
 67242
 67322
 67354
 67385
 67630
 67872
 67889
 67944
 68020
 68529
 68552
 68662
 68668
 68698
 68724
 68972
 69184
 69364
 69399
 69527
 69721
 70187
 70286
 70321
 70328
 70619
 70656
 70846
 71079
 71623
 71692
 71776
 71777
 71875
 71942
 72026
 72046
 72168
 72181
 72286
 72338
 72770
 72811
 72845
 72920
 72922
 72926
 73035
 73059
 73121
 73157
 73186
 73237
 73479
 73481
 73490
 73506
 73565
 73617
 73682
 73782
 73961
 74074
 74146
 74301
 74471
 74603
 74736
 74737
 75027
 75042
 75115
 75601
 75650
 75727
 75736
 75746
 75844
 75899
 75920
 75974
 76069
 76350
 76393
 76404
 76463
 76508
 76735
 77076
 77139
 77175
 77268
 77361
 77405
 77634
 77800
 77807
 77882
 77888
 77986
 78116
 78162
 78344
 78737
 78740
 78853
 78908
 79115
 79144
 79193
 79269
 79365
 79403
 79568
 79593
 79832
 79971
 80026
 80193
 80250
 80406
 80442
 80470
 80795
 80822
 80827
 80899
 80947
 81070
 81324
 81375
 81505
 81512
 81531
 81561
 81682
 81724
 81765
 81894
 82141
 82200
 82202
 82421
 82429
 82725
 82815
 83061
 83178
 83372
 83795
 83834
 84066
 84180
 84196
 84324
 84519
 84661
 84680
 84848
 85032
 85106
 85225
 85480
 85617
 85818
 85905
 85923
 86023
 86077
 86203
 86355
 86655
 86872
 86911
 86920
 86956
 87020
 87240
 87306
 87357
 87392
 87542
 87572
 87608
 87649
 87682
 87780
 88081
 88112
 88157
 88212
 88389
 88552
 88654
 88686
 88754
 88942
 88949
 88950
 89089
 89196
 89198
 89581
 89593
 89595
 89664
 89687
 89788
 90104
 90216
 90256
 90267
 90502
 90539
 90750
 90760
 91119
 91247
 91276
 91290
 91453
 91474
 91514
 91568
 91633
 91710
 92002
 92107
 92140
 92284
 92319
 92356
 92466
 92469
 92526
 93126
 93156
 93378
 93387
 93596
 93723
 93738
 93849
 93852
 93894
 94004
 94082
 94130
 94194
 94233
 94244
 94249
 94258
 94311
 94466
 94588
 94609
 94647
 94652
 94669
 94736
 94747
 94857
 94908
 94989
 95085
 95138
 95194
 95241
 95313
 95427
 95522
 95594
 95659
 95709
 95717
 95728
 95836
 96017
 96058
 96403
 96421
 96471
 96526
 96572
 96640
 96797
 96925
 96980
 97004
 97043
 97116
 97196
 97449
 97470
 97617
 97664
 97768
 97798
 97846
 97849
 97913
 98039
 98041
 98276
 98316
 98475
 98493
 98888
 98889
 98892
 99210
 99234
 99415
 99476
 99612
 99785
 99943
 100046
 100126
 100147
 100291
 100558
 100802
 100831
 101119
 101169
 101209
 101265
 101364
 101440
 101476
 101479
 101672
 101707
 101819
 102039
 102235
 102243
 102408
 102452
 102574
 102585
 102695
 103036
 103187
 103241
 103290
 103427
 103448
 103472
 103474
 103531
 103706
 103751
 103797
 103829
 103901
 104143
 104243
 104559
 104690
 104735
 104823
 104831
 104836
 105013
 105067
 105095
 105162
 105297
 105367
 105398
 105414
 105424
 105470
 105726
 105742
 105825
 105976
 106180
 106258
 106382
 106388
 106430
 106434
 106532
 106666
 107011
 107059
 107160
 107179
 107192
 107418
 107490
 107510
 107521
 107652
 107791
 107843
 107850
 107910
 107933
 108114
 108227
 108268
 108433
 108447
 108583
 108607
 108789
 109035
 109102
 109117
 109229
 109242
 109359
 109589
 109691
 109890
 109909
 109998
 110236
 110254
 110531
 110724
 110743
 110876
 110896
 111100
 111106
 111187
 111193
 111278
 111574
 111579
 111592
 111695
 111750
 111801
 111932
 111996
 112090
 112181
 112290
 112356
 112600
 112804
 112814
 112958
 112994
 113035
 113100
 113132
 113241
 113343
 113381
 113633
 113698
 113793
 113815
 113821
 113823
 113968
 114023
 114068
 114204
 114274
 114303
 114402
 114425
 114436
 114656
 114666
 114729
 114771
 114883
 114895
 115044
 115279
 115437
 115489
 115687
 115773
 115946
 115971
 116023
 116172
 116247
 116417
 116872
 117019
 117025
 117031
 117067
 117169
 117295
 117306
 117390
 117396
 117819
 117868
 118161
 118198
 118207
 118212
 118649
 118691
 118773
 118811
 118853
 118890
 118940
 118977
 119107
 119144
 119402
 119568
 119577
 119708
 119783
 119999
 120240
 120351
 120597
 120611
 120622
 120637
 120698
 120700
 120935
 120979
 120995
 121373
 121413
 121495
 121711
 121880
 121933
 121938
 122120
 122212
 122572
 122699
 122738
 122772
 123116
 123196
 123266
 123281
 123330
 123390
 123515
 123609
 123657
 123670
 123671
 124044
 124072
 124142
 124238
 124256
 124401
 124533
 124537
 124935
 124950
 124959
 125040
 125263
 125496
 125703
 125800
 125950
 126514
 126608
 126831
 126955
 126993
 127132
 127165
 127176
 127203
 127209
 127388
 127481
 127562
 127613
 127720
 128038
 128082
 128151
 128232
 128366
 128597
 128599
 128827
 128903
 128914
 128996
 129294
 129575
 129608
 129652
 129668
 129684
 129813
 129818
 130033
 130069
 130227
 130278
 130279
 130358
 130434
 130525
 130559
 130629
 130653
 130666
 130797
 130965
 131021
 131055
 131195
 131212
 131363
 131635
 131778
 131845
 131861
 132131
 132168
 132199
 132471
 132509
 132626
 132673
 132750
 132855
 132997
 133312
 133333
 133460
 133757
 133866
 133964
 134061
 134066
 134083
 134167
 134439
 134513
 134717
 134855
 134928
 135147
 135156
 135265
 135304
 135429
 135615
 135617
 135629
 135631
 135709
 135761
 135957
 135973
 136029
 136055
 136073
 136363
 136423
 136448
 136484
 136525
 136574
 136591
 136612
 136622
 136731
 136863
 136904
 136949
 137024
 137196
 137261
 137336
 137401
 137428
 137534
 137689
 137774
 137869
 138174
 138227
 138239
 138390
 138424
 138484
 138503
 138514
 138537
 138616
 138949
 139140
 139193
 139226
 139373
 139514
 139537
 139621
 139638
 139718
 139766
 139964
 140373
 140380
 140517
 140602
 140663
 140801
 140845
 140936
 141078
 141080
 141086
 141143
 141335
 141464
 141564
 141718
 141756
 141787
 141935
 142061
 142148
 142164
 142195
 142499
 142540
 142653
 142690
 142694
 142827
 142828
 142857
 142983
 143012
 143199
 143222
 143344
 143374
 143543
 143613
 143646
 143702
 143724
 143807
 143897
 143956
 143998
 144000
 144069
 144129
 144180
 144238
 144261
 144318
 144372
 144584
 144587
 144596
 144702
 144888
 144896
 144941
 144970
 145261
 145420
 145519
 145647
 145686
 145735
 145745
 145840
 145997
 146025
 146063
 146106
 146126
 146138
 146226
 146323
 146534
 146644
 146648
 146656
 146692
 146787
 146788
 146862
 146961
 146963
 147214
 147228
 147309
 147458
 147503
 147509
 147521
 147531
 147702
 147782
 147823
 147995
 148188
 148234
 148308
 148309
 148387
 148424
 148587
 148648
 148710
 149103
 149171
 149200
 149560
 149563
 149584
 149594
 149599
 149648
 149690
 149765
 150317
 150358
 150415
 150537
 150642
 150684
 150743
 150773
 150837
 150856
 150989
 151055
 151098
 151188
 151397
 151414
 151604
 151675
 151688
 151775
 151805
 151841
 151890
 151962
 152199
 152455
 152493
 152500
 152689
 152741
 152773
 152776
 152850
 152882
 152959
 153016
 153295
 153324
 153518
 153606
 153643
 153652
 153653
 153728
 153846
 153997
 154336
 154417
 154457
 154549
 154773
 154894
 154900
 154923
 154946
 155178
 155374
 155389
 155578
 155656
 155706
 155725
 155763
 156205
 156228
 156250
 156381
 156534
 156696
 156797
 156816
 156877
 156886
 157003
 157178
 157351
 157358
 157396
 157575
 157583
 157590
 157635
 157758
 157808
 157857
 157894
 157907
 158017
 158091
 158116
 158216
 158335
 158531
 158652
 158705
 158823
 158841
 158870
 159036
 159087
 159191
 159193
 159365
 159420
 159455
 159532
 159569
 159616
 159730
 159752
 159800
 159875
 160014
 160048
 160148
 160156
 160215
 160279
 160531
 160594
 160756
 160843
 160851
 160884
 160906
 160957
 161107
 161128
 161215
 161280
 161476
 161480
 161588
 161660
 162008
 162162
 162175
 162253
 162656
 162936
 162952
 162977
 163004
 163081
 163133
 163204
 163269
 163313
 163335
 163522
 163620
 163665
 163672
 163708
 163736
 163830
 163831
 164054
 164211
 164219
 164245
 164319
 164380
 164406
 164412
 164455
 164496
 164502
 164546
 164556
 164563
 164654
 164743
 164883
 164922
 165147
 165154
 165192
 165394
 165474
 165519
 165520
 165792
 165886
 166003
 166032
 166288
 166294
 166357
 166362
 166572
 166621
 166622
 166634
 166982
 167008
 167073
 167076
 167239
 167329
 167358
 167359
 167676
 167706
 167736
 167777
 167880
 167893
 167916
 167998
 168116
 168141
 168369
 168410
 168589
 168739
 168834
 169361
 169417
 169694
 169699
 169847
 169857
 169896
 169905
 169995
 170092
 170203
 170371
 170481
 170731
 170740
 170931
 171064
 171073
 171112
 171115
 171284
 171470
 171484
 171575
 171600
 171702
 171745
 171855
 172003
 172120
 172160
 172289
 172331
 172341
 172359
 172850
 172859
 172879
 173106
 173355
 173536
 173705
 173738
 173913
 174029
 174134
 174193
 174258
 174404
 174407
 174557
 174567
 174921
 175204
 175257
 175261
 175291
 175448
 175552
 175638
 175815
 175824
 175849
 175937
 176545
 176609
 176698
 176718
 176845
 176922
 176953
 177029
 177051
 177228
 177233
 177234
 177240
 177539
 177555
 177607
 177836
 178070
 178123
 178273
 178304
 178636
 178718
 178840
 178918
 178926
 178962
 179104
 179113
 179149
 179277
 179285
 179572
 179586
 179615
 179809
 179941
 180095
 180102
 180132
 180213
 180236
 180327
 180520
 180522
 180749
 180793
 180960
 181082
 181220
 181225
 181261
 181358
 181428
 181523
 181681
 181811
 182021
 182025
 182062
 182069
 182243
 182517
 182787
 182846
 182868
 182902
 183074
 183215
 183410
 183438
 183535
 183574
 183597
 183769
 183788
 183908
 184117
 184405
 184412
 184443
 184448
 184480
 184760
 184998
 185013
 185109
 185185
 185445
 185483
 185493
 185567
 185605
 185799
 185949
 186023
 186092
 186093
 186211
 186214
 186221
 186447
 186572
 186602
 186893
 186917
 187487
 187614
 187656
 187680
 187795
 187923
 188004
 188137
 188200
 188275
 188277
 188511
 188558
 188699
 188711
 189015
 189095
 189207
 189380
 189751
 189769
 189834
 189861
 190057
 190139
 190218
 190267
 190546
 190600
 190601
 190673
 190732
 190819
 190839
 190852
 190894
 191097
 191166
 191220
 191359
 191419
 191431
 191489
 191568
 191649
 191756
 191763
 191811
 191972
 192107
 192269
 192389
 192456
 192479
 192488
 192583
 192592
 192878
 192981
 193013
 193021
 193034
 193113
 193194
 193234
 193301
 193356
 193387
 193423
 193644
 193918
 193956
 194099
 194115
 194240
 194244
 194291
 194385
 194460
 194490
 194532
 194536
 194592
 194627
 194841
 194847
 195144
 195161
 195354
 195484
 195581
 195600
 195656
 195781
 196011
 196078
 196299
 196375
 196415
 196492
 196900
 196923
 196969
 196999
 197064
 197309
 197387
 197389
 197640
 197694
 197776
 197860
 197899
 197907
 198013
 198074
 198227
 198409
 198453
 198725
 198938
 199029
 199378
 199428
 199483
 199601
 199710
 199716
 199999
 200000
 200084
 200087
 200116
 200427
 200480
 200746
 200831
 201117
 201140
 201170
 201230
 201265
 201355
 201614
 201635
 201672
 201728
 202006
 202049
 202065
 202104
 202140
 202164
 202236
 202291
 202305
 202351
 202387
 202468
 202506
 202765
 202854
 202901
 202918
 203004
 203095
 203241
 203278
 203344
 203371
 203382
 203389
 203499
 203512
 203541
 203569
 203571
 203621
 203649
 203951
 203961
 204104
 204155
 204230
 204271
 204288
 204336
 204433
 204535
 204801
 204816
 204914
 204951
 205043
 205053
 205095
 205128
 205299
 205310
 205366
 205451
 205457
 205488
 205559
 205642
 206086
 206349
 206451
 206733
 206744
 206789
 206896
 207090
 207129
 207201
 207256
 207428
 207647
 208117
 208179
 208279
 208342
 208439
 208673
 209003
 209090
 209104
 209141
 209252
 209289
 209345
 209356
 209363
 209385
 209404
 209486
 209533
 209685
 209808
 209813
 209845
 210036
 210055
 210073
 210202
 210420
 210462
 210596
 211125
 211157
 211280
 211296
 211469
 211501
 211727
 211760
 212121
 212204
 212217
 212220
 212288
 212449
 212491
 212828
 212903
 212915
 212927
 212985
 213492
 214076
 214209
 214590
 214735
 214736
 214756
 214841
 215075
 215125
 215338
 215380
 215384
 215414
 215661
 215674
 216029
 216156
 216173
 216174
 216179
 216185
 216315
 216381
 216472
 216649
 216964
 217028
 217054
 217073
 217091
 217105
 217266
 217268
 217287
 217355
 217391
 217425
 217459
 217651
 217722
 217776
 217893
 217936
 217948
 218181
 218201
 218577
 218593
 218680
 218788
 218901
 219172
 219379
 219407
 219446
 219603
 219765
 220350
 220560
 220563
 220660
 220762
 220794
 221079
 221203
 221204
 221254
 221302
 221327
 221481
 221584
 221646
 221740
 221741
 221878
 222020
 222222
 222382
 222458
 222640
 222707
 222792
 222824
 222924
 223031
 223204
 223367
 223506
 223531
 223598
 223695
 223719
 223796
 223844
 223873
 223996
 224077
 224106
 224111
 224169
 224335
 224434
 224437
 224562
 224572
 224669
 224685
 224803
 224813
 225240
 225328
 225352
 225392
 225410
 225432
 225442
 225563
 225603
 225606
 225817
 225819
 225930
 226115
 226129
 226321
 226412
 226425
 226531
 226993
 227027
 227028
 227076
 227272
 227338
 227387
 227454
 227527
 227613
 227769
 227782
 227867
 227952
 227988
 228026
 228046
 228078
 228160
 228436
 228446
 228699
 228861
 228915
 229012
 229220
 229261
 229328
 229347
 229381
 229851
 230197
 230215
 230245
 230309
 230424
 230477
 230489
 230626
 230629
 230762
 230865
 230870
 230889
 230891
 231263
 231279
 231289
 231291
 231406
 231456
 231547
 231617
 231752
 231775
 231819
 231847
 231905
 232042
 232107
 232120
 232135
 232181
 232247
 232502
 232533
 232889
 233215
 233264
 233336
 233391
 233540
 233599
 233763
 233806
 234126
 234268
 234328
 234449
 234474
 234660
 234683
 235327
 235347
 235410
 235449
 235493
 235500
 235528
 235668
 235737
 236048
 236072
 236140
 236205
 236242
 236272
 236323
 236341
 236352
 236421
 236482
 236491
 236742
 237056
 237527
 237529
 237555
 237649
 237791
 238031
 238060
 238095
 238195
 238495
 238649
 238723
 238766
 238805
 238837
 238995
 239139
 239215
 239436
 239529
 239631
 239819
 239839
 239896
 239915
 240098
 240506
 240642
 240652
 240707
 240984
 241080
 241114
 241126
 241201
 241260
 241449
 241667
 241721
 241770
 241884
 242369
 242566
 242808
 242851
 243022
 243254
 243495
 244016
 244073
 244238
 244244
 244293
 244361
 244411
 244682
 244787
 244834
 244946
 245283
 245330
 245372
 245746
 245805
 245863
 245895
 245984
 245991
 246240
 246345
 246357
 246359
 246425
 246461
 246466
 246507
 246665
 246694
 246732
 246796
 246853
 247098
 247270
 247322
 247323
 247374
 247428
 247590
 247654
 247693
 247869
 247889
 247910
 248074
 248125
 248381
 248494
 248679
 248817
 248938
 249059
 249061
 249089
 249098
 249332
 249455
 249627
 249861
 249940
 250129
 250203
 250214
 250418
 250596
 250846
 250925
 251023
 251093
 251220
 251292
 251421
 251759
 251804
 251845
 251928
 251974
 252341
 252650
 252683
 252700
 252701
 252707
 253121
 253390
 253502
 253556
 253575
 253650
 253720
 253752
 253965
 254050
 254327
 254430
 254551
 254743
 254847
 254901
 254975
 254980
 255014
 255043
 255224
 255290
 255349
 255594
 255645
 255813
 255999
 256000
 256009
 256136
 256157
 256231
 256535
 256733
 257051
 257208
 257326
 257386
 257616
 257765
 257800
 257827
 257893
 257921
 258006
 258021
 258024
 258070
 258084
 258153
 258310
 258383
 258592
 258614
 258774
 258930
 259032
 259040
 259254
 259343
 259451
 259555
 259556
 259693
 259711
 260032
 260033
 260188
 260609
 260665
 260765
 260781
 260869
 261145
 261217
 261270
 261284
 261425
 261895
 261924
 261933
 261979
 262419
 262491
 262524
 262545
 262674
 262691
 262704
 262774
 262844
 262910
 263028
 263075
 263152
 263157
 263216
 263468
 263475
 264112
 264208
 264228
 264325
 264605
 264671
 264730
 264971
 265010
 265440
 265444
 265674
 265729
 265867
 265917
 265949
 265993
 266254
 266268
 266556
 266666
 266791
 266874
 266890
 266916
 267045
 267274
 267334
 267448
 267453
 267756
 267865
 267971
 268041
 268063
 268080
 268217
 268457
 268491
 268628
 268656
 268924
 269262
 269393
 269469
 269550
 269766
 269862
 269878
 269937
 270292
 270323
 270401
 270421
 270454
 270510
 270576
 270644
 270742
 270771
 270783
 270865
 271009
 271294
 271340
 271379
 271523
 271533
 271626
 271674
 271805
 271841
 271882
 271946
 272190
 272204
 272611
 272618
 272619
 272915
 273075
 273273
 273288
 273407
 273463
 273548
 273553
 273581
 273721
 273837
 273880
 273894
 273949
 274055
 274437
 274438
 274454
 274512
 274531
 274595
 274608
 274644
 274671
 274796
 274809
 275013
 275282
 275360
 275365
 275448
 275507
 275915
 275999
 276039
 276146
 276183
 276187
 276232
 276328
 276374
 276421
 276590
 276785
 276802
 276877
 277026
 277040
 277066
 277134
 277179
 277237
 277247
 277329
 277431
 277434
 277588
 277702
 277711
 278042
 278055
 278230
 278282
 278517
 278518
 278601
 278632
 278659
 278678
 278736
 278775
 278791
 278873
 278884
 279204
 279329
 279540
 279557
 279684
 279732
 279906
 279922
 279952
 280149
 280328
 280399
 280513
 280653
 280701
 280722
 280773
 280800
 280916
 280936
 281017
 281045
 281301
 281306
 281430
 281492
 281782
 281838
 282009
 282030
 282051
 282109
 282119
 282162
 282252
 282257
 282627
 282725
 282968
 282980
 283018
 283163
 283182
 283185
 283379
 283721
 283803
 283915
 284033
 284086
 284103
 284232
 284314
 284404
 284446
 284489
 284883
 284966
 285055
 285061
 285156
 285172
 285258
 285319
 285526
 285689
 285714
 285829
 286133
 286141
 286201
 286428
 286532
 286657
 286705
 286741
 286803
 286974
 287048
 287094
 287112
 287217
 287434
 287503
 287509
 287619
 287680
 287792
 287863
 287935
 288042
 288194
 288234
 288360
 288659
 288694
 288844
 288898
 289009
 289249
 289286
 289308
 289473
 289637
 289772
 289841
 289855
 290099
 290553
 290615
 290953
 290976
 291035
 291113
 291146
 291183
 291287
 291702
 291713
 291907
 292041
 292113
 292139
 292261
 292322
 292328
 292491
 292553
 292589
 292646
 292904
 293035
 293045
 293089
 293387
 293408
 293703
 293847
 293965
 294117
 294120
 294403
 294456
 294548
 294571
 294605
 294671
 294807
 294845
 294887
 294937
 295003
 295046
 295308
 295362
 295469
 295641
 295683
 295716
 295912
 296017
 296046
 296070
 296110
 296192
 296222
 296296
 296395
 296403
 296450
 296577
 296625
 296800
 296815
 296817
 296824
 296859
 296864
 296882
 296943
 297188
 297297
 297476
 297488
 297541
 297768
 298157
 298238
 298348
 298369
 298394
 298405
 298626
 298651
 298690
 298777
 298825
 298830
 298876
 299427
 299648
 299921
 300033
 300059
 300076
 300117
 300410
 300619
 300633
 300676
 300748
 300798
 300864
 300869
 301089
 301269
 301597
 301719
 301979
 302047
 302086
 302193
 302293
 302294
 302409
 302517
 302558
 302653
 302718
 302786
 302874
 302965
 303309
 303402
 303404
 303411
 303420
 303443
 303448
 303457
 303841
 303869
 303873
 304022
 304059
 304128
 304334
 304437
 304451
 304570
 304627
 304685
 304732
 304932
 305039
 305180
 305236
 305534
 305540
 305623
 305625
 305637
 305823
 305826
 305877
 305940
 305957
 306028
 306034
 306044
 306051
 306098
 306122
 306190
 306246
 306280
 306359
 306460
 306474
 306497
 306781
 306902
 307002
 307008
 307019
 307107
 307139
 307237
 307444
 307502
 307961
 308016
 308048
 308302
 308419
 308505
 308529
 308533
 308554
 308568
 308621
 308728
 308762
 308904
 308980
 309070
 309283
 309532
 309661
 309698
 309753
 309882
 309900
 309967
 310008
 310035
 310109
 310167
 310293
 310344
 310484
 310638
 310679
 310703
 310713
 311043
 311111
 311252
 311392
 311692
 311779
 312225
 312347
 312432
 312714
 312820
 312941
 313078
 313219
 313254
 313312
 313458
 313520
 313559
 313588
 313877
 313922
 313953
 314095
 314156
 314215
 314221
 314261
 314285
 314415
 314485
 314680
 314710
 314880
 315078
 315236
 315434
 315475
 315747
 315815
 315913
 315942
 316039
 316053
 316306
 316330
 316333
 316524
 316597
 316624
 316653
 316723
 316783
 316805
 316888
 316962
 317068
 317131
 317250
 317276
 317286
 317460
 317491
 317620
 317653
 317700
 317793
 317948
 318016
 318041
 318339
 318386
 318741
 318888
 318897
 318917
 318939
 318947
 319107
 319176
 319343
 319351
 319378
 319381
 319587
 319639
 319740
 319812
 319865
 319958
 320025
 320146
 320190
 320214
 320229
 320238
 320302
 320342
 320552
 320743
 320794
 320989
 321506
 321637
 321733
 321739
 321993
 322133
 322148
 322191
 322327
 322403
 322448
 322661
 322692
 322949
 323048
 323098
 323108
 323290
 323345
 323495
 323497
 323571
 323922
 324043
 324132
 324225
 324305
 324324
 324377
 324426
 324446
 324482
 324538
 324624
 324794
 324924
 324999
 325057
 325115
 325135
 325191
 325234
 325389
 325533
 325639
 325703
 325727
 325799
 325869
 325959
 326060
 326081
 326235
 326462
 326611
 326675
 326728
 326729
 326768
 326878
 327028
 327252
 327254
 327455
 327510
 327636
 327680
 327751
 328046
 328049
 328188
 328377
 328477
 328563
 328627
 328642
 328664
 328888
 329000
 329003
 329357
 329453
 329493
 329896
 329981
 330042
 330133
 330134
 330549
 330561
 330618
 330660
 330724
 330730
 330808
 330923
 330990
 331094
 331237
 331371
 331401
 331412
 331545
 331643
 331658
 332267
 332442
 332470
 332530
 332754
 332801
 332825
 332970
 333071
 333188
 333195
 333277
 333333
 333366
 333567
 333630
 333672
 333680
 333808
 333834
 333852
 333862
 333915
 334045
 334062
 334149
 334208
 334406
 334768
 334888
 334892
 334958
 334990
 335203
 335284
 335295
 335305
 335432
 335664
 335669
 335731
 335767
 335791
 335794
 335844
 335863
 336076
 336268
 336354
 336379
 336380
 336462
 336499
 336500
 336596
 336615
 336695
 337005
 337043
 337070
 337134
 337147
 337214
 337287
 337473
 337495
 337673
 337732
 337742
 337791
 337835
 337975
 338015
 338306
 338405
 338488
 338767
 338819
 338918
 338951
 339096
 339109
 339237
 339449
 339492
 339549
 339619
 339658
 339664
 339728
 339739
 340037
 340087
 340199
 340281
 340302
 340361
 340383
 340403
 340510
 340544
 340879
 341021
 341047
 341162
 341574
 341700
 342047
 342129
 342131
 342174
 342182
 342373
 342762
 342770
 342783
 342857
 343005
 343209
 343276
 343344
 343386
 343413
 343434
 343535
 343615
 343792
 343890
 343918
 344006
 344092
 344114
 344183
 344231
 344280
 344282
 344296
 344352
 344857
 345305
 345318
 345391
 345413
 345450
 345498
 345562
 345563
 345865
 345935
 345971
 346105
 346218
 346558
 346778
 346815
 346817
 346888
 346972
 346987
 347018
 347051
 347110
 347202
 347239
 347305
 347323
 347364
 347381
 347558
 347580
 347968
 348069
 348178
 348188
 348273
 348441
 348541
 348703
 348977
 349005
 349095
 349206
 349247
 349385
 349397
 349442
 349496
 349627
 349791
 349831
 349943
 349983
 350042
 350061
 350368
 350580
 350644
 350648
 350692
 350807
 350984
 351062
 351150
 351159
 351294
 351336
 351468
 351540
 351545
 351718
 352040
 352116
 352220
 352373
 352411
 352544
 352578
 352634
 352658
 352662
 352756
 352847
 352941
 353067
 353083
 353137
 353161
 353223
 353366
 353413
 353430
 353525
 353652
 353705
 353789
 353939
 354015
 354160
 354224
 354330
 354430
 354443
 354533
 354543
 354636
 354760
 354904
 354982
 355206
 355354
 355658
 355660
 355774
 355813
 355846
 355879
 355932
 356083
 356134
 356283
 356294
 356597
 356691
 356702
 356706
 356859
 356987
 357014
 357113
 357152
 357281
 357309
 357362
 357384
 357691
 357815
 357854
 357894
 357917
 358034
 358067
 358226
 358239
 358260
 358306
 358534
 358543
 358559
 358683
 358769
 358842
 358892
 359037
 359095
 359558
 359738
 359929
 359991
 360253
 360360
 360361
 360537
 360576
 360770
 360846
 360848
 360974
 361129
 361152
 361523
 361622
 361623
 361635
 361735
 361835
 361956
 362029
 362033
 362109
 362170
 362229
 362401
 362666
 363179
 363330
 363401
 363543
 363579
 363622
 363664
 363707
 363744
 364144
 364250
 364344
 364665
 364748
 365126
 365251
 365513
 365836
 365955
 366040
 366071
 366255
 366285
 366438
 366584
 366585
 366646
 366668
 366725
 366739
 366850
 366863
 366906
 366914
 366934
 366986
 367317
 367371
 367542
 367567
 368042
 368114
 368258
 368565
 369230
 369410
 369669
 369687
 369694
 369717
 369819
 370012
 370052
 370094
 370103
 370120
 370172
 370197
 370217
 370223
 370259
 370315
 370333
 370425
 370516
 370559
 370685
 370737
 370773
 370803
 370858
 370868
 371118
 371133
 371237
 371283
 371396
 372253
 372335
 372397
 372640
 372696
 372881
 372886
 372988
 373134
 373346
 373358
 373626
 373662
 373872
 373924
 374076
 374091
 374324
 374396
 374553
 374679
 374723
 375063
 375086
 375090
 375110
 375162
 375266
 375335
 375503
 375624
 375657
 375731
 375822
 376013
 376286
 376309
 376314
 376327
 376436
 376608
 376678
 376708
 376801
 376905
 376975
 377007
 377064
 377225
 377451
 377507
 377690
 377838
 378076
 378126
 378162
 378205
 378281
 378468
 378501
 378563
 378576
 378715
 379063
 379097
 379100
 379149
 379307
 379414
 379421
 379529
 379535
 379557
 379699
 379709
 379834
 379840
 379918
 380041
 380399
 380400
 380455
 380660
 380721
 380760
 380764
 380776
 380786
 380915
 380917
 380935
 381107
 381249
 381296
 381404
 381443
 381454
 381518
 381778
 381866
 381926
 381944
 381945
 381994
 382070
 382291
 382409
 382467
 382503
 382564
 382707
 382709
 382737
 383024
 383065
 383208
 383260
 383342
 383350
 383403
 383561
 383702
 383974
 384148
 384196
 384457
 384528
 384670
 384912
 384930
 385000
 385015
 385174
 385365
 385446
 385542
 385602
 385631
 385808
 385838
 385922
 386019
 386315
 386492
 386539
 386556
 386629
 386646
 386719
 386720
 386885
 387007
 387096
 387149
 387163
 387188
 387442
 387456
 387564
 387581
 387611
 388086
 388213
 388296
 388608
 388632
 388752
 388777
 388868
 388878
 389199
 389261
 389378
 389404
 389408
 389596
 389777
 389953
 390045
 390135
 390163
 390233
 390266
 390291
 390326
 390408
 390432
 390489
 390648
 390742
 390927
 390953
 391025
 391082
 391105
 391120
 391170
 391304
 391312
 391327
 391408
 391682
 391816
 391901
 392013
 392145
 392233
 392356
 392462
 392520
 392627
 392705
 392758
 392900
 392977
 393166
 393178
 393277
 393358
 393367
 393432
 393485
 393511
 393515
 393539
 393586
 393609
 393662
 393670
 393696
 393700
 393782
 393817
 393822
 393843
 393846
 393875
 393939
 393982
 393986
 394178
 394186
 394207
 394245
 394377
 394527
 394586
 394648
 394768
 394786
 394812
 394959
 395060
 395074
 395273
 395350
 395373
 395450
 395474
 395480
 395584
 395714
 396046
 396075
 396098
 396500
 396502
 396513
 396543
 396581
 396612
 396618
 396762
 396769
 396782
 397163
 397203
 397251
 397333
 397387
 397429
 397455
 397542
 397663
 397950
 398230
 398254
 398366
 398437
 398724
 398945
 398971
 398995
 399039
 399095
 399135
 399455
 399604
 399663
 399765
 399790
 400000
 400012
 400074
 400118
 400281
 400609
 400624
 400640
 400989
 401072
 401369
 401455
 401501
 401529
 401554
 401564
 401676
 401852
 402005
 402061
 402139
 402263
 402361
 402543
 402579
 402686
 402836
 402919
 402995
 403028
 403063
 403169
 403280
 403395
 403638
 403646
 403648
 403695
 403846
 403847
 403930
 404181
 404193
 404276
 404380
 404637
 404685
 404898
 404985
 404988
 405427
 405571
 405596
 406055
 406381
 406441
 406556
 406627
 406650
 406819
 406993
 407026
 407142
 407162
 407307
 407325
 407357
 407369
 407385
 407402
 407701
 408254
 408322
 408323
 408729
 408845
 408920
 408946
 409351
 409706
 409724
 409729
 410109
 410214
 410242
 410299
 410461
 410504
 410625
 410675
 410776
 410933
 410974
 411040
 411161
 411228
 411239
 411272
 411501
 411528
 411541
 411567
 411575
 411603
 411747
 411855
 411993
 412061
 412063
 412089
 412114
 412159
 412286
 412307
 412316
 412645
 412722
 412773
 413127
 413457
 413488
 413493
 413740
 413771
 413816
 413842
 413870
 413896
 413997
 414008
 414309
 414448
 414505
 415094
 415194
 415378
 415384
 415623
 415714
 415730
 415871
 415886
 415929
 416189
 416243
 416336
 416380
 416702
 416808
 416893
 416925
 417042
 417198
 417309
 417336
 417767
 417796
 417858
 417910
 417946
 418065
 418081
 418136
 418213
 418238
 418321
 418498
 418583
 418611
 418764
 419074
 419250
 419281
 419326
 419354
 419542
 419613
 419634
 419753
 419759
 419903
 420001
 420049
 420166
 420260
 420288
 420295
 420316
 420468
 420512
 420526
 420578
 420632
 420646
 420830
 420838
 420970
 420990
 421201
 421259
 421319
 421352
 421441
 421578
 421683
 421692
 422048
 422193
 422238
 422275
 422280
 422347
 422465
 422512
 422515
 422585
 422608
 422637
 422752
 422980
 423180
 423305
 423499
 423580
 423685
 423752
 423786
 423861
 424042
 424213
 424227
 424344
 424369
 424397
 424498
 424533
 424581
 424607
 424760
 425392
 425958
 426086
 426122
 426124
 426272
 426278
 426292
 426335
 426373
 426375
 426475
 426525
 426530
 426594
 426616
 426626
 426853
 426855
 426917
 427091
 427104
 427397
 427559
 427586
 427648
 427658
 427664
 427781
 427843
 427938
 428137
 428216
 428266
 428292
 428298
 428571
 428618
 428874
 429310
 429377
 429402
 429409
 429463
 429522
 429565
 429886
 430013
 430076
 430345
 430679
 430682
 430880
 430939
 430945
 430982
 431273
 431348
 431554
 431706
 431766
 431850
 431917
 432074
 432146
 432210
 432289
 432290
 432322
 432375
 432397
 432416
 432567
 432596
 432597
 433088
 433168
 433218
 433252
 433255
 433397
 433482
 433614
 433644
 433667
 433734
 433861
 433962
 433981
 434001
 434055
 434315
 434336
 434418
 434471
 434504
 434563
 434725
 434777
 434825
 435059
 435114
 435196
 435206
 435217
 435258
 435409
 435557
 435560
 435607
 435790
 435897
 435980
 436065
 436111
 436134
 436241
 436299
 436468
 436526
 436642
 437168
 437405
 437451
 437689
 437768
 438161
 438202
 438288
 438492
 438543
 438735
 438794
 438855
 438978
 439001
 439032
 439122
 439425
 439560
 439596
 439834
 439842
 439886
 439915
 439982
 440040
 440041
 440236
 440281
 440521
 440584
 440929
 441113
 441268
 441339
 441396
 441444
 441624
 441630
 441684
 441713
 441881
 441928
 442141
 442509
 442557
 442725
 442846
 442892
 442922
 442982
 443026
 443160
 443179
 443231
 443330
 443396
 443440
 443447
 443529
 443592
 444032
 444118
 444272
 444652
 444996
 445009
 445086
 445118
 445130
 445148
 445206
 445490
 445654
 445871
 445924
 445943
 446052
 446197
 446233
 446347
 446352
 446376
 446502
 446540
 446595
 447035
 447167
 447233
 447303
 447352
 447427
 447445
 447468
 447480
 447487
 447660
 447896
 447949
 448074
 448085
 448163
 448344
 448476
 448704
 448764
 448974
 448999
 449189
 449230
 449255
 449295
 449319
 449385
 449388
 449517
 449876
 449913
 450030
 450143
 450172
 450326
 450336
 450377
 450610
 450662
 450867
 450879
 450887
 451002
 451023
 451094
 451152
 451287
 451401
 451430
 451571
 451657
 451683
 451776
 452051
 452113
 452134
 452210
 452269
 452343
 452488
 452645
 452649
 452944
 453004
 453024
 453288
 453315
 453316
 453320
 453470
 453757
 453832
 453884
 454142
 454201
 454241
 454281
 454313
 454376
 454444
 454572
 454692
 454718
 454827
 455175
 455328
 455391
 455451
 455490
 455539
 455583
 455774
 455791
 456298
 456311
 456360
 456389
 456414
 456431
 456510
 456553
 456555
 456599
 457223
 457225
 457294
 457404
 457417
 457542
 457634
 457731
 457815
 457896
 457900
 457954
 457971
 458181
 458201
 458223
 458225
 458300
 458490
 458789
 458824
 459130
 459193
 459333
 459341
 459383
 459459
 459613
 459627
 459657
 459770
 459829
 460029
 460032
 460046
 460281
 460326
 460553
 460716
 460760
 460902
 460942
 460949
 460992
 460994
 461116
 461294
 461406
 461432
 461544
 461739
 461798
 461968
 461990
 462063
 462172
 462346
 462354
 462399
 462533
 462617
 462735
 463109
 463134
 463328
 463395
 463414
 463529
 463546
 463551
 463747
 463829
 464003
 464285
 464555
 464627
 464967
 464988
 465132
 465224
 465307
 465429
 465625
 465669
 465670
 465778
 465799
 465922
 466007
 466299
 466345
 466349
 466378
 466565
 466739
 466952
 467165
 467281
 467299
 467506
 467532
 467803
 467916
 467926
 468078
 468132
 468271
 468390
 468432
 468488
 468590
 468663
 468779
 469043
 469049
 469072
 469222
 469278
 469357
 469381
 469518
 469608
 469839
 470157
 470173
 470305
 470318
 470331
 470588
 470594
 470648
 470691
 470893
 471127
 471304
 471308
 471388
 471400
 471476
 471646
 471677
 471810
 471931
 472069
 472159
 472178
 472481
 472527
 472552
 472562
 472718
 472768
 472819
 472842
 472902
 472921
 472941
 473011
 473030
 473090
 473102
 473155
 473382
 473451
 474067
 474075
 474078
 474236
 474245
 474277
 474310
 474428
 474697
 474934
 474976
 475016
 475129
 475275
 475356
 475606
 475815
 475832
 476244
 476276
 476376
 476570
 476737
 476793
 476834
 476872
 476990
 477081
 477093
 477209
 477252
 477264
 477373
 477376
 477448
 477466
 477513
 477856
 477948
 477967
 477987
 477999
 478032
 478300
 478345
 478368
 478401
 478468
 478631
 478666
 478723
 479034
 479085
 479344
 479452
 479459
 479562
 479740
 479795
 479845
 479947
 480192
 480344
 480704
 480714
 480913
 481052
 481069
 481074
 481183
 481205
 481221
 481326
 481339
 481457
 481486
 481526
 481545
 481581
 481617
 481748
 481873
 482145
 482190
 482200
 482464
 482526
 482686
 482689
 482730
 482922
 483146
 483268
 483412
 483478
 483579
 483648
 483718
 483990
 484049
 484114
 484514
 484676
 484708
 484742
 484780
 484848
 484858
 485162
 485314
 485354
 485654
 485659
 485669
 486038
 486422
 486646
 486653
 486805
 486815
 486822
 486825
 486975
 487158
 487471
 487534
 487609
 487678
 487698
 487849
 487943
 487980
 487999
 488146
 489012
 489106
 489167
 489361
 489431
 489576
 489616
 489621
 489785
 489798
 489822
 489834
 490031
 490305
 490510
 490591
 490909
 491003
 491014
 491019
 491040
 491042
 491062
 491229
 491439
 491459
 491541
 491761
 491784
 491807
 492071
 492081
 492082
 492307
 492442
 492670
 492812
 492891
 492908
 493093
 493152
 493155
 493253
 493537
 493908
 493975
 494081
 494317
 494335
 494417
 494420
 494623
 495085
 495090
 495260
 495271
 495312
 495397
 495432
 495451
 495637
 495696
 495703
 495829
 495934
 496085
 496093
 496140
 496143
 496173
 496187
 496322
 496416
 496520
 496559
 496605
 496639
 496691
 496923
 496971
 497025
 497088
 497175
 497279
 497340
 497370
 497778
 497808
 497862
 497941
 497973
 497975
 497981
 498136
 498596
 498734
 498800
 498933
 499133
 499148
 499279
 499322
 499439
 499656
 499810
 499937
 500216
 500306
 500450
 500561
 500586
 500676
 500747
 500833
 500888
 500898
 500963
 501230
 501275
 501453
 501580
 501698
 501747
 501890
 501909
 502003
 502156
 502157
 502235
 502369
 502475
 502570
 502766
 502905
 502907
 502936
 503225
 503253
 503277
 503537
 503597
 503613
 503718
 503740
 503861
 503877
 503905
 504106
 504326
 504343
 504472
 504635
 504647
 504958
 505024
 505080
 505203
 505282
 505298
 505494
 505660
 505823
 505833
 505864
 505914
 506087
 506111
 506262
 506343
 506493
 506502
 506595
 506666
 506713
 506801
 506856
 507042
 507051
 507120
 507155
 507341
 507346
 507518
 507636
 507650
 507717
 507862
 507873
 508156
 508177
 508196
 508203
 508274
 508279
 508280
 508329
 508587
 508603
 508627
 508629
 508666
 508751
 508766
 508874
 508988
 509366
 509367
 509517
 509536
 509568
 509661
 509762
 509816
 509954
 509991
 510077
 510121
 510255
 510500
 510557
 510624
 510704
 510711
 510717
 510762
 510767
 510998
 511064
 511106
 511226
 511917
 512209
 512212
 512247
 512257
 512555
 512575
 512615
 512654
 512704
 512742
 512924
 512943
 513213
 513499
 513579
 513637
 513733
 514151
 514270
 514285
 514340
 514369
 514586
 514636
 514721
 514877
 515009
 515106
 515113
 515151
 515301
 515303
 515513
 515519
 515520
 515525
 515569
 515636
 515764
 515934
 516048
 516083
 516341
 516571
 516693
 516751
 516929
 517044
 517059
 517182
 517337
 517341
 517546
 517563
 517647
 517662
 517665
 517871
 517935
 518006
 518146
 518217
 518234
 518259
 518481
 518518
 518565
 518610
 518654
 518853
 518986
 519163
 519244
 519426
 519480
 519768
 519905
 519963
 519970
 520000
 520094
 520107
 520203
 520294
 520402
 520471
 520578
 520610
 520619
 520631
 521194
 521221
 521525
 521643
 521735
 521800
 521924
 521937
 521961
 522036
 522104
 522154
 522369
 522419
 522494
 522504
 522653
 522822
 522840
 522854
 522870
 522882
 522914
 523164
 523303
 523380
 523455
 523468
 523529
 523557
 523570
 523571
 523673
 523717
 524078
 524104
 524281
 524435
 524439
 524572
 524623
 524685
 524934
 525069
 525196
 525212
 525313
 525345
 525537
 525781
 525840
 525906
 525930
 525946
 526113
 526133
 526315
 526396
 526415
 526479
 526612
 526669
 526829
 526889
 526946
 527030
 527113
 527418
 527682
 527746
 527807
 527950
 527956
 528422
 528441
 528455
 528466
 528569
 528636
 528678
 528783
 528948
 529001
 529155
 529183
 529193
 529222
 529279
 529304
 529351
 529356
 529488
 529516
 529761
 529796
 529898
 529916
 530127
 530348
 530514
 530566
 530612
 530619
 530725
 530736
 531114
 531176
 531273
 531308
 531534
 531587
 531641
 531857
 531880
 531950
 532131
 532135
 532142
 532356
 532406
 532467
 532559
 532681
 532710
 532721
 532834
 532969
 533291
 533599
 533620
 533696
 533705
 533823
 533870
 533928
 533995
 534148
 534276
 534446
 534485
 534713
 534911
 534922
 534930
 534954
 534955
 535026
 535129
 535266
 535506
 535520
 535562
 535751
 535821
 535971
 536087
 536425
 536578
 536745
 536813
 537005
 537024
 537080
 537082
 537105
 537146
 537230
 537402
 537482
 537513
 537588
 537652
 537672
 538157
 538229
 538307
 538374
 538461
 538606
 538647
 538780
 538802
 538864
 538920
 538968
 538998
 539033
 539050
 539106
 539182
 539219
 539316
 539346
 539376
 539418
 539420
 539695
 539708
 539712
 539765
 539777
 539869
 540020
 540033
 540349
 540505
 540615
 540641
 540730
 540898
 540953
 541116
 541301
 541437
 541514
 541528
 541547
 541567
 541570
 541574
 541666
 541725
 541996
 542070
 542111
 542116
 542117
 542283
 542324
 542347
 542394
 542428
 542484
 542528
 542541
 542737
 542810
 542828
 542964
 542968
 543013
 543164
 543192
 543225
 543337
 543342
 543375
 543378
 543404
 543420
 543563
 543665
 543819
 543897
 543938
 543985
 544136
 544298
 544356
 544404
 544513
 544935
 545196
 545241
 545691
 545832
 545977
 546040
 546052
 546059
 546159
 546278
 546291
 546316
 546359
 546419
 546448
 546546
 546558
 546707
 546721
 546902
 547103
 547286
 547364
 547498
 547619
 547668
 547871
 547873
 547881
 547914
 548022
 548169
 548332
 548535
 548660
 548689
 548736
 548800
 548936
 549032
 549295
 549376
 549520
 549642
 549767
 549818
 549838
 549852
 549866
 550133
 550148
 550204
 550225
 550296
 550352
 550402
 550508
 550608
 550649
 550805
 550856
 550947
 551071
 551113
 551122
 551183
 551282
 551352
 551373
 551395
 551628
 551658
 551758
 551782
 551839
 551918
 551975
 552135
 552238
 552387
 552439
 552541
 552660
 552720
 552758
 552792
 552840
 552926
 553012
 553335
 553506
 553700
 553729
 553733
 553854
 553877
 553954
 554140
 554241
 554254
 554311
 554574
 554606
 554632
 554702
 554787
 554850
 555020
 555171
 555293
 555340
 555349
 555442
 555485
 555555
 555693
 555756
 555781
 556009
 556095
 556127
 556139
 556247
 556280
 556420
 556526
 556624
 556670
 556692
 556798
 556802
 557022
 557131
 557289
 557323
 557504
 557575
 557838
 558432
 558443
 558458
 558521
 558596
 558613
 558803
 558828
 558943
 558966
 559006
 559068
 559162
 559331
 559523
 559660
 559778
 559843
 559849
 559892
 560000
 560050
 560107
 560288
 560338
 560498
 560592
 560679
 560690
 560925
 560994
 561052
 561212
 561213
 561214
 561241
 561268
 561311
 561346
 561430
 561683
 561797
 561918
 561938
 561975
 562117
 562394
 562438
 562491
 562587
 562991
 563165
 563168
 563177
 563249
 563600
 563611
 563668
 563716
 563717
 563976
 564193
 564220
 564339
 564356
 564399
 564510
 564587
 565180
 565346
 565362
 565416
 565497
 565661
 565770
 565780
 566055
 566078
 566266
 566358
 566371
 566719
 567021
 567058
 567472
 567505
 567531
 567589
 567645
 567687
 567978
 568023
 568043
 568072
 568098
 568181
 568332
 568427
 568452
 568578
 568761
 568822
 568880
 568881
 569015
 569178
 569315
 569480
 569499
 569565
 569600
 569707
 569742
 569770
 569786
 569998
 570012
 570014
 570251
 570285
 570349
 570473
 570527
 570529
 570552
 570597
 570605
 570667
 570692
 570803
 570915
 570988
 571170
 571251
 571279
 571428
 571581
 571718
 571760
 571907
 571989
 572031
 572044
 572127
 572237
 572250
 572317
 572341
 572349
 572406
 572446
 572458
 572505
 572692
 572718
 572742
 572977
 573079
 573137
 573248
 573339
 573390
 573474
 573525
 573578
 573675
 574030
 574034
 574177
 574194
 574210
 574264
 574568
 574569
 574570
 574678
 574711
 574769
 574789
 574803
 574825
 574836
 574875
 574938
 575163
 575251
 575442
 575479
 575530
 575609
 575674
 575762
 575845
 575881
 575933
 576217
 576492
 576494
 576518
 576923
 576998
 577215
 577223
 577243
 577358
 577393
 577485
 577531
 577553
 577689
 577903
 578012
 578021
 578091
 578158
 578220
 578278
 578300
 578530
 579132
 579212
 579300
 579387
 579528
 579814
 579824
 579904
 579952
 580071
 580410
 580760
 580937
 581038
 581208
 581460
 581497
 581624
 581804
 581821
 581873
 581970
 582109
 582164
 582342
 582445
 582653
 582813
 583016
 583052
 583199
 583242
 583333
 583379
 583697
 583941
 584012
 584129
 584158
 584226
 584387
 584615
 584699
 584882
 584905
 584968
 585014
 585019
 585140
 585225
 585281
 585341
 585365
 585415
 585508
 585555
 585703
 585747
 585765
 585860
 585939
 586086
 586092
 586140
 586229
 586386
 586398
 586399
 586541
 586556
 586851
 586930
 586967
 586973
 587022
 587159
 587169
 587295
 587336
 587461
 587467
 587603
 587623
 587648
 587771
 587789
 587908
 587939
 588149
 588244
 588266
 588288
 588413
 588727
 589060
 589138
 589400
 589468
 589536
 590230
 590315
 590483
 590491
 590655
 590670
 590797
 591019
 591228
 591268
 591328
 591395
 591426
 591795
 591856
 591894
 591920
 592016
 592046
 592157
 592209
 592394
 592408
 592429
 592436
 592457
 592560
 592571
 592655
 592891
 593039
 593118
 593187
 593220
 593384
 593389
 593406
 593411
 593477
 593478
 593754
 593764
 593799
 593886
 593935
 594051
 594113
 594120
 594339
 594351
 594393
 594492
 594552
 594739
 594802
 594844
 595009
 595032
 595088
 595128
 595145
 595171
 595226
 595241
 595278
 595343
 595594
 595679
 595780
 596031
 596053
 596081
 596204
 596535
 596541
 596568
 596588
 596677
 596809
 596828
 596907
 596990
 597059
 597095
 597208
 597366
 597449
 597497
 597580
 597634
 597656
 597713
 597775
 597938
 597956
 598150
 598156
 598489
 598517
 598796
 598802
 598836
 598952
 599160
 599185
 599251
 599280
 599779
 599810
 599854
 599878
 599934
 599941
 599942
 599999
 600000
 600117
 600145
 600197
 600313
 600448
 600505
 600513
 600516
 600522
 600593
 600682
 600708
 600768
 600769
 600950
 600997
 601245
 601258
 601269
 601334
 601376
 601436
 601574
 601583
 601716
 601759
 601865
 602002
 602113
 602117
 602349
 602382
 602503
 602720
 602767
 602793
 603105
 603263
 603385
 603585
 603686
 603951
 603960
 604005
 604064
 604305
 604314
 604345
 604404
 604438
 604651
 604739
 604778
 605066
 605177
 605260
 605535
 605619
 605749
 605829
 605865
 605885
 606030
 606060
 606099
 606157
 606194
 606473
 606725
 606876
 606930
 607011
 607040
 607097
 607165
 607304
 607305
 607329
 607369
 607376
 607734
 607940
 607966
 608028
 608061
 608093
 608275
 608496
 608775
 608831
 608902
 609006
 609480
 609658
 609699
 609727
 609733
 609963
 610000
 610170
 610233
 610324
 610350
 610355
 610410
 610778
 610810
 611237
 611261
 611327
 611331
 611504
 611794
 611851
 611888
 612086
 612116
 612168
 612174
 612193
 612296
 612579
 612598
 612621
 612667
 612972
 613330
 613360
 613629
 613649
 613682
 613746
 613793
 613801
 613830
 613934
 613949
 614176
 614244
 614257
 614284
 614432
 614488
 614628
 614815
 614833
 614839
 614951
 614981
 615042
 615136
 615141
 615201
 615269
 615408
 615530
 615591
 615622
 615728
 615809
 615973
 616078
 616098
 616166
 616224
 616389
 616425
 616817
 616871
 616873
 616951
 617006
 617062
 617111
 617153
 617303
 617552
 617554
 617608
 617782
 617886
 617913
 617924
 618105
 618293
 618493
 618691
 618711
 618742
 618830
 618908
 618975
 618989
 619095
 619181
 619186
 619245
 619273
 619458
 619650
 619761
 619768
 619969
 619991
 620245
 620369
 620423
 620495
 620625
 620680
 620689
 620751
 620837
 620915
 620990
 621074
 621079
 621124
 621149
 621376
 621396
 621621
 621702
 621705
 621710
 622006
 622016
 622021
 622047
 622241
 622247
 622377
 622628
 622639
 622667
 622720
 622773
 622848
 623113
 623289
 623318
 623474
 623866
 623874
 623906
 624181
 624315
 624355
 624704
 624859
 624920
 624941
 625040
 625131
 625250
 625261
 625272
 625291
 625408
 625658
 625882
 626016
 626032
 626111
 626251
 626270
 626454
 626887
 626924
 626978
 627017
 627093
 627160
 627193
 627370
 627441
 627682
 627753
 627756
 627907
 627956
 628037
 628264
 628413
 628613
 628618
 628718
 628762
 628847
 628942
 629184
 629261
 629334
 629427
 629495
 629658
 629662
 629737
 629747
 629812
 629946
 629999
 630014
 630023
 630136
 630193
 630199
 630205
 630260
 630351
 630477
 630519
 630900
 630938
 630963
 631078
 631179
 631319
 631548
 631562
 631601
 631688
 631945
 631963
 632231
 632303
 632320
 632441
 632598
 632653
 632755
 632883
 632958
 633003
 633010
 633153
 633430
 633431
 633434
 633474
 633477
 633600
 633707
 633762
 633792
 633807
 634265
 634268
 634289
 634347
 634409
 634415
 634542
 634658
 634760
 634823
 634832
 634855
 634878
 634971
 635013
 635259
 635379
 635440
 635532
 635605
 635611
 635633
 635661
 635664
 635734
 635828
 635885
 636037
 636200
 636345
 636518
 636813
 636987
 637056
 637099
 637177
 637194
 637288
 637314
 637357
 637399
 637659
 637676
 637925
 637948
 638191
 638318
 638366
 638438
 638506
 638546
 638704
 638728
 638864
 638877
 639065
 639099
 639239
 639669
 639690
 639866
 639876
 639882
 639885
 640013
 640077
 640136
 640184
 640387
 640994
 641049
 641091
 641194
 641216
 641221
 641277
 641340
 641351
 641405
 641479
 641668
 641725
 641743
 641853
 641863
 641885
 642002
 642158
 642163
 642437
 642442
 642563
 642657
 642795
 642851
 642883
 643071
 643131
 643328
 643469
 643600
 643707
 643715
 643724
 643751
 643826
 643867
 643932
 643967
 644104
 644410
 644444
 644618
 644801
 644847
 644854
 644919
 644938
 644943
 645030
 645031
 645326
 645365
 645536
 645688
 645856
 645861
 646037
 646218
 646228
 646497
 646739
 646924
 646970
 646972
 647031
 647232
 647340
 647542
 647550
 647558
 647564
 647597
 647602
 647704
 647803
 647969
 648001
 648254
 648312
 648322
 648363
 648514
 648535
 648548
 648562
 648617
 648625
 648756
 648765
 648833
 648902
 649029
 649105
 649129
 649204
 649392
 649717
 649796
 649833
 650101
 650115
 650144
 650278
 650831
 650963
 650982
 651319
 651432
 651819
 652071
 652112
 652146
 652173
 652292
 652355
 652396
 652403
 652450
 652507
 652568
 652661
 652773
 652915
 652974
 653153
 653190
 653237
 653239
 653262
 653315
 653333
 653404
 653517
 653588
 653882
 654353
 654384
 654602
 654699
 654828
 655028
 655122
 655246
 655328
 655345
 655399
 655656
 655796
 656043
 656108
 656124
 656163
 656490
 656532
 656565
 656722
 657078
 657095
 657271
 657274
 657328
 657381
 657769
 657774
 657852
 657912
 658227
 658289
 658377
 658419
 658459
 658468
 658522
 658627
 658629
 658801
 658914
 659099
 659159
 659254
 659267
 659340
 659353
 659496
 659708
 659792
 659820
 660051
 660127
 660159
 660177
 660267
 660386
 660427
 660477
 660528
 660610
 660642
 660907
 660944
 661080
 661191
 661285
 661500
 661751
 661795
 661855
 662125
 662309
 662360
 662363
 662409
 662517
 662578
 662598
 662676
 662873
 662908
 662921
 663001
 663146
 663278
 663456
 663688
 663735
 663774
 664053
 664198
 664266
 664521
 664568
 664654
 664873
 665066
 665151
 665182
 665336
 665415
 665427
 665557
 665649
 665725
 665750
 665940
 666303
 666342
 666412
 666427
 666545
 666666
 666720
 666728
 666888
 667229
 667458
 667637
 667850
 667866
 668046
 668087
 668303
 668456
 668566
 668817
 669278
 669291
 669421
 669511
 669546
 669577
 669589
 669599
 669693
 669803
 669849
 670043
 670150
 670164
 670588
 670647
 670648
 670653
 670658
 670846
 670867
 670931
 670960
 671074
 671147
 671354
 671365
 671576
 671611
 671679
 671737
 671875
 671996
 672028
 672260
 672304
 672566
 672679
 672922
 673340
 673344
 673415
 673470
 673582
 673670
 673711
 673716
 673722
 673772
 673933
 674031
 674033
 674100
 674235
 674280
 674300
 674505
 674512
 674787
 674796
 674842
 674843
 674888
 675003
 675240
 675308
 675663
 675710
 675824
 675859
 675957
 675999
 676074
 676147
 676151
 676258
 676648
 676710
 676979
 676999
 677203
 677366
 677487
 677504
 677747
 677784
 677866
 677926
 677957
 678152
 678153
 678441
 678444
 678614
 678648
 678737
 678746
 678914
 679092
 679123
 679152
 679174
 679324
 679450
 679584
 679731
 679820
 679925
 679929
 679987
 679999
 680027
 680156
 680250
 680298
 680299
 680575
 680752
 680998
 681334
 681389
 681614
 681927
 682092
 682110
 682223
 682242
 682246
 682339
 682352
 682412
 682581
 682597
 682968
 683134
 683203
 683243
 683257
 683267
 683315
 683338
 683560
 683693
 683740
 683879
 683975
 684030
 684060
 684093
 684102
 684253
 684483
 684648
 684668
 684992
 685019
 685180
 685271
 685563
 685671
 686015
 686192
 686390
 686462
 686931
 687110
 687141
 687257
 687334
 687378
 687460
 687513
 687804
 688014
 688125
 688132
 688152
 688190
 688483
 688548
 688579
 688692
 688709
 688831
 688888
 688939
 689065
 689350
 689359
 689401
 689535
 689595
 689624
 689687
 689738
 689783
 689784
 689789
 689846
 690046
 690097
 690214
 690415
 690524
 690553
 690703
 690858
 691079
 691093
 691491
 691623
 691642
 691667
 691701
 692027
 692104
 692208
 692224
 692266
 692407
 692763
 692803
 692864
 692901
 693012
 693021
 693121
 693222
 693388
 693445
 693484
 693837
 693901
 693919
 694033
 694074
 694218
 694312
 694334
 694432
 694584
 694592
 694628
 694723
 694868
 695087
 695195
 695293
 695304
 695413
 695509
 695688
 695832
 695898
 695909
 695910
 696260
 696288
 696298
 696330
 696378
 696425
 696507
 696573
 696637
 696829
 696879
 697038
 697040
 697067
 697187
 697294
 697475
 697545
 698019
 698564
 698567
 698599
 698626
 698742
 698887
 698989
 699253
 699386
 699472
 699527
 699533
 699540
 699711
 699889
 699950
 700000
 700017
 700128
 700175
 700190
 700244
 700315
 700424
 700550
 700641
 700873
 700947
 701038
 701169
 701458
 701754
 701844
 701860
 701916
 701984
 701999
 702001
 702068
 702074
 702107
 702164
 702266
 702385
 702444
 702771
 702780
 703080
 703106
 703166
 703168
 703206
 703349
 703397
 703486
 703571
 703625
 703636
 703652
 703745
 703975
 703990
 704010
 704185
 704208
 704210
 704239
 704410
 704507
 704508
 704625
 704729
 704801
 705002
 705049
 705185
 705302
 705311
 705375
 705421
 705601
 705634
 705647
 705801
 705958
 706253
 706293
 706332
 706462
 706467
 706548
 706575
 706693
 706847
 706921
 706938
 706940
 706993
 707032
 707098
 707168
 707254
 707443
 707456
 707460
 707558
 707602
 707633
 707646
 707684
 707817
 707837
 708075
 708463
 708496
 708557
 708563
 708725
 708860
 708871
 709074
 709285
 709355
 710187
 710213
 710442
 710583
 710662
 710886
 711427
 711498
 711502
 711641
 711913
 711954
 711997
 712040
 712175
 712261
 712316
 712433
 712496
 712582
 712605
 713077
 713354
 713419
 713619
 713656
 713696
 713924
 713963
 714150
 714285
 714363
 714538
 714567
 714585
 714824
 715131
 715151
 715195
 715444
 715503
 715645
 715748
 715901
 715941
 716144
 716282
 716417
 716471
 716510
 716523
 716598
 716710
 716805
 716876
 716883
 716990
 717017
 717095
 717147
 717278
 717316
 717337
 717393
 717407
 717572
 717629
 717762
 717896
 718119
 718190
 718221
 718233
 718242
 718428
 718476
 718516
 718554
 719114
 719160
 719347
 719476
 719485
 719537
 719575
 719630
 719919
 719945
 720032
 720048
 720145
 720176
 720328
 720347
 720420
 720423
 720521
 720582
 720601
 720884
 721141
 721174
 721224
 721664
 721958
 722073
 722097
 722183
 722194
 722222
 722250
 722473
 722595
 722689
 722717
 722765
 723344
 723443
 723513
 723650
 723776
 723807
 723875
 723962
 724281
 724296
 724320
 724466
 724473
 724501
 724520
 724524
 724612
 724763
 724810
 724966
 725073
 725144
 725149
 725200
 725289
 725342
 725511
 725894
 726083
 726194
 726222
 726355
 726573
 726730
 726754
 726791
 726858
 726925
 727272
 727378
 727431
 727490
 727588
 727592
 727626
 727909
 727959
 728165
 728235
 728363
 728700
 728741
 728796
 728810
 729095
 729159
 729288
 729301
 729398
 729781
 729873
 730119
 730136
 730226
 730342
 730371
 730442
 730556
 730673
 730688
 730975
 731235
 731256
 731397
 731399
 731715
 731844
 731951
 732068
 732162
 732220
 732231
 732323
 732330
 732394
 732401
 732502
 732504
 732527
 732539
 732600
 732602
 732674
 732693
 732806
 732835
 732915
 732959
 732967
 733276
 733333
 733703
 733746
 733762
 733848
 733855
 733911
 734082
 734140
 734177
 734275
 734604
 734774
 734813
 735255
 735336
 735340
 735515
 735574
 735665
 735723
 735786
 735819
 735938
 735982
 736268
 736270
 736285
 736406
 736489
 736613
 736654
 736745
 736886
 736894
 736939
 736941
 737127
 737140
 737200
 737329
 737433
 737452
 737508
 737523
 737534
 737689
 737699
 737731
 737947
 737991
 738259
 738294
 738439
 738606
 738625
 738636
 738691
 738900
 739135
 739385
 739505
 739553
 739568
 739594
 739767
 739910
 740082
 740088
 740294
 740444
 740458
 740485
 740693
 740755
 740816
 740980
 741009
 741134
 741277
 741283
 741316
 741384
 741392
 741472
 741474
 741732
 741750
 741950
 742173
 742224
 742293
 742623
 742636
 742641
 742869
 742882
 743016
 743026
 743076
 743169
 743172
 743231
 743368
 743418
 743479
 743490
 743499
 743561
 743617
 743626
 743750
 743751
 743853
 744051
 744061
 744250
 744480
 744783
 744819
 745098
 745263
 745323
 745568
 745577
 745735
 745975
 746031
 746056
 746135
 746408
 746417
 746467
 746482
 746535
 746716
 746945
 747024
 747062
 747171
 747325
 747361
 747500
 747513
 747553
 747621
 747704
 747755
 748091
 748097
 748187
 748201
 748212
 748317
 748375
 748387
 748520
 748619
 748953
 749035
 749093
 749180
 749352
 749481
 749610
 749611
 749767
 749895
 749983
 750000
 750177
 750197
 750264
 750430
 750445
 750591
 750679
 750814
 750933
 750954
 751023
 751189
 751439
 751550
 751671
 751902
 752044
 752089
 752218
 752267
 752488
 752539
 752611
 752636
 753128
 753171
 753252
 753371
 753426
 753576
 753758
 754024
 754090
 754187
 754358
 754387
 755009
 755078
 755120
 755245
 755338
 755412
 755519
 755636
 755724
 755790
 755958
 755961
 756007
 756110
 756193
 756373
 756600
 756623
 756648
 756670
 756726
 756750
 756756
 756805
 756927
 756944
 756998
 757062
 757389
 757505
 757528
 757744
 757774
 757775
 757791
 757796
 757897
 757951
 758022
 758073
 758141
 758161
 758226
 758247
 758303
 758304
 758398
 758524
 758552
 758620
 758757
 758765
 758805
 758951
 758966
 759078
 759225
 759254
 759604
 759640
 759734
 759816
 759848
 759907
 759909
 759936
 760188
 760242
 760408
 760663
 760880
 760951
 760975
 761040
 761087
 761134
 761188
 761195
 761800
 761802
 761937
 762015
 762198
 762329
 762420
 762454
 762650
 762682
 762686
 762809
 762937
 763160
 763319
 763355
 763408
 763455
 763641
 763675
 763713
 764072
 764166
 764187
 764295
 764314
 764423
 764541
 765104
 765140
 765142
 765184
 765383
 765658
 765760
 765850
 765870
 766026
 766033
 766098
 766121
 766148
 766274
 766420
 766505
 766617
 766753
 767020
 767054
 767075
 767143
 767180
 767216
 767223
 767441
 767575
 767631
 767748
 767829
 767847
 767929
 768121
 768133
 768195
 768225
 768309
 768329
 768358
 768369
 768500
 768518
 768602
 768814
 768926
 769002
 769100
 769174
 769182
 769189
 769230
 769320
 769484
 769550
 769554
 769719
 769774
 770167
 770213
 770721
 770771
 770902
 771062
 771213
 771249
 771326
 771362
 771554
 771722
 771787
 772009
 772319
 772653
 772666
 772699
 772744
 772766
 773051
 773060
 773129
 773188
 773227
 773240
 773248
 773306
 773366
 773490
 773534
 773552
 773657
 773694
 773873
 773925
 774061
 774167
 774294
 774381
 774472
 774607
 774631
 774632
 774689
 774878
 774905
 775024
 775048
 775058
 775290
 775330
 775335
 775353
 775668
 775825
 775989
 776027
 776219
 776276
 776504
 776645
 776653
 776838
 777201
 777363
 777527
 777794
 777936
 778018
 778044
 778519
 778547
 778652
 778684
 778773
 778890
 779152
 779290
 779706
 779824
 780013
 780071
 780075
 780267
 780395
 780509
 780511
 780699
 780754
 780883
 780909
 780968
 781025
 781363
 781377
 781469
 781582
 781732
 781797
 781800
 781983
 782158
 782213
 782221
 782410
 782455
 782534
 782674
 782754
 782822
 782825
 782872
 782925
 782980
 783172
 783242
 783275
 783375
 783384
 783719
 784303
 784334
 784492
 784499
 784556
 784608
 784615
 784653
 784658
 784798
 784834
 784925
 785017
 785028
 785087
 785185
 785190
 785386
 785402
 785494
 785618
 785645
 785671
 785714
 785913
 786093
 786189
 786359
 786368
 786454
 786577
 786592
 786644
 786716
 786733
 786752
 786787
 786797
 786871
 786968
 786995
 787043
 787060
 787104
 787165
 787281
 787356
 787373
 787427
 787464
 787641
 787712
 787806
 787862
 787987
 788115
 788265
 788388
 788513
 788732
 788765
 788814
 788919
 788952
 788994
 789031
 789196
 789252
 789257
 789277
 789337
 789405
 789555
 789587
 789671
 789850
 789968
 790120
 790152
 790514
 790531
 790533
 790623
 790660
 790669
 790697
 790794
 790957
 790980
 790996
 791174
 791205
 791344
 791375
 791474
 791595
 791596
 791616
 791801
 792301
 792452
 792475
 792764
 792769
 792817
 792900
 792916
 793070
 793835
 793931
 794061
 794342
 794546
 794805
 794950
 795070
 795172
 795201
 795204
 795355
 795454
 795534
 795547
 795636
 795865
 795958
 796044
 796084
 796110
 796230
 796259
 796287
 796324
 796455
 796692
 796707
 796755
 796875
 797050
 797091
 797167
 797174
 797202
 797315
 797341
 797509
 797542
 797546
 797718
 797754
 797822
 797837
 797851
 798033
 798083
 798291
 798526
 798589
 799212
 799220
 799247
 799377
 799492
 799501
 799559
 799573
 799634
 799948
 799978
 800000
 800030
 800060
 800132
 800139
 800364
 800369
 800373
 800444
 800719
 800775
 800865
 800918
 800983
 801031
 801069
 801099
 801100
 801116
 801278
 801307
 801358
 801513
 801781
 801788
 801845
 801856
 801904
 802073
 802130
 802157
 802164
 802599
 802816
 802925
 803030
 803146
 803227
 803683
 803699
 804029
 804063
 804195
 804209
 804274
 804325
 804423
 804733
 804922
 804932
 804941
 805004
 805225
 805250
 805266
 805384
 805400
 805600
 805680
 805741
 805867
 805936
 805976
 805977
 806068
 806098
 806189
 806212
 806452
 806460
 806469
 806475
 806488
 806500
 806512
 806523
 806532
 806603
 806647
 806677
 806688
 806760
 806866
 806916
 807178
 807200
 807344
 807352
 807378
 807421
 807513
 807610
 807631
 807775
 807817
 807938
 808235
 808236
 808278
 808290
 808310
 808312
 808676
 808731
 808838
 808934
 809039
 809096
 809174
 809210
 809217
 809230
 809243
 809389
 809402
 809523
 809570
 809582
 809598
 809619
 809694
 809703
 809846
 809950
 810045
 810059
 810202
 810336
 810474
 810494
 810659
 810699
 810799
 810815
 810914
 811119
 811309
 811425
 811459
 811475
 811500
 811803
 811808
 812007
 812291
 812500
 812559
 812590
 812596
 812615
 812682
 812734
 812793
 812911
 812913
 812949
 812964
 813030
 813041
 813084
 813255
 813288
 813350
 813443
 813912
 814116
 814363
 814378
 814569
 814709
 814757
 814828
 814939
 814944
 814977
 815326
 815529
 815722
 815808
 815820
 815982
 816004
 816053
 816130
 816177
 816441
 816442
 816500
 816582
 816670
 816711
 816933
 816946
 816971
 817169
 817289
 817357
 817572
 817590
 817689
 817704
 817996
 818020
 818059
 818181
 818331
 818401
 818686
 818729
 818736
 818771
 818780
 818824
 819011
 819153
 819170
 819211
 819231
 819350
 819517
 819849
 820276
 820340
 820403
 820430
 820622
 820695
 821052
 821189
 821329
 821589
 821611
 821733
 821878
 821881
 821933
 822000
 822061
 822210
 822227
 822449
 822524
 822591
 822621
 822637
 822667
 822784
 822912
 823029
 823167
 823206
 823313
 823346
 823496
 823529
 823655
 823720
 824028
 824140
 824490
 824605
 824618
 824829
 824887
 825068
 825105
 825153
 825240
 825571
 825615
 825638
 825903
 825937
 825952
 826090
 826379
 826556
 826587
 826676
 826855
 826897
 826980
 827075
 827087
 827090
 827292
 827299
 827332
 827384
 827391
 827499
 827632
 827814
 827830
 827911
 828196
 828220
 828269
 828302
 828460
 828563
 828571
 828574
 828579
 828861
 828872
 829083
 829194
 829196
 829268
 829631
 829634
 829842
 829871
 829957
 830025
 830159
 830188
 830327
 830351
 830611
 830626
 830777
 830983
 831024
 831196
 831363
 831480
 831510
 831701
 831824
 831915
 831997
 832010
 832102
 832140
 832405
 832532
 832781
 832793
 833111
 833333
 833492
 833536
 833553
 833713
 833942
 833992
 834042
 834303
 834504
 834532
 834657
 834789
 834831
 834855
 834862
 835158
 835261
 835498
 835559
 835841
 835853
 835963
 835971
 836083
 836207
 836316
 836360
 836373
 836466
 836554
 836734
 836784
 836888
 836990
 837019
 837040
 837240
 837457
 837525
 837542
 837635
 837705
 837721
 837905
 837960
 838029
 838147
 838308
 838339
 838369
 838626
 838633
 838648
 838690
 838737
 838743
 838746
 838761
 838895
 838982
 839017
 839051
 839066
 839307
 839657
 839696
 839900
 839929
 840000
 840055
 840252
 840327
 840536
 840538
 840616
 840634
 840674
 840704
 840885
 841388
 841557
 841568
 841677
 841729
 841868
 842150
 842310
 842342
 842365
 842402
 842403
 842512
 842601
 842708
 842783
 842891
 843382
 843497
 843605
 843717
 843809
 843907
 844021
 844046
 844142
 844209
 844213
 844273
 844343
 844444
 844595
 844710
 844972
 845135
 845177
 845197
 845350
 845424
 845432
 845447
 845518
 845536
 845568
 845671
 845853
 845999
 846059
 846277
 846377
 846393
 846662
 846908
 846952
 847057
 847168
 847473
 847542
 847599
 847686
 847971
 848041
 848101
 848135
 848147
 848549
 848612
 848652
 848668
 848719
 848722
 848741
 848792
 848866
 848883
 849002
 849162
 849212
 849432
 849466
 849467
 849595
 849727
 849832
 849839
 850106
 850421
 850434
 850505
 850551
 850619
 850842
 850875
 851083
 851112
 851190
 851210
 851242
 851271
 851272
 851320
 851382
 851494
 851556
 851570
 851650
 851741
 851786
 851805
 851887
 852076
 852160
 852209
 852347
 852376
 852459
 852684
 852772
 852899
 852906
 852941
 852993
 853135
 853144
 853292
 853407
 853452
 853500
 853675
 853719
 853832
 853885
 853932
 854008
 854145
 854157
 854189
 854197
 854198
 854233
 854244
 854255
 854415
 854516
 854771
 854774
 854858
 854997
 855194
 855227
 855332
 855489
 855735
 855754
 855804
 855978
 856046
 856088
 856185
 856212
 856259
 856304
 856373
 856753
 856764
 856891
 857006
 857142
 857173
 857252
 857288
 857328
 857369
 857607
 857620
 857738
 857847
 858666
 858784
 858910
 858914
 858950
 859029
 859168
 859190
 859363
 859383
 859975
 860108
 860472
 860480
 860606
 861003
 861327
 861489
 861679
 861758
 861796
 861807
 862263
 862355
 862407
 862445
 862474
 862671
 862676
 862742
 862793
 862839
 862957
 862978
 863046
 863140
 863176
 863188
 863357
 863359
 863430
 863553
 863590
 863636
 863754
 863856
 863974
 864122
 864160
 864229
 864393
 864394
 864473
 864488
 864630
 864668
 864790
 864803
 865070
 865302
 865364
 865500
 865591
 865618
 865638
 865718
 865783
 865924
 865992
 866165
 866212
 866217
 866236
 866250
 866353
 866375
 866666
 866693
 866704
 866882
 866888
 866917
 866951
 867106
 867370
 867379
 867478
 867491
 867506
 867540
 867896
 867924
 867973
 868087
 868259
 868292
 868816
 869184
 869212
 869454
 869485
 869519
 869565
 869629
 869632
 869662
 869822
 869836
 869867
 870090
 870185
 870327
 870423
 870465
 870476
 870575
 870779
 870908
 870976
 871116
 871313
 871360
 871913
 872115
 872121
 872237
 872260
 872286
 872307
 872340
 872549
 872572
 872614
 872657
 872916
 873223
 873302
 873417
 873627
 874001
 874229
 874264
 874344
 874355
 874439
 874456
 874501
 874511
 874611
 874642
 874773
 875036
 875167
 875175
 875272
 875472
 875506
 875513
 875621
 875672
 875768
 875814
 875829
 875836
 875919
 875955
 875992
 876172
 876197
 876258
 876296
 876385
 876388
 876393
 876510
 876765
 876809
 876874
 876890
 877036
 877104
 877127
 877192
 877329
 877358
 877363
 877551
 877581
 877629
 877789
 877836
 877841
 877891
 877947
 877951
 877992
 878048
 878148
 878195
 878383
 878388
 878608
 878612
 878648
 878942
 879019
 879050
 879096
 879283
 879338
 879344
 879532
 879545
 879625
 879663
 879776
 879781
 879985
 880047
 880179
 880201
 880237
 880406
 881169
 881362
 881363
 881506
 881532
 881539
 881636
 881648
 881792
 881866
 881871
 881932
 881966
 882055
 882128
 882274
 882294
 882380
 882568
 882736
 882980
 882985
 883061
 883096
 883169
 883273
 883479
 883528
 883590
 884057
 884067
 884178
 884312
 884337
 884393
 884558
 884721
 884754
 884870
 884876
 885186
 885222
 885363
 885392
 885471
 885521
 885572
 885645
 885741
 885844
 885906
 885945
 885981
 886048
 886109
 886178
 886416
 886468
 886490
 886634
 886774
 886794
 886977
 887040
 887251
 887369
 887370
 887415
 887524
 887640
 887653
 887694
 887845
 887890
 888080
 888091
 888100
 888186
 888251
 888329
 888503
 888599
 888605
 888664
 889001
 889099
 889215
 889277
 889337
 889349
 889383
 889445
 889473
 889614
 889828
 889900
 889938
 890109
 890146
 890173
 890323
 890444
 890472
 890582
 890638
 890863
 890909
 891064
 891104
 891173
 891264
 891297
 891338
 891426
 891449
 891458
 891498
 891592
 891634
 891711
 891903
 892089
 892156
 892178
 892196
 892268
 892285
 892358
 892376
 892417
 892473
 892583
 892644
 892784
 892826
 893009
 893141
 893272
 893408
 893476
 893480
 893550
 893565
 893698
 893762
 893789
 893823
 893824
 893867
 894009
 894328
 894350
 894517
 894593
 894706
 894808
 894981
 895104
 895238
 895430
 895480
 895488
 895492
 895528
 895592
 895600
 895700
 895774
 895823
 895955
 895956
 896066
 896126
 896342
 896529
 896648
 896794
 896798
 896889
 896950
 897029
 897195
 897222
 897320
 897365
 897531
 897649
 897736
 897829
 897852
 898167
 898334
 898702
 898824
 898851
 898884
 898912
 898921
 898929
 899190
 899361
 899763
 899947
 900070
 900116
 900119
 900129
 900150
 900296
 900421
 900564
 900663
 900784
 900827
 900837
 900849
 900897
 900905
 901076
 901151
 901196
 901596
 901598
 901658
 901913
 902009
 902063
 902119
 902208
 902493
 902557
 902591
 902821
 902861
 902868
 902899
 902906
 902943
 903088
 903376
 903394
 903525
 903875
 903961
 904042
 904067
 904108
 904186
 904194
 904418
 904644
 904688
 904714
 904720
 904765
 905027
 905062
 905236
 905303
 905344
 905395
 905444
 905465
 905769
 906087
 906138
 906191
 906199
 906394
 906643
 906704
 906714
 906784
 906847
 906996
 907035
 907210
 907295
 907407
 907476
 907563
 907692
 907735
 907740
 907896
 907930
 908112
 908139
 908200
 908245
 908279
 908652
 908730
 908893
 908897
 909129
 909150
 909197
 909229
 909245
 909259
 909334
 909340
 909380
 909531
 909561
 909596
 909754
 910173
 910190
 910275
 910565
 910602
 910947
 911180
 911192
 911387
 911392
 911531
 911591
 911662
 911763
 911794
 911875
 911998
 912317
 912425
 912615
 912751
 912780
 912793
 912816
 912926
 913103
 913166
 913188
 913328
 913631
 913637
 913790
 913821
 913920
 913967
 914043
 914256
 914359
 914387
 914450
 914555
 914584
 914740
 914815
 914846
 914852
 914893
 915113
 915198
 915221
 915345
 915357
 915422
 915614
 915652
 915787
 915805
 915902
 915968
 916033
 916096
 916233
 916379
 916557
 916632
 916778
 917091
 917175
 917341
 917375
 917440
 917565
 917867
 917984
 918092
 918176
 918324
 918476
 918536
 918785
 918803
 918875
 918918
 918923
 918943
 919039
 919058
 919168
 919282
 919293
 919440
 919499
 919629
 919643
 919842
 920093
 920208
 920310
 920325
 920382
 920393
 920489
 920509
 920527
 920807
 920984
 921228
 921301
 921456
 921688
 921862
 922514
 922623
 922701
 922730
 922854
 922913
 922935
 923076
 923170
 923178
 923271
 923299
 923460
 923591
 923612
 923705
 923723
 923733
 923757
 923872
 923904
 924137
 924261
 924347
 924563
 924564
 924569
 924581
 924844
 924852
 925015
 925108
 925194
 925422
 925490
 925544
 925595
 925611
 925838
 925907
 925910
 925977
 925989
 926087
 926224
 926235
 926596
 926680
 926760
 926811
 926988
 927090
 927187
 927283
 927395
 927512
 927552
 927567
 927710
 927725
 927822
 927831
 927839
 927885
 927935
 928029
 928037
 928097
 928277
 928334
 928416
 928467
 928490
 928503
 928509
 928571
 928621
 928656
 928665
 928709
 928818
 928897
 928926
 929086
 929200
 929273
 929287
 929380
 929476
 929482
 929625
 929683
 929760
 929859
 929968
 930131
 930156
 930447
 930490
 930522
 930648
 930680
 930727
 930817
 931004
 931034
 931250
 931251
 931456
 931650
 931902
 931913
 931937
 931988
 932067
 932069
 932077
 932271
 932387
 932391
 932456
 932537
 932558
 932639
 932655
 932871
 932962
 933135
 933141
 933203
 933338
 933375
 933629
 933645
 933657
 933726
 933751
 933762
 933781
 933943
 934043
 934078
 934119
 934191
 934195
 934207
 934372
 934673
 934924
 935202
 935287
 935364
 935696
 935739
 935768
 936229
 936270
 936285
 936347
 936351
 936451
 936479
 936514
 936601
 936665
 936729
 936763
 936877
 936895
 936938
 937017
 937114
 937138
 937214
 937231
 937345
 937464
 937514
 937569
 937619
 937635
 937802
 937969
 938043
 938262
 938534
 938701
 938863
 938942
 939089
 939130
 939286
 939455
 939537
 939549
 939714
 939885
 939981
 940099
 940276
 940341
 940352
 940354
 940566
 940714
 940822
 940926
 940929
 941032
 941039
 941057
 941176
 941507
 941543
 941545
 941598
 941987
 942001
 942066
 942297
 942450
 942781
 942797
 942807
 943070
 943211
 943375
 943473
 943493
 943550
 943644
 943668
 943783
 943799
 943922
 944049
 944061
 944072
 944150
 944172
 944194
 944455
 944465
 944478
 944576
 944719
 944803
 944908
 945040
 945339
 945802
 945828
 945925
 945986
 946159
 946307
 946361
 946468
 946543
 946544
 946576
 946605
 946637
 946752
 947001
 947083
 947108
 947208
 947265
 947368
 947417
 947436
 947494
 947556
 947796
 947964
 948051
 948069
 948090
 948347
 948516
 948616
 948655
 948742
 948748
 948769
 948898
 948936
 949029
 949206
 949427
 949462
 949628
 949846
 949852
 950005
 950059
 950131
 950136
 950276
 950297
 950423
 950463
 950527
 950607
 950702
 950733
 950747
 950789
 950810
 950819
 950824
 950859
 950947
 951052
 951484
 951680
 951818
 951864
 951901
 951925
 952057
 952103
 952135
 952281
 952289
 952380
 952536
 952603
 952627
 952645
 952663
 952729
 952852
 952875
 952902
 952993
 953236
 953357
 953490
 953530
 953611
 953728
 953765
 953838
 953846
 953880
 953973
 954005
 954007
 954029
 954048
 954305
 954579
 954693
 954727
 954731
 954746
 954874
 954887
 955079
 955111
 955132
 955141
 955149
 955303
 955402
 955438
 955523
 955797
 955878
 955897
 955912
 955914
 955916
 955939
 956043
 956055
 956222
 956300
 956321
 956403
 956418
 956487
 956657
 956755
 956971
 957102
 957267
 957282
 957649
 957750
 957820
 957965
 957983
 958089
 958157
 958163
 958261
 958335
 958391
 958427
 958468
 958527
 958551
 958609
 958686
 958874
 958913
 959091
 959138
 959180
 959202
 959260
 959656
 959961
 960039
 960048
 960112
 960214
 960388
 960599
 960629
 960674
 960775
 960816
 961080
 961453
 961529
 961544
 961626
 961652
 961911
 962010
 962012
 962096
 962264
 962297
 962354
 962458
 962611
 962761
 962831
 962904
 962962
 963056
 963316
 963323
 963429
 963631
 963879
 963924
 963963
 964101
 964104
 964125
 964204
 964280
 964404
 964497
 964564
 964671
 964810
 965109
 965159
 965250
 965333
 965375
 965394
 965483
 965586
 965592
 965655
 965826
 965909
 965912
 966164
 966166
 966169
 966199
 966217
 966350
 966390
 966490
 966791
 966982
 967049
 967094
 967450
 967479
 967666
 967684
 967741
 967783
 967811
 967861
 967875
 968251
 968345
 968358
 968377
 968623
 968677
 968680
 968771
 968838
 969015
 969045
 969079
 969097
 969313
 969447
 969452
 969562
 969579
 969898
 969971
 969981
 969991
 970147
 970224
 970227
 970276
 970342
 970384
 970610
 970674
 970693
 970737
 970990
 971077
 971118
 971254
 971300
 971736
 971902
 971948
 972065
 972410
 972567
 972815
 972831
 973068
 973108
 973220
 973256
 973387
 973416
 973425
 973470
 973569
 973665
 973697
 973713
 973731
 974087
 974125
 974328
 974332
 974448
 974584
 974736
 974796
 974830
 974860
 975143
 975252
 975263
 975335
 975711
 975744
 975770
 975868
 975986
 976040
 976075
 976227
 976303
 976554
 976596
 976650
 976673
 977032
 977064
 977103
 977172
 977310
 977317
 977573
 977620
 977824
 977844
 978067
 978181
 978382
 979017
 979104
 979135
 979226
 979313
 979580
 979685
 979691
 979899
 980008
 980029
 980217
 980290
 980416
 980506
 980589
 980649
 980667
 980704
 980861
 980923
 980952
 980981
 981052
 981197
 981255
 981366
 981484
 981557
 981657
 981889
 981994
 982015
 982036
 982136
 982192
 982302
 982395
 982433
 982485
 982601
 982665
 982726
 982764
 982886
 982974
 982989
 983324
 983524
 983592
 983655
 983759
 983807
 983846
 983859
 984056
 984068
 984163
 984196
 984272
 984417
 984531
 984587
 984603
 984688
 984849
 984857
 984904
 985086
 985145
 985209
 985492
 985507
 985613
 985757
 986301
 986343
 986420
 986459
 986560
 986607
 986696
 986897
 986899
 987317
 987701
 987735
 987759
 987897
 987963
 987966
 988011
 988364
 988621
 988650
 988810
 988847
 988898
 988934
 988946
 989036
 989075
 989144
 989157
 989180
 989221
 989276
 989277
 989426
 989667
 989690
 989811
 990033
 990172
 990217
 990229
 990416
 990696
 990769
 990834
 990898
 991067
 991104
 991108
 991229
 991260
 991458
 991833
 991925
 991993
 992000
 992027
 992066
 992106
 992194
 992304
 992387
 992776
 992777
 992799
 992864
 992872
 992926
 992938
 993054
 993114
 993196
 993298
 993314
 993319
 993473
 993565
 993571
 993737
 993804
 993967
 994068
 994145
 994173
 994248
 994257
 994274
 994306
 994564
 994617
 994631
 994649
 994758
 994857
 994948
 995117
 995295
 995341
 995357
 995630
 995730
 996020
 996021
 996120
 996216
 996227
 996649
 996740
 996759
 996786
 996799
 996828
 997001
 997106
 997325
 997351
 997476
 997512
 997550
 997687
 997747
 997922
 997947
 997977
 998161
 998208
 998223
 998248
 998532
 998545
 998561
 998616
 998619
 999181
 999194
 999424
 999507
 999558
 999584
 999598
 999798
 999850
 999857
 