380
 750
 957
 1221
 1413
 1708
 1763
 1866
 1901
 2001
 2045
 2192
 2268
 2565
 2823
 3002
 3222
 3347
 3495
 3574
 3798
 3945
 4199
 4278
 4673
 4956
 5158
 5653
 5860
 5889
 6211
 6374
 6443
 6587
 6832
 6951
 7159
 7201
 7260
 7288
 7458
 7623
 8050
 8105
 8391
 8533
 8942
 9059
 9302
 9479
 9723
 10118
 10279
 10551
 10692
 10843
 10886
 10987
 11239
 11430
 11573
 11944
 12286
 12544
 13199
 13393
 13460
 13689
 13788
 13995
 14249
 14316
 14405
 14543
 14702
 14967
 15250
 15568
 15911
 16109
 16156
 16407
 16788
 16949
 17070
 17462
 17707
 17917
 18473
 18879
 19213
 19255
 19514
 19562
 19781
 19854
 20098
 20125
 20510
 20797
 20935
 20950
 21059
 21084
 21106
 21531
 21628
 21740
 21890
 22032
 22284
 22307
 22352
 22388
 22778
 22977
 23274
 23670
 23713
 23899
 23985
 24509
 24545
 24638
 24660
 24848
 25833
 25985
 26245
 26470
 26633
 26748
 26989
 27060
 27271
 27516
 27586
 27841
 27999
 28532
 28757
 28926
 29060
 29263
 29465
 29857
 30129
 30287
 30468
 30537
 30735
 30946
 31010
 31171
 31235
 31656
 31756
 31818
 32271
 32793
 33003
 33131
 33184
 33326
 33772
 33933
 33981
 34133
 34261
 34628
 34676
 34818
 35028
 35148
 35294
 35364
 35481
 35534
 35729
 35794
 35996
 36053
 36321
 36453
 36598
 36704
 36879
 37312
 37706
 37907
 37933
 38133
 38345
 38709
 38842
 39235
 39583
 39913
 40039
 40063
 40224
 40398
 40677
 40691
 40849
 41103
 41297
 41354
 41449
 41511
 41799
 41909
 42254
 42320
 42452
 42486
 42820
 42920
 43075
 43683
 43817
 44033
 44345
 44463
 44650
 44871
 44987
 45207
 45454
 45728
 45991
 46081
 46277
 46626
 46873
 47030
 47233
 47549
 47907
 48111
 48137
 48272
 48357
 48512
 48611
 48702
 49095
 49219
 49593
 49825
 49995
 50054
 50069
 50295
 50555
 50678
 51857
 51910
 51932
 52017
 52085
 52412
 52559
 52640
 52706
 52874
 53202
 53232
 53622
 54154
 54300
 54751
 54905
 55132
 55287
 55323
 55593
 55848
 55905
 56066
 56345
 56428
 56572
 56608
 56712
 56775
 56934
 56989
 57034
 57245
 57281
 57412
 57509
 57620
 57679
 57743
 57851
 58203
 58425
 58556
 58603
 58925
 58966
 59187
 59517
 59643
 59894
 59984
 60200
 60658
 60920
 61058
 61459
 61531
 61748
 61959
 62118
 62352
 62882
 63254
 63273
 63522
 63690
 63995
 64124
 64180
 64264
 64335
 64488
 64531
 64718
 64941
 64989
 65055
 65804
 65939
 66085
 66089
 66135
 66300
 66422
 66482
 66605
 66666
 67251
 67586
 67668
 67969
 68276
 68384
 68413
 68927
 69060
 69112
 69373
 69510
 69666
 69867
 70076
 70223
 70305
 70377
 70641
 70829
 70940
 71077
 71709
 71846
 72100
 72277
 72418
 72536
 72913
 73138
 73309
 73500
 73634
 74042
 74440
 74589
 75157
 75241
 75432
 75658
 75716
 75776
 75864
 76340
 76385
 76475
 76736
 76768
 77204
 77447
 77608
 77694
 77756
 77941
 78046
 78331
 78691
 78952
 79026
 79176
 79239
 79720
 79908
 80133
 80167
 80261
 80593
 80947
 81284
 81410
 81795
 82404
 82450
 82627
 82817
 83033
 83082
 83285
 83331
 83364
 83519
 83846
 84159
 84280
 84569
 85043
 85260
 85558
 85661
 85842
 86085
 86214
 86420
 86515
 87172
 87243
 87731
 88059
 88215
 88506
 88841
 89006
 89134
 89309
 89410
 89513
 89837
 89985
 90287
 90558
 90928
 90952
 91168
 91441
 91489
 91647
 91918
 92052
 92378
 92542
 92716
 93257
 93357
 93524
 93586
 93935
 94189
 94371
 94811
 94898
 94999
 95175
 95402
 95550
 95657
 95898
 95931
 96037
 96212
 96520
 96761
 97072
 97144
 97382
 97591
 97665
 97723
 97768
 98097
 98332
 98549
 98863
 99100
 99412
 99519
 99736
 99458
 99172
 98870
 98729
 98518
 98278
 97922
 97730
 97719
 97657
 97573
 97292
 97115
 97065
 96759
 96342
 96190
 96015
 95916
 95872
 95555
 95453
 95370
 95051
 94987
 94812
 94752
 94238
 93951
 93851
 93536
 93487
 93298
 92729
 92611
 92397
 92344
 91944
 91892
 91564
 91446
 91176
 91054
 90943
 90836
 90334
 90045
 89919
 89641
 89505
 89334
 89228
 89100
 88961
 88667
 88396
 88062
 88015
 87610
 87173
 86659
 86456
 86313
 86197
 86021
 85714
 85571
 85537
 85070
 84800
 84561
 84167
 84110
 83752
 83433
 83354
 83286
 83185
 83040
 82905
 82655
 82579
 82425
 82268
 81491
 81334
 81045
 80922
 80272
 80198
 80163
 79932
 79868
 79584
 79213
 79043
 78955
 78800
 78517
 78101
 77948
 77816
 77752
 77636
 77450
 77330
 76968
 76746
 76651
 76454
 76355
 76087
 75839
 75763
 75695
 75449
 75318
 75199
 74758
 74493
 74434
 73748
 73521
 73379
 73272
 73114
 72640
 72484
 72357
 72248
 71893
 71835
 71191
 71074
 70931
 70662
 70583
 70320
 70257
 70197
 69910
 69845
 69530
 69437
 69135
 69086
 69002
 68630
 68412
 68305
 68009
 67893
 67616
 67332
 66961
 66657
 66527
 66435
 66379
 66170
 66119
 66086
 66050
 65853
 65397
 65019
 64981
 64893
 64710
 64502
 64374
 64270
 64201
 64173
 64085
 63950
 63596
 63298
 63260
 62965
 62500
 62211
 62059
 61771
 61617
 61503
 61068
 60972
 60703
 60309
 60099
 59947
 59763
 59546
 59402
 58974
 58948
 58733
 58599
 58510
 58331
 57852
 57755
 57737
 57624
 57528
 57458
 57333
 57250
 57224
 57025
 56972
 56865
 56720
 56651
 56577
 56485
 56361
 56191
 56063
 55861
 55838
 55527
 55317
 55192
 54948
 54848
 54695
 54297
 53763
 53506
 53212
 52987
 52864
 52688
 52629
 52424
 52279
 52043
 51969
 51912
 51878
 51020
 50642
 50384
 50106
 50058
 50000
 49994
 49640
 49422
 49190
 49030
 48624
 48540
 48442
 48331
 48176
 48135
 48054
 47611
 47533
 47110
 46883
 46811
 46396
 46156
 46025
 45781
 45543
 45437
 45052
 44887
 44854
 44604
 44385
 44315
 43869
 43702
 43191
 42963
 42857
 42775
 42462
 42441
 42303
 42089
 41840
 41719
 41502
 41363
 41302
 41141
 40946
 40810
 40683
 40564
 40384
 40159
 40041
 39979
 39645
 39559
 38972
 38709
 38660
 38162
 38129
 37910
 37804
 37550
 37232
 36732
 36683
 36476
 36363
 36125
 36013
 35888
 35779
 35615
 35517
 35461
 35312
 35253
 35092
 34957
 34759
 34672
 34354
 34236
 33986
 33937
 33859
 33635
 33251
 33170
 33083
 32949
 32748
 32212
 31770
 31749
 31382
 31182
 31012
 30968
 30834
 30726
 30479
 30289
 30193
 29915
 29540
 29430
 29247
 29016
 28797
 28625
 28019
 27911
 27716
 27532
 27274
 27249
 26991
 26899
 26710
 26541
 26324
 26086
 25941
 25180
 24700
 24660
 24564
 24525
 24351
 23927
 23853
 23690
 23326
 23076
 22852
 22731
 22382
 22315
 22287
 22176
 21924
 21807
 21643
 21581
 21157
 21104
 21071
 21021
 20944
 20852
 20622
 20299
 20112
 20089
 19850
 19569
 19535
 19508
 19244
 19069
 18765
 18307
 17809
 17702
 17227
 17049
 16943
 16504
 16342
 16124
 16078
 15860
 15310
 15207
 14826
 14582
 14467
 14326
 14276
 14074
 13956
 13749
 13590
 13458
 13345
 12559
 12505
 12214
 11925
 11490
 11393
 11038
 10932
 10859
 10721
 10556
 10322
 10276
 10104
 9644
 9460
 9169
 9031
 8670
 8482
 8301
 8102
 7647
 7590
 7417
 7285
 7245
 7176
 7006
 6853
 6687
 6557
 6414
 6351
 6205
 5882
 5739
 5239
 5130
 4896
 4461
 4264
 4075
 3934
 3598
 3501
 3484
 3340
 3097
 2841
 2807
 2541
 2239
 2147
 2043
 1984
 1884
 1861
 1730
 1648
 1237
 1180
 805
 597
 223
 0
 