0
 71
 268
 472
 591
 693
 1032
 1096
 1401
 1595
 1761
 2099
 2231
 2349
 2504
 2640
 2875
 3086
 3642
 3755
 3915
 4129
 4164
 4185
 4562
 4805
 4844
 4917
 5243
 5311
 5371
 5926
 6344
 6404
 6869
 7142
 7164
 7308
 7752
 7786
 7820
 7951
 8043
 8283
 8382
 8478
 8601
 8733
 8828
 8965
 9085
 9499
 9858
 10230
 10550
 10597
 10813
 10926
 11188
 11211
 11312
 11352
 11621
 11716
 12166
 12432
 12558
 12794
 12952
 13066
 13265
 13311
 13584
 13673
 14115
 14190
 14479
 14649
 14793
 14985
 15245
 15476
 15657
 15904
 16393
 16606
 16677
 16916
 17228
 17526
 17593
 17733
 17861
 18238
 18753
 18802
 18971
 19052
 19338
 19494
 19640
 19826
 19991
 20036
 20267
 20557
 20702
 21179
 21286
 21510
 21937
 22201
 22277
 22410
 22699
 22881
 22969
 23108
 23261
 23434
 23533
 23643
 23736
 24337
 24407
 24624
 24804
 24934
 24980
 25172
 25295
 25376
 25445
 25531
 25587
 25720
 25759
 26441
 26786
 26950
 27104
 27223
 27322
 27398
 28000
 28190
 28300
 28393
 28724
 28826
 29100
 29325
 29595
 29676
 29895
 30000
 30242
 30285
 30299
 30731
 30815
 30911
 31154
 31254
 31285
 31717
 31811
 31975
 32150
 33000
 33231
 33495
 33645
 33783
 34061
 34463
 34606
 34745
 34982
 35032
 35378
 35597
 35642
 35714
 35926
 36138
 36187
 36493
 36724
 36879
 37086
 37286
 37691
 37768
 38266
 38543
 38690
 38730
 38813
 39036
 39421
 39582
 39879
 39907
 40077
 40192
 40287
 40384
 40595
 40755
 41024
 41139
 41215
 41254
 41292
 41363
 41478
 41662
 41956
 42369
 42436
 42622
 42804
 43053
 43301
 43629
 43838
 43911
 44218
 44620
 44754
 45075
 45207
 45392
 45423
 45681
 45994
 46168
 46400
 46454
 46679
 46717
 46940
 46984
 47078
 47325
 47480
 47532
 47703
 47751
 47969
 48208
 48367
 48493
 48746
 48815
 48855
 48898
 49213
 49437
 49515
 49881
 50071
 50255
 50340
 50400
 50611
 50767
 50779
 51203
 51438
 51756
 51839
 51929
 52200
 52298
 52460
 52851
 52929
 53214
 53527
 53681
 53817
 54322
 54607
 54973
 55167
 55205
 55339
 55538
 55938
 55980
 56021
 56231
 56272
 56512
 56716
 56818
 57318
 57760
 57875
 58148
 58394
 58441
 59015
 59175
 59347
 59756
 59997
 60150
 60371
 60576
 60726
 60875
 61145
 61207
 61301
 61570
 61888
 62141
 62243
 62463
 62690
 62839
 62996
 63105
 63350
 63742
 64002
 64124
 64577
 64628
 65356
 65684
 65880
 66028
 66349
 66877
 67144
 67241
 67366
 67485
 67606
 68104
 68218
 68462
 68545
 68915
 69268
 69301
 69566
 69793
 70121
 70274
 70455
 70640
 70670
 71163
 71276
 71659
 71991
 72122
 72252
 72358
 72614
 72693
 72789
 72874
 72915
 73077
 73239
 73286
 73850
 74044
 74137
 74261
 74387
 74492
 74606
 75082
 75356
 75450
 75501
 75780
 75952
 76088
 76383
 76478
 76883
 77280
 77319
 77726
 78380
 78636
 78890
 78980
 79176
 79333
 79514
 79572
 79652
 79704
 80080
 80102
 80419
 80742
 81156
 81289
 81432
 81551
 81582
 81814
 82123
 82258
 82357
 82654
 82711
 82846
 83056
 83089
 83207
 83390
 83486
 83765
 83814
 84031
 84057
 84435
 84630
 84809
 84932
 85262
 85404
 85497
 85616
 86025
 86217
 86310
 86329
 86360
 86473
 86814
 86910
 86933
 87010
 87037
 87090
 87329
 87408
 87847
 88054
 88273
 88501
 89007
 89101
 89183
 89655
 90228
 90339
 90493
 90579
 90705
 91036
 91131
 91158
 91490
 91512
 91833
 92168
 92344
 92435
 92842
 93060
 93650
 93793
 94115
 94317
 94628
 94879
 95021
 95327
 95484
 96274
 96534
 96624
 96740
 96946
 97309
 97482
 97915
 98180
 98224
 98378
 98827
 98898
 99108
 99363
 99636
 99773
 99895
 99652
 99571
 99201
 99084
 98827
 98518
 98327
 98196
 98005
 97522
 97475
 97079
 96942
 96707
 96616
 96432
 95922
 95412
 95092
 94924
 94828
 94571
 94257
 93879
 93713
 93395
 92923
 92520
 92394
 92243
 92010
 91519
 91494
 91333
 91151
 91126
 90912
 90592
 90553
 90461
 90263
 90099
 89224
 89137
 89096
 88940
 88470
 88231
 88018
 87629
 87391
 87286
 87076
 87016
 86991
 86915
 86830
 86666
 86397
 86337
 86320
 86283
 86076
 85824
 85549
 85469
 85297
 85076
 84911
 84764
 84604
 84172
 84053
 83929
 83783
 83559
 83442
 83260
 83094
 83089
 82855
 82839
 82706
 82574
 82342
 82203
 82054
 81599
 81569
 81443
 81390
 81206
 80949
 80545
 80233
 80083
 79870
 79699
 79622
 79518
 79512
 79274
 79157
 78919
 78698
 78543
 78158
 77682
 77291
 77125
 76615
 76408
 76322
 76078
 75855
 75728
 75498
 75420
 75306
 74871
 74555
 74484
 74338
 74217
 74076
 73930
 73637
 73277
 73188
 72956
 72888
 72857
 72716
 72627
 72539
 72262
 72221
 72060
 71985
 71341
 71197
 71036
 70667
 70487
 70380
 70250
 70101
 69729
 69492
 69270
 69099
 68690
 68464
 68343
 68124
 67867
 67572
 67424
 67339
 67145
 67059
 66758
 66269
 65978
 65851
 65395
 65080
 64581
 64295
 64091
 63909
 63453
 63278
 63062
 62911
 62710
 62468
 62327
 62171
 62025
 61663
 61393
 61298
 61149
 61129
 60838
 60717
 60449
 60360
 60074
 59956
 59502
 59345
 59079
 58946
 58424
 58148
 58015
 57844
 57642
 57094
 56775
 56706
 56423
 56248
 56047
 56014
 55962
 55721
 55412
 55228
 55167
 54983
 54633
 54511
 53895
 53741
 53663
 53273
 53084
 52913
 52828
 52383
 52270
 52192
 51914
 51827
 51654
 51225
 51122
 50777
 50624
 50429
 50341
 50324
 50218
 50000
 49688
 49480
 49268
 49030
 48888
 48839
 48804
 48504
 48399
 48277
 48075
 47834
 47745
 47558
 47504
 47405
 47299
 46988
 46962
 46922
 46710
 46661
 46405
 46310
 46142
 45911
 45466
 45416
 45232
 45152
 44908
 44697
 44323
 44012
 43879
 43828
 43613
 43217
 43016
 42789
 42437
 42406
 42284
 41840
 41536
 41447
 41337
 41273
 41238
 41179
 41079
 40923
 40642
 40432
 40294
 40254
 40171
 39999
 39892
 39648
 39425
 39189
 39018
 38742
 38717
 38629
 38364
 38145
 37709
 37329
 37125
 36897
 36787
 36643
 36464
 36166
 36033
 35758
 35678
 35603
 35463
 35180
 35001
 34920
 34684
 34536
 34405
 33937
 33683
 33557
 33367
 33212
 32999
 32117
 31966
 31787
 31414
 31280
 31200
 31141
 30892
 30742
 30560
 30285
 30269
 30120
 29974
 29740
 29608
 29586
 29101
 28880
 28820
 28423
 28315
 28244
 28026
 27877
 27392
 27284
 27194
 26971
 26866
 26655
 25829
 25727
 25707
 25553
 25500
 25405
 25358
 25287
 25134
 24980
 24859
 24793
 24487
 24360
 23849
 23734
 23564
 23532
 23317
 23245
 23103
 22915
 22777
 22559
 22367
 22238
 21957
 21844
 21291
 21272
 20965
 20643
 20552
 20082
 20028
 19883
 19796
 19526
 19418
 19251
 19036
 18833
 18786
 18303
 18046
 17820
 17728
 17580
 17246
 17220
 16739
 16620
 16536
 15993
 15775
 15533
 15450
 15116
 14842
 14754
 14609
 14234
 14118
 13970
 13592
 13464
 13304
 13216
 13054
 12831
 12680
 12506
 12252
 11821
 11624
 11553
 11346
 11269
 11196
 11050
 10868
 10779
 10559
 10259
 10036
 9577
 9177
 9044
 8964
 8744
 8622
 8597
 8458
 8345
 8172
 8022
 7938
 7807
 7765
 7582
 7260
 7160
 7037
 6687
 6354
 6303
 5729
 5355
 5275
 5022
 4886
 4824
 4709
 4498
 4175
 4163
 4113
 3766
 3719
 3424
 2890
 2807
 2518
 2496
 2261
 2187
 2059
 1673
 1472
 1234
 1074
 1002
 648
 492
 285
 170
 0
 0
 0
 