35
 408
 660
 863
 1087
 1510
 1589
 1712
 1873
 1941
 2100
 2410
 2738
 2823
 3262
 3307
 3611
 3709
 4131
 4184
 4455
 4612
 4905
 4990
 5356
 5918
 5969
 6328
 6428
 6576
 6816
 6857
 6960
 7106
 7128
 7362
 7507
 7825
 8415
 8585
 8627
 8815
 9190
 9308
 9454
 9509
 9646
 9926
 10006
 10033
 10116
 10347
 10384
 10552
 11073
 11287
 11508
 11607
 11940
 12026
 12073
 12245
 12441
 12772
 13227
 13725
 13955
 14291
 14901
 15269
 15390
 15833
 15926
 16139
 16333
 16410
 16577
 16760
 17061
 17201
 17271
 17412
 17583
 17642
 17692
 18080
 18254
 18522
 18654
 18745
 18907
 19137
 19292
 19314
 19745
 19893
 20053
 20213
 20749
 20839
 20904
 21360
 21401
 21887
 22041
 22293
 22403
 22535
 22702
 22932
 22999
 23200
 23504
 23716
 23953
 24518
 24566
 24959
 25180
 25355
 25573
 25612
 26105
 26564
 26762
 27040
 27113
 27271
 27384
 27812
 27945
 28150
 28277
 28395
 28476
 28602
 28687
 28848
 29140
 29340
 29574
 29665
 30046
 30673
 30949
 31185
 31363
 31548
 31599
 31677
 32019
 32304
 32516
 32766
 33188
 33309
 33433
 33617
 33750
 33865
 34129
 34398
 34561
 34782
 34863
 34979
 35008
 35142
 35389
 35460
 35672
 35961
 36501
 36580
 36664
 36714
 36801
 37001
 37318
 37518
 37656
 38239
 38490
 38568
 38729
 39270
 39385
 39441
 39618
 40077
 40316
 40870
 41100
 41330
 41458
 41614
 41990
 42147
 42567
 42723
 42974
 43291
 43427
 43649
 43717
 43870
 44074
 44115
 44342
 44406
 44636
 44882
 45323
 45496
 45746
 45837
 45942
 45961
 46041
 46294
 46397
 46543
 46600
 46882
 47142
 47275
 47354
 47900
 48117
 48416
 48739
 48956
 48983
 49100
 49241
 49584
 49732
 49841
 50027
 50431
 50450
 50537
 50630
 50977
 51305
 51431
 51969
 52112
 52407
 52903
 53025
 53423
 53482
 53713
 53783
 53873
 54005
 54556
 54610
 54833
 54901
 55058
 55225
 55353
 55585
 55822
 55912
 56005
 56339
 56511
 56913
 57163
 57258
 57481
 57545
 57766
 57926
 58000
 58147
 58245
 58664
 58887
 58990
 59084
 59195
 59671
 59743
 59952
 60074
 60270
 60463
 60685
 60941
 61058
 61344
 61530
 61854
 62072
 62347
 62649
 62779
 62962
 63160
 63242
 63656
 63809
 63945
 64275
 64335
 64569
 64868
 64912
 64977
 65188
 65240
 65471
 65519
 65586
 65641
 65666
 65830
 66129
 66221
 66249
 66388
 66620
 66976
 67108
 67297
 67527
 67775
 67963
 68047
 68206
 68517
 68651
 69055
 69069
 69466
 69704
 69757
 70030
 70176
 70796
 70965
 71213
 71443
 71698
 71946
 72013
 72258
 72376
 72687
 72757
 73035
 73185
 73284
 73560
 73854
 73914
 74038
 74242
 74677
 74741
 74884
 75004
 75030
 75053
 75066
 75181
 75271
 75325
 75688
 75905
 75964
 76074
 76111
 76227
 76382
 76499
 76566
 76704
 76797
 77157
 77703
 77941
 77963
 78117
 78276
 78582
 78670
 78925
 79039
 79187
 79247
 79494
 79614
 79775
 79888
 80168
 80349
 80392
 81046
 81121
 81248
 81920
 82213
 82310
 82608
 82753
 82853
 83007
 83124
 83285
 83799
 84145
 84321
 84761
 84810
 85000
 85152
 85626
 85811
 85938
 85966
 86304
 86760
 86979
 87267
 87413
 87469
 87660
 87861
 88235
 88595
 88841
 89029
 89263
 89389
 89477
 89597
 89823
 89914
 90237
 90575
 90796
 90909
 90982
 91066
 91266
 91402
 91553
 91829
 92041
 92201
 92269
 92670
 92875
 93531
 93573
 93649
 93778
 93912
 94129
 94192
 94319
 94413
 94619
 94669
 94864
 94943
 95028
 95127
 95232
 95395
 95530
 95741
 95948
 96121
 96285
 96396
 96469
 96770
 96943
 97028
 97280
 97458
 97490
 97582
 97770
 98012
 98357
 98801
 98818
 99203
 99248
 99339
 99423
 99703
 99874
 99637
 99392
 99275
 99214
 99117
 98816
 98757
 98064
 97903
 97666
 97570
 97485
 97313
 97248
 96999
 96939
 96551
 96466
 96377
 96184
 95957
 95801
 95585
 95526
 95285
 95170
 95069
 94956
 94884
 94825
 94647
 94540
 94368
 94199
 94159
 94060
 93868
 93715
 93643
 93533
 93352
 92729
 92611
 92244
 92057
 92004
 91624
 91429
 91384
 91171
 90989
 90975
 90860
 90581
 90297
 90101
 89872
 89681
 89511
 89411
 89305
 89233
 88888
 88795
 88237
 88084
 87801
 87538
 87436
 87301
 86990
 86964
 86643
 86290
 85947
 85832
 85631
 85155
 85034
 84998
 84798
 84571
 84210
 83811
 83363
 83181
 83102
 82905
 82805
 82624
 82311
 82309
 82172
 81319
 81222
 81068
 80801
 80380
 80193
 80064
 79803
 79682
 79507
 79487
 79233
 79110
 78965
 78857
 78626
 78278
 78130
 78108
 77942
 77934
 77296
 76826
 76773
 76587
 76514
 76385
 76338
 76166
 76109
 75981
 75938
 75884
 75438
 75276
 75204
 75149
 75064
 75035
 75007
 74948
 74814
 74719
 74326
 74167
 74028
 73883
 73727
 73535
 73278
 73142
 72869
 72727
 72605
 72272
 72058
 72011
 71854
 71587
 71270
 71106
 70870
 70652
 70149
 69898
 69725
 69597
 69423
 69068
 68702
 68568
 68212
 68064
 67982
 67782
 67621
 67467
 67144
 67036
 66666
 66535
 66290
 66242
 66210
 65833
 65827
 65662
 65592
 65558
 65481
 65412
 65198
 64998
 64957
 64879
 64831
 64429
 64329
 64114
 63925
 63668
 63450
 63198
 63068
 62863
 62671
 62581
 62220
 62030
 61727
 61398
 61160
 61039
 60789
 60599
 60303
 60091
 60052
 59824
 59724
 59312
 59183
 59064
 58939
 58704
 58480
 58198
 58119
 57978
 57840
 57694
 57529
 57295
 57217
 56946
 56762
 56470
 56244
 55997
 55905
 55593
 55443
 55346
 55067
 54991
 54892
 54756
 54602
 54545
 53918
 53858
 53741
 53528
 53476
 53323
 52954
 52812
 52148
 52026
 51743
 51336
 51240
 50653
 50540
 50521
 50439
 50384
 49997
 49787
 49681
 49388
 49168
 48992
 48973
 48855
 48663
 48257
 48029
 47388
 47283
 47246
 46995
 46642
 46591
 46449
 46306
 46046
 45998
 45957
 45910
 45813
 45592
 45437
 44935
 44830
 44498
 44347
 44262
 44081
 43915
 43809
 43708
 43436
 43309
 43263
 42857
 42674
 42434
 42008
 41962
 41573
 41364
 41130
 41033
 40755
 40265
 39668
 39554
 39425
 39298
 38730
 38642
 38508
 38464
 37941
 37645
 37417
 37155
 36924
 36727
 36685
 36652
 36541
 36001
 35927
 35496
 35456
 35223
 35035
 35007
 34873
 34802
 34649
 34428
 34278
 34052
 33824
 33716
 33594
 33371
 33295
 33070
 32701
 32348
 32098
 31750
 31602
 31572
 31386
 31237
 31111
 30761
 30220
 29949
 29608
 29547
 29264
 29111
 28695
 28675
 28562
 28416
 28340
 28159
 28141
 27851
 27515
 27361
 27254
 27061
 26850
 26664
 26132
 25687
 25612
 25476
 25247
 25164
 24619
 24535
 24201
 23880
 23574
 23265
 23076
 22980
 22830
 22586
 22408
 22376
 22047
 21948
 21570
 21387
 20912
 20894
 20775
 20689
 20058
 19987
 19819
 19415
 19307
 19166
 19043
 18829
 18701
 18632
 18380
 18146
 17776
 17663
 17607
 17470
 17310
 17206
 17192
 16881
 16757
 16440
 16336
 16226
 16121
 15854
 15490
 15346
 15085
 14600
 14151
 13756
 13450
 12845
 12588
 12253
 12173
 12039
 11958
 11703
 11565
 11447
 11178
 10557
 10447
 10361
 10269
 10091
 10023
 9977
 9922
 9630
 9479
 9390
 9307
 8875
 8641
 8623
 8433
 7991
 7710
 7381
 7339
 7110
 7037
 6887
 6849
 6812
 6449
 6334
 6310
 5956
 5873
 5004
 4933
 4648
 4475
 4288
 4183
 3857
 3616
 3479
 3280
 3146
 2763
 2668
 2313
 2087
 1936
 1863
 1690
 1556
 1327
 1040
 764
 515
 49
 0
 0
 