27175
 25637
 4341
 19058
 44003
 49439
 26157
 7465
 9905
 20426
 48765
 8872
 26029
 5248
 35542
 6264
 17421
 8594
 49263
 21094
 9734
 2678
 24325
 38361
 15665
 9783
 16082
 19390
 27848
 27793
 25296
 34304
 2514
 12653
 38345
 8172
 15814
 28472
 26752
 15621
 1482
 8347
 816
 34486
 34847
 1537
 37165
 7582
 30677
 19732
 41041
 7000
 21467
 32347
 40392
 8460
 21531
 42001
 39392
 29631
 42689
 47225
 48103
 6082
 32117
 23073
 11008
 29018
 11017
 33280
 38730
 28122
 11032
 18902
 40038
 37325
 11013
 12870
 24489
 42465
 14814
 37061
 2721
 2793
 23154
 46979
 5150
 25912
 8972
 43102
 3889
 36248
 24910
 27843
 39415
 35793
 16735
 10154
 18489
 26809
 18204
 20533
 13064
 33913
 41855
 41990
 25920
 26840
 3976
 36653
 10045
 5140
 47812
 27237
 28829
 31493
 27919
 35839
 1646
 49710
 49961
 21280
 16873
 34994
 5846
 26576
 31483
 39524
 10551
 20425
 40881
 30782
 45967
 14605
 18533
 25236
 17064
 31760
 13345
 38849
 37874
 43944
 41229
 12183
 27937
 28793
 1394
 34549
 4700
 30703
 46303
 41710
 41885
 4473
 37615
 35630
 14741
 42362
 19746
 49741
 48125
 28645
 42068
 26836
 21137
 26608
 2168
 37609
 21205
 13855
 54
 24008
 1874
 27947
 49396
 17654
 23651
 46029
 10283
 28563
 35780
 16583
 2468
 32318
 30825
 375
 7142
 20815
 7083
 10579
 27516
 20547
 5727
 31034
 31146
 32155
 38910
 25845
 41241
 46068
 25525
 39766
 8571
 33168
 48559
 20534
 19415
 12558
 7378
 27367
 3415
 18970
 13680
 19997
 5308
 21937
 979
 16279
 41253
 44759
 45487
 6256
 15265
 4964
 13443
 40187
 40141
 48451
 49635
 18518
 23677
 41969
 49690
 43915
 23487
 29848
 48579
 13258
 22090
 30335
 13047
 19030
 49065
 30964
 1755
 23457
 40022
 10379
 3692
 43498
 39175
 17891
 39868
 23459
 121
 521
 39736
 10237
 25565
 773
 161
 2306
 9260
 477
 35364
 645
 31060
 36011
 19094
 15168
 13560
 48437
 19634
 45308
 14784
 5010
 36000
 46811
 0
 18842
 25185
 40136
 24854
 33152
 23841
 9427
 46669
 1014
 21954
 15958
 5943
 44727
 9901
 2944
 23021
 24385
 47234
 20496
 10804
 27418
 33517
 15489
 8544
 4051
 28919
 21828
 37417
 47908
 7805
 28495
 28981
 3666
 33498
 17926
 14778
 26654
 33066
 19929
 46082
 26869
 36036
 31442
 10741
 21857
 5002
 13566
 1075
 25684
 39601
 30700
 26468
 34155
 45459
 24786
 1838
 206
 5394
 41619
 23576
 5376
 34555
 45006
 42786
 48920
 712
 33805
 5507
 23111
 40561
 40375
 3810
 48837
 38481
 28120
 19551
 585
 10885
 44448
 17022
 13339
 28973
 18381
 12842
 38501
 4488
 23687
 34882
 16688
 24922
 2220
 33129
 21219
 21525
 6796
 18770
 20583
 8440
 9605
 10207
 27684
 35800
 35892
 30504
 45022
 32851
 21048
 17928
 23379
 830
 1929
 35718
 42855
 7821
 37872
 33785
 28865
 31698
 21025
 15749
 31247
 19676
 33707
 15563
 29001
 41150
 9937
 27290
 8177
 9848
 13208
 16022
 16459
 40008
 14505
 3158
 36479
 47701
 3650
 25856
 41758
 26036
 1716
 35189
 10070
 26976
 244
 41023
 27360
 3696
 22659
 11843
 35718
 14368
 49193
 11649
 33849
 38338
 22360
 18825
 16222
 1866
 49205
 48823
 38546
 29700
 43112
 36551
 23016
 2803
 9526
 36256
 27583
 10657
 24739
 17222
 6399
 4548
 45047
 910
 17985
 12602
 7247
 43644
 8771
 48089
 33125
 1851
 14230
 15451
 22180
 14177
 32027
 13208
 8029
 21183
 4846
 505
 30583
 18146
 7488
 26206
 30935
 39485
 0
 33888
 2828
 1011
 25549
 47931
 14007
 34348
 1824
 3580
 26474
 34553
 17479
 29217
 14710
 41821
 3729
 