3744
 302
 3737
 6913
 252
 6746
 2647
 6130
 6611
 2553
 1290
 9853
 2040
 5775
 9840
 9094
 5189
 2156
 4486
 1097
 7327
 7973
 2810
 5808
 7886
 6029
 401
 3377
 5304
 3140
 4851
 8406
 2102
 8177
 3047
 3301
 920
 9487
 5064
 1212
 9468
 3146
 9996
 5846
 637
 156
 4940
 9325
 3172
 2568
 4261
 2885
 1193
 4949
 6537
 7211
 2299
 3293
 1117
 31
 2784
 873
 4467
 4378
 4185
 1582
 1528
 961
 3436
 1405
 2275
 2829
 4022
 5823
 6445
 6498
 184
 413
 1025
 1559
 295
 3349
 5443
 8752
 6047
 6155
 2504
 1622
 5690
 8432
 1098
 909
 3900
 133
 3691
 2030
 429
 1278
 3746
 1158
 