4444
 1865
 1527
 5198
 449
 1656
 3360
 2349
 8066
 8640
 618
 946
 9171
 616
 6443
 9638
 8730
 8121
 6703
 1737
 4262
 9788
 3584
 626
 4634
 7270
 9939
 9746
 743
 1500
 1508
 2362
 4681
 5188
 4424
 7241
 9102
 6413
 8241
 3922
 7000
 8305
 7084
 1193
 7177
 8083
 6759
 7036
 5068
 4193
 8898
 310
 9484
 7887
 5469
 3468
 538
 4352
 3774
 8984
 8815
 5178
 1857
 1431
 9009
 9691
 4930
 1318
 9735
 4292
 3557
 2507
 2941
 3677
 7187
 2524
 6659
 1065
 9930
 9128
 9804
 3194
 2980
 7035
 8236
 3464
 9905
 6063
 5167
 5323
 2390
 1544
 9161
 6942
 6304
 8195
 9226
 5856
 97
 8945
 