9949
 3090
 6398
 1819
 3924
 9853
 9952
 1131
 5242
 7328
 3398
 1774
 381
 5453
 275
 9360
 7079
 6700
 5786
 7548
 7738
 1099
 9870
 1672
 6992
 6282
 9275
 5564
 5368
 7053
 4721
 4184
 6864
 7050
 9505
 5412
 9436
 1973
 3795
 8000
 2493
 7488
 7461
 1118
 2973
 2979
 2254
 3174
 7907
 9427
 3465
 8413
 8259
 5286
 5382
 3137
 3275
 9579
 3800
 5153
 5006
 4813
 7939
 147
 7118
 7224
 5820
 3976
 8541
 4403
 6755
 2313
 9398
 1264
 177
 9816
 9197
 5327
 8233
 6817
 5110
 4252
 1732
 8569
 5952
 6921
 6032
 3101
 7186
 9506
 592
 9890
 4248
 9837
 5875
 7757
 9524
 534
 7988
 2360
 