239
 282
 388
 965
 984
 1209
 1239
 1456
 1962
 2138
 2209
 2312
 2522
 2713
 3009
 3307
 3633
 3706
 3770
 3883
 4180
 4266
 4612
 4823
 4895
 4998
 5502
 5743
 6005
 6319
 6577
 6635
 7033
 7373
 7429
 7479
 7524
 7956
 8012
 8155
 8261
 8590
 8813
 9002
 9123
 9421
 9677
 9711
 9875
 10059
 10252
 10524
 10580
 10621
 11339
 11472
 11627
 11815
 11855
 11998
 12192
 12384
 12636
 12759
 12838
 12946
 13247
 13313
 13406
 13695
 13898
 14029
 14205
 14393
 14642
 14791
 15030
 15150
 15394
 15560
 15917
 16444
 17156
 17371
 17563
 17693
 18070
 18543
 18671
 18776
 18947
 19244
 19491
 19667
 19739
 20230
 20420
 20457
 20858
 21316
 21529
 21556
 21685
 21743
 21907
 22075
 22170
 22620
 22769
 22954
 23263
 23308
 23599
 23928
 24052
 24202
 24291
 24446
 24784
 24891
 25000
 25120
 25681
 25951
 25975
 26139
 26153
 27027
 27409
 27480
 28031
 28486
 28568
 28675
 28786
 28818
 29103
 29203
 29247
 29408
 29617
 29679
 30109
 30196
 30409
 30700
 30795
 30977
 31100
 31452
 31680
 31737
 31857
 31999
 32125
 32582
 32834
 33036
 33206
 33414
 33496
 33559
 33930
 34015
 34329
 34430
 34509
 34725
 34732
 34884
 35206
 35435
 35516
 35601
 35714
 36034
 36175
 36247
 36301
 36309
 36422
 36550
 36603
 37099
 37176
 37340
 37389
 37525
 37764
 37829
 37976
 38102
 38448
 38540
 38609
 38797
 38851
 39087
 39497
 39537
 39955
 40389
 40434
 40846
 41007
 41274
 41607
 41639
 41758
 42013
 42173
 42524
 42844
 43046
 43212
 43228
 43478
 43555
 43889
 44167
 44285
 44419
 44739
 44863
 44934
 45098
 45192
 45486
 45815
 45931
 46066
 46291
 46500
 46545
 46849
 46986
 47077
 47325
 47470
 47736
 47925
 48116
 48648
 48939
 49135
 49243
 49325
 49694
 49898
 49953
 49714
 49395
 49289
 49143
 49129
 48671
 48571
 47991
 47799
 47702
 47339
 47223
 47043
 46909
 46776
 46527
 46391
 46281
 46063
 45865
 45519
 45324
 45114
 45042
 44917
 44843
 44635
 44346
 44274
 44111
 43562
 43519
 43233
 43213
 43167
 42949
 42570
 42468
 42163
 41774
 41639
 41637
 41379
 41251
 40985
 40825
 40419
 40158
 39711
 39510
 39380
 39075
 38846
 38701
 38561
 38484
 38223
 37994
 37961
 37786
 37737
 37515
 37354
 37189
 37107
 36624
 36585
 36507
 36349
 36304
 36290
 36229
 36093
 35734
 35705
 35594
 35483
 35340
 35014
 34873
 34727
 34546
 34440
 34377
 34200
 34003
 33751
 33504
 33468
 33238
 33188
 33003
 32587
 32520
 32058
 31912
 31826
 31708
 31463
 31224
 31033
 30862
 30735
 30448
 30334
 30149
 30045
 29653
 29481
 29382
 29236
 29120
 28943
 28812
 28732
 28662
 28547
 28283
 27724
 27442
 27252
 26926
 26149
 26122
 25968
 25697
 25139
 25047
 24911
 24879
 24769
 24333
 24262
 24154
 24025
 23801
 23571
 23273
 23214
 22805
 22639
 22504
 22119
 22005
 21855
 21728
 21681
 21538
 21428
 20966
 20659
 20420
 20243
 19926
 19676
 19576
 19429
 19222
 18918
 18678
 18644
 18467
 17741
 17595
 17389
 17331
 16489
 16219
 15825
 15437
 15201
 15081
 14991
 14683
 14450
 14327
 14125
 13956
 13696
 13555
 13368
 13273
 13134
 12857
 12820
 12740
 12546
 12268
 12144
 11904
 11844
 11811
 11502
 11387
 10728
 10590
 10538
 10345
 10168
 10045
 9842
 9698
 9533
 9349
 9108
 8990
 8623
 8445
 8228
 8151
 7962
 7819
 7505
 7431
 7399
 7049
 6686
 6593
 6426
 6096
 5789
 5617
 5005
 4910
 4882
 4807
 4412
 4257
 4075
 3831
 3725
 3684
 3344
 3204
 2836
 2657
 2383
 2304
 2193
 2046
 1501
 1355
 1232
 1208
 974
 722
 286
 280
 128
 43
 