254963
 387283
 787095
 355919
 278399
 872157
 396947
 294535
 816465
 55255
 588128
 715504
 450311
 303491
 259752
 466137
 186599
 88385
 522907
 375274
 752333
 299948
 395491
 208711
 967833
 686274
 157232
 915186
 760145
 416244
 926443
 51460
 441059
 674445
 699428
 570951
 267478
 468224
 240315
 994795
 366183
 990061
 275071
 755186
 280070
 394218
 434870
 2924
 803757
 805790
 248806
 72625
 679966
 528420
 771694
 978772
 966633
 874240
 269330
 953741
 628356
 765303
 651933
 614350
 188904
 814086
 631977
 83195
 195007
 635330
 921062
 23283
 301101
 34765
 454963
 836054
 785899
 892049
 288752
 495466
 631578
 56642
 677174
 373987
 280623
 752812
 963824
 23372
 519328
 427363
 20104
 857553
 166851
 569404
 645716
 327695
 776237
 922205
 18739
 533640
 826661
 589408
 191959
 191216
 424134
 790564
 427001
 367515
 69568
 267029
 496398
 700282
 705877
 662642
 152006
 234444
 924591
 454624
 894980
 190363
 707055
 831014
 152509
 98735
 93379
 10552
 654491
 89558
 602813
 985780
 791426
 869607
 401259
 34323
 611315
 804726
 379246
 69572
 615481
 398385
 201275
 426996
 466820
 727463
 749978
 496115
 470542
 250224
 924439
 194302
 439710
 213442
 3014
 219412
 419924
 770893
 607095
 218461
 687013
 846224
 675589
 243137
 989992
 804672
 482124
 332882
 818206
 225170
 352459
 838308
 830440
 418272
 191798
 100731
 900460
 250019
 170201
 624277
 222721
 523508
 782021
 566661
 236231
 187128
 693362
 857469
 85203
 625529
 716535
 397590
 697021
 885745
 619735
 865896
 804016
 20189
 290296
 300742
 749764
 837278
 827822
 153434
 99270
 284844
 631500
 906099
 901640
 892508
 398496
 594108
 92434
 724961
 581995
 974366
 575503
 91241
 306047
 49661
 260391
 328752
 417403
 406304
 769793
 827707
 706967
 474721
 614418
 33618
 91564
 798411
 487788
 481454
 451703
 327556
 510760
 211412
 366479
 423377
 184978
 551673
 919540
 522404
 568570
 191919
 913477
 466977
 585379
 600224
 639091
 270960
 685279
 790411
 704619
 55296
 934654
 493752
 705761
 767898
 58823
 997065
 439170
 611060
 88450
 6248
 325865
 315703
 229829
 631654
 3158
 452339
 183465
 27323
 659928
 122062
 135662
 752450
 87745
 241758
 969401
 414100
 419795
 637586
 619574
 326218
 453543
 621480
 99518
 269415
 129890
 788925
 118078
 46133
 189227
 541921
 162058
 633369
 285347
 606835
 720863
 674138
 536945
 282447
 340311
 607968
 469729
 861273
 253971
 704566
 474135
 485262
 355625
 463459
 628318
 812632
 462121
 288569
 150270
 882738
 733120
 906883
 783297
 448598
 76484
 676314
 829715
 824211
 884679
 464906
 728904
 282169
 284017
 455696
 93619
 317684
 462089
 87885
 248068
 933464
 508284
 603566
 49938
 407494
 813446
 752860
 668276
 11615
 961740
 139465
 236460
 564859
 593248
 344823
 981084
 887804
 157622
 163345
 481614
 518210
 961697
 602097
 574468
 2011
 989547
 48484
 275019
 910335
 285714
 842948
 92409
 276288
 432271
 956871
 978931
 570910
 748210
 870840
 125854
 182749
 519174
 401214
 956756
 827648
 816640
 150810
 526601
 749417
 108486
 191489
 809359
 80060
 728152
 113818
 644419
 991738
 143749
 889281
 62741
 221103
 827637
 81664
 182466
 986210
 71729
 146099
 921329
 721224
 717531
 844044
 970723
 283120
 827588
 805221
 226130
 332759
 356586
 12065
 725663
 824528
 260763
 444444
 763440
 581121
 274687
 980403
 203464
 770383
 347826
 36041
 104632
 144195
 458563
 661966
 755418
 201043
 873802
 828074
 644838
 479074
 569439
 452679
 724024
 69544
 397358
 45565
 716049
 162769
 72538
 932971
 588957
 866069
 57464
 245614
 270223
 812467
 740139
 297449
 989731
 982474
 455177
 76825
 182919
 939890
 92729
 28985
 60042
 921451
 5821
 266038
 941368
 290550
 829584
 400332
 68439
 684779
 568288
 50833
 484664
 676279
 500363
 902290
 216277
 609933
 790012
 587222
 563433
 728983
 582722
 488040
 207760
 202318
 871195
 392265
 795743
 150660
 105769
 770961
 744954
 112781
 638297
 714285
 553996
 940659
 523142
 721866
 17199
 990654
 109564
 668510
 939100
 480283
 648505
 842922
 311488
 20953
 51287
 556065
 411695
 849102
 34825
 473581
 812089
 332282
 904264
 89190
 467584
 967084
 150142
 19680
 262464
 977365
 361357
 43059
 590217
 497189
 965758
 177931
 470677
 659504
 922470
 47725
 800279
 984936
 995767
 590949
 442528
 139853
 571789
 855635
 795235
 365870
 839462
 463979
 256795
 536248
 371905
 715923
 164608
 282642
 949659
 401324
 1798
 766572
 49302
 757359
 57048
 150647
 762783
 602886
 962823
 26086
 11459
 67699
 786583
 446956
 519773
 226277
 452991
 519316
 996405
 611
 231806
 81145
 619081
 979308
 877789
 163243
 196109
 732565
 168865
 628437
 414755
 265616
 191919
 501480
 992826
 322106
 330766
 0
 713272
 831481
 81065
 498798
 678690
 807113
 311521
 210870
 984583
 48097
 744761
 281556
 513961
 278198
 445544
 5237
 150944
 730082
 562500
 286975
 365238
 641876
 222436
 570054
 850482
 643636
 571309
 863740
 944034
 255373
 88643
 277925
 764129
 746205
 672401
 264518
 67776
 805009
 515917
 628327
 714196
 463139
 544217
 23841
 765574
 578752
 158153
 648370
 666890
 733944
 449001
 249427
 752675
 861973
 168411
 271595
 985435
 956604
 410893
 85311
 995680
 822811
 459293
 58113
 143783
 845232
 422402
 760616
 833249
 472185
 50824
 945795
 973678
 932270
 175161
 709771
 861527
 146631
 461871
 119346
 204799
 837437
 693441
 171591
 966353
 325920
 649515
 993428
 175438
 787234
 417582
 985037
 903411
 222766
 182445
 799362
 94306
 912082
 755428
 69082
 303546
 253524
 435620
 920918
 142857
 945868
 698303
 234298
 904701
 114644
 733437
 661227
 800148
 712273
 987990
 424400
 122821
 59889
 726212
 236832
 374401
 784273
 624946
 251958
 816990
 128664
 659076
 82048
 312500
 883781
 639775
 402130
 811415
 535849
 973533
 567005
 455157
 407601
 797372
 672338
 194407
 269894
 640088
 307058
 691362
 946025
 608802
 663017
 347754
 265188
 384284
 563504
 244327
 729487
 38924
 641697
 756483
 839672
 848371
 82726
 647701
 908812
 883202
 915478
 597898
 800079
 779174
 199853
 806329
 610858
 765155
 176379
 333984
 233986
 899542
 778300
 537622
 520127
 755202
 330041
 930243
 476388
 917059
 881701
 660668
 585876
 787195
 276391
 828341
 163062
 111797
 783362
 617721
 975061
 128940
 903054
 105892
 196645
 294443
 60353
 191984
 412815
 730445
 459643
 413934
 549747
 76382
 109915
 374692
 353344
 673267
 822526
 814770
 698483
 696439
 957095
 752048
 555878
 496565
 452881
 790873
 49059
 120990
 312942
 398061
 347628
 754050
 446911
 751302
 414909
 679850
 890950
 773418
 7169
 676760
 913429
 654256
 704877
 806277
 180696
 432940
 405797
 273813
 921499
 505163
 826628
 475468
 465492
 432398
 862495
 359463
 416669
 341057
 418479
 603592
 198284
 692851
 182300
 378378
 803078
 701274
 891891
 203550
 299688
 192265
 373752
 708319
 791208
 397218
 227842
 482405
 720642
 668846
 211985
 712296
 422365
 407174
 667180
 346478
 193810
 733944
 855697
 136342
 732810
 292196
 649184
 327228
 413044
 595162
 840450
 674539
 930733
 383685
 613001
 195359
 752695
 877544
 423697
 482688
 467984
 297045
 11023
 108664
 322901
 548521
 880980
 308977
 690262
 560535
 352027
 739123
 445554
 199350
 85083
 696969
 30849
 27886
 389878
 927932
 561158
 79933
 936412
 131715
 519098
 175202
 609747
 16098
 379534
 413885
 314875
 223451
 712387
 384801
 644067
 805357
 208792
 173273
 512195
 477568
 72943
 66666
 890220
 53572
 414194
 407334
 297668
 615182
 841675
 949203
 417993
 997503
 834458
 371549
 930137
 284683
 730603
 868223
 743008
 879016
 248574
 860944
 15810
 339536
 649536
 299389
 873010
 759781
 867905
 739103
 84777
 541508
 988256
 314105
 719293
 405950
 126104
 758704
 101123
 833333
 668255
 110004
 773597
 416971
 972954
 984031
 787384
 455454
 917991
 381189
 603118
 510228
 179619
 378568
 141430
 848626
 591418
 641189
 948600
 445931
 786376
 785904
 944981
 675769
 689802
 196410
 611353
 458999
 987024
 490370
 299082
 304186
 17263
 710546
 446829
 386803
 625216
 881909
 429481
 356097
 163197
 995965
 599820
 135008
 333740
 678858
 497919
 777792
 269592
 817500
 961986
 782608
 754662
 884449
 311177
 973983
 447545
 655464
 962164
 705882
 299562
 992258
 64546
 272801
 137825
 275731
 693641
 803921
 567362
 222023
 74926
 292083
 906271
 584104
 193728
 6760
 847389
 875674
 409625
 646616
 376068
 240527
 429349
 839529
 116827
 478890
 83462
 610022
 268997
 823971
 156698
 189699
 26222
 721125
 827037
 189368
 514702
 179395
 681443
 165217
 459840
 82630
 390839
 896862
 912301
 50939
 159178
 730568
 142062
 265002
 728334
 279430
 10407
 513587
 634798
 298492
 527638
 568729
 297202
 483340
 738484
 985303
 754357
 896915
 941374
 969683
 203676
 95238
 831
 186865
 840025
 333611
 432626
 291914
 463497
 882352
 482908
 35229
 795361
 725689
 304161
 619441
 669973
 868558
 425353
 898593
 512709
 282284
 288330
 56990
 51510
 736515
 820346
 892958
 424087
 884731
 186336
 777351
 315872
 402373
 332228
 398120
 617805
 936927
 840895
 46916
 353992
 216119
 22978
 712650
 138521
 120104
 275171
 760162
 850171
 695501
 936416
 458232
 350027
 150931
 992801
 868967
 263190
 424821
 839103
 8071
 178256
 123646
 743946
 554191
 96490
 278975
 363456
 294869
 835533
 903853
 12344
 666166
 750323
 867529
 641255
 809747
 623474
 811877
 698191
 881680
 496735
 308973
 569671
 666804
 969696
 887638
 921819
 850033
 64516
 352020
 427257
 488318
 537177
 562780
 920286
 565048
 721678
 706055
 470873
 138610
 648792
 214270
 884
 747082
 302543
 507014
 144554
 962250
 857424
 58763
 990946
 825689
 514172
 584397
 704403
 391260
 646521
 995502
 852475
 184713
 89664
 376592
 923572
 881396
 686288
 976871
 950722
 256127
 864734
 737685
 466650
 351229
 92624
 432304
 790044
 602836
 995534
 556566
 786513
 881310
 581653
 35294
 581749
 810158
 930384
 469269
 391011
 962302
 567807
 276450
 249869
 131965
 428751
 54460
 771780
 389317
 772235
 104064
 541048
 738770
 161570
 958336
 238036
 423876
 884736
 576999
 828186
 40568
 125449
 182829
 321417
 866261
 306357
 309995
 516990
 36421
 573526
 968986
 212882
 329184
 929766
 953395
 842185
 584832
 403812
 802414
 120096
 458070
 65520
 127631
 447619
 589395
 170251
 15611
 611123
 326675
 9818
 504303
 986948
 758446
 271292
 715175
 511084
 415270
 404791
 582001
 223426
 384600
 934365
 957445
 432020
 331261
 551113
 562310
 899316
 17254
 214646
 488165
 900126
 420303
 110600
 405134
 170040
 337398
 417345
 939110
 5267
 407425
 657243
 322415
 942028
 95702
 691722
 947686
 866671
 944162
 974087
 462340
 722582
 666785
 509332
 421107
 233609
 226791
 634048
 832541
 853180
 875056
 637448
 528133
 38539
 246390
 893722
 732679
 871438
 814919
 537858
 8779
 317947
 844690
 53082
 647053
 761318
 16216
 774475
 824200
 963159
 409513
 364293
 659616
 334510
 801330
 824570
 567773
 368805
 818499
 269743
 727433
 608939
 888812
 339317
 770206
 343141
 621123
 565326
 772971
 958896
 20749
 979653
 426168
 287243
 67624
 18299
 652931
 213373
 30175
 624064
 85594
 797321
 427907
 424547
 50847
 753047
 387917
 536842
 300502
 405304
 691433
 260490
 978456
 774477
 379679
 100817
 809723
 850608
 721412
 341172
 174882
 635761
 923554
 214514
 779882
 834500
 425187
 474947
 796948
 950729
 755168
 407532
 720332
 974605
 342064
 241261
 616707
 108196
 236523
 491350
 411604
 190875
 195665
 76465
 408435
 526384
 828016
 567285
 828314
 848671
 12658
 97577
 854288
 610824
 472755
 793675
 45076
 624024
 720383
 111223
 762419
 211989
 235154
 379842
 5412
 0
 251624
 968957
 704347
 873043
 115072
 600135
 627980
 854432
 704114
 589569
 608988
 533582
 493738
 428795
 749927
 868877
 187600
 451674
 682607
 613766
 331210
 652150
 346307
 442171
 347657
 363636
 148064
 429261
 640402
 263822
 767405
 687309
 68670
 676549
 284622
 73030
 807489
 349964
 320192
 374172
 657528
 790520
 591712
 472208
 837263
 170486
 660488
 681307
 648734
 706554
 681080
 737191
 96785
 658382
 371551
 69457
 316757
 365482
 294322
 969689
 191163
 66012
 84021
 884032
 995890
 198597
 318648
 400466
 15133
 127861
 466235
 846088
 876696
 173930
 823579
 717901
 270713
 666389
 342841
 305375
 372569
 430408
 745642
 905610
 117220
 89788
 975893
 707507
 632994
 408942
 70258
 313621
 256851
 699257
 510918
 92360
 545548
 118617
 314662
 718867
 143951
 244358
 684437
 310079
 494328
 798997
 55384
 183499
 400669
 958664
 242256
 646707
 536935
 55355
 788554
 786817
 535627
 746737
 953791
 249028
 937631
 195671
 767278
 598959
 425130
 310533
 690165
 991382
 924123
 164413
 272720
 973464
 636871
 679773
 420017
 283018
 734110
 170111
 260169
 361857
 735483
 869337
 25581
 639764
 842291
 624864
 793234
 132196
 715658
 547482
 487750
 607939
 38076
 492227
 75973
 503899
 546826
 54286
 574322
 837649
 378680
 87207
 418683
 686496
 963055
 696269
 307509
 688933
 543209
 591477
 736487
 145397
 704209
 925957
 301402
 874326
 471376
 101510
 263226
 342465
 21446
 886773
 748124
 822476
 397627
 102915
 788837
 695980
 754825
 988690
 51100
 525478
 140780
 571517
 471941
 20202
 602646
 718870
 427449
 684210
 451764
 624144
 630377
 930678
 620295
 264608
 597391
 297426
 804284
 697421
 449601
 892225
 282861
 554026
 414225
 785962
 483108
 183585
 808628
 883737
 479679
 513403
 880000
 685012
 13346
 863700
 519553
 55512
 77280
 164362
 726704
 474395
 373034
 821446
 266187
 781575
 225036
 185238
 16604
 411822
 478482
 62909
 252239
 136429
 887821
 10040
 402397
 589462
 881899
 351111
 69949
 430286
 980694
 724320
 419933
 467260
 900061
 173296
 136772
 227744
 625324
 84397
 355433
 785363
 485202
 889939
 30177
 539702
 55879
 449641
 391686
 151898
 852711
 195953
 432807
 491241
 8125
 472810
 67599
 944984
 41945
 354504
 88572
 128018
 256242
 156313
 622540
 777739
 73159
 512817
 666922
 540974
 528465
 952163
 11342
 103213
 35268
 805194
 270511
 396198
 777438
 717491
 114312
 887686
 369570
 432361
 833307
 631439
 702673
 564195
 579762
 395134
 704371
 264175
 420172
 891615
 512509
 322702
 341917
 96918
 144420
 137377
 692789
 505730
 731228
 114127
 739313
 17006
 543236
 856256
 409542
 308325
 274872
 77922
 284417
 392147
 929603
 210315
 588744
 92388
 688210
 183615
 712562
 716288
 49748
 645161
 467812
 447281
 74501
 234396
 173609
 731377
 80750
 301675
 447721
 334412
 277005
 396707
 182572
 492430
 708781
 358376
 897740
 44637
 87706
 488372
 277468
 815085
 125101
 36652
 473327
 85661
 225659
 19269
 93976
 362655
 292525
 774977
 198144
 603604
 800998
 550278
 490687
 495139
 598281
 854054
 994269
 520365
 482650
 309044
 375772
 437100
 479999
 739665
 751028
 719146
 482063
 646923
 230897
 972877
 748601
 573686
 46219
 103626
 472566
 95990
 132414
 331753
 507988
 128436
 826722
 425191
 20146
 155540
 804027
 951774
 760005
 959409
 124035
 667828
 613668
 837693
 121878
 527446
 840511
 502573
 185752
 770114
 501369
 460856
 344376
 611484
 850470
 711973
 392743
 274487
 779957
 689378
 517736
 697752
 677097
 180573
 401843
 780397
 888914
 24687
 459425
 203090
 324686
 728283
 448623
 872131
 251449
 268963
 43336
 612316
 665247
 76035
 604950
 90090
 76284
 719429
 206010
 398243
 82041
 431315
 476916
 647860
 412070
 684617
 594648
 651421
 686614
 966163
 914652
 343174
 425227
 914531
 232537
 153398
 78255
 273356
 494005
 268736
 230414
 800694
 551286
 382965
 299524
 550673
 51246
 232904
 297555
 513471
 309260
 535402
 195114
 963889
 127952
 971986
 885944
 869584
 274354
 406658
 671105
 815845
 156265
 938797
 602267
 936255
 362477
 770953
 724066
 621655
 226916
 490476
 141242
 231050
 856087
 43129
 272630
 501127
 556755
 437507
 670436
 629000
 532908
 215100
 192101
 363530
 228811
 261789
 500956
 958171
 44069
 94339
 416464
 736560
 373976
 154124
 154862
 578483
 591267
 971043
 685019
 831824
 652763
 458612
 551291
 775857
 613081
 478126
 213495
 212424
 368022
 784275
 694425
 877697
 710436
 396580
 50482
 705743
 364779
 860417
 953095
 504159
 202098
 598112
 369951
 573967
 148710
 841888
 704597
 231960
 160997
 934744
 376353
 377101
 666742
 553446
 920826
 580324
 383938
 427892
 547233
 856201
 787249
 665454
 470921
 796153
 874046
 309363
 583380
 174383
 68761
 863232
 927659
 960367
 512061
 225547
 117903
 696848
 874435
 877569
 809044
 317280
 264822
 377754
 366054
 801373
 436928
 78163
 37338
 245153
 434670
 200380
 675590
 432248
 932961
 125018
 964912
 872454
 592152
 937277
 457496
 424055
 843964
 165364
 539189
 704181
 624795
 359702
 575545
 192775
 414510
 337415
 182325
 340521
 545016
 806232
 360746
 991964
 311460
 977008
 958883
 713486
 142275
 577046
 491717
 847016
 686245
 248062
 728161
 316923
 262594
 284005
 468313
 49174
 448979
 462460
 273657
 412577
 487870
 721563
 40119
 980067
 921894
 250885
 738154
 215936
 874572
 304614
 977443
 292577
 862213
 118165
 95360
 468815
 399882
 798902
 473193
 903563
 469218
 537704
 432920
 692392
 381990
 930546
 646968
 955321
 797434
 291794
 140888
 670013
 284640
 316667
 906542
 753719
 951591
 524884
 961918
 387547
 337106
 40280
 808498
 515703
 596846
 644938
 674418
 974306
 720720
 992257
 703509
 394243
 52744
 42911
 251460
 415579
 497350
 858809
 894747
 382666
 36229
 164042
 265171
 990564
 620860
 519217
 739677
 793523
 501064
 552244
 468626
 216124
 195592
 858628
 672255
 206675
 439041
 870661
 139617
 46055
 114233
 88113
 997569
 146474
 194380
 230103
 554454
 19241
 381642
 838171
 837142
 647055
 127890
 904165
 315653
 6337
 824086
 548663
 6440
 113008
 746666
 256324
 941777
 308002
 388599
 272876
 196503
 506682
 168807
 545512
 608373
 101033
 210844
 496725
 142857
 889908
 356912
 766137
 362819
 202974
 238114
 786445
 610046
 473331
 126546
 625443
 148076
 882602
 153043
 862924
 451796
 622774
 79448
 650210
 817040
 311749
 814580
 532784
 903163
 396308
 380098
 562874
 915663
 601853
 994254
 138119
 4576
 264181
 883369
 193276
 92432
 289427
 996155
 220418
 373146
 998761
 777202
 26466
 801621
 125801
 492526
 941062
 993384
 524253
 676789
 475079
 789719
 923040
 53456
 630258
 276174
 918437
 843711
 817329
 33952
 786420
 410235
 157437
 6518
 108255
 680244
 127670
 18734
 364620
 888870
 543297
 625172
 231116
 928760
 361516
 171821
 669611
 701010
 801356
 666722
 34886
 971158
 665535
 983540
 828191
 7722
 126751
 877798
 143110
 889230
 370571
 279475
 451786
 963344
 663755
 609001
 24507
 254835
 444296
 427758
 970548
 562124
 849447
 469816
 2416
 945459
 814225
 986388
 354708
 431211
 1512
 849786
 571522
 879810
 906768
 581453
 480000
 757757
 616613
 772216
 932709
 265895
 96515
 302379
 224344
 970811
 603101
 580911
 674572
 133647
 465086
 279316
 974474
 799999
 302238
 867899
 99691
 860069
 558835
 552554
 421117
 665893
 243531
 599000
 96357
 87723
 200258
 256894
 450173
 723181
 284299
 317069
 648566
 993154
 678012
 2359
 937531
 33323
 17645
 941176
 597637
 910447
 639931
 114650
 978711
 896103
 841226
 294155
 21120
 806986
 158570
 160445
 861851
 926164
 188529
 290314
 160080
 54992
 758253
 56307
 481681
 558246
 249297
 404555
 888142
 279576
 865127
 707621
 194727
 127504
 334271
 359820
 994575
 887526
 28662
 733554
 39366
 109033
 296430
 430611
 723786
 778993
 387244
 969574
 237446
 194259
 959633
 232766
 357798
 23656
 407744
 218188
 788066
 461671
 71301
 708818
 555863
 117750
 176543
 551119
 554697
 28505
 118397
 589609
 605287
 871736
 648897
 373399
 151015
 358294
 302536
 356220
 504735
 411764
 412004
 246589
 87761
 683204
 545454
 315001
 414397
 127786
 230051
 505200
 431536
 863753
 292999
 551249
 362976
 265657
 612235
 16720
 630248
 928388
 429629
 92050
 410359
 859762
 503788
 275746
 844811
 724417
 207303
 915221
 366969
 374365
 794871
 254214
 432042
 253042
 687043
 518828
 631098
 629945
 692630
 644697
 837979
 578753
 475490
 307490
 119287
 386424
 419250
 964317
 168555
 822463
 86277
 746952
 677932
 327602
 16678
 824840
 72453
 897994
 380680
 122807
 907950
 890109
 915857
 500149
 262422
 209124
 695652
 223344
 699740
 732932
 317217
 30204
 185498
 83466
 970703
 14629
 606943
 883283
 537476
 48211
 440882
 29152
 183067
 224570
 879156
 467296
 57020
 317506
 661285
 254129
 142650
 446494
 484344
 428548
 200904
 801897
 142606
 845143
 885604
 564187
 884443
 179943
 477291
 793103
 714825
 679044
 23016
 725555
 587642
 39580
 324056
 306441
 451440
 937493
 383675
 791672
 455752
 819130
 252989
 109056
 436614
 326447
 425106
 598184
 656009
 838186
 162192
 640804
 502996
 916850
 963990
 33592
 807836
 109178
 599102
 755647
 627503
 249070
 317385
 631751
 864718
 592178
 334422
 344665
 277832
 871698
 3805
 161244
 526973
 572763
 54836
 904489
 908366
 491998
 733634
 418764
 771313
 61612
 809611
 621181
 683874
 731309
 71490
 76010
 989231
 93468
 475708
 80778
 157252
 963079
 204679
 662587
 470519
 136009
 588991
 196444
 897516
 105852
 910457
 894543
 231170
 636335
 843412
 224262
 494559
 78805
 331339
 988242
 812417
 294615
 917030
 421331
 489749
 72744
 77546
 186991
 236180
 3553
 18296
 477622
 991654
 202224
 998424
 517540
 910534
 669044
 50406
 900740
 139744
 279069
 523338
 572093
 69028
 553494
 710512
 488584
 326925
 439858
 234942
 193148
 331374
 832008
 449679
 128716
 61897
 153971
 781370
 642492
 360280
 460497
 235038
 871156
 56000
 265890
 435501
 111917
 125685
 885439
 898741
 274536
 449933
 924017
 498734
 497902
 395011
 908377
 776437
 504831
 289002
 321751
 563380
 892153
 145978
 422406
 860569
 658908
 971894
 61252
 97302
 148981
 281582
 723102
 106573
 602686
 178674
 904159
 187006
 77209
 47244
 701163
 345441
 123966
 419951
 890341
 253845
 985484
 158738
 753424
 50000
 687952
 41022
 219704
 262188
 511109
 781860
 227520
 176131
 940573
 284009
 888025
 290058
 127608
 107706
 297447
 855625
 865546
 35236
 679226
 862235
 231277
 450088
 544836
 143475
 617142
 468356
 719227
 555555
 198235
 348592
 648436
 608999
 488597
 174920
 675104
 435686
 237689
 875320
 740950
 57532
 680000
 663442
 548903
 401713
 270141
 483852
 587545
 772759
 746592
 434351
 439609
 817589
 944444
 562504
 869951
 879396
 528989
 242262
 903410
 98967
 121562
 496563
 866783
 779583
 7328
 340370
 644142
 531612
 59686
 881583
 445248
 961917
 396044
 416729
 151843
 908573
 57328
 596502
 126891
 350016
 975026
 996038
 935899
 998240
 843270
 281458
 633620
 811109
 240740
 331327
 223656
 507963
 703305
 656124
 438032
 843970
 499874
 774443
 654319
 144719
 1437
 383508
 949049
 390743
 29789
 959194
 927358
 424788
 441342
 613803
 157991
 959968
 380753
 571628
 798933
 340347
 467834
 300671
 0
 533651
 373848
 634168
 970398
 942039
 539296
 621722
 420257
 450705
 224142
 406303
 866145
 464391
 609888
 378299
 328169
 844202
 631353
 142646
 781868
 585923
 157963
 202064
 707364
 600457
 907080
 591836
 377410
 204008
 265753
 344065
 313337
 564695
 421336
 826152
 920443
 800538
 924159
 798117
 607663
 750501
 505948
 718173
 997512
 749658
 50839
 836696
 576535
 801280
 6143
 595515
 211572
 457807
 954422
 295502
 433565
 906424
 298569
 682600
 627323
 807600
 765318
 208114
 963218
 786204
 151440
 350356
 30034
 39140
 127124
 955339
 67452
 888420
 842253
 732729
 0
 430186
 510240
 486511
 184646
 351088
 146774
 409753
 910214
 417078
 191798
 901883
 128533
 543696
 49377
 770407
 456516
 547464
 611111
 217601
 268310
 441176
 665954
 29869
 235459
 621543
 300720
 966990
 282828
 230268
 448499
 746781
 23846
 935706
 40047
 503515
 17818
 419734
 621242
 970868
 73216
 43840
 235059
 289039
 272469
 655971
 64516
 337662
 526435
 91084
 321608
 285045
 614121
 321550
 323992
 557567
 394773
 99716
 840561
 334815
 1671
 220417
 933645
 717813
 539242
 286863
 492314
 600267
 548975
 774585
 439360
 263509
 17310
 859344
 922255
 409304
 496608
 584202
 712151
 917383
 624386
 871369
 609137
 539965
 530754
 185959
 809296
 700077
 57978
 117125
 563029
 820152
 820062
 263895
 822842
 550105
 376705
 719406
 656839
 738624
 247249
 356757
 786557
 217252
 371248
 426871
 293015
 321336
 713285
 407701
 737756
 743570
 638376
 430100
 171133
 917425
 522457
 684961
 342575
 199804
 614777
 693291
 836412
 382869
 992325
 255960
 589624
 484358
 166555
 27250
 746328
 575244
 536571
 76593
 920399
 426921
 208495
 207256
 879633
 867217
 29886
 851275
 773493
 290653
 688893
 108518
 967940
 986969
 937282
 763812
 160455
 718720
 79287
 751425
 281598
 203604
 160782
 201727
 450308
 464120
 921275
 552621
 580515
 233899
 681893
 819574
 781555
 728076
 265553
 156751
 830262
 706532
 935533
 956777
 8643
 747019
 566797
 491473
 932432
 970656
 333112
 153451
 283965
 35022
 603538
 960941
 152031
 235335
 503995
 763587
 489614
 508753
 813932
 86868
 425003
 836151
 581712
 910366
 466396
 304951
 0
 489036
 577878
 881430
 893872
 75998
 314527
 115430
 518393
 847068
 128623
 575651
 126870
 726997
 912717
 405392
 255516
 762120
 409592
 687644
 468908
 973931
 413407
 991346
 293271
 777265
 61923
 592003
 309787
 172430
 542635
 528187
 66701
 772532
 746789
 71831
 230967
 221174
 622360
 663879
 641895
 826997
 109725
 708901
 415582
 0
 564255
 445138
 937098
 377875
 114537
 305190
 834162
 838230
 704584
 591512
 708661
 909874
 352280
 338718
 87912
 972860
 931630
 139611
 722227
 401594
 400300
 735197
 498874
 620723
 703978
 870280
 907039
 373610
 141049
 98922
 708977
 805215
 874335
 784871
 450606
 837563
 984251
 893923
 246170
 424259
 164966
 583123
 587096
 584035
 853596
 388683
 224814
 799944
 874455
 456149
 472604
 585365
 749820
 326833
 478511
 891944
 694751
 295059
 750746
 501327
 524783
 490859
 739039
 752283
 897986
 85046
 120719
 285495
 908181
 989936
 744933
 231381
 883720
 785177
 659313
 428949
 520035
 700955
 237265
 773688
 702031
 245085
 276368
 160107
 655280
 925925
 591308
 114436
 974720
 766547
 670442
 72545
 651033
 760278
 835328
 305890
 332506
 737391
 453332
 206378
 17388
 451413
 914033
 159851
 923389
 731940
 888773
 757188
 571808
 843898
 142076
 619510
 470153
 258624
 550289
 875687
 351420
 210935
 375800
 174296
 7619
 491557
 250104
 873262
 924369
 649866
 659525
 350848
 53055
 948358
 732471
 490192
 298007
 671032
 788268
 141864
 90909
 753311
 924568
 596163
 605527
 248708
 176307
 565765
 101562
 765188
 480574
 943614
 353526
 996880
 257452
 99979
 835807
 344992
 773750
 889842
 554695
 750134
 560388
 422070
 593218
 19212
 949353
 175046
 791456
 46146
 47338
 110445
 465911
 415538
 646478
 190342
 572696
 677458
 363636
 664366
 533051
 274047
 841025
 810729
 531476
 823001
 783205
 118613
 916201
 964125
 656638
 778441
 966876
 844534
 765532
 241229
 453357
 1784
 397412
 405578
 235018
 941042
 859936
 255860
 518394
 101810
 58265
 171080
 396858
 996651
 169811
 671866
 143678
 852386
 937538
 718281
 383646
 843664
 974232
 352237
 859862
 356667
 310417
 780861
 391736
 187237
 574428
 910835
 608961
 361522
 570197
 626349
 488815
 567579
 434782
 708162
 960520
 186942
 844272
 584051
 121161
 376759
 523329
 501991
 572087
 970891
 191732
 724902
 578729
 178175
 564567
 857662
 243969
 601797
 31919
 124741
 562390
 828617
 81081
 64702
 555411
 487457
 503512
 595701
 454475
 936055
 924994
 411432
 775932
 831664
 569502
 86492
 522786
 784469
 62995
 534759
 988845
 519939
 488164
 943782
 796017
 347135
 263382
 533148
 632026
 758215
 488372
 51747
 571213
 951071
 929809
 888690
 547100
 946405
 123391
 15516
 465560
 852808
 968527
 375813
 928176
 593008
 80301
 795774
 521939
 120468
 593251
 907425
 333333
 745098
 113754
 311239
 927129
 560895
 88745
 802671
 246495
 889036
 403735
 580414
 582780
 915388
 50183
 601535
 565894
 992612
 245411
 794270
 208235
 836909
 868852
 785661
 272705
 414133
 240956
 117825
 124450
 906031
 319425
 105196
 29238
 93248
 470209
 135679
 801866
 554957
 170423
 933594
 739664
 139796
 38114
 282685
 395238
 837194
 699959
 699744
 424135
 43087
 460561
 136602
 39113
 962715
 211253
 903339
 48025
 440968
 859095
 968999
 210500
 717208
 250857
 844694
 882068
 452081
 394662
 794795
 383355
 939285
 764087
 810028
 965870
 828921
 550056
 668800
 753765
 221629
 263537
 362774
 945103
 64082
 785249
 122534
 118130
 160173
 503463
 815974
 993122
 732195
 127272
 627272
 897416
 161684
 76866
 727913
 661163
 621270
 577889
 546872
 834800
 741537
 375207
 396542
 733509
 734228
 947503
 133893
 664528
 922905
 316034
 405159
 184791
 369946
 523934
 809735
 326446
 323161
 645916
 667900
 862578
 526507
 871940
 383315
 256043
 477898
 931603
 634970
 457766
 448183
 512847
 761006
 913216
 483537
 73222
 939393
 918143
 292533
 315917
 182953
 566099
 696764
 152143
 195011
 885196
 25633
 568613
 988227
 38149
 513247
 481151
 128502
 86829
 201658
 950749
 788810
 299182
 827150
 194403
 811799
 959557
 863799
 121356
 333333
 279303
 6607
 423950
 124063
 189013
 923387
 727299
 667406
 826976
 734831
 706412
 340540
 618968
 717272
 799373
 299219
 170005
 719999
 634026
 785056
 317348
 659631
 358306
 235668
 689740
 252596
 522875
 303623
 193397
 885973
 508259
 233489
 677321
 12156
 709493
 385971
 384230
 504593
 997014
 262730
 226653
 156390
 312843
 949769
 71680
 100688
 745454
 823299
 419190
 116695
 4919
 832225
 126594
 392280
 964757
 175418
 620873
 705518
 179739
 628406
 547978
 613241
 221347
 414723
 966738
 30187
 35490
 585697
 693965
 138674
 875151
 555995
 361170
 10067
 185185
 298717
 362650
 786728
 345434
 996367
 293698
 45290
 961291
 823662
 183532
 540755
 956173
 601861
 77463
 96740
 747367
 34898
 267465
 925337
 733193
 571282
 290904
 365792
 790440
 897515
 292427
 93037
 510000
 831109
 467348
 824000
 58626
 541492
 913043
 380151
 175425
 27724
 539283
 837129
 93921
 125847
 295806
 611904
 986804
 383558
 913344
 411692
 62722
 427293
 747908
 307692
 356400
 372013
 93001
 185397
 947949
 859190
 60422
 730142
 195953
 402207
 464950
 305316
 76845
 745279
 605396
 687303
 365710
 292725
 929827
 154296
 390881
 888824
 888955
 139900
 407114
 431696
 832303
 241802
 482851
 517920
 265306
 323856
 279024
 369298
 253968
 291032
 492554
 494882
 243074
 491761
 847758
 392299
 699961
 381555
 186452
 948142
 709929
 467774
 599423
 673258
 829494
 68347
 362028
 526690
 858048
 412259
 186495
 662883
 779651
 351390
 443149
 393939
 651376
 898313
 121354
 234630
 122923
 172899
 253948
 182472
 123449
 706051
 677576
 188162
 793488
 159607
 867162
 765422
 152192
 104763
 241577
 861335
 387485
 875448
 888741
 647924
 355815
 66937
 346246
 761412
 132882
 203959
 578379
 935359
 980930
 825810
 190413
 233909
 533461
 896491
 901914
 261737
 713428
 374823
 498493
 623001
 736784
 922061
 697429
 136914
 290965
 526420
 519796
 12137
 378619
 916996
 78547
 289423
 716889
 59052
 746650
 794950
 466131
 567857
 550731
 372117
 262941
 662108
 127664
 704873
 945686
 755218
 636570
 450564
 920879
 930873
 911037
 57118
 729906
 781582
 735806
 386080
 926829
 181342
 143708
 349100
 578154
 34041
 624883
 394418
 937466
 651886
 773195
 558008
 364128
 387869
 885771
 966211
 537417
 583518
 954811
 997173
 927835
 309028
 448888
 565679
 666666
 696852
 922984
 569552
 231278
 902223
 865526
 523270
 207593
 612524
 593673
 604031
 18732
 128796
 190635
 498481
 353952
 80145
 402002
 193910
 44382
 521160
 104346
 321598
 344537
 717019
 643179
 367930
 383504
 695223
 276134
 305770
 226445
 257945
 337161
 297704
 396968
 853673
 291715
 67545
 174673
 468772
 544237
 295350
 342331
 669248
 694901
 972191
 505180
 99638
 59583
 924376
 933603
 979227
 333384
 858904
 196078
 910611
 392794
 968924
 705059
 441474
 864624
 833198
 453428
 824593
 631904
 488455
 370736
 200329
 582986
 725697
 674220
 663157
 227336
 708478
 431475
 687876
 755496
 742293
 814254
 160505
 369072
 170148
 220472
 15517
 757075
 471657
 373831
 83670
 729967
 131899
 836036
 971487
 157056
 211357
 3178
 698012
 991351
 620440
 642046
 765957
 232718
 685202
 930935
 987086
 61810
 143887
 360321
 325755
 27850
 669230
 498743
 809424
 253939
 671567
 675912
 124905
 259752
 440407
 144838
 931389
 978370
 917342
 830805
 314901
 6931
 66303
 454342
 493843
 601383
 113994
 31925
 254708
 780145
 934808
 849056
 23899
 687259
 361282
 316801
 459993
 64340
 558177
 465295
 434369
 58153
 611698
 550052
 896767
 655580
 914285
 709938
 618238
 884903
 730930
 458188
 160291
 144275
 679056
 102431
 693822
 341292
 488310
 60521
 829787
 497435
 692707
 477477
 595996
 755193
 988111
 915135
 112299
 877053
 882422
 24483
 252107
 873293
 399686
 35528
 936983
 726315
 625555
 287521
 684254
 330111
 595176
 99456
 125220
 149502
 233010
 578817
 119858
 844194
 263137
 331717
 487604
 136818
 613008
 368146
 573821
 733921
 170462
 247188
 130064
 986682
 446294
 318730
 263120
 172623
 271977
 770004
 415563
 35633
 560020
 51673
 870426
 425965
 354619
 804058
 108702
 331176
 471051
 413620
 721463
 518939
 208307
 252644
 927324
 336621
 794780
 441771
 633028
 895324
 190769
 250500
 173766
 695652
 599917
 501586
 207735
 192244
 309964
 973419
 70418
 634168
 487741
 863320
 994065
 528391
 717092
 434782
 699809
 305205
 185666
 223449
 447169
 4921
 42224
 52277
 912971
 903562
 841796
 31418
 993182
 808808
 690849
 287261
 4426
 728468
 971508
 201804
 28702
 212219
 434794
 708472
 241183
 709677
 742479
 692232
 285115
 412148
 728502
 585191
 174089
 902836
 662213
 631911
 413927
 973499
 37817
 119505
 209758
 244984
 697365
 482175
 773947
 386149
 424707
 474021
 459902
 530003
 502652
 823610
 219532
 422941
 510812
 39862
 737113
 297661
 689038
 917705
 620857
 348466
 336328
 575949
 974529
 674928
 22675
 611194
 410368
 535308
 681704
 482135
 433196
 21505
 652512
 734444
 918265
 713000
 654478
 996455
 624968
 838472
 781720
 160423
 709885
 35862
 331036
 332737
 792888
 769140
 5339
 358415
 160100
 146592
 134907
 843721
 94325
 461859
 261386
 437226
 25339
 903072
 137014
 57695
 60369
 693621
 579362
 732241
 74111
 827019
 467768
 916753
 661237
 762716
 71906
 968829
 172527
 280323
 912738
 301541
 571043
 867015
 467163
 89887
 300082
 980416
 447010
 339317
 757660
 701139
 139118
 905080
 94688
 613000
 989868
 631578
 862596
 299130
 988432
 877567
 382542
 160832
 492072
 836370
 248554
 548510
 326426
 650168
 310086
 139952
 84979
 267015
 552159
 679462
 861423
 69598
 562708
 317044
 231454
 209183
 392237
 980385
 955236
 653667
 160333
 609829
 589619
 229044
 593038
 652349
 775698
 371832
 154580
 866750
 22528
 810748
 366148
 375376
 255539
 234285
 876206
 505346
 387128
 943362
 160098
 389407
 925820
 655731
 513504
 151123
 523732
 538191
 167666
 625146
 383093
 987707
 915737
 225820
 457321
 481235
 509976
 247208
 254515
 723791
 186918
 166757
 527815
 286230
 397450
 461241
 864963
 452631
 715425
 808169
 412052
 225228
 10280
 442869
 474135
 809184
 376251
 848296
 875921
 987969
 575783
 520445
 851022
 205400
 397769
 398865
 50632
 210826
 981990
 792481
 365662
 229747
 443025
 657864
 243550
 675019
 983778
 839706
 198716
 402850
 230414
 490934
 923026
 747032
 181254
 656534
 10538
 31620
 194947
 40352
 11648
 816655
 697007
 285178
 978105
 794970
 928065
 313477
 780826
 450494
 642950
 206839
 428571
 15690
 197186
 837154
 724476
 713495
 544713
 468786
 790912
 844069
 82214
 659659
 401055
 24560
 75173
 591104
 748540
 883859
 941840
 721013
 253370
 234854
 930474
 449991
 297657
 484073
 61566
 656296
 33272
 232211
 562637
 390833
 45811
 864882
 952835
 685549
 392061
 897115
 824639
 220832
 957951
 482352
 324538
 337034
 432607
 766393
 724873
 305970
 28542
 660583
 599335
 320614
 995356
 147289
 913355
 767025
 865984
 814600
 240961
 951180
 941068
 763560
 407514
 734897
 531250
 152747
 297086
 280170
 661102
 539417
 215527
 175292
 854398
 809173
 775925
 74016
 257385
 120578
 640104
 526758
 186617
 328106
 470733
 914213
 857337
 669301
 396613
 507271
 442069
 767004
 215297
 759736
 209129
 192660
 543213
 173132
 337703
 946889
 199667
 550544
 596491
 886421
 117507
 767817
 512349
 444524
 437427
 682071
 916841
 171808
 365961
 16698
 525911
 235866
 567304
 322989
 53919
 697013
 218651
 878572
 664469
 974003
 647022
 9199
 415
 729199
 399999
 595744
 357880
 4075
 192691
 192390
 448922
 197483
 799796
 453425
 623545
 596210
 831768
 848716
 144627
 97218
 878377
 779448
 645965
 749009
 963779
 136248
 332789
 705882
 860635
 510419
 12848
 959366
 981776
 83463
 237354
 354300
 975087
 787653
 429582
 674462
 110905
 138577
 606541
 175429
 810476
 374115
 481722
 920491
 706594
 823292
 892825
 572947
 902227
 403398
 345013
 993377
 460776
 170021
 326597
 264058
 216910
 236071
 753494
 808065
 959409
 182389
 813559
 1406
 327305
 568489
 525362
 850112
 298515
 289462
 450818
 781135
 741213
 90458
 995279
 370672
 722260
 878857
 344939
 823942
 461631
 433155
 487904
 664200
 935040
 417457
 420190
 266648
 953940
 403595
 983016
 361267
 335375
 239254
 968337
 201022
 355894
 929128
 690568
 880250
 39314
 751955
 601012
 933234
 285259
 493153
 86778
 562346
 196953
 130988
 193940
 120834
 421740
 701209
 24390
 848899
 13059
 455862
 385361
 742029
 968034
 691456
 279138
 839788
 323276
 721417
 890427
 683189
 824331
 6678
 579203
 518999
 919117
 962881
 486879
 411278
 295246
 334388
 577347
 791946
 749719
 595174
 554174
 799876
 450568
 15415
 489824
 573294
 306638
 360383
 80226
 615407
 351651
 688640
 536371
 402573
 350515
 452554
 132894
 483568
 531055
 858372
 649877
 417126
 899454
 219474
 641390
 543484
 763700
 944595
 279028
 484646
 579080
 648351
 201657
 163437
 696778
 912024
 410880
 375444
 479777
 943204
 690021
 935996
 65113
 427947
 746465
 255397
 802537
 47580
 444385
 978859
 316876
 731225
 308101
 968727
 254996
 685847
 258804
 638393
 518344
 378387
 32960
 112142
 745538
 782834
 22046
 629491
 52568
 578312
 659049
 757953
 51833
 500991
 846483
 417436
 571665
 911165
 573288
 23836
 269815
 896507
 596133
 603941
 106256
 619710
 400233
 395987
 469749
 131001
 767517
 795594
 319464
 85022
 263660
 263060
 538568
 38640
 797388
 248890
 759299
 531502
 595615
 276037
 392218
 776778
 311007
 89160
 85630
 155130
 177382
 298929
 445441
 42449
 640739
 734124
 507410
 589090
 108508
 626362
 470288
 528864
 967521
 30591
 686609
 261744
 147759
 375795
 318089
 569811
 924263
 186294
 973676
 743462
 769043
 385559
 105909
 426342
 849364
 368527
 44066
 209036
 3759
 865191
 474761
 262642
 139377
 450480
 440954
 262045
 94442
 60573
 754093
 138637
 354618
 57012
 689838
 42269
 803897
 741176
 52835
 923760
 558139
 317637
 796912
 639041
 537608
 730770
 164489
 193733
 156402
 800867
 846560
 491370
 104101
 399899
 340533
 199134
 509878
 831999
 646642
 890041
 528685
 642304
 780692
 737565
 131695
 131127
 213175
 859229
 398265
 994011
 661936
 913082
 130488
 971200
 694498
 188803
 560815
 111426
 253261
 303298
 56206
 785647
 490293
 350857
 238528
 879056
 274746
 173305
 539170
 72721
 357752
 429000
 694926
 978964
 157512
 941496
 248621
 510192
 509599
 403773
 324943
 34513
 771369
 313674
 952737
 490111
 958852
 745098
 552582
 223729
 352215
 224134
 176858
 877112
 549931
 952410
 726496
 92366
 850484
 269067
 908993
 383151
 698374
 997590
 324899
 916501
 291803
 558162
 866473
 873166
 642901
 292034
 700912
 74408
 902631
 289917
 765375
 413550
 659486
 265306
 696360
 924130
 305036
 20441
 31349
 786857
 332304
 157634
 468389
 313944
 10859
 874905
 495976
 479226
 785268
 517542
 613639
 165781
 961811
 404929
 525317
 228274
 628232
 230638
 837592
 233766
 36676
 57365
 249329
 905829
 858187
 434023
 218426
 95848
 433846
 564551
 171794
 184032
 4060
 717246
 127141
 847358
 676790
 696223
 49335
 954025
 907516
 218404
 231106
 949628
 960733
 372908
 38717
 846179
 974374
 269635
 881720
 730107
 758977
 939909
 329550
 900118
 537059
 958097
 225405
 5350
 953469
 839825
 273383
 609385
 517736
 598738
 340425
 558185
 274010
 855132
 839846
 566317
 333333
 389357
 577834
 751205
 167628
 57403
 873873
 259809
 119375
 696578
 901445
 366130
 666326
 448222
 573694
 244839
 659764
 290741
 59502
 507494
 638641
 280950
 75141
 886389
 76523
 858029
 974559
 618461
 838469
 899118
 647058
 406509
 362477
 179861
 257130
 943141
 444067
 30163
 305084
 381017
 838825
 88123
 61337
 541507
 838881
 95905
 254488
 237236
 78921
 210481
 735424
 549594
 375802
 806335
 882425
 743319
 782716
 214425
 470886
 388035
 482475
 823839
 160357
 680497
 422081
 994518
 730973
 446030
 842712
 105989
 776723
 759833
 676655
 123910
 425531
 80202
 673515
 171276
 762967
 886916
 850822
 822580
 119517
 533623
 227739
 203072
 90946
 99396
 56428
 383308
 858209
 115393
 978229
 412553
 466488
 175937
 334896
 832711
 157377
 741760
 59223
 115316
 762604
 153445
 672980
 993572
 612681
 925883
 454810
 16001
 283835
 359430
 829664
 557724
 664517
 392317
 128665
 571593
 161126
 417791
 504136
 164461
 211764
 519117
 83474
 715652
 742696
 709822
 973944
 179022
 774233
 350717
 977370
 746316
 509166
 93607
 382150
 929159
 940886
 635903
 836288
 862853
 914838
 338315
 144006
 338823
 501529
 392033
 207798
 405883
 812960
 454837
 139934
 758913
 514160
 180149
 284403
 871587
 388393
 370693
 200626
 633122
 848600
 870249
 200772
 918936
 697109
 143686
 663888
 569717
 471989
 378094
 920763
 73985
 913778
 893203
 637387
 952598
 347720
 102535
 357305
 4073
 509551
 89784
 531622
 234413
 538670
 741739
 532553
 793955
 722869
 45834
 103425
 89698
 752530
 398938
 202190
 413155
 654317
 403670
 132409
 704109
 341496
 590092
 899441
 407939
 852383
 182711
 772108
 473499
 956509
 943194
 543144
 160772
 534084
 195874
 185739
 804664
 991231
 841287
 873726
 857232
 641136
 595298
 101385
 433127
 467771
 121086
 731240
 512398
 632317
 656335
 915247
 981776
 617391
 789955
 405134
 70073
 842312
 133481
 771672
 524110
 779471
 965118
 776091
 972399
 211464
 529274
 324808
 278169
 413862
 794181
 15059
 913893
 766760
 52631
 603615
 93463
 153587
 457005
 487373
 180209
 399321
 857071
 589638
 148507
 262773
 197152
 801043
 120756
 370201
 457738
 916951
 254580
 994636
 290106
 543778
 797146
 230781
 146067
 32663
 200899
 638152
 507974
 12810
 114084
 846825
 214397
 214196
 22452
 984877
 515446
 648820
 480832
 544412
 369779
 793084
 30406
 907243
 711452
 691417
 73044
 821249
 364947
 447978
 38270
 981889
 647557
 443852
 900165
 184941
 178995
 214118
 69359
 711547
 958822
 140068
 684887
 127558
 281679
 638854
 922911
 96321
 468953
 500436
 492263
 591095
 666666
 157048
 836336
 474970
 651190
 722952
 899984
 491628
 220440
 592936
 626541
 716724
 914789
 789174
 545190
 150707
 134172
 367213
 864452
 237708
 482846
 704131
 257139
 719892
 283702
 15936
 909652
 336448
 458961
 470588
 106797
 34261
 736269
 178557
 673542
 852064
 336184
 11341
 761327
 313324
 958689
 480388
 842659
 761554
 666786
 93689
 56005
 14462
 270390
 57762
 120300
 267199
 852297
 920792
 756880
 684594
 288916
 744657
 703583
 515151
 960102
 167692
 866396
 35403
 728681
 46563
 123943
 992756
 518602
 983643
 496629
 715990
 877920
 818930
 49982
 677517
 89858
 276837
 780768
 30182
 986801
 728522
 716368
 851097
 966711
 158599
 764019
 887155
 800154
 262600
 587586
 107068
 474936
 785740
 695058
 579399
 489013
 262784
 302970
 458904
 651
 344036
 415136
 789823
 540395
 89260
 685004
 227097
 77269
 652173
 281537
 432902
 251445
 300457
 223043
 389891
 718482
 392523
 168727
 678516
 463674
 104972
 669500
 225521
 853072
 942180
 232536
 581303
 550245
 828398
 54547
 832751
 830286
 93944
 354228
 744706
 963718
 26869
 369246
 329085
 847797
 217391
 308619
 468607
 589306
 688888
 316863
 243692
 649835
 453754
 758807
 616279
 486703
 665676
 627266
 743260
 765732
 577073
 239845
 380952
 826771
 838565
 62146
 604690
 491998
 374971
 642016
 45925
 235204
 347405
 607280
 242020
 3789
 123399
 8847
 275260
 125559
 222659
 349376
 289792
 171091
 322493
 585492
 472501
 570741
 918471
 473753
 410165
 22409
 46444
 413878
 260389
 166273
 181138
 751162
 725553
 14108
 575577
 729281
 157449
 430766
 817716
 844781
 501792
 731206
 886514
 947622
 378512
 551357
 640398
 266854
 276875
 17535
 89087
 617724
 94729
 110948
 682056
 967578
 568271
 868787
 444113
 328251
 908175
 332986
 448216
 353484
 201540
 987777
 497336
 976965
 865367
 642938
 483334
 528861
 979042
 596491
 87286
 857177
 51222
 698031
 944469
 668313
 960572
 499702
 387529
 450054
 170918
 794058
 832807
 673988
 152817
 827556
 165526
 164300
 578849
 651148
 966020
 37250
 555903
 855543
 203465
 124917
 218585
 940944
 933734
 466747
 615470
 816125
 779951
 466666
 768010
 395151
 932413
 91105
 967493
 494943
 992278
 930849
 826246
 538199
 179806
 801779
 797968
 784149
 51490
 992471
 420629
 778652
 823553
 983519
 881481
 80296
 283543
 892298
 843980
 68095
 974127
 840805
 304331
 295619
 984962
 227447
 594438
 392081
 262173
 632591
 308370
 652724
 867009
 150313
 297125
 25153
 720951
 146881
 269196
 691710
 856811
 916193
 536347
 495654
 165507
 888317
 662201
 353857
 612816
 345717
 394592
 394382
 883776
 918555
 761704
 973281
 746987
 754354
 335483
 571956
 369894
 597918
 352264
 345370
 295904
 208929
 76068
 586206
 295113
 5347
 125789
 126344
 333727
 555963
 122264
 361050
 422394
 609415
 221092
 109441
 977662
 444258
 312612
 454165
 530429
 452949
 869497
 835313
 483648
 685523
 549920
 526868
 795042
 463396
 283193
 926616
 445570
 550527
 628136
 8804
 706355
 813378
 17964
 118386
 966095
 781623
 507462
 20452
 739048
 563419
 690072
 967998
 283662
 496948
 827442
 894561
 88108
 732089
 130410
 692151
 447031
 513608
 988440
 832669
 636406
 310641
 317596
 204960
 27154
 279254
 255723
 218776
 450497
 337590
 597978
 900547
 253232
 797880
 686358
 494226
 562661
 771428
 636800
 66033
 482336
 223412
 203112
 654199
 755902
 376143
 401074
 677056
 224606
 403628
 925889
 318892
 2992
 285927
 533044
 864701
 534475
 45325
 596182
 908125
 434947
 66976
 976046
 910283
 172711
 198414
 379676
 540064
 230463
 368339
 666026
 475181
 794229
 300516
 388202
 858786
 124659
 114724
 230769
 856677
 881142
 351340
 630140
 21134
 776698
 650735
 356465
 648563
 669027
 652041
 448666
 515363
 728722
 841014
 459143
 634207
 577475
 70303
 414470
 896048
 17451
 718446
 350899
 301451
 586629
 583895
 903885
 389003
 932047
 981455
 431304
 331957
 724789
 325605
 365451
 83285
 308883
 539845
 579113
 202619
 551227
 239547
 753500
 399815
 3786
 842513
 678019
 327492
 113094
 884841
 968269
 893102
 305389
 455445
 218839
 234758
 651124
 32371
 282051
 377795
 814842
 6654
 53536
 707492
 341314
 343476
 946954
 155419
 580927
 805886
 283805
 444444
 848626
 621650
 261023
 679485
 366899
 966853
 305404
 224077
 455140
 84064
 922721
 960240
 268923
 569026
 309738
 750244
 219806
 851652
 205529
 520034
 349648
 863763
 616052
 562139
 511607
 124824
 630194
 975797
 454158
 904840
 729613
 603135
 525752
 524492
 498618
 147657
 750487
 125066
 665677
 613047
 32124
 521163
 73941
 43730
 447929
 976567
 524913
 922035
 902053
 550331
 541200
 67923
 687999
 218025
 199010
 396098
 517709
 996889
 440317
 11271
 598678
 778372
 500859
 635461
 515359
 664511
 346074
 459333
 755404
 163066
 780913
 307659
 827056
 855326
 960809
 668359
 409335
 714285
 426724
 544360
 813700
 686635
 744192
 47667
 976452
 235253
 940125
 242232
 803666
 856082
 398117
 426246
 918774
 705944
 694362
 4748
 897964
 74877
 110326
 659422
 887525
 153846
 458125
 243374
 981191
 81797
 963504
 227234
 808937
 141251
 102980
 36154
 924940
 699688
 649235
 418724
 447348
 185061
 629808
 79999
 285714
 240071
 467780
 335665
 785976
 325144
 986778
 549016
 749395
 600953
 432595
 943271
 198734
 37465
 655585
 521749
 22573
 417430
 279510
 125936
 310349
 965896
 777133
 143065
 521980
 440543
 556175
 164093
 72670
 719301
 952413
 136722
 78864
 209875
 267553
 582964
 383718
 191355
 102821
 905902
 415149
 395860
 14744
 952367
 211393
 964830
 160436
 726255
 484358
 194535
 938719
 74615
 599999
 772697
 599158
 601830
 684521
 644837
 131587
 174807
 188379
 898062
 983767
 682964
 667659
 636167
 44899
 299304
 287057
 917413
 309012
 807089
 969794
 97101
 514147
 534943
 703678
 570467
 153071
 366529
 816751
 551092
 398629
 391827
 938955
 818801
 821725
 869993
 904484
 695285
 310789
 233440
 463328
 190459
 901686
 551107
 797267
 839642
 445508
 180812
 597392
 964933
 132797
 211820
 192036
 369725
 236344
 516109
 646667
 531133
 664166
 674698
 633138
 141875
 478503
 471394
 550106
 903162
 608857
 694259
 190156
 464269
 412222
 745501
 776071
 196370
 811490
 324697
 766183
 417558
 473801
 651753
 812927
 334797
 882936
 293870
 559675
 464317
 157198
 392527
 223388
 202366
 316311
 37037
 690461
 969934
 175976
 183227
 771180
 982780
 857721
 934718
 731085
 789074
 356999
 959459
 392644
 294645
 732811
 11137
 154862
 17786
 555110
 327749
 804671
 560992
 885037
 243804
 904964
 450925
 711670
 561790
 484704
 326100
 838154
 404069
 276418
 165335
 608727
 14851
 473842
 425695
 129032
 321241
 83630
 856076
 717878
 313719
 471098
 392510
 921778
 182260
 839753
 918005
 332484
 745578
 600598
 464656
 451719
 267873
 423566
 382811
 72814
 706507
 761867
 140725
 742308
 339677
 46464
 272590
 875555
 192021
 40167
 733485
 298993
 461333
 602028
 956283
 194605
 853195
 193558
 482095
 833652
 657868
 709219
 886001
 309071
 158646
 505311
 498023
 210277
 737090
 829005
 645733
 831784
 598288
 477291
 75635
 452658
 285758
 273915
 194724
 35799
 108948
 510282
 232748
 995715
 377374
 925664
 968233
 722819
 227585
 582133
 244477
 27264
 461027
 350817
 84829
 601524
 196664
 752111
 824502
 799050
 219378
 542655
 660242
 43984
 688782
 271258
 620484
 396864
 392152
 281915
 771717
 549019
 90829
 409098
 830040
 65590
 329946
 606962
 532885
 610088
 565409
 328280
 982498
 250261
 287097
 430025
 99065
 963757
 27969
 387412
 39893
 799675
 255869
 385450
 312477
 300415
 869687
 553821
 282475
 332301
 669004
 690992
 3593
 718287
 816041
 781011
 599306
 455581
 188700
 557026
 302403
 223742
 584845
 721668
 449541
 832443
 866467
 242537
 236311
 867865
 592347
 558685
 301168
 606755
 125080
 742472
 0
 473616
 679666
 524406
 480916
 764622
 484056
 817351
 381100
 559339
 180955
 40752
 531121
 565618
 437168
 151883
 212806
 390431
 919045
 597354
 286763
 971595
 994810
 700317
 459943
 426309
 626409
 397299
 520122
 523550
 236325
 695772
 306211
 306654
 407811
 653382
 238212
 970399
 659673
 396588
 247619
 576552
 632024
 469638
 204266
 158675
 28561
 2911
 794740
 166624
 390782
 348422
 469953
 47409
 132571
 147431
 435620
 77232
 512755
 694485
 81351
 465909
 407625
 959999
 508296
 770257
 560333
 96623
 623217
 632530
 641697
 924245
 993999
 642351
 500070
 621096
 323347
 990147
 996837
 111184
 881113
 199567
 750087
 733812
 331269
 150448
 89048
 268070
 328426
 979650
 96980
 839337
 469783
 593733
 164862
 446640
 37236
 20358
 178309
 460867
 921184
 759495
 967647
 507907
 305483
 570662
 502757
 853267
 690843
 276495
 685638
 111324
 377476
 198099
 503181
 768834
 624664
 801382
 740881
 563859
 257792
 492781
 502559
 723655
 53051
 962885
 935634
 720422
 476618
 141844
 748843
 579646
 658686
 340168
 821420
 837658
 500366
 970443
 404350
 207891
 491837
 791295
 759807
 446647
 260098
 473229
 356735
 852412
 729661
 954897
 3587
 336275
 561214
 213683
 531824
 670593
 299107
 797729
 406184
 367371
 9900
 559712
 717391
 345166
 323943
 458753
 195953
 563636
 801285
 274859
 477532
 291259
 7636
 588278
 413059
 507585
 629168
 682001
 575949
 860489
 979806
 485858
 87603
 689262
 850677
 311493
 320096
 575055
 784619
 626581
 873817
 19127
 514582
 765847
 307414
 547860
 579002
 27215
 614456
 585853
 881235
 972307
 261418
 982683
 756377
 343207
 816868
 324786
 898028
 250381
 0
 534844
 211382
 944188
 716049
 921658
 464091
 13352
 817227
 529055
 342281
 359677
 382059
 953504
 510920
 539493
 532374
 444500
 26867
 537701
 549128
 607070
 704545
 764779
 923964
 733976
 714785
 120202
 308397
 76362
 509310
 135395
 645299
 751466
 316021
 26958
 722814
 106662
 281887
 674174
 676079
 687367
 517934
 617926
 905566
 267970
 812135
 469127
 281199
 274558
 313518
 334887
 638259
 907066
 28170
 128742
 820606
 874213
 297728
 727300
 958214
 702922
 832641
 47080
 671729
 743776
 761462
 755577
 157007
 52490
 117683
 50561
 51717
 585204
 693191
 140065
 167913
 287904
 456143
 315668
 241720
 848120
 511594
 633072
 130037
 212366
 251313
 883575
 176694
 465229
 777927
 717003
 721711
 483001
 189873
 260927
 353170
 880359
 850834
 894150
 521415
 288236
 626129
 532919
 532790
 122366
 211267
 398797
 504234
 703007
 235884
 922570
 287943
 714043
 723601
 270403
 446531
 847972
 785584
 351910
 279425
 605062
 582499
 870952
 889817
 618698
 834530
 723913
 922155
 216676
 147839
 333504
 633510
 332097
 399474
 359178
 361904
 717444
 890645
 304812
 634858
 256383
 79952
 323383
 983505
 739585
 425026
 584470
 156661
 357238
 841164
 901836
 600938
 312053
 567041
 428634
 383151
 223852
 133866
 892012
 535187
 398539
 232892
 530758
 679254
 654028
 860315
 493035
 886808
 427987
 721328
 352102
 626741
 873984
 747808
 166305
 303248
 213593
 870646
 700960
 341139
 530898
 213469
 780471
 496820
 850528
 60943
 372878
 963432
 65903
 849619
 444383
 281235
 284015
 355099
 391322
 643072
 405797
 711353
 303662
 451659
 303303
 469861
 674762
 380059
 375535
 776631
 294507
 584895
 312734
 835911
 121435
 334150
 686762
 394389
 110694
 221132
 49780
 479999
 748224
 485290
 236506
 356393
 472380
 331625
 219462
 170103
 371369
 157708
 222889
 695065
 737166
 77167
 997071
 887753
 728698
 185665
 66747
 296243
 606589
 545454
 983362
 40523
 421694
 508859
 696635
 964285
 438177
 680236
 743056
 298254
 461274
 83499
 148035
 206363
 640010
 194640
 610438
 155706
 804766
 168494
 232965
 48854
 982472
 618275
 760577
 780359
 426829
 536117
 781141
 108389
 141945
 149858
 855893
 258701
 963936
 743912
 685050
 816727
 448107
 700591
 878741
 917241
 194328
 522981
 435452
 440144
 909133
 585348
 54045
 699854
 828657
 595917
 703830
 965034
 738610
 315175
 38777
 663513
 195718
 255301
 372652
 475718
 138434
 294699
 467110
 390502
 122753
 557409
 315943
 973223
 33140
 964801
 579715
 515705
 426933
 369122
 511776
 247300
 879627
 36130
 934389
 610988
 782278
 493927
 825958
 803519
 255610
 491093
 816795
 557377
 134869
 318004
 688674
 218012
 564720
 602702
 497314
 147837
 145021
 961777
 808475
 940331
 100172
 951135
 984129
 194986
 275118
 400581
 492042
 589920
 764766
 390785
 943925
 142857
 570932
 975748
 652088
 451647
 455110
 646262
 310726
 208990
 920130
 440694
 792499
 989738
 938537
 333230
 197120
 278117
 186758
 203007
 613262
 198369
 995802
 872558
 210248
 622948
 194718
 580159
 721904
 264781
 255745
 150110
 247701
 573573
 429094
 56125
 214285
 274651
 284940
 123609
 908355
 758869
 419250
 513416
 63309
 283586
 602211
 398094
 410530
 291995
 129703
 481135
 565458
 750000
 993172
 937228
 447439
 762991
 257713
 991331
 145180
 451091
 85714
 104008
 694063
 886946
 875632
 538519
 788139
 186653
 402034
 810156
 816753
 774154
 836655
 384131
 897221
 444145
 505691
 849849
 496480
 523650
 310953
 116234
 669470
 770781
 500797
 330998
 983348
 721479
 291545
 705776
 564782
 140437
 169587
 465906
 396451
 455688
 1391
 760869
 593922
 461786
 839473
 739130
 151531
 717038
 402380
 402038
 298362
 790524
 414073
 595936
 503591
 473625
 466067
 992617
 254994
 998204
 619965
 926538
 450335
 920578
 680623
 177091
 127247
 613919
 567746
 656611
 408706
 402455
 391419
 439939
 80046
 278026
 276881
 547171
 678673
 244147
 851857
 113779
 999431
 376994
 634730
 964660
 38707
 970110
 50847
 280303
 150345
 29853
 586749
 703296
 129174
 945700
 786781
 391566
 266548
 758157
 937460
 818673
 925037
 405025
 691578
 281672
 261813
 50107
 141883
 608717
 231902
 272520
 562455
 939713
 913308
 876570
 829023
 242164
 495262
 487015
 770279
 51646
 780593
 959275
 509371
 750646
 962192
 591298
 113954
 113264
 488163
 766678
 138321
 58823
 924805
 643975
 413147
 970305
 429901
 390119
 53616
 916259
 799213
 718682
 778276
 510497
 88393
 541191
 584237
 109027
 866347
 814980
 554314
 597609
 39683
 346068
 979238
 989249
 566843
 73437
 284845
 710418
 889211
 281227
 445940
 436145
 618869
 398825
 918665
 669902
 949387
 27522
 58643
 166898
 3734
 392070
 251801
 625060
 953590
 94148
 895100
 538846
 500208
 758565
 497318
 890364
 519540
 429697
 864174
 629032
 110347
 124230
 694017
 590224
 904784
 186425
 539070
 961661
 619704
 532330
 302811
 656665
 631561
 749606
 324724
 625732
 371073
 518129
 29083
 458954
 327215
 178385
 644894
 556040
 156270
 480247
 962396
 929577
 0
 630487
 478354
 142819
 154245
 281360
 917846
 203150
 178838
 214714
 748075
 407655
 73426
 528025
 510578
 797283
 935511
 216700
 639316
 158926
 685089
 870589
 423028
 311859
 509615
 127516
 307692
 718046
 839667
 222030
 911124
 229926
 736629
 373493
 702479
 61415
 798220
 948772
 47941
 603142
 585779
 35174
 227802
 390914
 364548
 927979
 690253
 726542
 17806
 830900
 86705
 95345
 981811
 210760
 632951
 907766
 303192
 265264
 264474
 292945
 21980
 530496
 338652
 455357
 79315
 944944
 207630
 894660
 546709
 612985
 783583
 106494
 220315
 67924
 975270
 147487
 301517
 184045
 570642
 969798
 679012
 890242
 258964
 449224
 89095
 978717
 944088
 115944
 465367
 696550
 270206
 834319
 91342
 198312
 125000
 332226
 961368
 347949
 148877
 690415
 860572
 229590
 575189
 873297
 404496
 771104
 181277
 377964
 618556
 811971
 907622
 196403
 760145
 104728
 201466
 920322
 651284
 440751
 904835
 10317
 772570
 603566
 431583
 202311
 909090
 868719
 229193
 439657
 926454
 490611
 72935
 155858
 305543
 695524
 820490
 292570
 981110
 873426
 875596
 450765
 118930
 742436
 678000
 837539
 860015
 174851
 504805
 974679
 672441
 326403
 125546
 147306
 690612
 685273
 407079
 715932
 341880
 48288
 800151
 100386
 0
 753189
 499483
 519999
 383571
 29511
 221599
 330996
 534341
 116819
 609570
 723451
 651593
 454364
 515627
 25478
 708737
 278410
 803281
 297170
 228544
 440982
 317383
 982353
 252644
 806652
 760049
 0
 713365
 752759
 226622
 790593
 153634
 421709
 181114
 61337
 117121
 756107
 222868
 11176
 737681
 499912
 354610
 39692
 156825
 728223
 350405
 130419
 598917
 157307
 56320
 636228
 910005
 47888
 239780
 466462
 374739
 483215
 690406
 239981
 18101
 559746
 650049
 8869
 196492
 243091
 936948
 513833
 604045
 871537
 19509
 108470
 750243
 763147
 435099
 225112
 600807
 777221
 24644
 567851
 208948
 475811
 598580
 881635
 308841
 324386
 317002
 874306
 968011
 147640
 357659
 214736
 660593
 915853
 869398
 535596
 296296
 434875
 548500
 820025
 653012
 239937
 108653
 854583
 960490
 488207
 853688
 736010
 795310
 895104
 718750
 932692
 282264
 223420
 457352
 943973
 742734
 882011
 59395
 842242
 509479
 604890
 961165
 211443
 555733
 197167
 381170
 808636
 422883
 906381
 435190
 360927
 922788
 330797
 259431
 834240
 124075
 891930
 870292
 906391
 329014
 980036
 571840
 637629
 793736
 520230
 602378
 644850
 202276
 553387
 195521
 84316
 601464
 680683
 552495
 175526
 182528
 969839
 221827
 858156
 580051
 634466
 475486
 408623
 868159
 758573
 427930
 533055
 612500
 93469
 31881
 623374
 847644
 467318
 19935
 511989
 853759
 621975
 124419
 958076
 602973
 464206
 503184
 719564
 856818
 473509
 242539
 700057
 700462
 441185
 254631
 561744
 496801
 461812
 267818
 784927
 34582
 53078
 763904
 555049
 805169
 828336
 287334
 576894
 633167
 3186
 884410
 992550
 2956
 66492
 356029
 751322
 316782
 141118
 919057
 37683
 508588
 873320
 689702
 719694
 334686
 621301
 518721
 886435
 543359
 867866
 388400
 258852
 565308
 219193
 627565
 97560
 262939
 131204
 557499
 678157
 347546
 511061
 331155
 885057
 781361
 91988
 244192
 515453
 591836
 158849
 593469
 529819
 173034
 930378
 886471
 923903
 704545
 519249
 380690
 572067
 194211
 308541
 953397
 63872
 240885
 544862
 605734
 352323
 627062
 975219
 662009
 211
 710761
 909532
 584537
 987212
 484796
 24873
 411115
 575595
 436481
 805294
 816855
 371153
 985516
 798287
 294831
 823634
 162803
 860891
 325353
 793195
 178595
 211990
 451678
 99566
 521899
 652991
 599759
 921045
 488626
 936262
 831038
 65405
 736161
 420441
 76343
 969319
 252278
 711476
 285458
 444400
 945656
 396711
 712243
 362925
 91062
 517610
 952222
 745162
 400063
 923076
 362469
 278177
 561811
 60334
 914890
 316506
 347022
 883165
 61273
 676320
 630692
 349574
 730482
 900879
 652694
 455690
 703910
 215701
 159186
 298148
 947973
 193625
 40162
 888572
 687064
 344863
 437753
 541718
 365825
 738187
 169134
 637371
 354769
 555819
 231256
 403162
 567565
 296000
 950980
 93046
 124125
 653889
 562140
 714189
 611834
 141098
 765538
 991690
 523237
 697560
 103585
 83724
 413652
 374389
 509471
 203825
 918653
 127803
 907149
 888548
 93782
 632350
 104023
 188820
 736336
 589114
 622763
 782091
 161233
 483566
 551369
 590999
 836399
 768083
 251699
 132374
 191378
 710991
 652515
 730984
 161742
 339563
 358059
 950963
 847552
 339191
 509770
 102855
 425159
 494394
 405700
 751233
 114150
 377023
 256098
 778250
 946421
 409271
 552489
 887037
 819494
 363876
 535088
 650571
 76185
 856028
 433298
 736272
 476661
 12314
 910306
 445359
 452689
 623371
 404688
 11135
 761643
 489494
 377013
 181494
 116233
 595406
 798744
 849010
 692544
 284546
 435156
 964157
 732875
 175569
 645130
 890329
 807228
 156173
 149365
 97134
 699836
 76404
 210020
 307832
 37697
 20139
 998100
 294885
 447597
 630383
 661442
 138410
 93345
 893021
 979431
 196468
 43595
 19266
 203060
 751326
 464167
 358488
 280056
 227905
 866779
 649226
 911229
 385250
 391266
 693905
 397874
 546938
 786861
 643486
 737223
 761047
 166381
 148264
 474170
 975187
 161290
 379088
 759816
 919301
 439791
 489826
 658348
 843665
 460717
 785449
 127037
 760742
 321266
 53231
 178677
 490341
 992080
 410614
 944285
 328042
 811622
 318459
 933774
 616511
 706579
 140017
 767024
 357809
 962859
 263000
 258472
 737734
 130137
 89152
 155486
 446479
 204942
 335530
 569873
 855552
 999113
 171320
 443991
 457337
 469967
 178912
 626613
 669807
 690985
 200286
 69252
 759944
 394142
 894902
 671507
 875143
 729634
 222779
 396603
 708454
 36793
 178235
 873497
 910901
 248598
 866042
 388926
 307714
 933936
 420917
 945361
 14985
 427643
 706304
 104319
 750831
 833250
 438943
 312404
 530687
 229107
 592039
 679228
 879742
 361599
 500794
 591406
 222691
 604118
 791094
 136363
 245486
 38256
 41700
 532091
 425708
 117667
 725710
 92791
 977708
 202091
 503399
 225053
 970170
 321956
 15232
 806637
 465147
 981588
 954022
 714618
 381347
 512195
 294732
 978146
 175651
 975140
 346753
 212321
 265468
 597130
 891743
 182264
 957216
 374941
 609348
 774315
 270283
 111214
 706521
 360701
 487005
 603174
 300977
 394431
 532904
 528263
 989225
 427368
 314146
 427100
 423119
 955316
 3790
 663688
 786293
 903703
 718546
 362603
 765895
 532309
 800000
 399200
 987355
 314340
 559322
 367527
 110090
 145536
 57310
 810632
 836996
 868131
 848692
 427107
 361836
 285122
 664397
 285714
 712586
 171866
 625271
 959244
 926981
 792570
 821889
 556770
 560616
 741280
 706915
 984891
 555190
 793487
 600000
 121380
 585926
 670399
 498320
 873515
 360750
 62306
 88428
 159319
 137396
 103419
 307596
 669352
 1445
 36262
 206222
 49366
 762179
 608320
 519540
 576844
 485212
 913115
 91864
 102502
 346601
 182426
 821903
 741809
 646961
 370998
 923692
 799065
 790652
 866419
 526446
 813352
 581932
 778160
 391261
 239028
 428062
 515609
 854035
 27344
 878633
 228828
 592776
 255984
 195609
 261194
 916107
 71345
 393525
 868105
 784041
 921190
 703560
 516308
 80150
 944881
 520916
 464408
 830741
 265682
 155765
 671943
 930327
 436066
 467089
 841628
 709131
 935071
 580192
 387050
 289252
 79608
 712418
 288725
 903623
 1738
 157850
 604195
 338379
 868282
 122762
 139066
 764901
 791827
 641184
 201212
 28622
 781186
 543434
 678371
 38469
 603696
 796712
 809523
 224937
 768191
 643234
 581913
 784959
 268941
 688159
 893718
 271701
 662671
 531
 857001
 943667
 937506
 352255
 996784
 723316
 775159
 479289
 594114
 219254
 291655
 289742
 380073
 752248
 329543
 579298
 519118
 114212
 69655
 769550
 742902
 115381
 455376
 279224
 137050
 655232
 649501
 55559
 807482
 861323
 929501
 68263
 14675
 619668
 241783
 850760
 735231
 143251
 375342
 191479
 425492
 160644
 549519
 543140
 246446
 963439
 327927
 471383
 550051
 566757
 184013
 14060
 806679
 55739
 168564
 201775
 465930
 209208
 819637
 564943
 263309
 77160
 524045
 808857
 938775
 432748
 321839
 444614
 893292
 587993
 238938
 365880
 283623
 791946
 333541
 541319
 398751
 560364
 616588
 85318
 498144
 295916
 220245
 492238
 34975
 642615
 723684
 129597
 806383
 848222
 198655
 324663
 596127
 311044
 158482
 372216
 340765
 926568
 239081
 260564
 438940
 18579
 433515
 492747
 23376
 279907
 846969
 710073
 851415
 771331
 664612
 770737
 64056
 636923
 332702
 777777
 949260
 963015
 703718
 173274
 259837
 418633
 522010
 466898
 617300
 444361
 669106
 450776
 381112
 663046
 268011
 637970
 823529
 345565
 315319
 79388
 879840
 990321
 851480
 224573
 768621
 796406
 937462
 598873
 374794
 28052
 600561
 677521
 12836
 606675
 782365
 818446
 356828
 906957
 873810
 403340
 737546
 816574
 44943
 195392
 922471
 25501
 3157
 281820
 398903
 288260
 765867
 396407
 912192
 837197
 680272
 796238
 723544
 731440
 499502
 420866
 477860
 432189
 142389
 648351
 692077
 643227
 922345
 808274
 632702
 983663
 149940
 914373
 19379
 185779
 115626
 340204
 583742
 806314
 685451
 912731
 483705
 670820
 48893
 666552
 576874
 131672
 592992
 481396
 832621
 520024
 33178
 604698
 364894
 54393
 493528
 923643
 13353
 673078
 729169
 465627
 883676
 406820
 10917
 28328
 737559
 256725
 436204
 24309
 84503
 879621
 217780
 140452
 936977
 89633
 448639
 575597
 797964
 421766
 547818
 448186
 184982
 585609
 447956
 651685
 809954
 286399
 265396
 653945
 791068
 128562
 609245
 678642
 422763
 552759
 534151
 189509
 589577
 823617
 620910
 264703
 71666
 45977
 841367
 54006
 78963
 990250
 38698
 794489
 974391
 187955
 336134
 300911
 623887
 214573
 904708
 652618
 630661
 205989
 686522
 101107
 534885
 725804
 976047
 258651
 381347
 665466
 250562
 438937
 636015
 48145
 347689
 497150
 678494
 752057
 784987
 686345
 27672
 703710
 922086
 269090
 647130
 794677
 607291
 80453
 538899
 926758
 343042
 426835
 103858
 665366
 503618
 610169
 648168
 270481
 763678
 6022
 96704
 328951
 181055
 710235
 83545
 320966
 344373
 251064
 800180
 499789
 735013
 958009
 581722
 271626
 349569
 840869
 901832
 912401
 91071
 871905
 575461
 195943
 732845
 420878
 610668
 832196
 205869
 773221
 572786
 533406
 448979
 114997
 354475
 704852
 622834
 421846
 220833
 810344
 596839
 23907
 718931
 562960
 464381
 772268
 450491
 315724
 858788
 49334
 478323
 284538
 485346
 369743
 842105
 591086
 934726
 44579
 288468
 255319
 594366
 455490
 636411
 850262
 34374
 152139
 608307
 4846
 38240
 667572
 960013
 564654
 254582
 691305
 194514
 426069
 922996
 638449
 333333
 479064
 929054
 157030
 538365
 572031
 24536
 777564
 415943
 379608
 705590
 294911
 557350
 644451
 210768
 591542
 914181
 819616
 880885
 963428
 807048
 926259
 607363
 172784
 562782
 976206
 390750
 154074
 697169
 946266
 537848
 957000
 874076
 41602
 665334
 261453
 410343
 934727
 596282
 448938
 320610
 588327
 623999
 444444
 445772
 111686
 192280
 311633
 796169
 896989
 377171
 989361
 126863
 312454
 939377
 144743
 403344
 960311
 359228
 499009
 21837
 777023
 346206
 197763
 919608
 806634
 988426
 159402
 43383
 230929
 513649
 492198
 29899
 623446
 457194
 126436
 176000
 592592
 682527
 426420
 463608
 339089
 929809
 624421
 235361
 411219
 249432
 383415
 905511
 340433
 324010
 326175
 594354
 398909
 929372
 603762
 709151
 401828
 561252
 356891
 506578
 290786
 837411
 99715
 8133
 212377
 501902
 968253
 445587
 87160
 882356
 851410
 803553
 623884
 446266
 303043
 466007
 831724
 805703
 229313
 586790
 296857
 495939
 235332
 349437
 803237
 198129
 776527
 691460
 104048
 226751
 879575
 518070
 178593
 487884
 440416
 862103
 199252
 269134
 744208
 380591
 958710
 395407
 760941
 220994
 176132
 310447
 673924
 584062
 834757
 489496
 462983
 514463
 623776
 404399
 559382
 231060
 183202
 684056
 901960
 566980
 1190
 257232
 478005
 42271
 845193
 868147
 638510
 808157
 904000
 422771
 462654
 193308
 357580
 555240
 736004
 295358
 98563
 616352
 305707
 194942
 944420
 902439
 352641
 76202
 583899
 438767
 571802
 281734
 217657
 746237
 472126
 326897
 276129
 181200
 232378
 708873
 448577
 352430
 134418
 375300
 146532
 500253
 722987
 191392
 19437
 466445
 285457
 598915
 907038
 408419
 177847
 354862
 873940
 274770
 265203
 900722
 313913
 842105
 582787
 130248
 920185
 611365
 833294
 299861
 656934
 222627
 241504
 486901
 798235
 302848
 855849
 465869
 74626
 106564
 898374
 256281
 301315
 444907
 834319
 738315
 236672
 32579
 164789
 396829
 944368
 825783
 55416
 58620
 599480
 983731
 1439
 123344
 366197
 969819
 125698
 601219
 810866
 771156
 495169
 319746
 922665
 385334
 698113
 914146
 527720
 0
 671054
 906341
 319265
 548078
 629869
 576171
 842969
 91080
 407543
 522623
 367369
 967257
 863864
 895485
 724075
 246543
 158200
 523917
 812364
 14673
 840464
 371669
 418706
 835868
 777433
 234332
 120825
 553785
 274985
 81812
 412642
 272391
 112891
 411388
 315516
 930264
 706932
 528176
 183958
 520846
 499592
 24609
 485362
 740590
 804903
 497871
 540834
 200000
 908752
 713812
 742969
 559440
 824466
 972847
 555827
 181689
 240208
 966869
 969094
 504599
 598093
 20009
 415180
 85259
 334672
 669772
 375191
 848101
 362288
 401022
 488330
 326987
 312382
 411448
 541023
 183646
 889079
 518518
 465387
 499074
 371815
 212085
 502949
 221338
 209902
 38606
 778207
 165826
 304738
 167401
 35099
 483648
 508231
 435168
 164372
 511076
 142204
 137221
 280318
 474800
 108407
 632985
 642223
 72644
 213811
 770208
 724603
 791217
 395392
 304665
 435460
 360400
 874770
 915158
 973011
 103778
 557245
 544769
 963135
 27565
 636856
 766963
 268471
 119106
 140512
 717561
 510514
 749903
 905378
 28354
 720162
 600000
 798090
 155802
 278468
 493527
 699467
 665190
 193881
 109366
 825481
 597923
 760518
 779851
 467559
 128451
 815127
 146445
 113995
 597621
 349262
 680336
 739682
 704179
 682051
 930060
 327132
 428537
 999319
 561112
 152935
 881961
 517060
 583081
 196314
 898778
 723831
 134631
 486725
 704583
 995075
 284235
 333839
 655468
 17907
 1298
 383521
 983671
 60815
 10277
 544394
 220388
 206614
 460113
 117241
 596930
 323897
 324020
 378256
 719714
 960116
 443893
 659824
 509560
 273521
 956014
 394628
 698197
 576033
 464718
 646258
 626746
 927724
 81500
 690149
 759760
 264357
 955772
 983768
 905864
 537444
 822707
 665552
 733385
 129730
 87971
 912556
 777460
 577919
 320681
 908876
 754960
 897515
 320963
 701381
 7736
 907101
 636785
 742187
 134195
 448287
 434680
 462535
 883063
 702264
 771452
 163336
 797071
 151808
 594439
 89093
 53127
 518213
 889720
 316544
 204786
 205068
 704400
 74007
 907911
 532262
 648060
 290364
 556096
 900664
 915193
 301808
 335351
 117296
 501270
 969462
 352741
 503150
 449348
 479954
 495025
 857102
 627418
 732274
 58158
 5347
 144874
 334030
 730931
 295319
 295096
 160086
 742926
 159475
 765965
 893838
 697475
 875037
 887491
 337053
 332405
 392965
 104498
 908063
 104867
 46425
 926543
 673627
 704658
 552453
 641420
 59250
 742351
 20156
 408108
 645285
 968876
 151440
 414699
 989712
 496783
 65559
 125052
 956521
 147458
 797701
 95956
 667811
 843971
 7487
 585518
 447274
 181311
 20459
 225130
 793000
 711542
 959907
 529796
 677002
 352265
 894736
 991340
 632387
 519436
 77561
 575686
 334657
 497847
 617185
 893975
 724321
 487109
 546035
 292972
 224299
 637120
 13157
 879303
 692644
 677353
 470629
 821147
 69710
 830407
 954399
 49936
 730690
 347322
 921112
 926697
 801067
 603720
 580758
 225026
 270329
 30744
 560771
 460392
 849504
 153386
 792216
 446487
 694126
 350803
 256044
 761060
 832442
 919109
 781411
 311398
 949949
 421563
 83350
 72092
 804077
 678605
 606299
 15483
 562533
 401911
 477611
 989973
 935153
 31690
 742676
 449014
 140024
 391090
 703680
 405971
 900590
 436388
 975613
 186249
 376241
 362751
 348800
 616853
 911452
 36794
 487679
 931209
 638580
 526239
 237867
 92316
 901415
 643835
 356424
 187851
 732396
 944309
 463688
 816256
 144974
 982324
 263500
 180020
 772122
 22621
 430050
 707544
 180614
 838805
 867014
 868312
 697231
 395615
 178760
 766896
 382563
 944671
 670979
 541626
 890045
 946002
 79575
 688830
 330245
 496889
 381508
 597859
 568259
 615951
 926325
 983818
 282244
 199627
 81638
 721551
 156511
 715844
 4657
 211920
 824598
 155944
 708795
 264822
 82468
 516072
 561028
 545099
 257179
 108122
 383240
 996978
 298572
 860372
 371225
 870883
 777514
 385031
 496943
 357928
 53032
 87952
 805714
 795099
 577205
 793792
 587844
 369326
 298068
 877100
 805348
 385231
 269623
 542750
 35859
 618203
 242472
 748087
 879043
 394028
 710843
 939561
 105397
 634587
 743633
 885630
 862068
 693205
 499911
 562768
 537282
 944639
 364568
 289064
 343324
 256653
 572909
 721880
 790925
 604586
 726153
 202725
 315224
 138498
 741750
 72745
 5001
 967467
 494441
 438492
 348739
 481548
 494081
 17581
 544515
 827484
 344809
 329912
 870022
 79683
 383602
 153337
 668534
 114418
 853403
 957339
 953684
 443520
 732164
 405218
 681528
 193621
 465888
 151751
 294476
 26244
 707097
 662583
 238586
 241538
 305052
 15721
 785714
 808395
 244793
 946042
 575109
 980552
 220241
 292716
 89084
 956706
 831351
 201944
 569634
 427753
 694106
 745019
 263428
 160295
 561693
 33230
 990557
 252714
 606413
 237465
 67136
 854881
 762037
 578124
 217966
 708047
 669313
 597132
 205546
 666194
 171755
 656520
 305017
 164196
 187640
 771497
 296219
 165461
 248128
 745283
 881613
 858141
 214093
 755817
 831168
 869076
 635220
 237730
 941629
 116056
 642414
 44097
 864261
 491669
 476165
 104810
 150025
 983524
 133472
 977450
 805296
 251527
 694251
 714609
 763070
 646067
 791527
 425426
 818165
 11831
 583333
 230881
 610555
 23069
 458949
 872536
 796545
 857970
 112543
 506966
 332127
 147880
 391328
 367730
 781869
 790062
 437159
 57609
 257438
 908023
 523415
 651872
 119989
 29462
 886075
 925279
 23035
 384834
 459289
 199337
 301429
 316082
 336368
 148478
 597638
 525539
 370389
 83761
 465340
 769593
 333504
 233143
 692059
 643195
 675694
 304435
 541310
 775430
 887428
 167973
 389523
 348511
 283950
 996009
 887015
 370323
 896171
 635669
 616210
 677200
 646974
 105656
 656835
 286711
 526865
 821056
 522553
 731990
 271956
 176019
 840996
 753568
 473389
 153682
 737166
 974619
 510775
 176108
 723684
 353497
 310344
 607198
 541143
 985673
 159737
 208208
 825275
 336979
 859238
 745101
 628428
 420471
 206106
 891945
 560699
 101062
 324896
 909011
 604319
 81156
 621362
 24029
 642107
 871344
 314014
 277699
 713428
 460749
 855229
 288736
 348574
 538768
 911452
 744126
 37001
 495166
 855385
 440048
 854101
 269398
 646901
 893871
 222475
 118849
 84415
 46359
 548454
 452111
 730632
 181859
 962669
 123783
 728119
 771732
 587745
 230425
 932254
 550360
 655412
 310986
 177634
 115058
 452483
 282902
 977019
 646843
 847023
 519007
 640699
 82866
 184234
 169230
 308397
 952886
 759105
 468516
 496840
 711571
 442123
 275252
 434640
 137859
 62857
 183108
 561712
 570825
 79948
 965641
 738885
 437140
 452484
 254393
 840172
 329949
 600114
 239551
 208786
 599595
 626528
 778318
 708119
 886797
 492421
 177365
 396508
 96120
 46166
 636716
 631578
 482142
 73973
 776501
 561710
 719329
 185378
 97353
 944077
 683168
 373105
 694666
 676814
 262440
 898727
 715694
 852034
 878260
 894454
 994347
 162050
 63291
 560355
 73806
 804625
 78538
 532669
 153387
 25658
 591424
 759999
 149388
 413891
 835366
 490750
 80000
 127682
 859318
 611702
 780062
 666519
 498800
 412530
 388637
 580002
 894667
 540263
 421230
 355766
 410846
 785489
 220138
 807108
 948699
 268647
 82308
 81509
 115495
 844367
 775809
 297310
 185443
 984345
 154237
 380683
 328484
 189888
 925295
 840495
 178992
 669478
 127999
 906421
 120917
 308154
 594887
 840633
 535904
 886763
 667588
 199161
 727483
 582686
 387663
 150227
 160529
 683265
 392407
 812415
 134135
 758878
 847361
 816167
 571802
 539717
 970934
 578812
 691689
 436822
 789689
 571635
 665468
 372652
 518020
 264140
 333832
 583001
 928770
 103093
 407545
 950302
 398977
 22873
 171810
 674220
 404355
 745466
 797271
 155449
 732275
 218581
 916649
 380875
 437431
 935560
 919522
 247051
 143348
 134831
 838638
 827791
 652340
 796413
 699745
 756378
 92783
 609490
 894286
 867121
 787201
 275741
 523692
 663731
 942191
 984126
 52593
 830890
 547046
 76793
 938854
 492390
 514086
 473460
 298046
 106113
 273291
 909766
 798641
 492838
 611205
 968293
 884457
 398275
 181867
 415611
 636119
 160700
 75908
 707151
 825073
 185895
 53116
 470203
 718678
 198461
 827509
 919636
 845914
 487684
 784688
 946794
 806092
 53495
 591640
 829884
 309682
 462210
 771089
 957723
 468497
 472789
 923749
 213745
 957405
 202267
 215572
 896716
 251885
 945470
 510212
 326417
 626469
 147725
 841834
 329079
 165475
 912687
 317364
 112012
 845512
 825472
 899159
 835403
 505013
 601034
 546961
 184668
 649482
 995438
 178325
 872275
 244267
 512126
 953488
 160394
 913118
 108855
 283446
 483373
 693467
 390596
 292658
 47367
 463143
 824630
 8365
 549937
 312636
 874974
 596009
 591110
 362866
 922531
 891027
 651529
 603210
 352482
 467296
 273977
 412265
 62819
 244274
 553668
 25958
 510094
 360089
 144710
 533834
 659963
 187402
 173388
 157506
 751767
 916525
 135058
 298490
 643442
 636395
 371357
 82033
 545454
 270657
 899443
 707476
 244444
 425711
 820577
 758572
 303816
 709273
 157107
 561596
 15044
 722986
 447707
 21645
 164742
 987260
 787918
 51375
 555774
 638366
 961191
 491029
 639258
 752141
 647048
 939737
 837638
 732474
 626921
 71235
 226885
 747838
 969127
 177444
 293675
 570442
 684435
 361248
 236559
 380226
 480215
 112324
 222852
 507662
 861375
 597717
 578102
 242587
 21868
 856632
 7490
 823273
 180822
 566707
 138613
 305840
 990308
 778353
 469768
 334829
 620650
 222408
 632804
 527427
 225432
 110398
 974792
 521984
 296160
 139662
 