734161
 30265
 108772
 548068
 582125
 227817
 932983
 947123
 60606
 258223
 381037
 449694
 65705
 582382
 505251
 174186
 858448
 587301
 147496
 986785
 364946
 743124
 453639
 385628
 0
 21881
 261660
 116801
 176713
 652480
 211063
 368110
 303516
 437777
 198564
 690978
 63927
 891571
 14416
 143798
 668487
 656600
 292720
 824758
 354170
 860336
 993487
 997685
 157392
 513714
 726364
 890603
 720517
 38759
 457232
 354362
 958300
 640632
 22520
 432184
 224107
 206021
 954171
 6694
 291323
 558839
 292355
 808450
 446381
 619771
 448192
 371473
 764044
 161855
 699266
 637320
 529503
 604691
 68680
 276519
 983140
 727776
 930313
 685131
 308340
 251329
 453080
 511112
 775510
 331233
 295293
 766998
 866640
 147928
 647656
 407487
 749573
 643479
 235840
 480432
 190062
 589725
 940653
 57639
 386754
 164190
 182754
 112044
 328110
 681423
 265228
 645874
 691888
 495954
 398365
 928661
 909961
 306946
 53673
 713403
 806309
 922323
 335039
 431091
 836556
 356624
 929950
 817645
 180185
 688334
 80905
 28779
 26948
 665462
 43476
 143788
 251485
 604809
 612565
 56039
 632033
 716015
 486297
 526684
 850389
 614035
 2051
 152005
 819417
 940399
 81057
 132728
 728503
 506554
 754317
 432415
 159095
 797646
 7874
 360182
 284147
 778017
 395161
 955465
 462778
 0
 11217
 854493
 39305
 632778
 626020
 583547
 136315
 85879
 71962
 686011
 554896
 766788
 41695
 939249
 306425
 898928
 165565
 426390
 665413
 409239
 524492
 180825
 987796
 309150
 802100
 674779
 140939
 687572
 82722
 773352
 887770
 939832
 858779
 121565
 298385
 907344
 341436
 207168
 527033
 242171
 997181
 5007
 540352
 744813
 656529
 707016
 39904
 608621
 641314
 745818
 504799
 548188
 534951
 37851
 606651
 548725
 761973
 531166
 214689
 582206
 698997
 751235
 162630
 590771
 263157
 555891
 577222
 425193
 436204
 873278
 279950
 234567
 510846
 647973
 648302
 109619
 899808
 19007
 579459
 506618
 588090
 116144
 180991
 951303
 288759
 859197
 379279
 324450
 113511
 239880
 683316
 971373
 780346
 617668
 192959
 590682
 700964
 262343
 174814
 497855
 905448
 230039
 225267
 729718
 355600
 582010
 290796
 735222
 710888
 66479
 631080
 345010
 306169
 673823
 142857
 906647
 175895
 374386
 197417
 804495
 517035
 323558
 220634
 433504
 491615
 648036
 195100
 154992
 864276
 937488
 329624
 838305
 258563
 377701
 639332
 794502
 370954
 43375
 379566
 726234
 264864
 744418
 967750
 389280
 617775
 898535
 431710
 505945
 982696
 959186
 54115
 872428
 569675
 913585
 321347
 876661
 380221
 559938
 359147
 373983
 27319
 841
 59195
 771037
 25463
 51172
 393238
 389917
 399132
 383417
 905333
 338325
 588555
 484323
 763691
 441961
 405043
 177393
 106169
 558333
 707201
 415611
 492216
 30248
 51111
 701427
 115706
 855252
 695926
 793964
 47244
 878157
 659996
 452544
 617368
 127433
 573971
 804767
 338437
 658632
 797819
 656043
 501587
 549512
 206375
 851711
 101145
 933296
 664561
 157294
 497365
 888794
 666347
 849199
 521724
 91017
 261288
 246575
 474254
 593270
 605474
 939393
 499219
 755224
 48814
 44345
 730447
 147761
 473070
 539548
 1688
 578489
 637488
 51679
 720353
 752854
 201629
 139095
 645854
 792759
 84059
 447367
 629213
 521248
 260504
 805463
 365670
 162305
 906753
 187177
 601620
 51689
 65726
 841711
 579585
 668370
 117541
 515120
 815635
 590154
 168455
 312239
 597622
 170230
 190761
 688279
 624633
 641492
 107724
 464137
 337423
 872554
 595744
 966485
 227795
 476801
 963488
 337277
 493566
 86529
 946074
 143198
 752645
 863136
 932885
 307058
 351919
 427506
 198300
 905564
 356373
 147620
 326773
 79288
 312879
 843382
 842496
 284496
 543110
 690770
 316778
 30223
 798122
 243636
 728446
 354066
 649093
 707694
 968000
 62789
 511508
 726279
 872416
 156801
 473908
 865397
 226221
 899527
 761939
 455996
 248583
 853589
 30756
 843049
 162987
 863629
 183301
 482832
 813196
 86897
 932676
 73664
 542079
 120219
 547623
 801956
 669118
 665915
 27317
 192599
 866607
 700445
 419532
 958141
 148198
 652146
 242214
 272930
 511699
 593921
 330623
 399363
 934362
 912634
 337499
 271588
 195540
 68584
 929289
 829616
 582336
 140134
 972000
 551703
 6846
 667171
 281592
 68707
 57504
 77090
 67808
 692307
 571255
 221932
 297477
 847130
 621755
 918894
 500947
 555929
 886207
 260153
 474114
 489390
 437689
 898135
 816355
 737423
 251838
 465671
 544771
 794128
 769124
 873858
 350810
 78535
 730197
 121947
 393626
 975660
 239361
 902413
 100388
 467845
 444225
 525409
 174230
 848883
 453152
 610591
 926450
 72321
 312867
 696649
 109934
 455371
 704675
 906493
 603945
 990218
 690571
 336141
 31665
 155346
 155997
 185561
 24054
 205666
 66666
 813006
 772433
 897569
 449336
 351326
 865974
 509433
 947519
 631807
 328034
 19872
 647586
 673480
 2040
 92731
 560178
 639358
 405179
 540767
 522062
 727195
 53945
 132092
 684592
 811004
 581499
 115597
 505128
 679611
 417757
 921304
 158665
 436657
 646286
 712834
 216146
 201120
 852226
 732725
 18395
 652540
 330528
 547502
 685121
 477445
 827286
 238666
 271601
 467134
 215897
 35862
 376346
 71369
 123556
 701624
 229990
 25445
 758139
 326519
 499808
 507041
 752230
 445426
 257326
 348270
 115414
 303955
 464788
 284298
 595422
 681422
 257244
 577795
 596790
 934140
 836514
 518023
 177733
 816362
 488192
 233738
 315538
 247827
 37698
 335935
 872625
 500683
 735104
 222705
 62793
 669538
 323169
 726658
 751948
 809196
 386334
 75777
 293863
 961132
 154701
 294747
 264150
 411643
 967818
 429832
 52437
 790939
 690739
 249592
 901222
 912510
 391215
 234413
 817679
 140730
 438304
 965648
 983012
 945089
 326633
 971091
 205092
 33478
 815876
 711069
 473425
 255113
 91329
 354521
 119619
 23314
 498782
 72357
 904416
 866141
 770375
 372063
 469648
 903995
 879056
 646887
 7645
 999424
 117293
 114285
 848125
 673218
 756453
 637364
 908601
 997014
 182367
 189934
 29150
 868183
 56235
 674156
 23350
 118881
 890662
 368224
 80711
 307675
 770248
 846803
 202815
 874156
 833373
 627832
 213987
 382506
 598154
 557269
 347434
 413904
 599386
 968998
 521095
 250824
 266427
 131279
 439851
 981684
 522774
 801920
 212418
 275782
 411035
 693962
 546642
 136804
 157910
 578136
 919418
 70802
 826280
 467633
 649655
 927677
 907804
 386711
 697576
 282921
 50832
 146160
 341279
 893295
 682239
 304473
 682805
 343730
 924599
 488918
 111222
 789268
 216298
 450817
 213179
 796929
 552981
 104385
 883938
 833592
 69200
 259076
 799338
 960122
 495458
 348149
 436422
 636832
 143661
 884387
 153177
 686147
 123673
 456798
 797142
 611391
 497142
 811898
 139454
 205731
 194841
 304986
 481167
 553776
 751464
 808056
 989494
 899131
 253277
 855893
 304207
 360270
 56144
 405846
 595939
 788926
 994298
 450051
 751865
 192163
 56126
 106357
 538169
 828147
 22221
 243467
 236706
 527003
 490074
 85669
 184683
 467626
 588785
 24428
 590192
 150160
 912055
 65193
 918824
 164959
 92112
 491901
 971864
 974226
 746706
 138686
 565419
 495826
 870493
 317231
 689666
 310774
 557580
 219020
 659136
 139011
 140314
 53201
 423037
 920127
 22784
 878732
 440195
 975510
 657990
 989209
 351589
 520780
 499428
 744519
 56537
 328347
 754061
 519784
 669945
 537449
 327411
 511496
 124320
 302625
 21295
 492679
 841574
 232207
 153846
 56676
 302424
 72552
 75564
 946219
 790360
 162356
 402729
 587522
 505392
 613438
 888466
 920903
 907414
 401672
 237906
 87912
 942766
 212867
 368779
 931248
 300353
 359769
 812840
 0
 564471
 668651
 878857
 12552
 291394
 66666
 69789
 577604
 262299
 241796
 268486
 328189
 778676
 13998
 83788
 253162
 379403
 159487
 944138
 364487
 204313
 568092
 317110
 366241
 770926
 398227
 111452
 930090
 699883
 264308
 300523
 423809
 945498
 125830
 360954
 600496
 606
 871476
 705891
 106332
 169554
 924615
 792544
 219015
 496692
 606454
 779198
 295003
 833627
 829190
 426155
 188491
 476815
 515709
 197101
 301825
 647580
 644970
 299194
 782414
 825812
 373196
 951614
 264444
 72067
 637553
 944262
 920024
 276564
 306956
 723946
 185128
 331334
 80095
 759762
 394477
 397663
 601252
 789497
 340279
 225570
 842232
 244876
 562729
 264875
 338049
 239487
 303657
 599833
 830673
 924887
 633443
 78752
 222823
 26063
 486037
 68336
 492281
 817061
 544316
 899245
 432380
 500261
 967487
 603782
 603708
 973558
 393790
 721279
 746386
 906909
 12684
 681289
 277818
 54822
 324466
 120918
 60763
 16766
 201097
 378696
 542476
 667856
 940302
 560030
 727170
 823754
 754801
 710875
 47184
 930162
 754991
 451939
 247118
 799463
 2919
 501643
 589379
 926760
 838758
 255541
 412142
 662695
 442162
 380321
 858349
 535934
 791023
 327086
 743119
 115446
 683409
 392692
 9820
 547226
 747410
 813119
 438694
 971830
 54275
 340836
 496206
 342548
 352402
 48942
 115252
 869078
 931612
 602107
 462526
 272402
 544240
 235190
 303328
 372290
 838151
 717171
 805065
 219727
 842306
 118816
 16242
 344959
 715883
 791666
 720268
 861223
 339077
 875587
 640433
 765986
 662717
 807829
 763690
 209470
 351455
 684542
 351683
 374814
 824988
 639414
 641097
 301290
 957673
 452638
 161503
 960891
 526165
 980784
 967121
 574068
 861469
 224977
 161879
 647052
 346186
 250131
 397713
 479197
 876553
 320099
 629431
 611327
 541012
 172210
 417582
 827576
 767623
 581907
 619538
 773445
 145357
 138553
 53550
 696078
 108242
 406267
 925925
 166906
 123867
 344004
 190000
 544319
 472676
 64391
 6109
 709681
 800071
 703175
 463812
 320639
 115264
 129032
 964403
 909351
 126119
 506193
 733310
 438769
 859574
 697908
 335483
 210195
 800536
 469413
 492208
 692719
 557604
 332030
 73288
 687326
 852140
 248127
 905383
 803415
 795898
 797659
 310689
 873905
 991859
 351560
 313594
 498131
 782669
 819552
 947391
 702934
 671462
 818961
 57259
 157076
 475997
 576651
 785029
 891694
 83725
 300494
 414463
 127562
 569739
 749771
 306052
 747540
 374119
 147947
 242345
 869702
 137731
 610254
 729884
 287281
 570279
 251931
 960118
 679601
 971360
 539023
 312036
 255944
 779843
 665340
 520614
 901115
 280370
 216494
 779623
 120691
 923424
 890961
 325867
 969815
 559924
 364261
 495773
 736658
 272490
 415772
 430639
 22248
 767199
 76665
 348970
 537072
 143221
 871515
 654942
 365299
 707127
 692660
 513436
 812270
 98434
 4590
 239252
 117470
 344903
 102916
 187115
 645080
 442310
 398121
 112615
 764167
 113375
 687694
 874197
 196758
 950284
 629495
 465457
 95940
 445992
 472622
 501323
 679196
 866149
 882904
 680580
 412018
 855148
 367184
 559637
 762421
 672388
 754197
 159790
 123811
 679269
 437695
 289825
 384045
 452440
 347939
 814392
 41558
 856236
 959627
 463743
 524649
 720383
 427291
 861669
 144225
 853024
 942812
 760375
 579924
 504921
 756906
 391851
 956978
 510585
 911784
 968296
 795495
 715427
 266337
 431928
 93686
 589436
 187151
 21424
 518397
 59384
 687022
 344688
 613281
 260929
 292448
 620711
 382629
 37685
 761819
 546550
 289292
 109643
 74433
 240682
 354056
 969466
 811268
 423384
 513773
 184456
 343712
 297705
 103750
 81127
 402131
 921320
 531810
 91363
 315072
 912988
 848127
 217066
 649235
 446670
 475568
 240381
 919705
 811902
 206264
 898840
 944220
 946908
 233758
 947634
 120316
 147922
 554450
 308520
 439560
 680921
 855518
 447092
 956599
 864657
 851732
 911617
 9702
 539047
 195020
 677183
 922518
 832339
 910596
 443535
 351916
 261303
 92651
 426791
 25585
 909873
 861426
 879042
 47409
 128712
 558316
 594497
 847157
 154094
 386094
 336665
 137884
 209678
 298223
 985472
 412699
 240614
 852354
 414053
 280451
 636333
 584376
 267855
 309160
 809579
 897157
 206093
 434454
 930183
 764276
 9744
 230390
 714285
 290345
 49576
 791920
 590315
 387584
 790588
 904638
 654550
 643826
 702353
 899381
 308117
 955918
 863972
 626101
 808181
 33962
 968204
 454332
 437981
 657737
 12028
 77207
 211599
 309983
 353237
 24191
 584983
 565317
 388851
 360254
 720901
 349057
 401648
 187713
 364849
 831134
 772775
 322013
 743323
 448726
 758365
 909818
 254564
 377072
 557123
 291992
 592508
 108597
 279069
 903736
 460851
 434456
 612134
 850051
 900682
 17781
 64160
 730848
 492209
 890969
 620770
 649171
 449554
 780671
 950515
 549506
 400713
 34495
 258351
 313954
 729292
 286957
 469104
 72427
 644945
 451651
 698113
 662535
 448342
 339482
 664441
 712590
 661308
 441395
 866099
 327236
 989691
 239255
 691152
 677327
 324516
 541132
 186067
 442162
 785592
 38837
 111603
 533890
 16443
 553697
 910618
 41150
 927155
 614924
 450431
 846399
 702390
 585435
 141283
 112187
 651940
 224870
 939722
 648302
 593123
 385441
 7917
 46923
 694943
 287143
 849696
 81304
 978738
 726049
 429399
 765734
 130510
 791438
 64552
 282376
 719591
 150440
 12145
 127425
 768335
 474979
 593093
 864036
 804381
 306171
 359967
 370350
 386571
 825783
 535665
 331471
 231450
 202054
 733526
 75030
 46095
 172882
 671333
 665766
 722810
 477947
 712127
 658807
 305976
 945868
 527145
 595051
 654348
 29786
 496591
 115259
 290116
 303464
 87218
 378206
 411845
 470618
 117331
 718019
 219052
 739387
 207896
 333333
 312718
 361702
 275598
 991504
 342915
 447985
 636134
 501494
 861875
 216421
 755035
 665459
 846153
 657587
 743588
 547647
 902219
 107707
 872347
 999660
 528873
 68829
 753583
 292069
 72577
 800664
 492876
 726999
 81271
 861463
 649786
 20115
 512717
 971895
 232930
 262933
 117851
 989615
 761810
 611948
 403417
 469746
 544927
 953868
 504485
 625055
 303234
 854330
 964747
 742413
 371618
 717186
 893093
 482099
 424337
 8176
 388550
 960248
 190279
 743370
 667508
 569180
 501633
 476560
 953271
 730158
 289498
 564678
 919919
 431833
 617954
 817733
 593883
 523516
 464519
 557355
 539101
 129781
 236923
 813215
 95963
 443925
 269891
 240601
 964004
 696441
 65436
 409711
 682837
 816644
 669434
 185939
 251159
 493895
 502288
 211847
 234034
 662144
 22054
 256241
 622417
 171363
 650473
 703898
 659742
 865581
 682415
 650092
 798054
 497087
 609814
 241509
 580183
 193562
 30182
 523169
 364642
 615779
 670824
 741443
 704934
 415858
 28065
 421496
 841441
 956056
 174441
 954200
 123049
 317769
 164573
 568406
 738830
 301961
 509621
 702328
 202147
 519306
 70568
 93770
 52973
 620961
 803725
 305496
 589932
 272805
 46708
 827573
 810138
 712069
 474762
 307130
 424467
 820990
 929364
 788666
 526886
 858102
 33660
 559398
 309081
 881971
 351180
 798718
 591231
 491555
 227219
 195844
 193340
 851740
 574898
 35414
 508180
 567251
 439554
 402091
 704656
 160175
 68649
 181950
 77720
 787506
 332421
 401856
 47807
 40362
 958252
 104718
 822900
 755569
 631453
 635768
 747747
 127519
 18965
 270988
 887965
 376027
 639273
 741721
 661256
 545176
 21548
 85755
 790558
 929568
 141447
 867026
 558614
 67909
 885727
 430241
 818418
 384555
 957104
 69469
 780328
 514518
 286348
 718416
 294033
 694214
 997378
 203822
 610996
 888044
 995778
 996098
 670983
 241183
 118799
 413322
 946141
 348067
 598167
 434275
 831704
 586956
 401039
 76209
 436824
 254689
 425472
 34236
 582565
 190122
 695776
 166003
 688456
 806279
 476786
 551920
 90095
 926053
 493403
 731780
 730568
 702639
 766962
 203473
 615384
 783158
 611888
 832232
 751389
 130107
 374700
 851699
 946931
 970557
 382931
 303868
 731895
 278048
 376943
 866666
 11969
 729073
 921257
 490886
 601705
 626821
 9091
 835897
 31335
 399974
 887083
 470969
 207433
 414529
 689983
 448571
 229542
 885347
 58819
 556488
 358948
 752103
 943549
 173965
 990595
 643780
 710176
 65880
 990589
 796786
 182781
 65089
 954516
 601786
 387650
 866064
 162314
 855736
 930496
 174339
 199077
 765053
 391242
 250737
 130377
 432309
 885705
 142424
 328853
 69813
 362333
 37559
 600880
 268806
 483731
 638461
 202980
 282443
 359938
 333940
 664576
 21036
 704323
 309482
 492554
 545912
 139677
 348802
 77031
 774681
 355476
 110027
 118177
 275112
 259661
 953077
 868656
 162488
 472014
 316792
 879985
 40451
 157886
 720316
 461533
 577732
 932500
 967536
 347826
 304732
 888359
 51808
 109082
 450742
 418859
 823253
 527082
 67447
 805229
 807967
 865675
 638110
 851830
 453722
 550332
 949695
 153300
 163558
 494949
 878909
 189118
 524324
 377212
 438185
 845018
 685314
 929837
 149378
 669159
 841391
 933188
 478873
 971953
 996813
 752485
 402031
 303923
 93937
 333333
 499133
 920080
 792424
 542528
 916877
 586708
 212511
 835137
 269159
 287651
 681974
 510971
 857142
 588196
 502835
 770162
 164094
 647255
 418537
 502244
 801690
 541392
 633119
 356420
 927197
 77428
 664689
 390523
 933960
 194787
 21056
 530067
 199707
 200000
 639681
 431637
 957079
 372060
 576349
 859725
 362196
 584013
 190850
 590374
 518156
 792207
 855830
 976918
 838864
 725125
 110566
 809168
 394061
 422852
 660487
 65035
 980551
 137142
 29096
 533191
 523745
 571640
 240868
 707112
 155448
 794871
 354634
 40371
 421114
 629525
 197839
 258804
 843330
 298346
 752390
 254499
 887263
 416432
 376170
 407718
 881890
 427190
 634267
 741530
 866666
 634467
 367567
 788218
 973154
 811556
 461655
 287761
 253458
 888874
 350079
 321568
 217055
 635036
 248730
 914425
 457105
 752148
 240501
 392748
 623772
 576591
 433718
 64843
 345374
 640832
 61636
 791267
 972639
 157037
 466738
 365243
 10125
 691488
 887085
 714093
 800346
 106194
 106012
 414413
 439189
 561983
 496288
 233656
 151629
 910590
 337065
 274296
 241606
 830682
 252752
 664926
 153422
 414357
 850622
 528631
 373683
 97178
 249593
 88115
 246992
 906182
 756166
 524804
 630725
 643738
 470248
 362262
 958585
 933532
 809662
 62957
 712878
 285456
 527718
 257135
 36468
 465038
 624295
 331911
 43851
 239540
 359817
 741055
 990074
 407792
 585208
 577982
 435537
 260703
 474756
 780327
 860432
 559994
 826831
 237708
 347432
 748374
 864304
 756100
 749909
 633338
 562896
 896643
 130779
 947368
 22229
 942608
 661708
 143783
 523364
 615160
 367220
 504803
 103806
 27799
 696143
 606128
 636363
 868927
 548227
 312567
 203687
 271984
 682213
 742249
 955516
 936913
 582033
 290937
 412634
 329747
 237430
 587945
 181351
 347989
 798529
 230769
 490730
 510528
 490873
 781020
 705728
 592311
 615851
 486651
 762296
 457489
 428903
 837927
 938254
 80394
 857496
 242920
 446079
 701303
 533678
 202017
 311461
 602702
 998025
 492398
 696075
 485469
 36773
 531287
 128076
 780487
 855649
 139311
 646191
 279757
 18740
 418782
 416866
 257716
 925272
 908380
 996891
 191295
 908336
 458652
 689648
 727268
 681924
 808069
 131078
 971029
 563813
 723487
 977493
 766675
 401184
 81737
 276601
 958995
 363636
 438802
 886178
 940701
 288822
 192721
 173140
 731871
 988651
 930493
 167101
 975184
 832647
 515693
 762004
 759524
 109610
 761395
 609029
 553516
 171926
 827631
 609609
 14581
 12367
 950495
 756414
 924490
 56050
 930763
 878535
 569036
 22095
 97274
 179846
 257078
 843065
 173324
 35836
 888906
 460897
 106695
 238110
 837837
 545790
 708704
 66921
 294399
 975964
 531069
 680307
 391398
 10299
 926288
 630673
 62417
 267716
 39233
 288334
 902059
 754471
 573651
 987077
 410830
 955865
 436118
 315868
 508678
 346932
 741935
 56952
 633256
 480101
 708315
 895112
 216001
 562738
 450035
 736842
 457111
 886511
 274561
 168178
 342444
 317081
 872981
 778526
 243745
 545939
 332094
 9548
 484596
 70351
 562497
 84482
 495871
 31100
 65998
 650917
 236291
 217772
 910545
 491510
 106145
 15687
 825558
 941903
 487570
 557314
 339440
 125014
 595120
 640927
 580865
 870670
 988650
 716092
 525046
 75818
 14409
 837837
 279095
 98985
 787322
 552404
 60087
 561208
 676954
 12219
 61770
 678921
 616426
 746879
 992124
 688545
 450331
 643742
 330357
 48641
 690339
 252113
 111672
 280316
 403699
 243604
 8814
 62438
 600786
 394851
 809806
 482681
 544049
 703153
 566265
 875211
 503544
 676363
 477872
 348986
 292336
 634408
 204722
 295923
 901360
 100053
 462760
 683155
 981456
 596411
 334042
 421966
 837941
 328850
 58381
 701635
 131143
 509746
 590720
 412930
 455746
 273170
 13376
 799877
 107200
 176817
 12839
 698292
 288167
 341611
 296484
 731343
 698626
 313588
 64690
 373193
 660707
 505141
 30042
 439538
 988868
 649896
 43539
 811878
 113756
 226837
 159173
 813961
 861520
 563938
 523328
 92352
 212173
 682379
 564696
 873411
 628782
 652282
 831950
 393904
 293668
 833823
 242352
 474071
 591013
 413399
 570646
 771057
 622277
 508221
 545709
 30901
 736719
 355694
 214272
 769696
 347987
 469835
 6192
 7931
 860798
 117318
 203274
 855296
 916618
 108547
 132186
 825509
 954697
 42742
 432223
 167411
 229434
 979800
 498285
 291599
 72141
 132795
 266366
 66314
 719766
 969696
 373996
 101439
 294897
 27309
 420041
 583255
 574845
 85230
 586699
 976803
 395166
 521880
 560154
 973600
 905882
 50733
 370398
 159697
 667857
 302045
 975095
 293448
 337093
 310001
 796888
 210167
 838547
 974725
 355985
 642451
 839993
 55235
 899800
 656591
 960630
 641352
 503294
 370925
 518404
 211830
 957586
 847661
 55922
 235190
 397858
 829350
 498860
 721421
 582048
 455276
 18961
 138089
 659271
 831439
 269254
 966330
 596167
 427662
 396087
 767392
 730806
 485246
 45111
 292158
 226733
 427508
 85825
 242524
 67950
 105845
 721764
 390456
 32491
 804464
 336797
 240927
 60713
 134553
 524121
 657142
 680419
 920619
 997769
 356273
 44983
 718937
 293131
 837803
 859205
 5551
 124838
 273773
 262858
 431261
 908787
 42326
 903401
 704646
 701463
 936912
 492758
 924050
 702499
 440379
 279907
 879069
 419087
 746722
 794628
 213714
 512070
 459681
 769230
 208271
 763707
 20952
 82047
 921146
 19065
 741935
 798906
 703951
 147297
 729600
 196843
 252150
 4887
 877766
 265101
 667349
 137541
 397776
 70297
 28469
 149106
 340605
 888547
 621669
 824021
 67235
 719334
 854586
 424404
 343982
 485820
 278513
 336983
 63046
 58430
 403307
 420353
 609575
 917613
 285714
 325025
 677228
 116520
 468920
 421673
 91356
 48384
 426271
 627643
 913848
 941452
 42682
 217213
 19788
 317396
 845645
 482807
 359622
 833320
 125275
 512119
 735797
 283099
 40646
 236580
 414674
 511746
 709828
 457593
 28224
 187127
 353782
 642206
 974905
 354596
 180512
 914971
 345133
 903574
 6653
 391811
 125984
 887191
 214106
 779228
 793489
 88132
 482962
 259205
 75587
 15843
 665185
 819013
 938574
 800612
 627537
 230851
 854005
 735391
 567375
 721994
 752695
 227813
 143713
 837924
 215384
 849594
 197988
 55045
 465966
 953271
 26343
 6691
 112114
 342132
 798399
 858862
 534165
 215346
 748545
 205397
 759057
 170544
 559104
 285714
 250000
 306122
 301063
 344028
 284002
 30739
 431213
 385557
 798960
 546989
 193176
 880354
 85014
 106799
 299875
 416051
 141119
 870446
 24954
 233001
 427083
 434557
 333808
 671746
 681228
 430536
 488289
 40349
 413392
 273551
 842553
 137071
 207349
 841941
 216222
 206287
 697697
 545396
 148256
 987001
 621627
 707754
 227889
 154893
 230084
 489361
 759550
 459849
 944545
 71986
 510007
 534999
 633712
 266436
 519003
 629613
 528769
 793957
 164376
 698871
 934791
 673531
 814431
 275568
 319634
 648104
 36762
 138340
 888231
 505081
 47302
 525737
 579062
 137855
 103069
 87601
 894065
 599752
 99328
 774160
 850354
 636409
 305392
 151306
 97744
 924855
 263038
 107087
 312811
 783247
 316830
 18607
 332480
 541839
 122332
 572970
 254464
 849195
 354105
 967385
 532950
 858253
 739316
 193046
 397590
 827422
 37851
 15031
 104561
 255418
 766820
 373813
 608799
 612459
 792775
 703269
 59226
 680292
 142495
 87193
 719211
 122831
 455524
 315614
 676582
 723913
 753424
 54466
 776199
 594394
 133333
 687685
 370000
 550335
 453224
 37626
 10734
 405660
 232060
 721773
 716623
 466333
 186164
 786786
 68921
 265107
 897550
 322787
 74107
 8880
 676812
 616921
 37259
 334178
 717791
 350424
 77097
 263390
 835485
 200146
 715755
 972132
 96410
 603805
 626441
 914209
 951775
 282379
 267625
 811319
 839231
 680983
 417408
 968762
 307692
 125402
 103512
 636039
 638607
 155353
 185419
 199548
 105294
 243418
 47207
 391982
 203398
 387646
 148112
 724399
 126166
 93855
 886995
 799791
 820895
 881873
 138989
 967931
 613884
 919331
 816811
 766438
 922217
 254691
 268945
 593220
 254437
 99953
 66957
 539033
 58261
 498743
 947495
 612145
 867753
 133333
 402680
 991717
 119582
 603910
 577296
 632508
 823507
 233125
 500000
 955678
 247706
 435503
 28324
 75132
 900523
 127158
 221509
 129397
 268968
 467524
 348155
 893620
 678611
 46728
 549982
 690145
 354071
 963850
 819206
 915214
 915422
 366666
 851185
 980940
 210386
 674144
 938211
 664134
 236017
 637509
 500382
 363317
 206051
 884226
 662031
 432772
 51437
 685344
 518110
 639165
 788049
 302305
 923406
 30089
 654975
 656079
 771932
 770134
 790045
 953225
 206603
 806291
 184079
 97009
 892585
 371883
 845431
 861046
 82989
 598704
 833755
 21650
 210235
 215227
 748884
 812145
 849360
 495264
 419137
 490925
 314021
 901801
 671776
 430765
 61491
 138516
 288283
 338461
 549524
 726023
 6283
 497898
 781052
 699346
 875019
 189189
 456109
 289537
 827027
 306156
 132531
 245092
 4484
 466160
 558488
 270034
 545000
 795464
 356087
 804942
 932727
 942234
 651667
 886281
 327146
 68374
 819095
 50667
 828145
 642025
 242494
 339707
 855256
 221190
 976669
 863705
 183781
 682531
 6696
 758614
 93144
 607866
 552382
 392287
 712654
 641526
 326358
 382022
 813359
 68421
 844611
 997167
 839697
 730914
 934387
 600387
 596949
 4039
 450501
 649078
 879378
 193236
 440863
 897834
 86466
 796232
 251337
 120235
 536939
 373241
 999573
 442207
 892750
 14962
 30959
 897587
 653998
 87393
 49606
 625428
 389067
 847431
 804802
 382495
 488458
 859968
 556791
 214584
 348932
 694335
 141819
 531012
 175406
 254014
 37354
 423292
 353768
 763877
 157557
 291666
 393717
 917552
 790351
 466966
 522559
 259180
 158016
 47664
 526145
 163273
 177013
 985632
 391498
 620249
 511223
 359616
 378325
 366253
 502356
 279239
 688585
 244005
 593429
 384887
 365345
 913939
 253747
 225959
 910597
 968052
 780117
 241125
 616835
 185829
 394080
 507835
 146633
 837396
 826284
 692733
 779657
 264737
 704158
 775445
 505324
 47728
 453404
 60055
 745788
 424980
 768062
 973146
 260013
 804267
 969669
 107293
 315428
 584555
 947411
 22603
 690388
 326113
 270435
 883967
 700022
 755452
 903303
 231128
 447063
 43037
 127413
 770518
 902382
 857142
 763281
 313112
 192254
 667695
 216624
 126039
 423340
 538461
 0
 385972
 239230
 407140
 958971
 966191
 941627
 17731
 165262
 662969
 274513
 476523
 72982
 129872
 908305
 512085
 85399
 856051
 831228
 734535
 693635
 108320
 51459
 510021
 261303
 591756
 816728
 734939
 195283
 424348
 80360
 339622
 814578
 424449
 845774
 271328
 663031
 25101
 85017
 296482
 624439
 554454
 136619
 35303
 601083
 755253
 687824
 631403
 690533
 825779
 430594
 35718
 524200
 116313
 355145
 64074
 772338
 309052
 471321
 386556
 646729
 716264
 846872
 161894
 381497
 816073
 838754
 902088
 456273
 274912
 307135
 741014
 918457
 761479
 521200
 526972
 889633
 201086
 699995
 667758
 569933
 559402
 344870
 953337
 287853
 59684
 472861
 522870
 396897
 991446
 381896
 227065
 455884
 444547
 243217
 524363
 831116
 592869
 681684
 819125
 258856
 768462
 702796
 453201
 529459
 542875
 881890
 142857
 522773
 785219
 987886
 777610
 528824
 574249
 866542
 797959
 463565
 382216
 758963
 306370
 188945
 770607
 556600
 849348
 49964
 706935
 96727
 244352
 571428
 765822
 107600
 282908
 532966
 118959
 115056
 428152
 969467
 331034
 254262
 388519
 753993
 564721
 720633
 921912
 587507
 575285
 92238
 523608
 819175
 604026
 445086
 359802
 599728
 563460
 641843
 259793
 851221
 827586
 113194
 786457
 863807
 78373
 103258
 303616
 314357
 206496
 393683
 463971
 375504
 665359
 359580
 489703
 747056
 496450
 41968
 558315
 773195
 549239
 98499
 701615
 569094
 21663
 603763
 702112
 788848
 418808
 533149
 927732
 370955
 674222
 188644
 34819
 17459
 192425
 41413
 323137
 807511
 104204
 827846
 6936
 960089
 714408
 577959
 122324
 964738
 617556
 415986
 69678
 871992
 846108
 666445
 110313
 927723
 696987
 919804
 950453
 888446
 272433
 838651
 407638
 336791
 188769
 192998
 616033
 70686
 62137
 202290
 980006
 614705
 943758
 455906
 956733
 421686
 184180
 853515
 161929
 610302
 358642
 2009
 578244
 807407
 331205
 296243
 61576
 12329
 195233
 661654
 498586
 878625
 880845
 928057
 740643
 626093
 803042
 827797
 790809
 161048
 66160
 887760
 712792
 401757
 923608
 85603
 670325
 842761
 298307
 762956
 283348
 31212
 601301
 797605
 803901
 397147
 830946
 968444
 999639
 274319
 701060
 783356
 782080
 999922
 209737
 746507
 170562
 889415
 604284
 337329
 284182
 716728
 166057
 872629
 194445
 41977
 218356
 646675
 433419
 485632
 80673
 674704
 263456
 490603
 797036
 533825
 620290
 624223
 365564
 988571
 379911
 556137
 971845
 741553
 974809
 865379
 963704
 273600
 468074
 83269
 906199
 857498
 479256
 454128
 575243
 575766
 761291
 972918
 445562
 926984
 187370
 416393
 795057
 861262
 605764
 180830
 684825
 908567
 637429
 478051
 502365
 161749
 385192
 629145
 941364
 858846
 707692
 576435
 270211
 613858
 799415
 991506
 254347
 459330
 929556
 640156
 780074
 350798
 66519
 109566
 921013
 742582
 807939
 45035
 822748
 998053
 110925
 666666
 720000
 409921
 134544
 987502
 334989
 44794
 843784
 619736
 490594
 426409
 308240
 238
 124435
 135788
 97464
 419654
 578732
 611940
 181123
 252219
 65201
 899954
 288867
 235450
 399214
 494407
 518811
 231514
 42244
 317622
 545247
 346708
 201427
 892890
 518518
 747959
 690606
 569396
 514604
 243542
 831714
 489483
 335597
 819918
 228755
 991871
 225501
 59937
 582494
 902944
 513823
 452216
 363321
 949392
 571884
 795065
 55503
 829427
 99188
 986388
 141053
 673394
 236002
 401925
 232232
 398915
 61381
 36896
 521533
 142215
 610884
 66198
 41217
 561403
 764991
 922817
 338702
 422644
 615954
 505888
 732311
 643939
 762669
 899320
 801730
 186307
 90649
 606909
 155664
 829787
 934374
 671245
 353259
 34093
 361641
 909381
 953644
 807109
 901474
 262636
 414760
 695640
 154783
 732320
 435308
 49621
 847580
 26946
 683706
 658436
 310663
 796104
 616708
 547554
 538602
 16766
 112223
 240147
 225891
 890997
 968253
 845414
 327298
 387147
 599939
 44075
 880667
 281456
 57392
 760724
 438449
 395774
 643979
 811459
 664244
 587711
 76989
 639532
 197040
 980225
 212299
 42126
 762460
 982388
 487532
 622418
 145299
 202468
 450395
 934557
 714285
 523085
 170733
 366222
 299149
 834683
 992296
 890905
 427378
 930923
 274509
 862266
 826419
 567422
 882211
 970762
 736842
 512533
 782846
 731581
 285714
 162020
 936296
 534364
 794374
 859087
 820816
 988802
 372212
 783133
 518008
 172045
 65134
 395876
 160714
 508771
 395973
 127808
 167526
 1771
 894292
 399661
 884150
 988504
 678048
 850241
 795518
 410868
 687757
 76960
 927230
 491548
 486300
 392779
 137840
 421516
 914049
 656921
 672712
 806650
 146036
 617971
 472470
 78957
 201822
 914637
 941828
 288311
 583413
 774537
 954940
 615575
 668699
 0
 106549
 817496
 431375
 280171
 198815
 174503
 115671
 809405
 717514
 202817
 845990
 288588
 206244
 152574
 12778
 661481
 762470
 774622
 908894
 735922
 914928
 726688
 575585
 320759
 833267
 322209
 884994
 243526
 929884
 450030
 423538
 589003
 319743
 32570
 340266
 80466
 479420
 714285
 528768
 93808
 672348
 800270
 584243
 610484
 261185
 632448
 500895
 151056
 476252
 671497
 976606
 455073
 841806
 390453
 209057
 331060
 499323
 115165
 268087
 884726
 123124
 798551
 870223
 519337
 149098
 581419
 455514
 648887
 823531
 463311
 780626
 799335
 382987
 873707
 653740
 613518
 211736
 387886
 466461
 818797
 55295
 27673
 237863
 266483
 397608
 912041
 753300
 51232
 203708
 97984
 521710
 667750
 883570
 464730
 460350
 570415
 396205
 219839
 654320
 56041
 652721
 172814
 38798
 638811
 651915
 340825
 986662
 482758
 662542
 534633
 710157
 661988
 55943
 230990
 727255
 574903
 657291
 979466
 790033
 843481
 682721
 520795
 605001
 75958
 124042
 503160
 11694
 366529
 676398
 601570
 967352
 213018
 440785
 101888
 818991
 192854
 53050
 17244
 147466
 836238
 409430
 955362
 312171
 677149
 345367
 274356
 137262
 412210
 192878
 34154
 540158
 812801
 262135
 466037
 484337
 363858
 22675
 274074
 18888
 127954
 781856
 754813
 519699
 955318
 610207
 12076
 121148
 463264
 359497
 590551
 339219
 374452
 219765
 757011
 395622
 83226
 851802
 35847
 847642
 29862
 324556
 802274
 880358
 96630
 173913
 814814
 261908
 181564
 772925
 209255
 457450
 916553
 718356
 956789
 261207
 586325
 950734
 805248
 289551
 190555
 281746
 334037
 564009
 210196
 850448
 894617
 822177
 127312
 378905
 300594
 607659
 13579
 377155
 492285
 694691
 285100
 435185
 986820
 941734
 693832
 835578
 506809
 428345
 363546
 601638
 475431
 34217
 799698
 951419
 650561
 481315
 892132
 721216
 980179
 430711
 139471
 773884
 48182
 294771
 269385
 73862
 418581
 860040
 858474
 365724
 169525
 616690
 257703
 676525
 838709
 365250
 654135
 321384
 466867
 732879
 46500
 93504
 635071
 315810
 6785
 597499
 693903
 825833
 355124
 329707
 865517
 985772
 873780
 159326
 428825
 823168
 545505
 630667
 756940
 256883
 133333
 478580
 463723
 447172
 612853
 110833
 189578
 647058
 590232
 862063
 882484
 240256
 352939
 546519
 311141
 139635
 708561
 717838
 451375
 621371
 279473
 327663
 7707
 656188
 69297
 2288
 990767
 380581
 711670
 681065
 475014
 518414
 760274
 777054
 955085
 111790
 789953
 293911
 788605
 57249
 829193
 323872
 614066
 908240
 716246
 248677
 281779
 196340
 951093
 590855
 139428
 282700
 226341
 52631
 511860
 348768
 348632
 883268
 303042
 720147
 610417
 400242
 298946
 815094
 14389
 390977
 772247
 939072
 919955
 757754
 551982
 436118
 347967
 511281
 199571
 872784
 697468
 82082
 584031
 895942
 700126
 414888
 518518
 141426
 750576
 385758
 537278
 894403
 217227
 975143
 539956
 139920
 727957
 540899
 843795
 725842
 671148
 532890
 761150
 419670
 889076
 443400
 258884
 22384
 829639
 8794
 46013
 113569
 214604
 706390
 207836
 508143
 784399
 983221
 986168
 594594
 900284
 963359
 961672
 664974
 807470
 927668
 603586
 669330
 76487
 12226
 493067
 696402
 531184
 936950
 488497
 978723
 129686
 524838
 474607
 927166
 176340
 154259
 532985
 840094
 754804
 15198
 888126
 42994
 500649
 833246
 497198
 673687
 86298
 169963
 460788
 274004
 564772
 301905
 821114
 105688
 541469
 407653
 787153
 80665
 247431
 587888
 739541
 208519
 493836
 439390
 272867
 226643
 582002
 27726
 902369
 258094
 606187
 651807
 36633
 52160
 978902
 526881
 199033
 447334
 203868
 398940
 842456
 513443
 875779
 984845
 329999
 808650
 385604
 57332
 793469
 903803
 284513
 366767
 822222
 674834
 530514
 946146
 740214
 146890
 919039
 205635
 540178
 480499
 150748
 305573
 670535
 661928
 168875
 961871
 615952
 444410
 227553
 172248
 936447
 583480
 196399
 12086
 154245
 650023
 611292
 291721
 535645
 391184
 535641
 666987
 370300
 434820
 276621
 554254
 800725
 660286
 947409
 150551
 485302
 263622
 431568
 375552
 407756
 60430
 907700
 326440
 650962
 326996
 806699
 424010
 507746
 17842
 810259
 251213
 765585
 587115
 778775
 147826
 938804
 31920
 277538
 532532
 644039
 110065
 912854
 2375
 507212
 107227
 236102
 88888
 760550
 854633
 904480
 992801
 166690
 37662
 633150
 160362
 84192
 655443
 211594
 324338
 870225
 706407
 46037
 633345
 640677
 428849
 756941
 104813
 386382
 810606
 991471
 690870
 444396
 243319
 161882
 119658
 549206
 988037
 799268
 855113
 925545
 301510
 878972
 446124
 522931
 606912
 264967
 514189
 220209
 54535
 560430
 220885
 28032
 73217
 597695
 18548
 58791
 669239
 330578
 756941
 44894
 58951
 1057
 436435
 737155
 316136
 405605
 890684
 902088
 496890
 87118
 173076
 161594
 659902
 782247
 856505
 731087
 874579
 569811
 921202
 927425
 73733
 255345
 272009
 43363
 620481
 602308
 120603
 22058
 381809
 769619
 443049
 837612
 174146
 20202
 82202
 846739
 146935
 524007
 581103
 125841
 458692
 63431
 189634
 650982
 459490
 728952
 687041
 432429
 746978
 899350
 429175
 822325
 55963
 392495
 341587
 712564
 544210
 938155
 149299
 809447
 798552
 578933
 882410
 489734
 95820
 775753
 192320
 142857
 934797
 649609
 382899
 124919
 14180
 112266
 466950
 570918
 741976
 552036
 399216
 806451
 192639
 172553
 801788
 460684
 234118
 153724
 752212
 526691
 448320
 726126
 171834
 568627
 164265
 622314
 955689
 269269
 14100
 738439
 422461
 317154
 682458
 11180
 456118
 961524
 485489
 635449
 472902
 575223
 799163
 500680
 673981
 848181
 181919
 827644
 385948
 456405
 653342
 678330
 210290
 316441
 124661
 606178
 10982
 481471
 121174
 571428
 201775
 811985
 845973
 927764
 368841
 668750
 766296
 872052
 160864
 273857
 483740
 377564
 344346
 150385
 393839
 340206
 844012
 883152
 887702
 634862
 200892
 551514
 422061
 403346
 692080
 888338
 656583
 951423
 793072
 407412
 395951
 100466
 418892
 660470
 758025
 527450
 997540
 186736
 264014
 371412
 874121
 367216
 783920
 372353
 429148
 270309
 62701
 178861
 493095
 886840
 476582
 516197
 288307
 108936
 353439
 926046
 681157
 631284
 672344
 46511
 504654
 117920
 639807
 95943
 271795
 126457
 436608
 416943
 535857
 496387
 350068
 165529
 525483
 388548
 377543
 378343
 305164
 324737
 106526
 956479
 106902
 865583
 537516
 554949
 719112
 499006
 221435
 334987
 45233
 79009
 309161
 29080
 559560
 20016
 112385
 60449
 32863
 229340
 946300
 199999
 163779
 751537
 810343
 333228
 535591
 923456
 54192
 426508
 486142
 35872
 42657
 847993
 68167
 152075
 945051
 349323
 318273
 500328
 393247
 967746
 831567
 70523
 243090
 754916
 111766
 406519
 711528
 687179
 585310
 232913
 328048
 115650
 443349
 434611
 10757
 838285
 261275
 962580
 209809
 666644
 781899
 750421
 972281
 162206
 599052
 623158
 444995
 199896
 766725
 510204
 19881
 472535
 923996
 743613
 355406
 281354
 613002
 669938
 605506
 239716
 953343
 46902
 420324
 901166
 991808
 684530
 36315
 701809
 113175
 673597
 56029
 775294
 94037
 285613
 116519
 910515
 865434
 6509
 150077
 74054
 288077
 361147
 743300
 883720
 104343
 655228
 672566
 229830
 393189
 865082
 578869
 356946
 162376
 507531
 172048
 500097
 306431
 235513
 474201
 666666
 743811
 145616
 140511
 13668
 244671
 107997
 472468
 691280
 191880
 962716
 257564
 389933
 505346
 10792
 20170
 394188
 889279
 183166
 512627
 854149
 283720
 73903
 907374
 14385
 337158
 40666
 887613
 930924
 480584
 375221
 619915
 305917
 921182
 933684
 419371
 977671
 715776
 311991
 336095
 416920
 931383
 566311
 409495
 883082
 162571
 70124
 710665
 865889
 686223
 6062
 908784
 485117
 991915
 321449
 161304
 725266
 776459
 217165
 174978
 106793
 341740
 160873
 86829
 616461
 705217
 838844
 588535
 495137
 913400
 749379
 963992
 673837
 836018
 779856
 409755
 228650
 475978
 161665
 348917
 36496
 795846
 999612
 33116
 288477
 259922
 40755
 131687
 868877
 444910
 547464
 649423
 289926
 123220
 285785
 712647
 798977
 900000
 14116
 0
 986376
 534965
 677102
 322376
 425342
 635741
 872321
 544477
 365328
 328337
 743880
 946091
 731380
 931782
 615608
 231539
 628356
 975186
 341605
 412171
 786100
 710042
 447183
 573533
 345190
 532386
 887769
 236550
 955018
 709708
 685336
 950689
 939407
 214146
 409257
 290409
 876659
 654850
 51342
 403305
 999700
 2191
 891522
 316361
 282845
 747207
 855933
 416506
 239971
 714475
 430675
 611550
 722677
 939889
 913098
 405554
 800376
 847768
 345653
 694701
 469578
 857718
 454695
 189041
 52555
 786924
 978971
 355587
 835911
 441827
 640083
 974752
 674691
 926231
 82824
 705635
 734695
 244274
 339460
 363608
 851140
 29591
 15205
 508128
 782753
 522019
 205985
 448267
 509517
 566094
 887674
 931765
 527363
 802454
 129819
 491780
 297549
 356894
 210614
 483897
 243413
 831603
 537748
 489016
 649467
 603300
 551116
 73876
 431621
 865538
 962027
 916946
 161117
 648543
 144736
 625054
 268292
 568273
 847686
 578144
 886161
 678512
 686087
 226077
 459097
 269383
 986100
 111020
 470808
 1902
 704483
 801208
 922242
 230879
 190474
 35073
 768629
 777429
 126879
 75342
 831541
 537784
 28332
 267812
 991130
 499240
 378872
 322590
 295361
 167674
 424873
 991963
 914869
 542460
 275963
 43200
 990762
 261714
 572323
 239542
 866075
 219604
 362122
 126813
 942901
 777957
 961094
 157375
 890943
 470899
 527336
 558548
 729385
 491005
 52182
 94204
 136325
 352392
 892150
 964755
 52758
 840374
 811
 915219
 449616
 56105
 221219
 449299
 569949
 176425
 307225
 783242
 209001
 108537
 728931
 935507
 833181
 378410
 614011
 421237
 151869
 830568
 562624
 718489
 987196
 185257
 31311
 677575
 542435
 634581
 419663
 988023
 998504
 7434
 446045
 237880
 684690
 11187
 551971
 655737
 829787
 461808
 666293
 126768
 94274
 427375
 434194
 664114
 99692
 688893
 723550
 800294
 207042
 725352
 908100
 178539
 336082
 698795
 625558
 733497
 442611
 806018
 958385
 448132
 729518
 132003
 18033
 227777
 227787
 968259
 262996
 627342
 691876
 574468
 157804
 227054
 51194
 68660
 473092
 258553
 892636
 580474
 797943
 344915
 490655
 781013
 416888
 116077
 594583
 618345
 826126
 53024
 821865
 702916
 858457
 673431
 348094
 228228
 39422
 391537
 295066
 439200
 609855
 995304
 348698
 218585
 131546
 472727
 833405
 911577
 994264
 522997
 625286
 96585
 73209
 960316
 147233
 49484
 686120
 356521
 62333
 29540
 83710
 323874
 382249
 111977
 452187
 414842
 336851
 565998
 103921
 912161
 636956
 700315
 59814
 113172
 552797
 11239
 533601
 792816
 410075
 560910
 934487
 565580
 904175
 900579
 454466
 915704
 470995
 263307
 301154
 381967
 989109
 341723
 930227
 594964
 559633
 444734
 324977
 835273
 70754
 731557
 897600
 504438
 88737
 177319
 246950
 322497
 59737
 575929
 130730
 199999
 370206
 646153
 18147
 298879
 472868
 225096
 949984
 362139
 780694
 66944
 556221
 419168
 258683
 601979
 268498
 688906
 461309
 439560
 18982
 606101
 214817
 580905
 515150
 227995
 861582
 240488
 728948
 946767
 658585
 260899
 280188
 900874
 525247
 290560
 95225
 402998
 395872
 211356
 179620
 599811
 16654
 847267
 463393
 630573
 196055
 677512
 637830
 312560
 174228
 187483
 876889
 128387
 566351
 104287
 386380
 244296
 413747
 40241
 599123
 16881
 189324
 690202
 721538
 157200
 825546
 173281
 602985
 206286
 424031
 966508
 145242
 36328
 640790
 554860
 210249
 272909
 867239
 960221
 349379
 774806
 751354
 770397
 98322
 705158
 547081
 546189
 194664
 28242
 17922
 137940
 148833
 765258
 640326
 394943
 344302
 490998
 702450
 292459
 582019
 32641
 623972
 99019
 139889
 640151
 576975
 511898
 989652
 243979
 750197
 641124
 209762
 519208
 977515
 523447
 547509
 105221
 49673
 169880
 790210
 891558
 63450
 37283
 765112
 309992
 200316
 320588
 716891
 144388
 101729
 801044
 396279
 298245
 811244
 24878
 750038
 496677
 969230
 362294
 202429
 98903
 971592
 794725
 461935
 809473
 427015
 738833
 170320
 850224
 968914
 512927
 646698
 266183
 525343
 272174
 442875
 912240
 755456
 680166
 988546
 328981
 841860
 428856
 143271
 500882
 708169
 53998
 706818
 643291
 745236
 342486
 252336
 320188
 955699
 286288
 692804
 753633
 5958
 330458
 42875
 902362
 848600
 299021
 290427
 298734
 960590
 542857
 815160
 25262
 183783
 324716
 690709
 179856
 203219
 752234
 425875
 28576
 579088
 709572
 22051
 767785
 664732
 962574
 759290
 559153
 82890
 893159
 16003
 275001
 918854
 397742
 90244
 948820
 676543
 305343
 59838
 322586
 914313
 235780
 972114
 335048
 120288
 606330
 490996
 941747
 203480
 84332
 860069
 216403
 591782
 960081
 176065
 879913
 785606
 198797
 798841
 26186
 667133
 797814
 672648
 554036
 584153
 17481
 408415
 624264
 52185
 280922
 21637
 119629
 447600
 442091
 654424
 729737
 770465
 754527
 951297
 199749
 589901
 795017
 950150
 491697
 502998
 812689
 441045
 480408
 144411
 913827
 45727
 281481
 712680
 751515
 457627
 993713
 793201
 259099
 901002
 105157
 82466
 365609
 269841
 607250
 438835
 604580
 725511
 898487
 240945
 348993
 477064
 582761
 62974
 220862
 631693
 179177
 819150
 975332
 908933
 223966
 70203
 591604
 755761
 259641
 129664
 498814
 317706
 993865
 90580
 44326
 518979
 881868
 855166
 44860
 884573
 370617
 819698
 40295
 531638
 775500
 856230
 853167
 829787
 232891
 197464
 578204
 801894
 791040
 400220
 908496
 977897
 616101
 826916
 849183
 255300
 967453
 293688
 795328
 540576
 326127
 155982
 175630
 328888
 966866
 231983
 931389
 598488
 463345
 677499
 627656
 582344
 694357
 147372
 492659
 615150
 759985
 264346
 988050
 506849
 946519
 602337
 871303
 809737
 489674
 951411
 940399
 36134
 736655
 728847
 0
 45792
 968759
 898781
 534351
 670633
 25092
 75241
 115200
 160652
 650368
 871875
 116610
 725582
 784673
 567608
 55447
 392036
 892494
 706513
 603517
 760479
 136399
 991938
 687707
 786231
 186104
 570843
 112372
 225685
 606893
 428842
 256006
 130863
 19973
 391107
 847401
 278781
 511319
 93031
 447577
 763548
 338316
 450717
 299629
 330068
 834017
 671485
 26622
 512342
 953547
 482413
 916761
 139130
 237362
 21501
 254685
 319627
 406504
 542265
 153666
 516449
 591816
 910051
 418698
 551955
 300180
 795797
 172291
 16761
 646917
 135483
 964862
 503159
 367951
 391141
 622002
 428331
 970936
 520661
 595222
 142668
 229109
 609367
 409652
 302991
 262718
 477587
 955491
 161291
 843672
 450255
 125431
 541724
 967881
 344421
 853287
 967575
 605387
 934596
 313317
 485052
 323971
 460575
 0
 970189
 463429
 577310
 935723
 256410
 971882
 387649
 1506
 811339
 311655
 221711
 667699
 843175
 488902
 301093
 79459
 776550
 734729
 497218
 349630
 948854
 488398
 202095
 164250
 877346
 958524
 798974
 591236
 943909
 576900
 333333
 398154
 981672
 931168
 623092
 331264
 419164
 667271
 270394
 958190
 947093
 515533
 90338
 145000
 49510
 217288
 788543
 72257
 205128
 785942
 467114
 314202
 6737
 430107
 750220
 188620
 775472
 251854
 759512
 987634
 10978
 545454
 408952
 611423
 654313
 735502
 490750
 231080
 394999
 446840
 122076
 978433
 52283
 738432
 72356
 795338
 902387
 538312
 837638
 635253
 879102
 111087
 703700
 24316
 973125
 3385
 785162
 605530
 301630
 389519
 178756
 215349
 668554
 182137
 392673
 315315
 606728
 214993
 427179
 850100
 437029
 571277
 382541
 5821
 305591
 521571
 690491
 450351
 338867
 125273
 604506
 527240
 963052
 576191
 818350
 38697
 587670
 646895
 138034
 821980
 308363
 38988
 626799
 495212
 522193
 75487
 692935
 116883
 170030
 301590
 603153
 293527
 927091
 46698
 951211
 627280
 202272
 328413
 474393
 698831
 241726
 569571
 882413
 850912
 733611
 706812
 10743
 722394
 127214
 187878
 889009
 366697
 634122
 297375
 775184
 513158
 910146
 338227
 70532
 529383
 274270
 230769
 626281
 207956
 321273
 537727
 660844
 844660
 623224
 490069
 138692
 830985
 305391
 67252
 710328
 994814
 675139
 269749
 258575
 916285
 449295
 297157
 705152
 958196
 782847
 179213
 975925
 681760
 130977
 43496
 904761
 238321
 306729
 364341
 189217
 86745
 93425
 522267
 318375
 225752
 801118
 563836
 459202
 678386
 989364
 453288
 827733
 926854
 722981
 971181
 786535
 113772
 713958
 408519
 57981
 337305
 560954
 205123
 350382
 533861
 152555
 994496
 602821
 716814
 213314
 205030
 215439
 835973
 643226
 576863
 153994
 521539
 722081
 833425
 885305
 931671
 16231
 40453
 632547
 481658
 969051
 530496
 811320
 75367
 903515
 356003
 996772
 707842
 299180
 194201
 697674
 613599
 384426
 759637
 5901
 369869
 885783
 90676
 286896
 385118
 488985
 892403
 89010
 292865
 969743
 13724
 320261
 448408
 885525
 913784
 391430
 258102
 585480
 765062
 1901
 435818
 883990
 431370
 954621
 977622
 605423
 16882
 354736
 715227
 569926
 798703
 589693
 93211
 984490
 996021
 265834
 753620
 174197
 608334
 101960
 794530
 473939
 579632
 948087
 844683
 360790
 668807
 956568
 14436
 823364
 329147
 933003
 336911
 233147
 180139
 555026
 500000
 280319
 46976
 469440
 49180
 193740
 196145
 853437
 736374
 389407
 905263
 940990
 201255
 914312
 564734
 339341
 564643
 169120
 565052
 310212
 815221
 65858
 872323
 173233
 617882
 248945
 25641
 187239
 773036
 602443
 865680
 700340
 99545
 113526
 603842
 957382
 89193
 95727
 28179
 68867
 746666
 782906
 968325
 792038
 294632
 437229
 269086
 282986
 984417
 471871
 994330
 61124
 657162
 787801
 350358
 291555
 363846
 487866
 657653
 293288
 751700
 337830
 602371
 363309
 131163
 111342
 136350
 664543
 95022
 920566
 371589
 521709
 500202
 92478
 816218
 685649
 846064
 904316
 291696
 577806
 618588
 116879
 159292
 120937
 538170
 863359
 904243
 881720
 348645
 269882
 608782
 470659
 564622
 573067
 403108
 859572
 935693
 725343
 89510
 656772
 247244
 400969
 186261
 445307
 289473
 80476
 329678
 887955
 387105
 221321
 500000
 438806
 277745
 145593
 26554
 496605
 35673
 897844
 568690
 510283
 844546
 312121
 450674
 380355
 561124
 95509
 172255
 398731
 122362
 698745
 939024
 167776
 493030
 22235
 700702
 940112
 771194
 554342
 995579
 690628
 555449
 26606
 783675
 285807
 109674
 728118
 350181
 115668
 947716
 120895
 129049
 976016
 782312
 131795
 205971
 758290
 621334
 87173
 946341
 357973
 750107
 962116
 290786
 730137
 646525
 390585
 154373
 255994
 927135
 909051
 852890
 426960
 161032
 626076
 268551
 111748
 169078
 364720
 325863
 280526
 423636
 198837
 360780
 436576
 427201
 291558
 232729
 185875
 416536
 702508
 516442
 193505
 167250
 667031
 661666
 363260
 641086
 705621
 775782
 558816
 164164
 486397
 868729
 829787
 726789
 582417
 645170
 959617
 557969
 701714
 320892
 950733
 287986
 453708
 238516
 588134
 930713
 94424
 430063
 269140
 542451
 56360
 637860
 195299
 807238
 288687
 951811
 662921
 11859
 291381
 113387
 839977
 503875
 319558
 434114
 520120
 510103
 894242
 990026
 838250
 809717
 383335
 831756
 923076
 246798
 702222
 343163
 930917
 324786
 675232
 866957
 725737
 555074
 99423
 897546
 354497
 811013
 929460
 398834
 527887
 135254
 186839
 756241
 518003
 994065
 335548
 658001
 548828
 81425
 884192
 602328
 441433
 921179
 178765
 447366
 996627
 73011
 784270
 207017
 337826
 8695
 779625
 318400
 752851
 579611
 258210
 928231
 828417
 322137
 941894
 923726
 600580
 669558
 11599
 868256
 1450
 292069
 81099
 342884
 134612
 134971
 310828
 515462
 740900
 785728
 98035
 530448
 836100
 912687
 976735
 232680
 358024
 926857
 575754
 544698
 30394
 460592
 688199
 888529
 419356
 471365
 751813
 603833
 913957
 656423
 658237
 733990
 247311
 422039
 173004
 799176
 800512
 935928
 771483
 769230
 706412
 199184
 501538
 277470
 604746
 482131
 720415
 107142
 415936
 226177
 138698
 447912
 175587
 370080
 375653
 282644
 495786
 223446
 964122
 834065
 799967
 998843
 802969
 871709
 366197
 140116
 260739
 832380
 931186
 261673
 249128
 672913
 667203
 645061
 357925
 84895
 500112
 841199
 953491
 126497
 688611
 648899
 620554
 988729
 2200
 493377
 286323
 662872
 151565
 705783
 162659
 412841
 811076
 372417
 0
 59891
 684282
 431761
 800210
 344997
 233468
 377726
 163645
 617424
 76201
 315518
 604165
 15369
 907624
 986854
 88804
 818082
 628345
 109615
 389209
 736987
 184471
 218939
 12858
 479898
 840539
 672466
 147629
 485714
 161165
 384868
 518134
 163547
 75896
 927461
 355217
 423772
 902854
 498511
 461974
 145353
 793676
 310347
 446716
 745495
 75179
 621037
 934822
 484014
 351773
 206659
 75109
 800234
 626041
 176470
 1682
 812151
 773745
 558919
 560238
 356285
 9547
 868580
 852507
 273134
 361813
 794376
 756697
 476473
 85563
 147508
 618063
 699844
 542844
 181056
 528883
 708677
 605082
 984015
 874092
 218943
 64709
 738374
 724929
 555362
 769971
 729884
 707550
 882115
 41701
 388234
 880770
 34416
 377194
 44042
 689413
 540152
 520762
 843565
 304857
 120698
 537013
 994365
 784081
 680710
 185330
 3851
 127689
 910708
 838190
 446374
 644
 650389
 200074
 386666
 237436
 548208
 219278
 756179
 508007
 810117
 892100
 406481
 941333
 376751
 938783
 265342
 962349
 108490
 879369
 519896
 305584
 438111
 970537
 187236
 475562
 664557
 229312
 867098
 43519
 813132
 637264
 189882
 44853
 603050
 183045
 215966
 810089
 885544
 705802
 914972
 301920
 786358
 275241
 980876
 532803
 914961
 298464
 459030
 358622
 536654
 224106
 815569
 946561
 341809
 7207
 136041
 661064
 228559
 794237
 34013
 621271
 764998
 51527
 634807
 99332
 820010
 659447
 385222
 269118
 353930
 76070
 563487
 8877
 920436
 136363
 818300
 158205
 470145
 374956
 358208
 208809
 765833
 457142
 512729
 561431
 108058
 193857
 12011
 436890
 309446
 713809
 514457
 559845
 822200
 676462
 96730
 564174
 630662
 959849
 86179
 604135
 806307
 459805
 538537
 815134
 709005
 310555
 725010
 482528
 931461
 466252
 792682
 522544
 189605
 724876
 958239
 881386
 384447
 786729
 828472
 302291
 670308
 518151
 281794
 856914
 266759
 38656
 141234
 174193
 739054
 297481
 374425
 611069
 785977
 419271
 901164
 108234
 880724
 337887
 107546
 821066
 664812
 563055
 65697
 390851
 793017
 122706
 594841
 403640
 521171
 899030
 324173
 830377
 719167
 481396
 349157
 560255
 230423
 741663
 191890
 26785
 640898
 678121
 429995
 652714
 914039
 247893
 669902
 324134
 452946
 774592
 219895
 448753
 405137
 973684
 695453
 106035
 586182
 293909
 162444
 370153
 314957
 236331
 917173
 347305
 734770
 325162
 861367
 982438
 312278
 34905
 363917
 858885
 67496
 788773
 258447
 216864
 808157
 487055
 635431
 285647
 44510
 846779
 689189
 266144
 385341
 856720
 933646
 231091
 203283
 59089
 85417
 488891
 711723
 297794
 323339
 852866
 846752
 411790
 632866
 362864
 161636
 635819
 388681
 779611
 841218
 548830
 949830
 297036
 427242
 511072
 142841
 290786
 870599
 695299
 558441
 719948
 54013
 325638
 717576
 468085
 306930
 719963
 672611
 629756
 193101
 696843
 512927
 72587
 268292
 554293
 534778
 605064
 204613
 266778
 897061
 3528
 23861
 990283
 306874
 960925
 517984
 778634
 473148
 551952
 4603
 238665
 826518
 156092
 173548
 344200
 597876
 181248
 336094
 123266
 625010
 225426
 329787
 900958
 473684
 318410
 715516
 639680
 10523
 287163
 820040
 77386
 510306
 365716
 237880
 411149
 491395
 956734
 902109
 59976
 160515
 723547
 658353
 688252
 722477
 892385
 268407
 927624
 731702
 900319
 18430
 993123
 312110
 235673
 139270
 465657
 733475
 525146
 233072
 27314
 348606
 176214
 767330
 952392
 989841
 614821
 659793
 229165
 252020
 442538
 230708
 365763
 665504
 70612
 465149
 586942
 829559
 273142
 160476
 818811
 645213
 532895
 619953
 223156
 943360
 708912
 319363
 368149
 83946
 875259
 887340
 662783
 635961
 705837
 455778
 735632
 937017
 185642
 662155
 62889
 862225
 199261
 13684
 43655
 94117
 557657
 36883
 551386
 109077
 906644
 195589
 120028
 729179
 580204
 792653
 36671
 758041
 11713
 20006
 563549
 323142
 544579
 963255
 783694
 220746
 387182
 917487
 502791
 336813
 215876
 485641
 811203
 781679
 362562
 116969
 385742
 781867
 983557
 563421
 582013
 468547
 338271
 918938
 32665
 503914
 757377
 165234
 43096
 470608
 894541
 480770
 834329
 731294
 799251
 859934
 519402
 701108
 784715
 418612
 26727
 460440
 923619
 757081
 503062
 656954
 431729
 198504
 680069
 18705
 843451
 754755
 488308
 101146
 453824
 232473
 206896
 431221
 556303
 208827
 83419
 119774
 719377
 318403
 209697
 341712
 762434
 573384
 115624
 520272
 155789
 735415
 602553
 13261
 908820
 873523
 959054
 488086
 681329
 797671
 603378
 541511
 516979
 389408
 701841
 846370
 438202
 184327
 403298
 515890
 643282
 354679
 831210
 766899
 907402
 527417
 952608
 528994
 744473
 944059
 88473
 440151
 179719
 963136
 645590
 884356
 538461
 98372
 513611
 953611
 984924
 166193
 956820
 960308
 804786
 546759
 636501
 46247
 109295
 120481
 987408
 843296
 346416
 406416
 980808
 362750
 843017
 668984
 615
 48690
 375000
 617792
 211585
 477468
 598900
 882838
 919952
 842133
 398605
 587179
 554879
 253932
 299605
 717876
 795068
 380023
 205554
 952917
 995941
 478741
 90213
 753782
 480020
 596381
 260034
 400481
 493735
 601600
 858458
 253042
 673434
 33042
 186018
 351351
 72909
 119815
 584195
 895835
 101481
 702223
 191432
 487576
 322441
 419367
 274434
 552622
 750869
 76054
 972933
 136928
 686007
 862129
 601093
 873879
 225001
 791654
 675888
 441689
 604118
 452513
 322878
 870996
 279670
 61331
 918552
 822338
 710920
 793311
 26651
 445770
 510737
 332789
 393396
 702373
 381761
 703935
 806286
 170670
 34442
 855123
 658842
 696041
 964705
 469776
 560386
 318964
 640096
 704924
 16666
 792843
 322224
 955967
 127159
 186434
 501121
 773952
 845513
 679598
 956686
 955022
 755076
 427990
 688401
 65289
 833055
 854507
 584212
 750836
 368907
 652803
 615900
 806211
 203986
 431751
 949669
 875725
 347200
 921019
 544668
 608980
 722785
 97868
 748001
 693176
 309408
 185497
 489921
 266648
 318281
 926173
 234529
 279667
 112347
 176508
 997950
 532430
 85606
 155748
 80366
 63168
 142611
 628247
 765090
 743633
 342841
 384889
 931913
 614490
 923798
 136020
 236984
 590067
 705882
 318119
 985905
 320341
 417623
 115514
 718348
 803928
 601375
 793804
 633446
 363732
 400030
 82913
 623545
 325758
 571758
 63741
 186894
 824005
 53564
 559450
 509098
 70408
 381870
 617142
 350441
 655172
 215444
 981229
 370840
 938129
 685822
 889537
 350909
 851340
 739614
 322033
 105236
 190944
 33561
 449940
 984776
 752526
 446348
 399558
 957040
 751379
 253494
 448942
 263464
 300251
 270911
 411854
 771351
 804726
 343274
 851939
 266487
 759330
 671939
 931608
 968713
 310841
 356381
 745945
 799661
 984359
 643760
 351490
 500537
 157165
 723478
 920868
 775213
 977573
 902878
 602912
 631394
 149337
 940593
 267674
 424575
 651827
 289135
 671330
 352817
 693847
 62738
 625390
 934292
 100087
 822351
 39446
 576620
 692838
 337729
 260134
 785018
 206012
 928830
 258970
 719267
 280500
 426665
 98734
 678284
 856439
 882352
 488973
 186889
 87551
 579038
 152512
 138161
 481436
 107016
 492505
 805079
 216156
 299282
 701421
 466995
 423238
 46991
 533705
 831957
 301002
 737369
 924722
 665138
 589094
 231243
 94916
 15538
 660097
 15065
 484349
 161265
 666523
 925952
 544466
 873112
 579519
 910533
 197703
 208830
 708575
 866669
 125060
 828056
 53900
 682006
 971368
 659355
 367753
 657967
 619413
 151488
 106647
 456736
 759381
 837931
 817138
 782931
 904954
 343766
 674775
 289914
 930185
 128619
 904130
 87597
 894092
 478449
 43060
 168958
 287454
 564206
 834129
 878690
 581866
 308426
 372675
 314652
 527572
 239727
 89700
 907240
 497466
 508095
 11098
 532243
 744607
 878729
 930946
 944183
 989690
 731764
 989265
 218541
 125675
 241062
 543131
 187811
 817951
 695515
 738448
 881264
 320197
 907323
 869787
 158237
 892008
 774961
 819842
 488334
 608465
 166666
 424390
 799633
 928036
 65485
 524635
 627055
 521289
 499867
 675350
 460782
 934410
 29439
 779077
 543724
 565380
 952241
 101772
 693428
 808437
 495278
 513493
 21461
 774980
 331154
 756987
 335268
 490511
 608672
 967542
 786589
 504385
 149243
 558666
 62880
 772392
 467492
 591906
 200176
 316966
 239738
 542462
 750284
 55842
 123531
 25710
 409956
 798974
 92078
 329436
 933698
 574636
 484102
 81431
 47204
 95670
 935019
 489757
 560252
 578154
 125591
 460089
 914477
 416666
 523832
 585574
 741819
 692164
 983635
 852111
 61006
 54750
 308040
 624382
 3660
 140899
 553289
 391467
 785244
 138272
 315906
 194738
 592878
 966527
 269146
 196891
 332006
 753072
 933823
 216735
 352160
 381357
 137016
 514438
 855632
 720051
 564217
 789708
 35880
 905557
 744885
 58590
 592282
 264240
 527729
 852058
 334000
 994285
 555885
 73732
 12024
 809173
 40194
 677437
 549948
 468890
 973667
 109741
 269890
 263391
 143416
 878789
 42732
 169410
 877742
 345565
 299911
 717556
 436013
 952227
 860050
 461936
 390712
 374349
 876269
 664846
 514013
 58764
 862480
 484055
 86205
 318230
 768169
 404567
 855214
 998031
 562097
 879558
 348062
 182872
 942148
 310966
 674454
 394661
 53027
 365935
 634657
 760613
 170268
 831558
 661354
 754645
 638930
 991393
 331781
 847196
 165312
 977623
 45347
 564388
 568659
 370967
 632259
 748138
 579385
 128577
 961566
 252696
 440255
 668275
 961251
 384096
 500474
 188139
 624210
 713086
 890242
 900018
 971555
 343433
 762888
 120096
 972903
 35840
 879286
 571558
 227861
 510766
 181239
 982769
 215466
 696836
 173292
 341740
 591850
 361765
 657936
 515436
 689016
 635654
 710442
 46954
 834474
 379276
 291884
 781818
 824613
 25080
 785281
 836622
 963369
 729723
 397788
 967665
 355203
 602542
 860246
 481284
 199159
 497885
 626865
 120154
 96366
 973994
 36115
 231941
 760733
 381353
 751756
 984025
 235609
 947474
 438855
 967793
 643646
 101879
 847052
 39918
 780444
 569479
 832321
 671893
 478839
 153681
 143920
 618305
 668042
 574971
 970863
 661841
 387424
 862595
 919400
 73919
 404681
 564442
 610006
 818057
 684478
 871927
 608768
 331388
 634542
 675794
 5488
 572579
 276338
 996820
 64369
 811814
 209762
 668984
 119605
 123774
 784600
 46145
 359470
 755540
 751912
 142569
 106587
 372881
 112766
 180512
 97767
 818660
 880636
 247173
 25631
 991114
 628248
 876624
 722845
 657355
 540538
 532559
 629986
 379886
 916752
 154204
 991608
 234319
 980988
 898973
 67715
 95193
 923891
 902338
 8604
 478569
 186512
 37433
 621132
 717667
 144255
 265890
 257423
 505372
 530730
 728428
 521268
 551106
 298316
 246892
 866143
 237263
 981860
 864119
 474201
 76883
 146857
 556654
 60253
 986127
 234370
 970015
 62698
 300596
 324763
 408841
 149463
 972425
 12360
 672446
 10687
 913192
 859898
 687520
 460071
 775898
 123624
 826234
 629608
 232674
 380494
 834718
 945471
 985466
 189754
 534394
 805750
 645335
 722092
 206387
 924636
 960519
 59140
 247293
 563358
 473317
 517094
 369315
 886857
 637143
 660726
 663321
 460317
 850577
 639998
 55677
 906045
 226472
 802885
 959183
 781940
 127272
 913043
 742501
 457966
 972479
 637027
 482051
 357317
 529842
 571825
 545028
 509157
 853466
 77329
 473153
 615634
 661352
 125680
 166258
 429179
 934154
 205544
 118160
 89009
 561889
 583202
 599486
 809365
 236686
 280861
 214541
 921741
 676225
 272775
 208754
 711191
 971026
 307605
 954749
 526315
 950502
 995978
 333978
 882089
 909263
 42209
 395789
 758275
 264815
 614845
 567907
 900258
 271290
 31452
 715817
 148864
 356036
 925815
 902628
 445509
 617420
 463585
 225539
 23867
 199695
 525191
 433593
 814947
 412738
 459451
 447985
 496881
 938931
 951432
 106268
 937986
 571428
 150288
 984671
 791609
 302274
 996187
 187677
 554269
 540469
 242755
 99336
 92009
 356611
 821566
 121067
 488527
 649398
 759318
 489009
 344518
 576812
 285889
 467277
 590588
 348348
 773306
 683846
 503435
 703162
 928821
 401091
 544974
 119477
 575193
 90809
 581818
 960156
 93483
 39727
 530458
 581216
 860548
 696922
 498340
 903991
 637738
 750034
 942144
 255053
 29074
 535642
 377769
 62887
 36126
 202850
 21685
 387449
 523121
 911489
 733725
 194212
 884796
 588467
 873224
 990109
 560955
 918875
 194690
 342632
 943745
 312280
 682628
 276889
 435766
 738963
 515308
 821445
 941964
 609318
 260463
 496118
 255089
 450856
 121212
 287461
 488394
 633633
 423295
 108777
 713576
 537287
 876472
 262392
 297636
 796124
 857168
 98255
 465263
 847685
 217709
 701795
 30453
 634100
 425399
 244505
 780541
 206852
 246265
 909090
 659367
 63739
 221895
 123569
 997046
 195546
 409867
 754897
 983824
 152601
 282864
 971241
 498235
 988700
 898748
 438845
 42453
 797107
 286494
 795693
 597722
 636224
 317800
 519826
 145787
 799999
 708272
 510500
 886533
 426602
 429797
 9247
 907154
 70034
 184473
 834879
 226952
 9902
 291335
 49866
 657286
 757906
 923386
 892857
 156790
 887641
 281171
 118343
 744450
 588596
 91277
 821812
 314193
 836601
 782060
 627417
 242657
 171987
 667034
 550913
 938360
 726838
 290182
 820056
 669432
 518918
 835443
 918783
 722100
 631538
 850551
 24807
 589679
 159499
 709489
 233601
 70680
 901101
 820346
 94726
 615384
 822600
 892304
 575166
 171837
 832125
 631489
 385502
 576162
 833640
 5540
 175612
 637664
 498886
 515059
 728275
 467260
 562151
 953432
 124151
 422416
 835147
 385906
 443346
 408169
 658536
 866296
 86848
 153435
 921363
 881485
 420261
 493356
 422980
 39447
 870293
 173862
 747532
 617970
 329031
 563462
 794867
 683200
 399863
 960337
 613835
 153177
 202829
 127068
 284552
 138647
 521197
 693100
 14832
 500068
 219686
 687041
 248767
 710730
 772446
 970936
 731170
 189234
 227848
 654811
 492637
 43807
 892488
 746868
 557589
 958021
 835092
 867805
 969523
 98654
 800000
 84551
 348903
 648535
 961726
 676258
 120488
 775385
 157251
 634879
 16264
 295482
 554962
 946298
 232558
 41284
 712697
 361785
 387004
 218801
 336669
 213454
 66283
 353909
 608112
 95652
 941011
 781903
 68222
 830077
 618902
 276580
 553979
 17543
 149425
 742087
 519310
 474106
 463923
 576312
 939194
 789779
 445977
 499283
 722877
 314029
 179948
 427348
 178057
 513631
 414634
 744663
 810931
 705425
 2601
 418228
 554414
 560452
 221589
 81089
 768389
 353039
 551243
 529933
 423220
 862636
 20309
 279152
 533333
 603969
 946377
 261870
 340944
 320660
 690316
 340340
 222067
 733524
 969124
 484773
 974896
 127332
 800000
 218821
 689289
 165349
 148898
 692317
 452880
 991337
 55820
 716314
 866276
 76545
 60150
 752735
 80695
 115915
 738271
 215997
 156009
 896
 277732
 869241
 853691
 617639
 620254
 926531
 556553
 351014
 212619
 513550
 363216
 403301
 712354
 744589
 742115
 599481
 302216
 121999
 86201
 462639
 718592
 109965
 10967
 339354
 700506
 25828
 557586
 530171
 418351
 87801
 377388
 394305
 564841
 58345
 266322
 338811
 81662
 440708
 234895
 928366
 290071
 680020
 197524
 6309
 797265
 268661
 101462
 36122
 602732
 471254
 939357
 364168
 156536
 526915
 670014
 100381
 538995
 146182
 870036
 210264
 640478
 403975
 161048
 589483
 893640
 463556
 689633
 956046
 351302
 825926
 222222
 889509
 439602
 929309
 317907
 774193
 539481
 331620
 554219
 504737
 176820
 535507
 806633
 74331
 428218
 73237
 267288
 435990
 746327
 192646
 640732
 391397
 547904
 288028
 822881
 392156
 409299
 158371
 296296
 700625
 278608
 847887
 85421
 142367
 894039
 817126
 304004
 362968
 603901
 855728
 70945
 243637
 42479
 663627
 936571
 139830
 351791
 460212
 592422
 255147
 833706
 636375
 881355
 402306
 922396
 663963
 412513
 976250
 385463
 711829
 177574
 289266
 643295
 661438
 260373
 850406
 398578
 543424
 921060
 415273
 823252
 676951
 578278
 728194
 185044
 800569
 370315
 981878
 730953
 823957
 45454
 964117
 867967
 507514
 580428
 577340
 860409
 998241
 976923
 857563
 43927
 787777
 579827
 564258
 932461
 247486
 261744
 138717
 965224
 219735
 107142
 762511
 309104
 2102
 957658
 529915
 931427
 695693
 873086
 615792
 695536
 291217
 539170
 294309
 538322
 828642
 442459
 66508
 369076
 2676
 299977
 900818
 608234
 514085
 478430
 430096
 702232
 884030
 902855
 993984
 574968
 521531
 492015
 824691
 715034
 179469
 783775
 362846
 539200
 429829
 708234
 215271
 52290
 443192
 547799
 995782
 163161
 388286
 710309
 631078
 3622
 770097
 264961
 537819
 58750
 605025
 579959
 711318
 740381
 840569
 808015
 647752
 202682
 640447
 647720
 176074
 672875
 627400
 466275
 66534
 109936
 0
 977706
 94628
 339748
 402024
 670784
 58776
 992144
 486700
 930496
 366651
 928824
 619653
 841838
 160954
 662181
 285966
 278603
 786743
 663326
 471487
 515113
 996552
 330269
 415006
 320619
 634920
 495384
 932028
 138075
 404255
 323623
 431334
 252399
 66298
 763326
 651622
 162660
 640240
 297117
 641834
 738212
 356508
 926745
 612153
 948870
 48910
 704351
 678110
 931489
 394741
 334044
 548180
 525597
 207383
 413363
 373852
 667564
 3179
 310247
 20957
 310532
 841884
 911988
 513875
 699934
 942881
 345405
 281689
 595452
 394904
 399014
 484086
 946917
 140258
 659572
 83682
 309796
 306083
 291151
 33943
 855924
 84569
 24936
 779273
 966471
 812508
 499867
 901484
 995405
 397622
 394460
 808085
 276071
 155236
 1328
 654545
 957221
 443295
 503164
 859606
 292484
 636084
 892095
 55463
 965836
 969409
 355902
 36784
 133590
 997730
 666785
 551416
 491540
 119013
 856839
 877078
 414463
 119451
 996749
 113310
 447695
 61881
 209347
 937516
 74826
 587221
 771355
 310904
 174057
 115547
 429217
 912984
 417846
 406380
 962535
 822579
 648060
 535258
 16917
 2563
 853333
 263844
 685152
 904282
 341151
 68917
 579976
 252417
 259925
 213546
 388955
 356150
 517355
 466574
 316191
 225319
 601892
 280991
 450410
 100664
 154554
 269503
 110118
 737019
 221417
 317593
 592833
 675646
 993131
 985830
 828941
 993730
 813628
 269637
 383471
 151883
 443429
 560532
 888833
 577515
 912477
 851703
 456243
 341699
 427470
 401137
 663101
 167221
 64141
 815144
 241927
 62176
 5905
 218434
 352676
 105613
 655490
 245918
 471142
 19191
 75949
 66913
 518048
 903418
 804243
 300214
 595092
 507246
 773190
 457065
 530182
 79836
 762550
 631199
 730889
 775102
 115596
 466441
 189461
 79466
 586160
 707798
 563424
 886969
 953714
 968769
 541711
 471556
 910104
 715994
 488504
 684117
 866468
 831764
 939584
 562258
 720649
 904469
 981227
 920704
 999872
 893875
 740564
 781704
 488798
 124196
 84226
 125257
 725127
 76103
 130320
 588397
 743654
 640784
 976190
 469186
 906159
 819918
 285605
 891891
 217487
 356981
 236649
 149141
 638976
 366605
 305333
 81555
 746396
 20238
 886561
 416739
 160906
 855344
 803507
 19859
 140600
 643953
 618756
 569540
 881853
 404337
 416124
 626546
 648120
 502754
 824533
 328226
 187152
 75735
 630870
 872727
 548620
 191258
 495336
 391729
 285258
 905039
 24732
 507196
 250939
 899058
 240317
 751860
 434866
 77494
 27619
 281190
 108910
 609324
 10238
 84014
 925570
 829619
 167924
 41805
 113860
 119429
 421908
 812890
 18092
 357209
 7313
 55012
 782728
 236623
 181220
 738898
 721844
 127859
 385266
 746015
 794298
 480497
 919193
 214589
 721594
 197119
 133133
 240000
 916577
 625924
 120106
 687623
 741344
 113977
 391487
 246684
 141515
 663999
 89249
 288711
 613362
 902639
 910839
 541037
 403069
 457869
 117001
 707269
 370017
 238557
 226813
 395691
 501126
 857142
 515843
 446881
 829313
 705225
 882705
 10152
 302636
 594139
 440512
 384284
 314288
 766410
 74752
 135350
 910167
 327198
 926707
 387600
 466816
 157662
 224859
 501226
 582473
 54046
 434883
 841171
 246734
 958979
 479294
 960000
 161993
 80920
 522048
 13149
 746198
 898949
 754402
 991362
 547406
 449486
 10396
 622886
 290454
 358470
 821266
 234762
 250751
 206478
 998872
 877890
 604603
 774045
 307630
 130239
 604886
 451493
 25556
 825009
 892980
 277947
 61277
 296722
 60013
 445698
 395286
 514806
 464673
 259571
 220455
 360284
 716204
 729559
 244156
 829552
 21605
 534933
 227848
 158234
 645669
 828962
 294506
 332818
 607096
 927502
 934259
 495811
 311072
 323350
 594227
 823561
 504161
 850321
 330996
 395354
 590697
 165333
 485123
 976744
 747472
 617555
 325204
 132757
 745907
 744731
 844417
 618700
 382529
 381000
 838803
 802440
 591560
 63506
 734630
 990455
 969924
 235448
 126745
 710434
 664003
 439264
 265354
 175649
 173024
 461722
 300160
 633835
 863188
 631304
 931347
 967232
 706933
 527708
 204801
 915204
 657657
 32612
 891028
 245928
 669316
 889002
 142857
 188118
 0
 874653
 751107
 990794
 415676
 223576
 195815
 48740
 826654
 364039
 212358
 526207
 232383
 417693
 526315
 236155
 586917
 459724
 898003
 291436
 455005
 450240
 680191
 21937
 311148
 148825
 644433
 424065
 109905
 132598
 900011
 598031
 960826
 266968
 775778
 910620
 150693
 835704
 159574
 919730
 558830
 801389
 619163
 377548
 341358
 45511
 338645
 520472
 998155
 35981
 580699
 602000
 809674
 6431
 194244
 311653
 463898
 528903
 31969
 731938
 432412
 128910
 525193
 447888
 321906
 812126
 774882
 769758
 787008
 203046
 554361
 770833
 578050
 705519
 171270
 591774
 690427
 442861
 245213
 980258
 396332
 126764
 951171
 205048
 158102
 596796
 329973
 386132
 561859
 818904
 714993
 137443
 214669
 440928
 751798
 146072
 999533
 190140
 373464
 52034
 971395
 72588
 30723
 378520
 624713
 297277
 716984
 15724
 324975
 716172
 51165
 370611
 615569
 994562
 684377
 994388
 338394
 543922
 3535
 819737
 876969
 613532
 159944
 151613
 772254
 900311
 483090
 329275
 839553
 720930
 920659
 250936
 68482
 410250
 939419
 754405
 691400
 760439
 207921
 169006
 646824
 496789
 276353
 365248
 434044
 304637
 188277
 200052
 126607
 633222
 33283
 736800
 920858
 421724
 228795
 123786
 351648
 595185
 459516
 954022
 84427
 733678
 399065
 217922
 806419
 926313
 946938
 925283
 242466
 29268
 193832
 55120
 577290
 210996
 725289
 393257
 811097
 402627
 287706
 944743
 181754
 926120
 851612
 195851
 338901
 352297
 903482
 883064
 507226
 600680
 886870
 604082
 797396
 369562
 673614
 499860
 883997
 368932
 445957
 162720
 251955
 173254
 743012
 16449
 96836
 974868
 437840
 799627
 775438
 189408
 468910
 785381
 987303
 187463
 875460
 957310
 382250
 406864
 257526
 205443
 967532
 128109
 701700
 731582
 704494
 299802
 822356
 500709
 359222
 696530
 810727
 36781
 244108
 68322
 977670
 629264
 665931
 729549
 859016
 204313
 187259
 727756
 261993
 935200
 908369
 991116
 345423
 97899
 286317
 222461
 150711
 323353
 527458
 119262
 417436
 129870
 327898
 755698
 324178
 906216
 443973
 23579
 398046
 363811
 720305
 67527
 156720
 897604
 800360
 510822
 131941
 760301
 554857
 855235
 920335
 211403
 79868
 437124
 229683
 900995
 699555
 509104
 156282
 76046
 134304
 672709
 116133
 646965
 591792
 261509
 929551
 43037
 134744
 79266
 261889
 558547
 702702
 259049
 272697
 713531
 275984
 882348
 991171
 115343
 767731
 783240
 747830
 255737
 556521
 956448
 35858
 438503
 544077
 334378
 406622
 597063
 219222
 838323
 664694
 69003
 937148
 415954
 494516
 579661
 398748
 199451
 703583
 736521
 191260
 564522
 839284
 560129
 441375
 800576
 84956
 488552
 392557
 220715
 645018
 115775
 569649
 515283
 333333
 877413
 116650
 807647
 537116
 587136
 740239
 266649
 347784
 639753
 926627
 569731
 742310
 712720
 589775
 91672
 146811
 392632
 32086
 709706
 603112
 282112
 234411
 648251
 796173
 498991
 863213
 342114
 110167
 166516
 168648
 613463
 303115
 167875
 248024
 537722
 672249
 117589
 400911
 583095
 390006
 794106
 995047
 423023
 469135
 552795
 658877
 410411
 768400
 255391
 444084
 295870
 295044
 896916
 394464
 930513
 316790
 519478
 16544
 556025
 962862
 543559
 593620
 465522
 220862
 967213
 56262
 50810
 151637
 636430
 630103
 25567
 154228
 381216
 633154
 428426
 165820
 123789
 570430
 148754
 399685
 2445
 344580
 113556
 159423
 170538
 875159
 158061
 763246
 206505
 213732
 323706
 506426
 68779
 620026
 48816
 681868
 276190
 33141
 25408
 588491
 12255
 797197
 342087
 557176
 604266
 93763
 766391
 277753
 296601
 643548
 246512
 412372
 27838
 904139
 426954
 235411
 426671
 766440
 58113
 519958
 664387
 310162
 247499
 600000
 358968
 124710
 422267
 912145
 838792
 665228
 399174
 347317
 760840
 513862
 278843
 303923
 699433
 963397
 623690
 841419
 161199
 796367
 430243
 93224
 163220
 793936
 202291
 218039
 751814
 490585
 537669
 481555
 259541
 774342
 905146
 925085
 842025
 794012
 7923
 199411
 336321
 750449
 831491
 327126
 170752
 690847
 766894
 999332
 132530
 900068
 816447
 234234
 534782
 806153
 98462
 571843
 39657
 504507
 257389
 96725
 307284
 666062
 797501
 631988
 672020
 41206
 768321
 840808
 669931
 428532
 454587
 247389
 724766
 635565
 703522
 697478
 623713
 999850
 619886
 164160
 652019
 828782
 357628
 171950
 80392
 863813
 549192
 973455
 399078
 367325
 704396
 860212
 859740
 262365
 109051
 535314
 426353
 880195
 961772
 423630
 361802
 792650
 195321
 527671
 757698
 529126
 552941
 57537
 517369
 678937
 418165
 206392
 260137
 783598
 35778
 103400
 92810
 210763
 848051
 565217
 355615
 839217
 265560
 364618
 183195
 774354
 181152
 385392
 353545
 542440
 143863
 882045
 417951
 688043
 932477
 931298
 687304
 72895
 147582
 470149
 678771
 168464
 161422
 465909
 644859
 477488
 935927
 500576
 679601
 555811
 788819
 490067
 259157
 61580
 793018
 309847
 71750
 961280
 279717
 730799
 813610
 309324
 452836
 944554
 373493
 853379
 312930
 494572
 407687
 318270
 680042
 824704
 108753
 78238
 481428
 810149
 254266
 57037
 691457
 998546
 146863
 816575
 821346
 59361
 939393
 910650
 800574
 68079
 514256
 938056
 540061
 527733
 265225
 770776
 589519
 831384
 77575
 178832
 698877
 729894
 417241
 560700
 496478
 470796
 540606
 29187
 904409
 590312
 779742
 531566
 508354
 615159
 180551
 661153
 862092
 653996
 382732
 57784
 25885
 763954
 555037
 613106
 803908
 267692
 217641
 201597
 109707
 283409
 905311
 792043
 923009
 988369
 179618
 190888
 325390
 556090
 482632
 213038
 926110
 134758
 815306
 447597
 638962
 856031
 424525
 429428
 937273
 742879
 625165
 644109
 249750
 97560
 58080
 264931
 2288
 464049
 414484
 893595
 665574
 916666
 449841
 420221
 71378
 499538
 331037
 516378
 455
 243407
 331590
 590405
 787941
 82304
 263734
 714747
 253348
 577414
 454329
 781327
 339192
 604101
 362831
 981032
 941457
 699642
 949098
 816326
 51040
 74557
 652230
 995965
 310146
 383859
 678755
 239392
 358615
 616890
 827846
 60869
 774496
 646734
 473348
 936979
 240686
 809405
 191919
 529748
 266103
 188992
 343910
 942292
 670020
 26666
 720670
 940909
 333184
 575712
 274485
 587540
 837499
 513018
 438020
 579231
 442894
 855993
 802541
 533772
 706907
 213725
 467408
 147092
 652390
 407506
 872553
 312128
 960411
 385050
 170636
 458905
 739653
 948677
 237045
 226830
 915002
 468761
 875839
 974833
 266628
 614187
 517254
 237288
 185015
 616914
 533891
 170365
 18312
 610600
 189407
 300936
 561445
 838509
 271954
 666666
 855779
 429610
 368829
 723076
 678984
 722038
 228839
 245388
 787564
 392132
 101320
 830874
 888075
 949541
 274209
 454987
 463265
 876344
 2166
 998423
 356936
 959503
 39351
 123094
 940721
 141938
 564364
 466814
 678990
 677220
 930702
 699486
 216216
 692769
 625503
 68416
 256095
 811011
 902141
 478693
 406362
 461969
 524743
 361518
 970280
 761445
 385852
 361181
 538836
 764530
 656921
 915404
 436919
 223781
 582278
 278201
 625251
 685473
 543171
 232886
 871656
 38195
 444071
 656894
 574232
 987119
 906922
 734853
 486130
 382720
 827140
 570839
 897717
 546057
 634044
 574963
 952681
 854829
 89452
 219160
 707412
 944954
 611111
 159860
 964940
 960851
 770590
 153241
 676056
 357117
 384593
 600232
 343401
 267015
 169973
 375713
 843721
 340953
 658918
 629174
 260922
 585955
 47628
 565677
 822996
 6275
 580645
 819304
 258702
 297777
 892682
 338390
 291845
 731589
 210321
 675415
 413669
 259210
 130876
 857787
 844359
 255060
 996956
 564764
 637334
 606175
 624109
 470599
 741863
 81548
 675661
 598100
 711334
 426775
 806060
 871080
 62081
 632563
 357533
 215259
 325884
 124791
 461781
 39851
 124327
 789664
 