94578
 682726
 842529
 289697
 4326
 617712
 39412
 898832
 328469
 999064
 507661
 213675
 423930
 827234
 73754
 373745
 894915
 890845
 141593
 693032
 573264
 62176
 246829
 448733
 96624
 655456
 804363
 723389
 659649
 68637
 970794
 90999
 935664
 888387
 984753
 12358
 991212
 979017
 533496
 791512
 965317
 373324
 277318
 423167
 230343
 84125
 627294
 702147
 726824
 311940
 489138
 720930
 656222
 148966
 220157
 891928
 778539
 734650
 848203
 949786
 658026
 12899
 391350
 588067
 710520
 327123
 53755
 682979
 513881
 865762
 786561
 906082
 207458
 725753
 628054
 365022
 122523
 399602
 446525
 119207
 577966
 599921
 59610
 833948
 142402
 647025
 344526
 578853
 421052
 391571
 654752
 278474
 255697
 12438
 748939
 980654
 677406
 510903
 60622
 693
 245448
 991755
 380952
 509836
 611796
 881481
 523542
 924552
 472300
 478589
 912794
 591331
 236623
 423362
 654901
 323056
 92206
 888884
 466001
 649842
 306119
 307665
 592305
 438816
 733141
 326704
 244440
 247065
 269556
 461225
 986529
 513775
 466611
 358580
 126723
 680628
 406979
 425634
 335612
 760537
 859326
 267593
 462411
 513709
 194456
 878083
 948640
 721394
 332200
 646705
 352503
 552857
 656861
 225728
 137614
 477227
 230499
 831053
 79905
 181900
 75070
 553191
 915824
 476614
 802364
 858228
 689195
 554351
 950242
 833326
 727227
 460970
 797954
 386973
 272504
 651632
 967741
 233489
 97177
 959186
 623001
 927272
 390580
 791184
 0
 862068
 271385
 328761
 691691
 546418
 368509
 259705
 400436
 840855
 545567
 286737
 784742
 832661
 96950
 936098
 710966
 697685
 725212
 409432
 886255
 167608
 247835
 919675
 844879
 592678
 764705
 310319
 215169
 778246
 162478
 752663
 93532
 845685
 128619
 500656
 727729
 602405
 470058
 72160
 178191
 938987
 40439
 630427
 877763
 517905
 738156
 928417
 648368
 680048
 721076
 668373
 921568
 279455
 388297
 528747
 746157
 784482
 221798
 846409
 336698
 549612
 820748
 70432
 243068
 753278
 512200
 760780
 256263
 205101
 931851
 29667
 826233
 139923
 740163
 986657
 785468
 15455
 970963
 116783
 399120
 900331
 311719
 125552
 584606
 788530
 120424
 396381
 911572
 705277
 940318
 617328
 434092
 858035
 310354
 473235
 41897
 458551
 505233
 616275
 894845
 224526
 90858
 195366
 813227
 202992
 35277
 162514
 861754
 267973
 617294
 387082
 519434
 792109
 843813
 510861
 626434
 736798
 483445
 326015
 73571
 972360
 545759
 417867
 830921
 156330
 102268
 140230
 94722
 381861
 198715
 888126
 633529
 44702
 623165
 415151
 875067
 794397
 990654
 156800
 503987
 30277
 495963
 674968
 586852
 677512
 884137
 765954
 854736
 468945
 272363
 515570
 817103
 204482
 525059
 833903
 709821
 430676
 461747
 69954
 461959
 0
 66033
 460637
 663977
 679482
 456507
 339514
 526292
 198698
 654664
 905084
 26240
 504954
 744293
 39812
 854295
 834254
 243180
 790235
 814053
 753329
 479830
 835698
 80539
 862850
 162529
 97103
 716507
 897607
 753701
 198225
 677888
 961641
 56172
 477059
 887739
 674037
 377787
 43195
 893854
 933981
 829130
 822650
 69407
 625704
 558025
 442495
 250739
 627672
 848241
 219563
 968453
 148344
 796694
 829520
 783783
 797512
 771643
 872448
 400518
 832361
 745701
 624012
 538046
 796621
 632190
 693693
 74930
 633253
 2803
 323477
 415414
 850971
 459468
 991213
 160883
 363636
 198071
 836592
 330827
 919614
 140059
 843505
 599166
 957458
 826202
 193016
 819128
 654320
 670121
 136279
 937240
 931846
 768261
 329071
 18082
 2319
 423728
 862258
 250725
 869909
 551902
 411255
 997937
 841680
 630979
 470748
 253869
 677751
 437155
 425191
 295905
 294077
 128230
 30592
 326071
 132913
 70836
 615015
 119047
 15845
 52233
 412803
 705882
 939470
 797594
 307918
 728974
 403381
 299693
 724280
 456198
 80722
 693348
 119209
 432647
 24528
 864777
 252610
 634120
 500427
 700473
 532746
 638372
 977821
 967741
 202512
 315002
 536508
 251532
 861935
 3412
 211525
 584847
 202949
 964713
 248691
 746205
 921899
 555046
 824187
 659722
 473325
 229346
 524337
 211649
 222863
 414239
 34285
 34532
 354127
 414094
 33592
 818615
 565078
 980351
 216152
 278421
 639402
 644930
 187872
 954452
 903941
 589664
 540294
 242633
 460827
 680006
 15533
 345675
 484497
 523121
 490608
 666701
 603800
 711808
 177394
 257875
 32003
 781828
 666666
 872214
 395563
 303530
 657746
 356056
 851983
 484848
 782056
 657597
 825182
 265729
 78588
 402047
 906215
 261309
 511434
 969963
 354223
 339442
 689513
 411499
 397544
 52442
 522316
 38077
 495255
 693948
 107862
 897520
 836648
 848486
 316582
 175141
 143931
 6659
 532652
 919527
 182396
 983197
 317772
 694903
 10942
 754374
 273972
 844236
 869665
 928863
 163208
 657660
 591069
 557675
 561812
 600776
 94778
 628256
 959435
 162399
 827512
 944393
 804316
 229218
 67338
 191163
 97696
 466969
 807277
 405313
 785847
 405942
 125237
 791607
 328390
 360281
 662601
 734698
 587928
 241129
 81360
 394973
 860103
 895761
 347107
 123826
 57511
 822113
 852661
 22878
 55920
 184553
 614264
 33491
 740250
 831404
 158553
 186986
 128911
 673171
 152534
 609733
 170318
 639868
 648091
 799740
 249413
 795605
 343088
 953116
 520961
 606568
 802747
 131177
 940023
 607806
 114493
 478390
 538461
 784260
 786967
 401724
 931364
 435099
 31178
 773056
 483660
 807086
 377083
 941935
 666809
 595365
 429914
 749334
 817719
 129774
 972422
 917209
 365766
 941323
 150479
 486794
 562451
 993364
 876763
 905371
 946763
 575392
 240961
 6207
 993442
 333590
 683024
 740458
 323090
 691753
 561647
 745441
 301908
 332409
 806779
 862412
 136977
 908954
 509031
 119132
 803926
 131505
 671202
 38119
 325087
 422749
 254799
 368777
 927631
 21332
 675194
 335867
 66765
 457070
 938695
 719352
 93879
 24457
 174521
 655999
 451141
 788603
 199132
 747706
 582022
 831105
 798107
 9130
 338118
 759312
 757326
 692307
 655458
 458862
 147624
 73461
 928290
 211805
 182960
 696087
 354453
 536209
 677511
 829719
 190245
 382561
 849150
 154257
 213280
 484967
 259950
 269764
 160000
 849281
 727976
 254335
 5612
 460061
 480469
 188673
 621497
 515309
 579028
 352048
 971992
 877133
 783285
 856624
 644921
 764705
 979204
 210985
 503278
 548773
 995381
 960504
 789101
 856978
 327511
 555409
 488033
 463837
 993604
 865617
 525423
 883919
 532715
 680896
 770965
 169958
 346031
 167336
 514838
 972958
 735489
 362637
 77914
 190821
 544769
 520964
 851401
 270732
 205016
 557637
 716734
 276590
 532224
 897738
 655346
 11695
 145623
 938608
 984768
 758419
 495721
 122695
 18151
 853937
 691933
 197339
 805432
 701042
 929870
 983202
 233464
 837114
 164588
 833730
 30423
 820444
 807548
 334801
 917304
 335999
 643486
 831001
 510442
 134407
 548634
 196906
 205712
 942528
 575596
 641788
 506891
 927887
 240210
 590114
 742314
 868522
 826730
 373141
 266365
 251110
 239306
 662396
 879668
 298884
 179689
 29329
 508073
 702875
 518796
 407220
 710887
 27809
 569813
 843787
 173737
 47810
 978443
 530698
 422680
 52637
 636942
 815671
 22175
 674918
 683782
 437891
 105380
 312410
 662611
 248293
 169293
 99916
 542185
 902728
 799058
 775616
 984647
 532913
 907551
 208624
 230638
 866737
 323705
 166508
 464201
 700441
 616599
 188790
 494087
 16171
 381765
 35972
 986596
 9267
 470005
 777741
 34456
 870960
 979848
 143538
 299774
 345396
 867614
 952205
 896098
 408670
 835995
 299169
 429558
 73322
 585761
 816216
 785711
 266634
 28539
 602836
 260154
 400516
 616130
 911648
 93167
 879903
 708771
 139196
 527333
 101561
 272313
 747604
 871439
 576980
 475023
 613748
 137077
 484578
 932965
 715539
 601239
 367689
 485368
 325252
 187643
 593810
 497391
 634206
 771179
 225843
 447904
 13605
 292595
 766158
 885126
 349513
 688805
 99644
 34416
 857806
 635455
 139682
 262465
 988764
 544387
 142324
 364132
 179259
 328407
 107364
 924731
 380165
 85919
 654582
 790667
 51691
 510834
 978386
 445660
 618341
 504861
 758234
 948871
 961095
 638545
 768372
 7249
 640604
 44665
 813411
 625831
 210058
 745084
 869138
 868451
 456247
 921314
 121964
 546726
 840601
 606545
 552995
 299665
 584775
 438894
 599294
 809596
 265747
 71672
 677361
 201666
 605462
 401674
 638160
 679438
 248226
 710830
 141611
 858797
 396153
 229904
 128569
 624429
 170928
 987944
 210658
 536120
 454949
 905941
 753120
 569359
 302034
 206564
 7636
 151244
 2091
 165734
 143410
 941499
 316202
 764794
 674843
 56404
 267100
 989814
 316516
 734284
 448151
 995000
 864727
 224263
 160820
 521807
 31790
 359909
 443109
 823762
 160292
 344627
 389983
 410877
 677354
 285994
 145458
 97693
 850929
 215016
 199256
 697390
 600186
 667025
 817189
 880193
 830115
 571040
 824919
 71329
 556813
 101848
 437378
 293596
 122222
 471322
 698159
 59334
 173056
 65675
 449082
 587125
 57142
 817889
 252767
 567087
 313754
 761537
 906714
 932625
 556449
 356302
 235294
 427649
 911295
 585299
 674562
 324136
 749003
 560520
 135469
 331385
 161967
 945508
 534128
 363236
 128865
 403285
 424570
 618253
 935975
 404587
 912080
 980256
 355710
 428706
 318318
 928942
 183483
 346631
 961243
 183612
 111194
 534676
 278199
 142143
 147123
 384253
 976230
 874723
 8104
 104777
 174234
 162852
 176092
 991418
 267804
 530258
 346914
 463342
 276505
 299168
 413065
 618126
 869354
 939390
 222740
 504069
 343935
 329642
 854952
 490743
 823641
 828316
 200000
 320620
 488085
 915387
 952141
 935604
 693482
 673045
 998096
 785974
 787915
 245901
 469050
 380881
 623961
 954282
 440600
 19808
 247446
 722764
 450199
 86269
 301544
 244005
 478200
 579508
 896968
 995024
 923332
 675112
 28725
 193036
 21739
 16672
 914328
 27182
 19416
 644396
 787426
 452929
 617374
 321002
 593934
 497008
 758847
 243889
 340870
 923108
 465657
 163586
 28530
 975975
 679598
 213454
 627269
 946749
 797122
 30755
 865836
 75907
 472026
 777022
 253112
 353773
 342933
 272588
 879986
 981008
 948096
 392977
 12853
 510216
 264649
 557755
 454157
 301013
 55780
 903099
 235151
 300860
 555095
 50299
 959421
 459948
 657926
 624665
 955373
 817460
 506797
 631606
 0
 785046
 563049
 757149
 2581
 638146
 839928
 265117
 238690
 944659
 438043
 52823
 677578
 958895
 288820
 626255
 508206
 839833
 221542
 844557
 720435
 413581
 754410
 134601
 882437
 59940
 342857
 949320
 624192
 411428
 599131
 874086
 319528
 251564
 700465
 133986
 323407
 564312
 323915
 508695
 623746
 201450
 662972
 142981
 50389
 81518
 462699
 760881
 275402
 249506
 2574
 225553
 439103
 623575
 208575
 160553
 7754
 825424
 401104
 378947
 365303
 62029
 735513
 639784
 920409
 812871
 817021
 986679
 964606
 425000
 28470
 194860
 380118
 745567
 793696
 698967
 803174
 888356
 907276
 348621
 521474
 860445
 212078
 200000
 869902
 255817
 780974
 814085
 835679
 966399
 22014
 495250
 316062
 330935
 926819
 106102
 518518
 343069
 267933
 699875
 824427
 738551
 480767
 129240
 450545
 38488
 486172
 796881
 865395
 264809
 321905
 994587
 472874
 414017
 808583
 703973
 116837
 547368
 97095
 470096
 362079
 577482
 941882
 903076
 201921
 168749
 425941
 888053
 22062
 324038
 275404
 260504
 469284
 452294
 720128
 689909
 290441
 960346
 459627
 743354
 300021
 51402
 898327
 61604
 100804
 269552
 44776
 658454
 75333
 602824
 177462
 929819
 654899
 844167
 212054
 9235
 207439
 50942
 464671
 382716
 898096
 156839
 359405
 42402
 931137
 975796
 6377
 685226
 61032
 148342
 974484
 816270
 681932
 50744
 209548
 282281
 955380
 946634
 750816
 303848
 262357
 961322
 778766
 225175
 364085
 119383
 959674
 639796
 51152
 733788
 208770
 996365
 999205
 853549
 181453
 590234
 119165
 919786
 438029
 884167
 120683
 938436
 817287
 319327
 100605
 235443
 208943
 556413
 209674
 503569
 530376
 595902
 184999
 786441
 23493
 988286
 584582
 905022
 65050
 681120
 415061
 747044
 318069
 866601
 374164
 704837
 957870
 252199
 425336
 517844
 70404
 176662
 15011
 846153
 618572
 91422
 532373
 916506
 987422
 36022
 146564
 543606
 911475
 694796
 126637
 298973
 803372
 685345
 451348
 290054
 289395
 795918
 340612
 597495
 227200
 626955
 269047
 708437
 703486
 248759
 170953
 129234
 56282
 556215
 511436
 191823
 749423
 119690
 471123
 109707
 158594
 1462
 218082
 636715
 103250
 44077
 183584
 383064
 954526
 229186
 239666
 355191
 807709
 238157
 374222
 51896
 694174
 808125
 354979
 196912
 441116
 896609
 997057
 598490
 465237
 159653
 633400
 151061
 855690
 375043
 161512
 303722
 228405
 168414
 866428
 767028
 255905
 764118
 701437
 256281
 874475
 880168
 284703
 255850
 938914
 794988
 948976
 785529
 537392
 30881
 245723
 995803
 656535
 266144
 712923
 10518
 141472
 161167
 886849
 549532
 11611
 367667
 999001
 633886
 521072
 547254
 975371
 871235
 435296
 651403
 394354
 838077
 600494
 831859
 847952
 577089
 605879
 632923
 315191
 582577
 273534
 343193
 693906
 681359
 217738
 275355
 929516
 880612
 620735
 453744
 656387
 501369
 275711
 667213
 787024
 298977
 289425
 517698
 30660
 825523
 216601
 855908
 120218
 580986
 904555
 641759
 146221
 355212
 590354
 280766
 20194
 49223
 672101
 328970
 848900
 903026
 981182
 713648
 203855
 299044
 650570
 597144
 850724
 686416
 351556
 146420
 676018
 898263
 309574
 536982
 797112
 642023
 908801
 707068
 821101
 742771
 919784
 78559
 263525
 926914
 735310
 413702
 959183
 242664
 66981
 328182
 28796
 987870
 589865
 362808
 786497
 445086
 836541
 563697
 329840
 237178
 759635
 630915
 711190
 574633
 533474
 150977
 800245
 137418
 241029
 294398
 239293
 289721
 160567
 77753
 636942
 919063
 138400
 701594
 539215
 700347
 649612
 183640
 394722
 718115
 44618
 46490
 438942
 710633
 453560
 908965
 466700
 686898
 566889
 783288
 744327
 667595
 300714
 680924
 990422
 994029
 562398
 739674
 375549
 621483
 431454
 946037
 556808
 930888
 887999
 758938
 101653
 421667
 277698
 700073
 857462
 918357
 263857
 574926
 361802
 1161
 540019
 788467
 520589
 869662
 975753
 570402
 464186
 981301
 662591
 252247
 510911
 908423
 107660
 582048
 841075
 734806
 573847
 256252
 87152
 590469
 745341
 696668
 457295
 805839
 656297
 179097
 278317
 14311
 598686
 89345
 679525
 852694
 208459
 199303
 759352
 153976
 998012
 94597
 83524
 193101
 519209
 139395
 55508
 159047
 276376
 897280
 174910
 409333
 355740
 945194
 58769
 451960
 336086
 224175
 51908
 824488
 821486
 95968
 909423
 374708
 711442
 684770
 869314
 910957
 900102
 745127
 780199
 754197
 471802
 45644
 261830
 168949
 877959
 101103
 726843
 732857
 263446
 417977
 764845
 256889
 166439
 912621
 634075
 134405
 772904
 294429
 410264
 27318
 820666
 122729
 973550
 146542
 467951
 740778
 680555
 513035
 848236
 298115
 792573
 232281
 981586
 222428
 160064
 343417
 592999
 861136
 85563
 92851
 978305
 524016
 145027
 946370
 977449
 465298
 672639
 623931
 195670
 981008
 941475
 249337
 381710
 811311
 999126
 630225
 547823
 384295
 101689
 312196
 148298
 94850
 525906
 305546
 728515
 808823
 640650
 977267
 42980
 223797
 669735
 6015
 16501
 908546
 48811
 871573
 594263
 599381
 437250
 434980
 274611
 681277
 148901
 839999
 410877
 164228
 228148
 581078
 444533
 592274
 129032
 901664
 737895
 561105
 846998
 33412
 958344
 507674
 562289
 718617
 563256
 189288
 573030
 494385
 522820
 947412
 706307
 81746
 362071
 457711
 615384
 624347
 14746
 961302
 954733
 794162
 517406
 589710
 359812
 586725
 621031
 120956
 594485
 538011
 495129
 602377
 227552
 109484
 67500
 334145
 144128
 108762
 37382
 904087
 118280
 109742
 120973
 512244
 900154
 781496
 522207
 497320
 128085
 930168
 793776
 682652
 818423
 795705
 385426
 550423
 699904
 900269
 895306
 322604
 977882
 512625
 85870
 358038
 745994
 940414
 618945
 275862
 431436
 343656
 80291
 66191
 607308
 772768
 458000
 108244
 361445
 760678
 460367
 580109
 42829
 998405
 745867
 944893
 321378
 693430
 353178
 568082
 806479
 546687
 670820
 678971
 102834
 37625
 204720
 653993
 308252
 576715
 620306
 225601
 574393
 200933
 646111
 783202
 741751
 446761
 800700
 370118
 267358
 385833
 724932
 193408
 16808
 453783
 742037
 290546
 370129
 624672
 116645
 923076
 558888
 856534
 331131
 619120
 85024
 23324
 511846
 205575
 722323
 829421
 371719
 69450
 458352
 901722
 51651
 201798
 902621
 239100
 122894
 367692
 800979
 477987
 740114
 97169
 191400
 650073
 6924
 484032
 346796
 202334
 78798
 537249
 780355
 329840
 939281
 194920
 17844
 155102
 153989
 724109
 497029
 799368
 266572
 393757
 627291
 783253
 109552
 55691
 218052
 805592
 338412
 210506
 705045
 160594
 923590
 500623
 663449
 666525
 278001
 805603
 908939
 351301
 357003
 576525
 704051
 142857
 366658
 703675
 10332
 749027
 292544
 14947
 303331
 676322
 780212
 994696
 10296
 20376
 773806
 474823
 989071
 49124
 388860
 177062
 523212
 291039
 96441
 253731
 695485
 74549
 451902
 592017
 562775
 472756
 287982
 39944
 611251
 273620
 384271
 350019
 225497
 593932
 960306
 142940
 633296
 315895
 897906
 611984
 676690
 174203
 32315
 813008
 541403
 435108
 755463
 305917
 191090
 926696
 299811
 115078
 777038
 435502
 314461
 965217
 221637
 134930
 1486
 617622
 110747
 635492
 193548
 577216
 277829
 349696
 986447
 767179
 988254
 924662
 133709
 596042
 138198
 398533
 963149
 476088
 17199
 888877
 133712
 256476
 665429
 698620
 49887
 579722
 857283
 514919
 78602
 293759
 271195
 339002
 86221
 441398
 835468
 854917
 442769
 112044
 150905
 557760
 279083
 753977
 777233
 931124
 920236
 971527
 649243
 403116
 221971
 558007
 313243
 564791
 5530
 5182
 793957
 998039
 898513
 114625
 844375
 603281
 84848
 240128
 95065
 291278
 798414
 57162
 542510
 444332
 717818
 705210
 55342
 809202
 283746
 59565
 806673
 327023
 598173
 558182
 203412
 665322
 798698
 401435
 654961
 381054
 233805
 285625
 712820
 814871
 289170
 808500
 285390
 94310
 645063
 588477
 96053
 108542
 907151
 640249
 425276
 754570
 843897
 402781
 462695
 71254
 842238
 92566
 768149
 235582
 613116
 516434
 862974
 869008
 349528
 897582
 355209
 34940
 567555
 491747
 930302
 444945
 729194
 451776
 508505
 897302
 350380
 972745
 855820
 891862
 302077
 898721
 829903
 23728
 992356
 909900
 228571
 130689
 523056
 47507
 204373
 359243
 15684
 287222
 894849
 0
 203814
 210345
 359592
 711554
 502114
 322328
 383656
 134438
 154258
 784937
 149230
 348086
 359366
 426349
 907666
 331179
 144994
 927923
 729527
 826815
 358714
 802778
 410655
 272630
 501450
 115222
 372569
 386666
 160807
 556632
 141977
 658469
 874293
 920754
 645894
 252022
 646421
 366939
 111680
 139089
 97201
 830437
 846334
 694561
 762036
 33525
 274570
 393730
 981333
 864253
 357718
 75384
 577533
 107946
 965230
 966661
 96529
 869858
 363605
 348309
 95909
 424558
 239821
 186497
 56489
 234476
 385842
 624594
 986686
 577733
 719237
 12432
 765765
 81300
 518005
 217208
 994766
 909295
 588321
 936936
 179601
 191207
 395163
 661733
 204498
 553097
 241498
 818054
 164645
 81969
 134292
 329514
 456672
 18793
 707213
 409240
 492644
 820541
 480199
 355534
 869511
 400000
 509735
 361805
 231355
 314422
 975153
 788090
 223051
 503281
 370345
 102815
 566709
 536017
 563409
 411601
 903394
 719673
 686805
 544300
 687946
 105066
 386308
 880092
 135295
 989795
 955947
 271798
 615577
 292312
 100217
 952426
 675823
 570038
 602713
 242481
 723572
 708101
 77962
 910229
 348497
 961172
 288420
 411702
 643359
 909863
 297249
 509965
 879847
 211278
 290564
 749211
 469717
 450913
 971822
 421332
 182615
 860455
 140365
 847259
 731312
 209112
 372086
 856293
 86419
 543824
 130542
 130069
 592562
 971789
 794601
 196198
 538367
 115821
 615384
 231212
 612508
 646605
 403818
 554580
 793953
 727517
 142275
 755673
 262325
 290224
 674793
 559471
 657128
 38661
 484980
 603962
 961193
 718321
 406451
 880751
 439003
 264029
 539741
 111959
 202942
 139614
 131229
 750950
 949936
 751196
 891566
 675390
 920743
 516129
 826143
 300061
 362850
 555370
 138830
 249247
 909566
 746543
 925923
 696445
 79365
 113373
 395538
 600753
 817087
 278375
 328922
 452465
 8165
 795169
 923076
 225863
 166301
 785581
 873622
 481804
 523133
 837184
 738571
 593747
 306079
 105806
 641025
 547980
 302038
 466199
 395807
 980327
 710147
 380690
 20597
 261336
 860845
 616030
 432985
 205638
 744412
 55271
 729346
 844459
 922966
 953913
 843819
 378613
 954725
 998845
 501083
 342272
 339998
 543959
 540487
 66587
 737239
 881654
 246375
 665130
 565705
 349508
 376165
 664922
 115281
 469146
 994252
 509654
 87034
 430497
 836989
 91626
 142505
 537648
 589584
 362913
 577526
 252898
 973290
 197415
 838565
 731764
 649350
 821051
 584514
 784599
 67878
 265928
 469039
 140337
 541473
 586164
 570185
 421959
 83212
 266666
 78549
 467250
 905423
 362219
 972190
 678362
 483357
 102056
 138127
 463615
 527943
 117381
 433046
 703446
 205339
 587566
 978432
 135642
 554259
 880816
 81250
 909623
 945318
 439604
 658851
 435687
 777133
 497797
 935010
 319842
 801908
 20876
 618493
 318364
 417869
 118711
 667685
 829424
 61125
 836391
 816453
 215157
 109654
 988916
 303110
 871184
 313303
 329539
 911619
 744868
 689758
 83128
 163638
 589276
 665869
 641331
 777233
 787930
 895626
 16463
 685956
 694733
 910520
 919265
 303199
 161055
 50953
 28380
 317789
 784223
 301392
 250057
 250216
 387169
 571026
 910854
 81680
 133285
 492845
 654289
 50186
 953890
 30736
 984798
 368055
 682100
 845916
 631320
 788742
 846974
 678315
 887717
 570421
 656290
 700739
 351562
 653773
 241340
 12965
 235174
 765122
 706049
 997112
 377485
 248194
 287841
 744027
 944167
 984978
 504493
 290257
 882212
 828459
 206278
 640100
 81758
 308224
 314231
 308721
 955331
 495815
 75234
 881931
 46502
 852662
 30749
 876251
 27487
 896622
 758858
 72733
 721962
 544509
 119235
 672003
 616144
 825204
 792437
 365476
 584629
 581707
 79031
 889117
 199838
 707507
 929687
 67879
 817427
 725569
 866061
 886147
 286798
 176401
 257062
 692817
 4678
 44634
 282225
 882651
 311111
 657109
 916318
 397462
 286036
 936845
 730760
 109136
 590195
 334525
 814612
 913821
 954462
 442531
 471951
 628363
 409159
 260211
 713567
 425234
 120536
 39759
 683728
 271880
 562987
 389610
 328925
 17672
 681648
 64830
 272138
 154145
 40000
 768472
 368139
 768840
 162459
 201701
 938666
 423011
 806651
 755316
 329254
 273886
 327450
 82883
 82124
 348282
 412514
 707189
 550584
 256881
 210309
 292500
 601074
 870545
 50071
 962694
 0
 612233
 104874
 475810
 648208
 259852
 768206
 152828
 442481
 570016
 81457
 653434
 809758
 929460
 718237
 232038
 952822
 825768
 139534
 519179
 445587
 495596
 72592
 99254
 253892
 770152
 168638
 415706
 474807
 377416
 400082
 235100
 751140
 75592
 784500
 38326
 266343
 804315
 783890
 693950
 829336
 982930
 303993
 294767
 733025
 855045
 770237
 665346
 155515
 177544
 553439
 726574
 527723
 53046
 871607
 205460
 110567
 927476
 200498
 567858
 280657
 670702
 128752
 108986
 625131
 992103
 135643
 660803
 727125
 419379
 476938
 33504
 369242
 193464
 18446
 787223
 347428
 308070
 437325
 622434
 940051
 529610
 256234
 595490
 531282
 568443
 699999
 598577
 616871
 278909
 240981
 600754
 32892
 162442
 396677
 101937
 398358
 432891
 152285
 290689
 726558
 760913
 566923
 75144
 574468
 905734
 491971
 126012
 802423
 772836
 435692
 383888
 178519
 483151
 394819
 547257
 668135
 381081
 294259
 715629
 535470
 273185
 873239
 917147
 439051
 386135
 927077
 654437
 81414
 90478
 198433
 647162
 639512
 404438
 900711
 172847
 132702
 599615
 44694
 276045
 24884
 413931
 405300
 667851
 907160
 687012
 906599
 682206
 905422
 789235
 117379
 234015
 198849
 661267
 578155
 896278
 844261
 226579
 813734
 797653
 145629
 407290
 74978
 228492
 572413
 83041
 674
 7224
 20541
 27223
 402755
 627359
 642369
 320126
 859490
 502482
 927601
 606898
 994449
 130277
 438228
 110062
 892206
 389266
 296610
 727127
 526240
 773167
 937386
 73401
 373368
 471870
 221786
 577287
 878681
 99956
 490221
 128854
 260773
 776779
 811652
 600167
 70467
 694313
 30575
 17301
 670403
 980759
 127649
 918736
 201155
 145956
 592023
 329550
 62411
 400452
 67714
 334597
 659273
 262099
 564885
 313531
 116573
 498395
 71485
 700335
 152638
 487840
 909011
 203161
 740908
 914836
 519999
 250491
 51491
 319586
 19950
 875816
 574203
 432610
 271442
 572412
 887096
 661411
 693536
 102125
 557234
 379675
 730656
 844475
 65852
 377180
 384028
 45765
 941124
 871593
 132268
 502284
 193638
 212629
 14705
 812972
 854409
 173241
 186100
 497342
 694068
 602434
 563458
 766726
 524730
 919090
 632543
 874354
 988898
 268860
 377862
 425883
 988910
 819046
 153846
 415672
 427881
 290657
 801567
 988568
 491687
 656468
 776686
 129576
 283139
 696304
 287288
 740728
 50602
 254223
 147925
 284037
 534255
 463346
 851684
 992568
 977865
 559036
 875505
 899083
 281516
 824034
 234405
 293542
 94758
 732639
 158140
 486641
 155903
 616069
 567685
 366304
 683709
 920459
 954354
 143324
 558823
 805725
 615111
 749184
 552260
 829708
 669195
 747177
 384164
 133221
 596708
 457220
 329814
 497296
 534129
 358090
 393587
 284681
 768789
 183242
 365113
 947019
 892626
 202849
 62991
 96809
 267189
 139837
 952731
 641573
 226016
 967007
 798579
 863122
 888061
 782945
 651023
 787330
 709734
 245121
 515812
 294695
 401145
 217759
 748289
 758435
 541043
 739249
 381576
 129777
 208120
 781664
 239058
 846473
 84772
 355153
 754266
 666330
 982461
 796079
 88037
 879432
 515157
 991869
 538153
 953778
 467185
 747882
 231260
 126368
 654773
 219108
 960342
 917537
 391900
 802409
 714426
 573677
 682793
 607780
 216211
 145853
 727613
 765577
 380786
 908860
 281184
 621244
 653149
 690681
 598007
 587164
 54228
 264085
 868321
 930455
 982796
 630769
 460128
 17139
 157169
 932965
 790957
 890031
 163397
 466318
 993839
 538000
 290605
 866149
 712183
 909788
 456596
 181637
 642068
 940832
 3361
 738077
 562433
 75931
 836928
 124497
 952820
 952798
 950713
 362925
 541349
 341275
 528417
 710471
 605047
 930456
 432313
 39414
 338360
 491548
 320454
 92414
 336821
 359670
 485938
 962552
 138695
 799689
 3049
 95563
 571576
 597826
 14946
 549066
 399148
 935590
 777351
 705890
 498597
 725593
 438444
 241009
 11903
 854588
 773806
 593989
 78417
 609467
 590073
 86868
 262161
 527477
 194392
 902521
 400299
 671124
 83416
 358885
 605301
 214367
 762764
 922186
 348727
 688917
 97966
 5119
 390248
 570304
 199792
 390968
 958418
 843390
 629423
 483214
 451416
 193457
 181030
 362016
 362054
 380661
 1787
 200512
 566096
 583442
 918918
 130890
 280346
 312083
 924829
 445343
 570826
 901525
 230324
 534400
 32038
 385081
 712853
 602385
 445038
 240805
 710435
 271899
 71967
 243151
 981908
 857534
 271823
 392994
 875219
 104846
 966401
 199032
 225383
 416261
 607361
 6480
 492217
 304373
 976470
 608627
 85186
 782688
 555945
 143430
 422068
 844621
 58061
 801062
 115571
 271544
 616359
 831954
 980522
 475862
 943061
 557778
 784846
 6553
 316306
 875402
 877238
 936746
 923827
 343637
 789687
 263677
 374575
 676868
 598195
 607938
 50358
 481561
 90845
 15114
 432887
 193548
 312537
 354921
 426691
 215371
 764193
 820955
 472380
 163419
 409300
 386050
 605405
 46578
 186979
 731561
 258826
 806264
 66173
 301160
 340465
 581121
 264578
 770801
 69832
 632043
 191350
 182003
 948447
 305147
 26316
 308569
 474975
 521520
 609302
 250648
 177650
 818244
 175387
 141247
 392382
 904387
 618590
 633784
 813022
 106940
 333299
 462981
 297944
 981531
 455105
 849743
 347953
 996902
 145659
 216811
 374444
 398674
 698412
 246934
 555756
 253939
 685724
 42028
 753458
 487323
 405720
 732064
 18278
 79451
 301893
 891580
 964628
 698236
 710892
 963936
 825362
 111247
 943137
 88687
 311196
 924512
 790440
 539505
 181170
 469473
 24383
 993185
 403811
 967654
 478068
 653452
 626011
 308184
 344180
 725058
 764426
 256422
 20232
 403361
 286584
 852621
 942285
 158494
 261404
 989015
 280184
 30793
 654432
 157238
 45812
 731687
 144938
 555805
 387926
 32167
 894817
 427374
 132184
 36213
 308417
 600364
 972241
 32786
 624775
 638061
 978076
 401851
 600000
 167161
 602886
 764913
 261591
 428500
 757480
 119446
 671646
 695781
 854209
 383926
 985439
 724697
 598761
 262655
 898236
 152780
 742281
 467246
 220127
 516062
 677997
 781778
 743525
 44957
 361329
 505648
 57180
 764367
 57451
 928781
 251963
 29439
 754045
 475850
 817326
 54702
 470750
 133488
 665112
 268323
 936485
 400000
 384949
 791798
 522464
 999197
 154185
 19701
 576522
 602006
 746027
 971272
 786000
 508597
 933196
 542946
 257488
 175801
 732724
 895851
 725788
 931034
 852293
 853039
 816924
 730119
 163031
 72451
 364848
 14861
 640527
 313096
 359604
 283881
 732217
 872949
 42183
 597654
 270336
 288278
 804143
 807194
 745815
 356904
 402080
 533905
 128491
 630099
 288029
 425494
 335990
 842165
 963593
 764612
 348021
 60229
 851966
 871803
 178581
 421147
 649999
 283225
 910420
 203431
 642465
 953228
 263166
 252584
 711507
 846686
 388005
 194015
 260567
 617184
 448545
 286132
 768069
 863183
 651385
 913227
 756264
 699012
 468929
 366417
 115219
 501440
 526761
 196939
 787295
 192193
 941512
 637637
 136829
 565592
 771580
 942598
 376184
 983693
 489649
 152987
 653429
 904186
 458863
 183599
 711147
 71356
 244810
 5325
 978465
 519422
 778980
 86519
 268733
 36047
 502901
 491681
 3615
 958090
 602978
 112714
 89363
 150672
 313178
 29336
 937607
 795386
 39068
 45827
 133535
 171610
 697242
 254796
 28989
 333964
 456431
 926652
 995536
 141510
 846357
 820354
 385746
 51888
 968756
 845024
 797060
 666666
 907186
 741288
 105214
 877750
 840452
 415584
 246863
 982746
 667722
 190884
 4298
 976064
 877013
 93508
 568765
 168477
 222037
 673666
 53823
 550025
 536212
 506817
 976092
 857535
 655960
 829499
 110974
 352623
 923181
 327965
 31746
 683624
 952588
 472895
 720948
 997261
 969162
 630469
 632927
 858111
 675465
 558891
 938329
 336774
 489069
 683068
 971319
 479889
 295058
 552930
 791946
 568474
 69700
 547899
 664054
 403505
 149712
 110183
 997946
 7942
 569093
 926618
 409853
 807992
 456044
 732232
 77265
 535065
 581183
 135145
 320547
 253585
 254529
 410510
 645390
 266705
 246775
 40697
 603011
 676831
 348052
 420106
 847375
 454869
 703766
 592618
 403560
 625359
 715377
 183343
 903123
 541921
 138908
 384030
 438775
 427647
 599952
 295175
 316064
 305288
 535510
 100168
 197425
 596685
 889245
 322492
 95970
 935957
 305261
 272574
 917639
 387017
 320452
 640270
 647842
 957575
 834550
 55170
 829440
 176568
 136109
 777963
 1021
 876841
 704526
 747622
 283678
 160364
 361811
 337985
 246220
 711643
 822786
 891716
 49037
 865465
 201741
 949540
 228207
 970165
 94866
 343743
 346130
 236577
 944886
 830937
 690971
 898535
 137182
 332256
 615959
 574577
 370716
 480096
 940074
 194831
 715596
 881593
 552601
 153507
 671506
 850730
 860532
 495185
 54196
 205603
 398142
 251991
 843404
 962497
 796070
 380550
 542778
 374095
 11382
 275566
 326843
 117265
 853935
 564245
 438438
 451641
 30022
 960736
 358925
 208728
 392265
 459720
 894973
 189123
 202448
 929313
 588197
 285947
 41498
 658135
 998485
 364173
 230378
 220233
 712687
 125134
 80663
 613449
 5047
 869281
 721240
 994337
 921617
 777397
 880944
 729747
 851443
 111016
 526779
 136498
 730731
 698630
 802904
 134836
 456909
 735929
 657704
 595170
 404189
 395997
 507659
 687212
 721171
 447345
 743839
 597497
 475336
 783227
 937354
 10071
 967297
 315704
 158992
 807435
 889985
 600197
 382602
 178215
 309608
 347799
 391124
 67285
 905737
 882548
 866814
 362808
 395604
 801986
 224928
 962716
 904579
 265536
 712700
 759426
 843236
 168739
 695484
 462897
 556752
 619331
 439993
 919054
 894992
 647058
 882961
 977424
 623435
 825286
 581486
 560928
 440578
 407159
 407287
 301447
 262896
 668010
 38252
 421424
 695101
 528167
 253213
 588897
 744880
 17125
 12045
 837554
 851342
 625916
 191765
 839313
 212387
 322222
 179487
 771212
 227974
 428086
 558197
 630847
 920545
 172774
 114340
 341381
 436611
 458070
 823116
 301526
 756792
 549956
 19289
 306122
 170023
 183959
 867809
 437246
 582126
 122753
 471502
 769313
 390169
 305565
 473564
 479021
 742562
 151999
 424704
 210848
 807646
 65179
 682428
 996332
 892665
 422502
 59690
 512756
 231790
 648648
 597418
 608653
 582125
 961007
 755830
 520930
 475524
 497593
 462948
 379946
 215970
 331678
 552958
 446348
 170210
 346477
 925611
 625889
 795221
 761836
 973069
 590401
 612465
 642066
 617737
 580454
 870830
 641592
 967928
 936976
 417216
 809382
 109907
 647357
 722253
 180142
 68279
 958901
 875389
 371100
 642968
 838946
 852293
 516409
 745646
 71360
 852492
 227988
 744283
 331776
 251493
 572989
 256436
 611072
 521165
 885372
 273075
 607272
 212321
 297341
 451197
 700114
 852420
 361897
 774549
 399887
 242823
 63847
 154846
 248362
 167855
 947633
 777434
 741347
 258255
 734899
 889923
 64460
 465692
 532256
 62477
 728449
 222957
 503348
 733238
 137483
 186202
 969979
 752651
 941000
 166849
 333333
 708815
 817172
 874180
 893693
 332252
 328995
 310018
 946915
 507323
 312121
 112715
 842525
 16976
 551140
 121738
 8733
 617984
 615647
 231366
 729832
 159988
 586426
 455243
 153429
 948108
 236893
 710144
 518107
 422573
 805180
 143610
 925754
 726885
 139475
 38535
 242935
 977518
 194356
 741312
 821014
 480299
 906602
 797703
 16929
 4661
 227934
 70433
 642165
 221212
 932639
 464132
 408091
 842456
 820094
 185422
 438983
 558572
 295255
 9795
 663084
 631336
 907697
 846065
 614104
 961710
 769559
 957158
 51716
 285016
 687296
 506620
 388768
 179388
 377981
 769322
 897149
 363636
 213692
 694337
 26868
 559950
 103600
 414950
 605501
 820692
 741741
 201081
 306943
 10371
 358345
 383227
 473452
 43209
 684014
 607407
 690559
 16736
 601941
 839478
 369418
 506273
 154957
 581033
 678956
 979873
 648975
 606089
 494491
 873808
 197653
 411880
 627321
 192525
 690079
 95866
 844005
 550445
 899088
 828342
 352737
 552377
 930909
 276070
 886128
 294117
 405434
 499500
 706541
 4868
 870311
 53622
 87719
 328806
 797132
 154851
 182810
 833273
 212459
 456148
 959117
 708112
 390492
 942136
 786745
 137310
 471510
 578151
 961013
 984218
 272653
 625999
 837738
 0
 289947
 767718
 342659
 972130
 522367
 831969
 869252
 314913
 16884
 841649
 405940
 373501
 569369
 811609
 877887
 245849
 123996
 166252
 92860
 742857
 550559
 53628
 723125
 856363
 673200
 673369
 922068
 507874
 43620
 171789
 924309
 182633
 119227
 249018
 563636
 492948
 986545
 225752
 882668
 578919
 483154
 487093
 458862
 398908
 300653
 209580
 27579
 503634
 186391
 2699
 964728
 623554
 166275
 85630
 717870
 211187
 980395
 659353
 717339
 181691
 936646
 891145
 463668
 447123
 543495
 966942
 991950
 562775
 757466
 737359
 959363
 437742
 526315
 596384
 919557
 47562
 481031
 938388
 522549
 210964
 676131
 48922
 947793
 972235
 682899
 685412
 783014
 342001
 449676
 844644
 254866
 544288
 129138
 47092
 715642
 478875
 127893
 143894
 796938
 600120
 932877
 920586
 979818
 608831
 725911
 826603
 885800
 497210
 0
 709508
 496128
 227544
 873716
 141961
 588842
 210046
 398705
 725222
 268069
 44902
 880410
 26488
 330418
 495867
 900000
 756226
 991370
 230698
 36838
 494830
 388810
 253625
 760172
 291428
 149853
 462637
 31549
 806312
 946979
 341804
 523203
 613034
 828618
 492002
 730256
 612590
 845934
 693215
 148755
 86469
 722344
 206145
 809050
 451133
 56903
 262116
 874985
 783032
 847948
 252001
 771997
 732665
 3506
 216615
 798084
 987714
 531687
 606585
 608514
 757300
 423238
 822516
 895865
 979481
 895830
 432444
 722860
 461024
 96783
 155670
 574396
 935710
 201699
 443840
 235697
 273779
 150947
 593469
 430403
 83608
 427339
 669902
 821627
 493435
 412149
 22154
 866052
 964824
 246418
 323771
 938590
 926860
 532938
 686317
 500541
 137734
 704154
 933062
 88609
 319999
 971041
 38910
 337562
 142175
 530542
 628322
 591735
 500548
 775717
 63531
 32976
 28979
 595878
 551072
 638514
 761287
 578810
 991573
 823364
 979975
 64336
 577522
 739392
 18961
 460469
 441106
 798165
 557913
 163165
 532928
 354937
 898106
 789660
 296450
 186753
 537294
 143972
 885555
 859347
 327499
 25678
 194029
 786381
 290111
 352740
 587250
 292377
 542931
 225324
 987532
 322834
 618252
 32258
 812611
 473997
 664335
 682654
 165612
 996563
 452784
 197452
 882938
 562485
 91320
 15232
 711202
 94506
 464864
 398937
 864897
 979069
 491620
 726172
 65038
 672336
 53128
 563192
 988319
 108777
 745687
 18831
 379773
 555555
 97721
 325191
 100250
 550476
 147
 146618
 303181
 946065
 57831
 378291
 460399
 707134
 47637
 962193
 703468
 387539
 798060
 367287
 583557
 877864
 576645
 145077
 687767
 24630
 720547
 580707
 598729
 634707
 929146
 591198
 286188
 91676
 509094
 283317
 818086
 375015
 129554
 932396
 955806
 649614
 89303
 170813
 790332
 53475
 776544
 698752
 702465
 679312
 187594
 934169
 98466
 526392
 75451
 249767
 170859
 229618
 825130
 351897
 17877
 219845
 374513
 845113
 31160
 162611
 520548
 952179
 150371
 82828
 255598
 653667
 264208
 709945
 497490
 474185
 324203
 137651
 911338
 445401
 550881
 224887
 846296
 590577
 933381
 247791
 188724
 176361
 123716
 538461
 232269
 711074
 279182
 753900
 388667
 410225
 214787
 673715
 996389
 417964
 794473
 752129
 48396
 226695
 933018
 899553
 416037
 860014
 17467
 755042
 609714
 8590
 85869
 396077
 6304
 53112
 148699
 638749
 655766
 720930
 172802
 136962
 28650
 658953
 744376
 52034
 815394
 716073
 954467
 981476
 118335
 906870
 135406
 140699
 273548
 165862
 504305
 540438
 231255
 239292
 539857
 29301
 338461
 818114
 906432
 145690
 959305
 215040
 669973
 208667
 619845
 745557
 331077
 284614
 834170
 31558
 335987
 436949
 849437
 177215
 623195
 441408
 947274
 12594
 815998
 214581
 597771
 431990
 908621
 675740
 368912
 410999
 530135
 359887
 291009
 692768
 711902
 496321
 248627
 478178
 70179
 754407
 172572
 700799
 132420
 501328
 18779
 58255
 397183
 368520
 139824
 44334
 503401
 891362
 737004
 36150
 504312
 193267
 287280
 533392
 692094
 730049
 311957
 185280
 233256
 239840
 676390
 339368
 604923
 864412
 308323
 552591
 822512
 336587
 382691
 681183
 804220
 184386
 750741
 936231
 117936
 787918
 276156
 569620
 351245
 716666
 68734
 677629
 833922
 949666
 868367
 34414
 188518
 297821
 239460
 181727
 871430
 385364
 587918
 976744
 452583
 766011
 542064
 248316
 95011
 406734
 79780
 64781
 718716
 877456
 397636
 958215
 555750
 222994
 281711
 359376
 554448
 295479
 611399
 615300
 813589
 771272
 248002
 534916
 367475
 310267
 565211
 763913
 693729
 370257
 857656
 590710
 559369
 688047
 461811
 14893
 981684
 264325
 871872
 391356
 462726
 801382
 963167
 581613
 656426
 935314
 476452
 112701
 442585
 289708
 572825
 735037
 106082
 134817
 906346
 575317
 618842
 554839
 81098
 622501
 955473
 292490
 685555
 953746
 171506
 732689
 385953
 370273
 588265
 87584
 516062
 737748
 247908
 216414
 338787
 18360
 893920
 748899
 75593
 718336
 430733
 722962
 601689
 192092
 439724
 840622
 532233
 461097
 646648
 315129
 304648
 823439
 448979
 706087
 290369
 866451
 778189
 35249
 911439
 409934
 916839
 442206
 191185
 350163
 53243
 311660
 822155
 454866
 779709
 919999
 449831
 928275
 507412
 104679
 578585
 187560
 758821
 480590
 475700
 437429
 79120
 967594
 705281
 165836
 330678
 736205
 867019
 434488
 579477
 672035
 99533
 232393
 549450
 443449
 169304
 875324
 993646
 374027
 874004
 540957
 710034
 914916
 284769
 358749
 457760
 912663
 994877
 786013
 794513
 523970
 306289
 150803
 197364
 203612
 565340
 60302
 946485
 369258
 193219
 346982
 837683
 278508
 339178
 742326
 506269
 682335
 542487
 763912
 770527
 92827
 491539
 816159
 827739
 537704
 177903
 718527
 724093
 326241
 184019
 490030
 521508
 990004
 666024
 770767
 639004
 131237
 592445
 914353
 803082
 966974
 166680
 984236
 610423
 388259
 205259
 650684
 498636
 441899
 244956
 419292
 133075
 751217
 295918
 966075
 760571
 680057
 623501
 228930
 972823
 171215
 671146
 781659
 724359
 975103
 770828
 265826
 524618
 63044
 709426
 278417
 653747
 314931
 773810
 955856
 580898
 678178
 823299
 464797
 652756
 188472
 626355
 452873
 144491
 450305
 901348
 834681
 972860
 736359
 403504
 794000
 161780
 994308
 704073
 664175
 584291
 726889
 281899
 871184
 977373
 470452
 811529
 642228
 285340
 79531
 180325
 185962
 968826
 214534
 0
 602206
 908193
 668732
 905267
 594392
 777644
 404255
 587139
 69508
 393708
 711247
 401986
 170960
 315789
 591562
 433094
 266930
 417198
 355446
 177576
 489707
 959590
 329002
 707701
 344827
 106184
 271668
 703609
 987984
 0
 230747
 963191
 272121
 668124
 648293
 778078
 110526
 363155
 556438
 165662
 6051
 340747
 998025
 874409
 553229
 152804
 200000
 185600
 467126
 39096
 540915
 732811
 341868
 952893
 995233
 883899
 211376
 981315
 915234
 163554
 728817
 991116
 959569
 649760
 356617
 26290
 25243
 848101
 190006
 514293
 352237
 352549
 901044
 332241
 999097
 74098
 467947
 723315
 479136
 909365
 857231
 707013
 435267
 146693
 212637
 148782
 320471
 562131
 908724
 432246
 312678
 419188
 57433
 148730
 682242
 955444
 737844
 595566
 540083
 229202
 581839
 553926
 758118
 693623
 555199
 646176
 968144
 294324
 38351
 958031
 934806
 424653
 207840
 128301
 477646
 222769
 458295
 764073
 987235
 752574
 832446
 963293
 746861
 431508
 672970
 724669
 671991
 252917
 651527
 235751
 737263
 146901
 734494
 335294
 829466
 998539
 535508
 850949
 398037
 686524
 893274
 971960
 749905
 477103
 664946
 597224
 821544
 491438
 782264
 903611
 28538
 982698
 643913
 92336
 332044
 879803
 681805
 491902
 91107
 126869
 558721
 368213
 950782
 688708
 824490
 4039
 965138
 23025
 511767
 274589
 742776
 249299
 516719
 643771
 778436
 696684
 475920
 807498
 529583
 999051
 674848
 512665
 768485
 805340
 582682
 20225
 924826
 636554
 613875
 829858
 412915
 304614
 301666
 599914
 360509
 202229
 679863
 849696
 805523
 595560
 628904
 50580
 785676
 407547
 481497
 975729
 614976
 724405
 584938
 428245
 996254
 715244
 504885
 438465
 364272
 405456
 842353
 285233
 335176
 137139
 442838
 915022
 276622
 239897
 321952
 216350
 614349
 691104
 856661
 893932
 582268
 645668
 362308
 160537
 203935
 873914
 271062
 993222
 295368
 785046
 104440
 668061
 807323
 541436
 44432
 852993
 21100
 913621
 523770
 419652
 595269
 420060
 700586
 116792
 226122
 945862
 663046
 12333
 821917
 697024
 498094
 948006
 106719
 317388
 270666
 5570
 241379
 202690
 327266
 55468
 871152
 477673
 184283
 956956
 56068
 102701
 185903
 893316
 265320
 580390
 338324
 946069
 117397
 341640
 49015
 150229
 226644
 275862
 341305
 596127
 730847
 82057
 725417
 170278
 18570
 145328
 491431
 51612
 657702
 929916
 928571
 820171
 10303
 742352
 268013
 457752
 296464
 166021
 311475
 769357
 440442
 916784
 103576
 465589
 872765
 725225
 452343
 788918
 43090
 806451
 221458
 253667
 683323
 484198
 623968
 986843
 743847
 535098
 866311
 380457
 861546
 826793
 788793
 942273
 558285
 83378
 919999
 503410
 494541
 194684
 900972
 343955
 761022
 554307
 404601
 664151
 402934
 381054
 57804
 196059
 214348
 133251
 385460
 132102
 496508
 672905
 981301
 44620
 57050
 690998
 230152
 222200
 154338
 572740
 813953
 390603
 706436
 109331
 235155
 648742
 986180
 387846
 16985
 945376
 25649
 613569
 747434
 790544
 718538
 344716
 498578
 353128
 219948
 12762
 511020
 368991
 155700
 186769
 311770
 552313
 637290
 782739
 338804
 26360
 619308
 326193
 998790
 138323
 278203
 372531
 696446
 316465
 753737
 425272
 40672
 90751
 526271
 917548
 634457
 712107
 561247
 132313
 788269
 653908
 329177
 129185
 490249
 171398
 548611
 954776
 932384
 136937
 629039
 299481
 121145
 20781
 751897
 815520
 181119
 958584
 296360
 666543
 497249
 622911
 195885
 291673
 741637
 264667
 533585
 271785
 472103
 621579
 561541
 536820
 53775
 592954
 249049
 88096
 664839
 424873
 27332
 478497
 782108
 863599
 402999
 696611
 358843
 191167
 658682
 125647
 378930
 244361
 449486
 858298
 631730
 552011
 202866
 964446
 657712
 933609
 698216
 780757
 246246
 208887
 439859
 14831
 14519
 56262
 744872
 132295
 468942
 46186
 911010
 894322
 890306
 170579
 247229
 773504
 19039
 665967
 905074
 700325
 213360
 185690
 777920
 551078
 833718
 363148
 443491
 658447
 232864
 886419
 629616
 706766
 811110
 446616
 761595
 297906
 395889
 225887
 326773
 394136
 408958
 427053
 639322
 807202
 325640
 821346
 738505
 895490
 162822
 201690
 185868
 486311
 873238
 594074
 35338
 73414
 339664
 221746
 741320
 732370
 182606
 32941
 602527
 591267
 720978
 588800
 296106
 515024
 692722
 690342
 753857
 348417
 76088
 498942
 9043
 794251
 970570
 890639
 368228
 614980
 762563
 623295
 408852
 448793
 74709
 270270
 623080
 291924
 276897
 591160
 108312
 65435
 730962
 598714
 268602
 880983
 468653
 316455
 842517
 521351
 524513
 744310
 557560
 865315
 87241
 634912
 749178
 870598
 870466
 296634
 360570
 988091
 672247
 521911
 727229
 587637
 430680
 81793
 902693
 865240
 376228
 494766
 602060
 662734
 233127
 355873
 459016
 247359
 930050
 124541
 2236
 138627
 990482
 149596
 18111
 211792
 235059
 744680
 208565
 516889
 765607
 821678
 475247
 489589
 44532
 222846
 163832
 515822
 808827
 673807
 728832
 632904
 521714
 717863
 204704
 797548
 52606
 734806
 72092
 966429
 566265
 695202
 71497
 556152
 912311
 678577
 860179
 287083
 666495
 162653
 173481
 414540
 363334
 720261
 363687
 173675
 695529
 771586
 366560
 28306
 751592
 63414
 113679
 221652
 870492
 949739
 468127
 958447
 38637
 509164
 432212
 301907
 640998
 944944
 275121
 211710
 624184
 429365
 873316
 896049
 768022
 747988
 681397
 517464
 912070
 58754
 51335
 427686
 164704
 119808
 731077
 802386
 565189
 464036
 438601
 60711
 631712
 14778
 235125
 109937
 847590
 216748
 439442
 505825
 715665
 931250
 13580
 94177
 750196
 50293
 305743
 113043
 363574
 621935
 955504
 168888
 312272
 664477
 590049
 318126
 15642
 685920
 915138
 742493
 789655
 22420
 242616
 481994
 502000
 685310
 446990
 211409
 82445
 203473
 411632
 461142
 453478
 599502
 220625
 461995
 847390
 705741
 867117
 737486
 249003
 165328
 909929
 4303
 775780
 360654
 139011
 163106
 964883
 658305
 503616
 248208
 328647
 314754
 317698
 561776
 435070
 127865
 877956
 561296
 642991
 522114
 540733
 416949
 941528
 920585
 640996
 796598
 709732
 708870
 199037
 280805
 575757
 217114
 218150
 322962
 776084
 374187
 534754
 863087
 862191
 464282
 678455
 250117
 43277
 529174
 740284
 429695
 707225
 731233
 864739
 26926
 314901
 409008
 693228
 545419
 655398
 400372
 334845
 865946
 327054
 858913
 222970
 146832
 863267
 185990
 520107
 651936
 404230
 317487
 986778
 878599
 148305
 956806
 626967
 828227
 383190
 791421
 654449
 889542
 468981
 813080
 742470
 499705
 122819
 348797
 492915
 740212
 476392
 446406
 262910
 751645
 491980
 685863
 272117
 815457
 577970
 208213
 255962
 386958
 280193
 38461
 314019
 799565
 446185
 843887
 528771
 861390
 15317
 422654
 754758
 571155
 436
 151044
 642768
 905614
 387976
 674960
 180069
 752410
 171286
 348039
 272493
 260651
 437201
 625791
 658697
 379227
 281262
 78260
 900444
 292593
 696605
 20015
 944914
 353457
 292205
 954744
 393238
 823907
 679000
 974168
 484716
 796445
 249543
 269735
 63552
 678986
 891652
 4615
 70611
 576228
 417256
 552503
 463760
 35899
 355669
 851851
 941400
 308010
 163295
 88352
 610909
 107378
 539142
 673107
 155331
 891154
 49568
 836530
 516516
 772435
 410358
 25350
 403858
 560552
 845070
 92300
 336374
 326640
 566730
 668814
 150068
 407895
 25915
 784215
 814549
 974752
 867955
 346938
 989357
 827066
 506059
 286040
 44014
 886918
 915371
 912200
 857244
 515111
 338450
 224210
 329911
 365630
 771300
 706457
 133081
 137238
 801024
 312630
 552242
 552294
 579881
 976820
 987708
 713953
 310854
 197616
 2598
 341604
 680532
 961450
 69390
 912952
 230125
 886100
 312403
 40207
 418365
 590727
 619223
 983050
 148114
 835087
 722820
 214518
 713275
 739191
 368937
 961504
 295689
 733065
 603526
 378123
 660077
 559955
 189707
 166763
 871133
 692635
 238421
 901424
 210089
 264087
 542008
 882538
 952622
 219290
 290600
 679691
 385679
 551297
 543361
 670505
 128277
 139455
 669750
 359580
 432057
 70712
 82021
 335547
 439755
 632343
 973530
 577604
 511751
 641813
 302437
 365987
 687780
 875834
 232355
 150176
 556122
 98118
 277931
 693145
 204493
 816360
 450967
 899254
 137416
 38430
 984438
 873407
 306760
 27202
 468717
 791715
 192424
 288926
 317627
 4438
 788181
 225806
 970592
 625235
 832057
 54975
 889578
 331437
 72805
 808126
 966887
 908734
 1847
 822120
 765746
 846739
 911455
 783510
 708896
 223382
 340750
 287768
 863540
 648843
 714946
 942535
 339306
 408283
 119448
 768240
 17751
 561178
 545290
 198869
 449059
 1502
 909745
 357952
 24381
 492592
 395809
 451304
 37940
 374375
 956633
 930690
 713051
 814814
 496595
 342786
 187165
 639082
 980797
 177656
 544401
 849899
 790654
 98013
 529066
 575811
 272827
 416284
 667748
 777777
 20000
 460352
 352744
 13881
 703079
 681942
 439577
 279715
 553426
 224205
 817421
 880723
 26209
 962035
 696007
 78276
 876102
 274112
 940921
 440287
 392156
 572788
 153180
 532979
 196825
 86836
 473808
 478426
 178521
 748814
 951573
 742759
 973783
 905753
 82330
 154753
 752380
 788852
 532872
 23129
 200179
 958328
 536856
 664584
 126136
 382989
 360469
 989897
 577023
 157318
 123701
 847709
 570238
 666202
 580331
 396542
 936757
 122112
 487238
 9870
 149959
 108789
 720560
 124418
 357677
 728201
 860663
 107023
 658054
 584829
 206525
 484181
 277196
 292034
 980745
 140590
 109502
 173581
 939547
 286761
 165618
 521133
 366215
 992443
 251793
 777212
 767008
 484822
 405315
 126307
 201926
 179713
 281225
 79384
 650761
 302368
 873842
 459236
 166593
 793110
 625978
 729049
 841059
 116224
 374015
 967620
 696024
 675414
 907407
 248196
 308491
 724458
 319265
 513038
 593077
 461928
 905494
 829711
 695880
 500585
 785071
 106859
 251044
 334882
 326959
 691314
 757474
 779469
 311284
 50309
 948410
 619094
 270233
 349367
 950265
 453828
 484837
 647842
 785234
 420423
 221143
 505343
 270160
 484179
 370509
 505579
 798604
 65184
 953586
 67982
 960159
 825449
 89070
 51580
 78758
 896935
 609972
 637858
 776536
 210504
 913733
 766134
 109467
 683864
 624869
 37538
 152405
 5583
 172240
 667008
 263974
 295251
 98692
 923672
 106552
 253774
 628248
 569922
 298119
 368084
 378678
 455768
 652567
 950773
 187239
 573143
 415520
 34147
 91286
 341084
 706386
 657312
 323180
 237479
 304961
 408277
 760580
 463929
 870501
 724210
 678275
 203258
 842105
 549144
 735071
 764676
 119231
 997248
 269864
 581658
 801601
 489228
 270499
 5567
 139747
 419988
 750732
 429580
 754023
 968932
 409867
 128566
 499723
 141538
 387554
 314080
 484808
 958866
 275025
 329921
 620285
 143286
 242131
 113337
 684854
 173553
 762717
 469369
 656374
 341610
 88381
 794227
 693648
 804584
 209263
 667313
 3328
 123273
 847457
 288346
 358487
 651892
 443528
 176019
 155366
 129032
 312641
 62848
 710105
 344406
 691749
 582504
 385688
 23236
 466783
 823087
 729994
 774495
 907877
 536679
 384355
 718719
 298505
 420640
 931634
 920902
 823899
 5524
 970368
 672228
 367173
 280230
 384479
 558434
 449460
 113999
 486155
 482905
 741533
 950725
 568747
 323491
 452322
 217277
 689339
 628428
 828988
 142730
 666289
 339893
 511098
 867120
 756432
 778788
 280007
 189898
 803359
 786257
 232643
 891768
 516567
 161080
 427076
 234947
 924763
 846829
 767797
 621370
 551023
 956944
 714285
 790988
 771186
 768292
 445489
 319571
 322305
 841379
 506437
 230173
 115140
 307901
 337152
 463780
 68349
 149012
 430069
 279320
 858615
 975234
 820132
 936639
 843832
 637602
 690037
 868708
 314795
 325084
 208044
 794952
 64220
 25151
 649859
 871808
 264847
 328455
 40943
 819383
 500000
 176903
 545536
 451191
 963998
 44514
 820276
 402782
 617073
 980153
 85210
 731685
 293305
 693822
 997266
 762643
 507687
 465041
 799999
 670329
 379649
 212088
 404377
 14659
 622305
 506773
 589873
 853164
 476469
 647210
 867633
 347190
 147008
 874822
 257387
 350300
 413223
 657482
 552253
 500424
 735294
 444379
 410687
 571115
 556728
 558062
 149797
 664872
 995260
 195097
 772752
 886070
 423599
 976869
 460109
 522917
 313043
 474825
 120145
 740804
 673918
 859348
 373471
 736758
 525202
 126728
 94363
 237275
 159229
 968851
 694814
 874846
 384802
 228993
 577092
 116022
 691297
 85923
 340515
 232656
 640206
 353281
 123134
 609491
 1839
 56483
 507309
 984500
 30955
 234005
 529510
 853708
 666343
 956192
 109695
 754616
 404870
 430958
 892664
 520488
 552197
 538051
 298431
 764976
 594804
 125896
 830323
 923408
 969796
 49740
 726512
 162125
 991762
 723553
 224553
 218001
 307246
 342779
 624020
 607978
 530218
 504553
 542857
 119857
 928850
 342968
 650636
 648431
 382922
 658700
 337269
 872849
 627858
 866050
 349555
 562544
 563115
 415564
 516932
 376170
 294458
 662164
 534861
 672721
 135294
 603089
 483329
 133361
 320779
 677324
 356210
 231263
 437788
 265522
 558730
 956716
 27466
 932289
 841678
 799460
 134758
 700514
 41809
 791208
 175366
 382077
 148618
 431279
 279871
 834051
 418494
 897083
 132975
 554349
 881417
 674237
 998916
 21138
 456588
 877319
 947700
 784198
 246635
 559999
 500565
 604725
 771127
 445064
 539896
 566290
 346081
 354460
 12864
 745631
 684210
 149825
 378953
 855421
 937911
 589612
 383547
 308341
 621565
 177949
 490292
 555244
 800413
 954033
 648838
 501211
 744287
 806039
 848633
 312885
 277078
 283083
 617673
 353469
 128046
 847415
 858386
 967750
 866436
 365713
 433732
 587779
 577933
 301175
 260190
 995167
 62384
 614259
 16438
 562231
 741956
 598820
 718764
 955585
 363061
 593984
 873762
 332814
 400325
 426822
 232627
 701822
 834474
 24704
 377445
 205504
 864451
 602911
 814807
 811048
 958862
 437835
 117512
 646393
 538707
 50817
 730094
 846792
 883067
 254301
 135164
 480391
 213296
 168872
 878351
 720529
 196670
 831325
 447653
 747642
 664306
 756030
 175136
 986949
 447098
 963206
 241815
 307650
 591903
 156206
 767241
 719732
 757426
 447554
 908008
 370967
 865828
 338811
 771401
 544113
 61555
 813909
 731367
 436115
 386121
 247644
 184757
 282483
 224231
 49571
 532478
 64343
 826024
 990606
 38296
 634620
 826958
 98901
 669861
 357888
 882770
 776558
 105985
 217506
 645716
 286901
 860934
 406264
 997244
 816333
 410696
 513356
 817674
 833309
 773803
 46350
 621341
 235449
 162601
 584621
 27917
 905167
 836888
 211126
 85231
 95365
 271276
 577068
 30560
 606706
 136204
 912313
 82802
 4486
 503813
 362343
 989957
 869036
 42972
 988273
 146523
 439168
 192448
 855126
 982785
 629493
 259726
 433637
 693342
 951406
 743728
 58823
 830632
 17103
 709199
 53304
 707512
 355962
 550304
 752663
 8384
 343728
 456995
 977933
 137714
 303516
 130885
 746561
 482539
 306327
 342432
 445820
 100576
 289396
 128205
 151553
 591159
 488622
 497620
 654705
 281420
 631867
 903614
 869419
 720066
 745828
 637499
 253642
 715650
 569706
 129903
 985091
 529060
 31432
 374874
 99280
 43326
 498527
 826862
 818165
 869212
 603141
 588422
 682831
 932984
 345329
 362151
 279769
 289795
 561131
 871758
 454958
 713987
 15605
 956880
 796995
 307610
 731953
 691008
 783219
 682838
 781781
 526914
 139282
 739419
 604459
 268379
 957111
 750705
 455185
 644590
 942720
 489828
 282892
 612660
 456521
 261132
 804275
 112001
 649282
 950810
 673628
 378251
 681742
 961874
 46776
 752031
 151547
 465292
 563907
 467587
 502374
 338797
 68010
 368653
 455072
 445035
 589359
 534379
 230511
 306855
 873732
 344950
 898212
 977215
 105785
 290330
 573405
 556091
 293919
 204108
 671260
 706311
 375825
 581039
 998688
 618571
 714460
 667058
 859886
 668104
 807917
 788127
 960724
 671740
 394329
 781818
 267595
 927958
 631654
 261859
 772031
 600634
 691146
 234326
 809705
 934579
 953658
 210680
 300036
 346213
 153846
 63321
 83147
 111645
 94731
 484501
 291757
 525863
 866869
 880558
 109875
 994652
 665319
 755625
 436294
 280733
 100656
 943355
 15844
 725548
 436466
 996901
 554814
 69537
 543136
 574571
 80281
 877114
 80451
 929631
 99739
 994378
 621169
 3396
 983941
 31778
 124675
 857176
 637062
 612237
 612971
 352895
 279894
 352269
 234146
 779684
 173160
 297246
 514507
 779775
 629973
 669535
 882447
 164357
 439658
 51238
 492675
 280034
 215417
 5509
 603373
 463513
 449240
 867943
 151898
 172458
 65399
 602897
 790436
 282858
 82512
 546833
 679215
 872877
 952280
 573532
 29207
 493471
 504346
 535539
 944167
 358980
 264898
 139919
 181219
 102857
 307392
 137349
 20844
 793133
 817058
 65756
 573430
 501404
 284327
 279225
 694916
 592825
 78685
 850011
 551666
 507904
 579085
 133511
 658225
 171272
 313973
 124845
 533110
 402041
 788655
 128938
 121915
 320925
 727755
 367141
 589126
 736913
 237123
 466403
 368029
 27720
 922013
 464274
 238340
 906911
 660494
 432038
 195878
 323105
 99100
 78164
 504495
 647430
 767487
 109090
 558041
 18049
 179296
 367354
 615625
 332084
 331063
 290681
 269618
 290314
 553446
 223444
 61149
 388866
 813953
 430832
 821245
 486274
 423728
 908496
 120310
 131056
 606472
 119430
 644823
 282713
 273918
 401498
 555875
 942286
 102049
 681461
 865921
 220858
 850857
 748327
 843087
 841134
 548783
 11608
 95274
 262668
 749211
 592457
 941391
 374144
 105318
 414304
 545015
 272296
 821361
 542615
 735069
 351957
 135049
 21036
 400728
 770127
 927178
 995230
 681220
 318328
 581432
 538489
 782153
 67703
 466630
 557611
 474685
 888110
 774978
 692307
 571051
 411054
 357594
 738762
 126734
 510690
 589974
 102272
 666051
 292682
 963656
 497302
 60175
 944266
 260653
 721181
 200047
 663000
 948753
 843636
 193185
 256581
 64648
 228262
 876139
 341887
 981539
 668011
 230102
 287276
 736125
 612684
 394366
 527288
 196862
 236678
 470117
 388244
 570512
 420860
 582978
 382099
 542311
 525578
 140954
 161422
 154617
 758611
 58889
 549407
 227905
 874711
 194846
 40745
 802816
 817256
 971178
 199999
 358176
 731698
 81818
 945019
 729040
 582955
 233693
 20708
 759017
 816415
 691776
 474767
 562231
 850665
 189211
 432247
 52503
 364098
 793540
 453497
 585963
 769366
 774970
 705255
 470705
 98678
 991042
 388755
 610395
 331128
 810014
 643346
 232619
 69478
 793639
 236516
 162867
 767187
 192444
 104510
 467003
 272366
 337821
 627450
 365398
 51251
 181941
 395750
 690557
 704219
 214431
 467035
 73319
 914328
 133026
 49023
 393983
 302132
 976872
 922804
 530675
 10622
 539723
 785429
 518425
 22709
 630127
 329222
 646724
 551457
 723629
 338716
 928138
 331759
 639290
 387720
 122884
 566765
 277871
 582258
 882968
 976312
 134665
 832839
 936170
 782373
 38626
 517564
 239457
 963147
 371997
 281518
 676205
 636605
 902295
 827600
 129032
 209641
 606077
 753740
 117095
 32784
 220348
 221258
 378952
 175210
 25048
 353822
 633232
 70175
 440762
 115779
 845058
 134884
 496623
 752693
 226522
 511723
 419802
 658795
 853925
 718435
 940144
 217941
 119603
 253909
 381287
 503919
 406400
 590852
 546480
 430822
 837689
 269971
 928535
 51982
 950711
 181064
 174966
 406629
 552535
 47331
 338819
 590476
 180548
 272433
 50556
 712970
 775917
 50036
 638297
 545347
 473856
 107832
 850872
 89859
 242859
 5197
 966238
 795964
 599464
 544743
 529098
 427013
 640614
 414615
 974253
 272921
 329209
 871657
 702825
 387033
 840390
 521266
 964382
 6124
 499496
 992975
 508670
 492412
 338951
 108573
 190078
 175860
 675171
 467392
 474159
 980547
 388489
 384542
 758713
 180771
 624379
 738120
 975026
 739128
 685304
 995110
 238209
 595421
 907475
 618059
 904735
 319969
 57017
 330629
 595332
 729319
 425203
 202364
 212637
 647538
 20678
 632019
 491329
 662084
 200353
 644057
 278700
 485732
 985575
 869565
 844142
 118335
 176494
 614790
 170758
 715872
 827700
 614095
 208302
 300884
 210089
 379327
 139962
 64384
 102189
 412044
 104906
 502223
 192529
 686602
 76604
 916948
 604516
 505882
 632095
 3550
 583424
 419949
 850406
 631221
 613133
 953729
 106816
 532402
 306392
 671202
 177720
 337710
 686438
 208965
 575570
 393454
 407913
 459016
 128694
 930403
 963093
 849284
 775287
 522676
 919308
 178348
 622053
 520123
 396234
 85203
 881388
 200430
 515155
 698113
 524069
 198685
 993626
 32948
 115377
 513513
 757675
 486068
 449451
 268647
 345590
 972693
 605298
 789603
 843081
 745843
 733516
 485399
 524428
 708708
 454634
 467296
 597693
 256144
 99239
 653393
 972929
 294821
 49720
 505068
 80432
 733679
 715156
 406296
 502756
 917305
 56048
 629008
 528173
 208975
 279033
 55164
 415458
 240418
 298455
 856479
 400197
 317213
 860656
 25646
 165998
 993654
 225087
 766751
 860366
 731870
 536105
 85164
 396606
 29126
 690343
 672019
 613424
 0
 282854
 104473
 12378
 424875
 482533
 507808
 313605
 434549
 344519
 780867
 408148
 908932
 156619
 856381
 268205
 905137
 932330
 123536
 318976
 839908
 986522
 43445
 204832
 251985
 633061
 312568
 833280
 9051
 250053
 663027
 315874
 631265
 974276
 717763
 147996
 518906
 858165
 107271
 960115
 795543
 115563
 344827
 914738
 152420
 181802
 690058
 643343
 394061
 767058
 709992
 765844
 295195
 102682
 87314
 217541
 242174
 158988
 122928
 170227
 917340
 382476
 986106
 241123
 41811
 667726
 706962
 174934
 708339
 37557
 662997
 774854
 504435
 102265
 963031
 431920
 875706
 202490
 517365
 857530
 994468
 185298
 522135
 43719
 73330
 257110
 654924
 239370
 752748
 259259
 175879
 101405
 290800
 820345
 460917
 20951
 940096
 857608
 473465
 272745
 891811
 896976
 710840
 479201
 266199
 485495
 248095
 244655
 423
 490103
 304693
 628002
 754613
 11644
 354422
 672755
 278405
 19427
 296414
 538877
 572449
 412429
 278835
 227928
 537652
 337140
 210446
 298992
 808774
 658089
 986557
 979746
 472361
 81986
 485169
 547279
 959582
 150294
 511482
 861217
 534754
 759270
 389879
 947368
 568573
 370898
 731271
 351778
 353956
 91557
 669552
 568628
 356338
 147951
 556438
 96254
 277037
 546130
 441700
 859074
 381842
 384366
 329772
 279826
 364341
 341896
 168608
 59253
 528231
 602395
 52241
 489535
 19613
 563626
 991722
 113528
 633427
 879658
 389614
 657576
 206952
 834579
 307895
 110067
 211447
 770926
 695266
 516748
 594397
 407728
 321345
 440467
 824932
 890458
 741241
 628738
 136760
 751935
 240530
 293352
 830814
 333854
 737265
 599330
 340241
 334004
 954492
 344520
 429909
 804970
 582181
 893042
 154235
 836730
 593785
 133562
 94674
 212515
 33660
 332922
 221148
 524352
 903731
 751361
 651427
 74194
 171865
 88867
 154150
 958269
 491139
 787211
 285354
 415254
 959839
 989923
 560598
 628991
 714031
 906542
 500116
 580418
 475613
 540841
 873891
 305421
 280339
 424922
 821161
 566838
 860861
 639561
 347422
 928715
 613584
 806633
 928977
 21975
 549792
 489633
 662828
 750325
 703101
 849885
 38187
 202491
 643167
 342479
 53215
 952335
 514438
 363846
 965811
 241294
 7373
 212037
 329236
 667709
 921818
 722869
 52481
 666640
 946510
 768217
 944869
 3162
 117422
 995255
 595041
 787603
 944367
 241308
 318238
 884639
 248242
 836788
 148206
 890438
 378979
 10393
 486557
 289009
 846453
 612596
 83051
 149495
 302253
 521739
 783414
 281306
 170242
 842406
 57589
 771173
 241922
 468618
 18500
 611186
 479151
 820439
 293703
 934105
 370370
 470316
 414050
 206448
 684819
 855201
 295365
 15605
 682235
 801822
 399105
 153928
 810326
 841558
 905011
 145476
 940098
 243228
 233212
 598987
 58201
 838787
 955383
 105167
 481245
 698898
 797915
 474226
 891522
 377661
 45996
 157767
 801287
 472608
 174126
 436644
 939244
 110516
 572883
 820718
 14712
 684410
 616191
 324570
 126846
 465416
 493991
 603247
 107443
 859582
 593418
 129787
 472718
 129555
 707240
 614937
 798613
 178029
 308552
 722463
 120295
 260551
 286516
 468567
 705717
 719348
 792873
 105263
 169248
 208193
 799577
 235992
 250540
 3188
 689839
 82127
 958194
 164053
 840406
 482591
 12742
 959325
 942006
 868783
 169040
 853831
 454035
 660498
 537872
 979555
 548558
 697553
 621395
 457837
 983558
 334273
 899505
 85590
 151689
 514
 54700
 395680
 164827
 701818
 916456
 649302
 385261
 721436
 293769
 340680
 766269
 231939
 222822
 513636
 613854
 688024
 667340
 594642
 662827
 121287
 972334
 50482
 5292
 203756
 232979
 837062
 524380
 904320
 721295
 390231
 949478
 521369
 149850
 426148
 700224
 522040
 421761
 618585
 824202
 918236
 442318
 883096
 764
 266339
 165362
 382262
 918180
 800608
 519129
 976651
 95890
 515125
 265696
 367542
 186641
 596118
 376369
 584821
 190144
 119176
 20530
 301366
 954893
 909511
 562825
 498970
 783060
 532726
 272727
 799814
 213710
 194804
 299160
 340797
 33283
 350145
 935299
 996390
 419643
 139594
 326221
 43030
 761851
 72920
 254004
 500641
 329048
 557135
 883527
 958933
 332941
 168624
 848606
 456680
 364055
 51660
 434143
 420569
 740166
 72262
 510134
 690072
 941176
 242744
 742437
 733800
 575231
 329842
 35776
 936096
 218349
 624284
 566841
 213256
 491715
 894434
 465116
 147356
 117434
 37552
 954880
 972374
 453416
 498969
 7532
 197040
 304831
 851275
 105722
 226930
 396805
 456881
 83567
 606911
 256806
 709408
 117647
 744320
 516849
 458720
 484556
 291765
 890614
 472059
 627350
 955488
 780051
 881992
 241299
 68396
 740976
 486087
 253366
 549179
 681597
 979082
 654999
 230769
 38749
 418920
 531241
 658151
 805825
 943171
 140420
 466928
 608625
 290650
 505050
 523678
 884201
 382469
 448522
 105263
 494297
 317548
 542318
 916401
 957836
 347231
 386609
 508362
 652972
 178775
 54303
 303104
 426565
 208697
 774268
 166933
 897484
 238563
 730004
 490695
 478722
 963293
 610662
 944649
 29448
 576337
 212381
 101518
 531392
 525117
 55566
 105826
 862683
 719342
 290985
 73069
 115294
 574130
 566111
 979984
 267357
 48123
 490700
 942262
 335454
 583992
 575814
 341398
 545057
 548816
 324952
 494929
 27169
 806645
 670838
 392455
 421471
 432835
 616740
 989805
 105147
 142365
 912143
 526315
 137675
 405632
 645551
 684229
 158862
 475926
 801242
 586083
 641664
 232630
 567507
 529250
 886454
 201208
 636045
 907226
 549211
 789473
 807636
 923836
 405110
 95910
 378604
 833181
 506755
 697009
 105243
 162151
 717185
 749588
 458769
 454121
 846508
 922018
 800327
 261686
 144146
 827887
 361275
 407786
 26510
 764054
 532948
 595212
 363085
 702426
 173826
 827000
 827704
 503128
 874288
 381484
 446539
 392397
 576991
 548996
 524156
 573831
 367041
 222509
 95384
 550687
 719391
 43118
 410383
 524567
 855012
 492190
 56541
 0
 87512
 539439
 866680
 226223
 598335
 862522
 279322
 786361
 746478
 50287
 570421
 419417
 222222
 396421
 666666
 745160
 124175
 657007
 299907
 183701
 136425
 868076
 547905
 81745
 748191
 472118
 923076
 552340
 558309
 439280
 902647
 169304
 477155
 345440
 27027
 602225
 500164
 496465
 566748
 94842
 467230
 919671
 723422
 428160
 350913
 993991
 566254
 558769
 370819
 925800
 459082
 413299
 32698
 453698
 694055
 211414
 791306
 543461
 792079
 256395
 173051
 713846
 41214
 78624
 723858
 842875
 763073
 767241
 491075
 95613
 486142
 336079
 230232
 250141
 434782
 884433
 801495
 616860
 451770
 414356
 20271
 685688
 509787
 610913
 428976
 314248
 576769
 508887
 809427
 869310
 922525
 257563
 581075
 795054
 181743
 19724
 101964
 891995
 273417
 323771
 502859
 150343
 678713
 589274
 38991
 13630
 934523
 11487
 703264
 235979
 115681
 41853
 466962
 576145
 963550
 302771
 357840
 838862
 951515
 490702
 164564
 256696
 2144
 174539
 334675
 759930
 560618
 324130
 571158
 178581
 665504
 950400
 784083
 22313
 403604
 732657
 103614
 540658
 405627
 335450
 601864
 572491
 670475
 720254
 711382
 320617
 953887
 555955
 474140
 380192
 785900
 942171
 548644
 504729
 658309
 693048
 525532
 927567
 406153
 85576
 27027
 977011
 311946
 485339
 115626
 66491
 313185
 783621
 62270
 927217
 684484
 845158
 317266
 744966
 909090
 788630
 607805
 222617
 91161
 203532
 929747
 300788
 225409
 838338
 411905
 109431
 686403
 866449
 117607
 288163
 526349
 212055
 892048
 117647
 170212
 119908
 823420
 132651
 623108
 542607
 927944
 316812
 41977
 880863
 607937
 673229
 667012
 371204
 67015
 237035
 51349
 593045
 280978
 197784
 360655
 713976
 394119
 227965
 740755
 976821
 28818
 86789
 190545
 213928
 304456
 253367
 167436
 399680
 305010
 151503
 717169
 859030
 211857
 238309
 203938
 649838
 315163
 713874
 452655
 77924
 43401
 654262
 331411
 759644
 305502
 1018
 450423
 96907
 759999
 241410
 956419
 569698
 214285
 134110
 151909
 909316
 399156
 104191
 837209
 718059
 74686
 921336
 621532
 734632
 764330
 392161
 139612
 898851
 735718
 549115
 739269
 671534
 298459
 103898
 485289
 473867
 397932
 810519
 631552
 135440
 757089
 126311
 113191
 291515
 662251
 810620
 230553
 646732
 148547
 941561
 39426
 318442
 811788
 823665
 477244
 513738
 861403
 854125
 239436
 827535
 23749
 317665
 488390
 85379
 67856
 486527
 467990
 63751
 604030
 240893
 705869
 387755
 945611
 804808
 116654
 246894
 689019
 962836
 892072
 71061
 98027
 718592
 992166
 692714
 60722
 553739
 970217
 29724
 193866
 472716
 166902
 672583
 258876
 560346
 369193
 549220
 306361
 760445
 487769
 75118
 961260
 689735
 754069
 54660
 135947
 717218
 653163
 106273
 513839
 227741
 740648
 315441
 380645
 745108
 981957
 683369
 748621
 994902
 189390
 563686
 372655
 74256
 293289
 398140
 736017
 682019
 27795
 9190
 259304
 395909
 741792
 634769
 794398
 979385
 870262
 956220
 315294
 809711
 257142
 697529
 966909
 731375
 700383
 107314
 300159
 421628
 233367
 378577
 861758
 51851
 49732
 48642
 819012
 178729
 130572
 310618
 90146
 704926
 501512
 965390
 514328
 531737
 671523
 180212
 931737
 202381
 645794
 706076
 224335
 719254
 35828
 98632
 560367
 739269
 709572
 695530
 652107
 256494
 200460
 863152
 656292
 88145
 582796
 590700
 963302
 716726
 671487
 315379
 546627
 330632
 711370
 465662
 210991
 3264
 871157
 467855
 858526
 922739
 157447
 764578
 790977
 223508
 109119
 812586
 634018
 848041
 450434
 497674
 755318
 888878
 707078
 912704
 751549
 367721
 50324
 940146
 261097
 466240
 827848
 724993
 772253
 658063
 960824
 687397
 28329
 549325
 470632
 437821
 915662
 535688
 49233
 32258
 553490
 110431
 226876
 800572
 885147
 963873
 218038
 619395
 416989
 581569
 633926
 16416
 162860
 643717
 437120
 574999
 245102
 665659
 156114
 90136
 4575
 532072
 977208
 259877
 346573
 823711
 558780
 166529
 612588
 192595
 208335
 577938
 776197
 576708
 471161
 824140
 851726
 996370
 353142
 578465
 637550
 786866
 309945
 441130
 963454
 282625
 805653
 2589
 842926
 841741
 750874
 826086
 430769
 473035
 476602
 968537
 351175
 371895
 853806
 923076
 122725
 495103
 308830
 197513
 333333
 415555
 614989
 413741
 796460
 894848
 791784
 530801
 804964
 377685
 632182
 716028
 933570
 188261
 923076
 594868
 761453
 287206
 433687
 654761
 342886
 702196
 394757
 56352
 771206
 569788
 718918
 603956
 683610
 958287
 101382
 285305
 309932
 382363
 780518
 766487
 263657
 778394
 642926
 654481
 205908
 42296
 568358
 632133
 831649
 951069
 687945
 885120
 94642
 462570
 175741
 245398
 827632
 666897
 763021
 373821
 527539
 224358
 461727
 666861
 125466
 232323
 283842
 11971
 213237
 901899
 504982
 264705
 717699
 193370
 729402
 224415
 624826
 564485
 492972
 90492
 871670
 652307
 823320
 386170
 972389
 837182
 18443
 322923
 62260
 724997
 941229
 292153
 847320
 497760
 490304
 440944
 147072
 924318
 705882
 895409
 46013
 77170
 773663
 231092
 586809
 836967
 473306
 797438
 879268
 482702
 943965
 823441
 279432
 243816
 619865
 940070
 720176
 412624
 930442
 251557
 666224
 727650
 929319
 715559
 538570
 487123
 237728
 710917
 522371
 365893
 55506
 521083
 242305
 855421
 515005
 310116
 458728
 629623
 172470
 715591
 502793
 221821
 660548
 289256
 697937
 556122
 5360
 809793
 439540
 134886
 932267
 364225
 246176
 153620
 10564
 14796
 152016
 618037
 628276
 408396
 539368
 130982
 192118
 702697
 168092
 956446
 170697
 911949
 564970
 882591
 730351
 680947
 133325
 198651
 848484
 148329
 606652
 322568
 335379
 497877
 372820
 27958
 471210
 42118
 743362
 125000
 863609
 143307
 56968
 434843
 53003
 143972
 850704
 796549
 630568
 151378
 434095
 561777
 43812
 952288
 842042
 830367
 19473
 732273
 91293
 854789
 539198
 220091
 23529
 611428
 253805
 310358
 339447
 993859
 59934
 668837
 446452
 884649
 775802
 845675
 750325
 714285
 611612
 14287
 351885
 614828
 446720
 804075
 850673
 363317
 490866
 184834
 536340
 273271
 327365
 569288
 689821
 659582
 452920
 709193
 611494
 228437
 818266
 235969
 341742
 491921
 733537
 430769
 243885
 272860
 184260
 734667
 941843
 473322
 768177
 926897
 853658
 133574
 528308
 510590
 688693
 704909
 663637
 678640
 787178
 204602
 25316
 716532
 552722
 85684
 432443
 660252
 20967
 234313
 301739
 28800
 105402
 746126
 655411
 423269
 525931
 311895
 25228
 215856
 473835
 155972
 832218
 295640
 870904
 209583
 343690
 380595
 8471
 682423
 771197
 670226
 278893
 864366
 251325
 271726
 698901
 522071
 228178
 108169
 769771
 729268
 759438
 855897
 122662
 861168
 980310
 93055
 294156
 662873
 446953
 928615
 343628
 422322
 855773
 934070
 521537
 695198
 165680
 538284
 35974
 315891
 54220
 953997
 423529
 289798
 223869
 387769
 842458
 991696
 512480
 809589
 719676
 44527
 442083
 501133
 967489
 456662
 766154
 987270
 446479
 685019
 452463
 737436
 634610
 541602
 926183
 843842
 366550
 945799
 677389
 901960
 698718
 937560
 199843
 301869
 447877
 121747
 573215
 30732
 266356
 461215
 550801
 810878
 27577
 252576
 339334
 358753
 381757
 828581
 465533
 827482
 403141
 234423
 151976
 464951
 650825
 613903
 337972
 257929
 528269
 385432
 612220
 482955
 788918
 460678
 462908
 790828
 506031
 850655
 659599
 191076
 463986
 814008
 118069
 166866
 795197
 744592
 435125
 337616
 471994
 689476
 26174
 728613
 662116
 498771
 464936
 958915
 21545
 497797
 339658
 196246
 4648
 225433
 714688
 639112
 428135
 370619
 437511
 578226
 279264
 295359
 452220
 87998
 805661
 122901
 451643
 343866
 566434
 851992
 328358
 168812
 687856
 965776
 663022
 895561
 736924
 794926
 456133
 562166
 956043
 191432
 685705
 90132
 42944
 305084
 565743
 754154
 422616
 727485
 330106
 391640
 721348
 596280
 987857
 196759
 463235
 953515
 376040
 210134
 293445
 466101
 135287
 885792
 307512
 679616
 86494
 337393
 990364
 124358
 211323
 244306
 530612
 794174
 366975
 910460
 970374
 932771
 797600
 41657
 560360
 830963
 603156
 704511
 754243
 535242
 85714
 190048
 368956
 401803
 559999
 292907
 776933
 83166
 459412
 665879
 476363
 3752
 502154
 675028
 10250
 130543
 257223
 813871
 266330
 502339
 439528
 737181
 737530
 742994
 846816
 742344
 78500
 199258
 72273
 127139
 833354
 950228
 460519
 396194
 748309
 115280
 535231
 879220
 286602
 463655
 232787
 450399
 703567
 307344
 648563
 654247
 125611
 75866
 899710
 672226
 790306
 98614
 906525
 101258
 896311
 862147
 927358
 46480
 414435
 766496
 410804
 600803
 2461
 324840
 781042
 975899
 911344
 272063
 230104
 426398
 887381
 227467
 528442
 452991
 523246
 920474
 81028
 26283
 838222
 259045
 92784
 647093
 569623
 372350
 313054
 36177
 832689
 880634
 927966
 604861
 996497
 23682
 162826
 176141
 766091
 113826
 722677
 253909
 714331
 434166
 723558
 278438
 955812
 552772
 735725
 796965
 825214
 571906
 770584
 839740
 607106
 991921
 327843
 503658
 936599
 717321
 949044
 500000
 691571
 447507
 444030
 379156
 79733
 20985
 451719
 362853
 357015
 433685
 985886
 168701
 918577
 561044
 499286
 724173
 38420
 314536
 185080
 356089
 482062
 552810
 459851
 431245
 142857
 580901
 15223
 598205
 424915
 522537
 614676
 596870
 174655
 906701
 727856
 67743
 661056
 141920
 998571
 227041
 67166
 52848
 655720
 605547
 260493
 649437
 435451
 774009
 763673
 664532
 933398
 637408
 925921
 806852
 426429
 405537
 828575
 912421
 746457
 849523
 466297
 489992
 867601
 953951
 321456
 541773
 764705
 770001
 320388
 880548
 684757
 283767
 757405
 984612
 654643
 769576
 22630
 499126
 932442
 357923
 223929
 298853
 721099
 435401
 665552
 924271
 705797
 476617
 975812
 498575
 391987
 406377
 194129
 81653
 335365
 568099
 886481
 684006
 5943
 696285
 518677
 366113
 366681
 38616
 112821
 997059
 338788
 209231
 921889
 315514
 792808
 8450
 196516
 521694
 614582
 493606
 248980
 194527
 74737
 299646
 286298
 520000
 298125
 879161
 555360
 332074
 0
 384643
 239896
 509933
 710949
 622388
 37635
 896556
 29617
 991578
 902986
 25998
 375347
 246346
 21060
 132373
 247396
 34324
 626522
 517861
 544650
 88649
 805208
 858455
 902869
 522907
 16949
 249758
 129368
 898704
 158319
 485064
 973130
 120851
 385514
 148631
 95104
 72938
 168141
 19220
 899932
 291889
 256429
 818095
 215837
 938930
 627118
 159091
 187403
 822979
 131695
 947520
 404546
 263396
 977494
 47377
 289903
 166278
 740270
 588314
 373346
 499276
 78928
 993309
 932667
 315954
 875376
 823961
 886262
 631603
 15748
 255889
 161982
 389736
 965676
 146555
 934242
 361781
 871228
 495981
 450577
 457142
 760672
 892309
 307260
 941288
 619205
 411892
 531421
 729819
 870837
 299099
 716295
 837092
 720346
 501889
 989844
 506021
 704975
 546904
 371107
 512373
 0
 646173
 603047
 322361
 522148
 456320
 529254
 340091
 866666
 296478
 548164
 951766
 403821
 339851
 26662
 707420
 153160
 113712
 529760
 588071
 655505
 630363
 983665
 859222
 538322
 565880
 371759
 460484
 697532
 424123
 141893
 425013
 356760
 216432
 759249
 7034
 257705
 559936
 5094
 138706
 757115
 118984
 815177
 635752
 758365
 291510
 909556
 444903
 449761
 782514
 236143
 358582
 324582
 643853
 607496
 693843
 894209
 813513
 459330
 338651
 625446
 69264
 436609
 424129
 699459
 902228
 862784
 21779
 355625
 97027
 999709
 628140
 487560
 751906
 685416
 322019
 551508
 38733
 236774
 965357
 776899
 790664
 986080
 564175
 542181
 634246
 654204
 79704
 200057
 709866
 363767
 398888
 399980
 153555
 587859
 462675
 352433
 52134
 957746
 756523
 259235
 700374
 636937
 399999
 234006
 886337
 201773
 6359
 85181
 59365
 845352
 336368
 583901
 207272
 713737
 376552
 266482
 570286
 901241
 403334
 994120
 485230
 481459
 931011
 807484
 612781
 959416
 998421
 322931
 164234
 240262
 302513
 595492
 564413
 112886
 857477
 819023
 267682
 498005
 45226
 230978
 797476
 732603
 348282
 386915
 174036
 435475
 379362
 577503
 847171
 207842
 741320
 64090
 555911
 456871
 598367
 564528
 799109
 150548
 895522
 596911
 306294
 547240
 984033
 968256
 169642
 183044
 493705
 732103
 961474
 586086
 78651
 96045
 389599
 890003
 956333
 289462
 654514
 97307
 569682
 713169
 565320
 377295
 434023
 676376
 235005
 229137
 488672
 676252
 655336
 725518
 629090
 