286544
 947118
 856946
 571703
 753120
 287907
 563749
 589725
 144723
 928131
 104803
 834901
 933977
 115492
 357353
 535483
 194820
 466701
 487081
 370395
 208350
 542338
 842031
 443396
 739761
 932076
 43143
 831296
 822781
 32864
 582936
 502242
 120091
 51593
 279224
 72534
 508890
 644063
 581764
 813110
 987600
 821794
 420322
 36912
 357539
 532069
 635357
 618429
 443515
 453513
 970660
 599988
 156491
 235825
 122343
 607412
 926302
 353362
 519614
 273176
 339482
 341768
 753152
 350829
 844369
 689683
 511900
 522535
 414471
 43683
 39181
 644631
 277591
 136963
 447610
 60696
 223069
 94154
 335236
 679419
 870867
 147449
 736889
 645218
 53129
 140576
 284673
 518272
 931174
 744385
 820330
 614906
 563374
 67915
 3825
 76806
 73255
 569953
 163299
 317647
 542987
 179163
 38583
 573846
 933643
 918010
 968843
 197384
 32947
 31522
 510139
 852714
 979680
 308814
 880925
 898568
 437758
 153068
 192075
 94264
 300268
 143753
 534556
 503025
 663477
 71842
 269704
 319854
 877579
 703328
 291082
 160238
 777168
 742786
 267560
 366355
 304370
 796265
 921510
 938637
 973606
 118980
 776611
 76568
 309742
 889454
 362926
 348324
 244648
 519353
 94266
 792887
 222373
 929078
 974738
 348753
 337748
 739315
 945202
 785014
 843339
 898641
 0
 259522
 138009
 263403
 952123
 492747
 384014
 499185
 555706
 994594
 588285
 131184
 672499
 563373
 279920
 620271
 14257
 804909
 286180
 548096
 14679
 76749
 831476
 921439
 567147
 960861
 856207
 107978
 24572
 581220
 873575
 208439
 257157
 778849
 441096
 748118
 146742
 364600
 690514
 36341
 812903
 284488
 660918
 488072
 677012
 541293
 659291
 429193
 169922
 584755
 334645
 927797
 408898
 105645
 383238
 465920
 237405
 614187
 25752
 435812
 87314
 412268
 368111
 567402
 888118
 866244
 835888
 705073
 2381
 867042
 735788
 259598
 533247
 108127
 102532
 388695
 263717
 314244
 413509
 747098
 925738
 501478
 243431
 129152
 110779
 185156
 586167
 167253
 540007
 292198
 45966
 889071
 433846
 249694
 226323
 441518
 324767
 926912
 873913
 343560
 725290
 107944
 984155
 929315
 30303
 634588
 389235
 265663
 985748
 980906
 594013
 684541
 404975
 309151
 594145
 505447
 941533
 340360
 461538
 222314
 81589
 272771
 655015
 997336
 908973
 102102
 387717
 166845
 885608
 940584
 760018
 467150
 619793
 349294
 864939
 146739
 328779
 340005
 759646
 911025
 141900
 851273
 564415
 826899
 652173
 654109
 87179
 367826
 279192
 134228
 98336
 181955
 373604
 43478
 421684
 797044
 635064
 702707
 964459
 996942
 34964
 810600
 971511
 788229
 13025
 459342
 806973
 989690
 774642
 685060
 358974
 372657
 893029
 792889
 631444
 156261
 680544
 416165
 318487
 7531
 881364
 410510
 227393
 743580
 660733
 720406
 823297
 18741
 690528
 484154
 323943
 4090
 694707
 868566
 925661
 60481
 920956
 252158
 468321
 828553
 638973
 562480
 828716
 547526
 111271
 632820
 216672
 320979
 836957
 16615
 415502
 23945
 689134
 907137
 916706
 61070
 28303
 684964
 940214
 212487
 503282
 768244
 526807
 817255
 273017
 644726
 984223
 279213
 708322
 676523
 671395
 997246
 825762
 371022
 217543
 415425
 245305
 321205
 821783
 345356
 868066
 889540
 847079
 721796
 335374
 618911
 36520
 9020
 471108
 536404
 577702
 684560
 97560
 312312
 26579
 312887
 140315
 379092
 600073
 780881
 556696
 427836
 302798
 824285
 843569
 971223
 35136
 790309
 478743
 174367
 622713
 594940
 986949
 48447
 571847
 670417
 757469
 635126
 681690
 867212
 159838
 524359
 644836
 239082
 585213
 435995
 397388
 561372
 2316
 326053
 19376
 457580
 175655
 761513
 975638
 229783
 468032
 625549
 659659
 936954
 218806
 753761
 614518
 684464
 717249
 628329
 490286
 144012
 427930
 228694
 947634
 655862
 2597
 20648
 581664
 815286
 572574
 485865
 69972
 923914
 414474
 497684
 67370
 925850
 866504
 792427
 617621
 523738
 440038
 172592
 386252
 649374
 447867
 257506
 298325
 440809
 142745
 303513
 849836
 864546
 939892
 935719
 380199
 689536
 289063
 390345
 290485
 765744
 845975
 49411
 292510
 471045
 499693
 520299
 943147
 520766
 159462
 995436
 468131
 50161
 344227
 831813
 231376
 971736
 825942
 376049
 12987
 81094
 774462
 610368
 458791
 768262
 650947
 444444
 194617
 416696
 225502
 94512
 386760
 603662
 57206
 956453
 689966
 210270
 887795
 195503
 798677
 516199
 587907
 518578
 243361
 971964
 756601
 163847
 274424
 128976
 718922
 580702
 699530
 318537
 85684
 826983
 112824
 689438
 992725
 462999
 58823
 793231
 355820
 408979
 852332
 877338
 796925
 544159
 453575
 206260
 239320
 732200
 334240
 269767
 312839
 450271
 118259
 936247
 70654
 589721
 718319
 447377
 350104
 816448
 280116
 232566
 969958
 65096
 925881
 691344
 80168
 544447
 771853
 995981
 0
 707986
 675450
 410837
 937229
 843939
 199762
 215704
 438967
 172370
 83766
 858579
 344262
 389797
 353255
 694610
 645735
 4390
 788411
 145611
 313857
 148822
 649649
 366212
 74333
 950143
 693704
 791401
 310857
 858407
 221046
 628483
 790313
 945069
 692890
 813627
 240506
 391977
 369673
 554107
 940368
 222252
 266078
 642786
 848176
 1445
 851851
 292639
 755378
 576964
 624470
 55338
 837801
 387971
 932162
 195487
 244946
 104713
 752776
 76876
 893562
 844343
 199999
 193632
 333333
 226742
 448315
 475618
 757268
 109090
 32197
 773480
 363311
 535901
 13227
 336180
 143827
 627631
 755532
 36143
 30106
 834928
 528981
 758533
 156391
 255279
 544827
 602399
 503474
 27027
 932830
 358751
 794564
 718264
 981136
 818690
 470903
 20137
 907355
 509903
 469526
 314942
 553423
 223538
 611766
 990549
 989650
 139518
 481968
 702356
 943295
 215686
 89288
 766949
 121874
 765975
 551916
 469865
 233675
 512750
 780038
 102525
 167835
 944496
 982597
 849477
 938103
 418816
 141582
 43654
 796459
 506678
 747112
 639837
 318535
 345433
 154366
 539319
 964488
 110570
 419388
 951959
 619852
 85933
 202691
 153968
 659581
 783767
 137577
 472381
 613646
 300853
 398725
 53477
 210113
 378997
 470419
 768892
 271064
 312714
 526830
 841895
 776967
 335056
 956514
 819237
 4258
 308622
 364682
 153184
 851301
 471994
 892526
 717981
 382389
 825607
 320980
 181863
 71178
 458202
 629107
 677483
 484220
 858911
 139440
 48554
 66624
 80968
 933272
 32274
 878924
 148314
 181736
 141210
 840343
 603338
 291739
 9165
 456303
 364067
 258899
 580645
 384525
 779045
 475584
 1239
 78401
 467177
 248826
 844155
 745273
 562076
 963814
 616757
 351750
 167915
 173398
 783243
 134554
 48391
 377477
 750347
 529354
 688232
 136385
 898110
 591913
 582572
 435889
 892700
 357827
 714475
 297719
 162044
 732761
 348060
 610087
 771535
 317911
 358465
 33605
 174009
 69606
 872444
 83537
 789716
 851205
 899750
 469920
 856581
 400635
 910447
 263734
 627077
 526031
 615690
 472425
 396693
 294938
 233369
 932075
 162130
 30285
 28465
 397163
 278937
 276301
 675607
 543640
 687360
 903585
 152008
 881186
 524918
 698269
 188470
 217913
 833165
 481973
 891308
 754150
 303738
 950947
 225308
 459369
 795681
 403026
 712072
 849147
 890909
 513467
 383579
 843262
 326880
 159978
 452586
 443636
 657433
 985835
 244146
 555116
 879427
 143902
 286012
 517964
 405487
 923476
 136319
 949177
 501496
 596244
 341597
 13374
 699931
 429885
 198480
 998027
 885733
 96681
 147713
 857339
 550860
 577590
 926301
 939058
 995474
 781028
 824676
 518055
 444352
 245142
 212573
 59448
 785977
 837853
 676587
 773574
 952350
 333333
 470352
 328668
 661029
 581220
 849658
 175128
 158162
 430511
 67235
 842958
 95093
 662167
 469660
 619991
 674246
 472998
 514301
 828478
 929519
 719252
 629331
 271804
 901647
 266666
 389800
 346568
 127252
 183292
 192255
 192431
 521011
 507293
 76280
 288768
 849062
 664109
 23326
 372758
 572570
 567014
 7608
 420630
 746621
 607434
 373177
 32237
 424009
 566641
 549312
 876494
 787357
 779349
 722526
 436883
 440358
 939132
 410700
 787172
 725016
 216885
 882156
 729874
 363423
 324602
 431209
 697520
 505739
 114701
 779826
 35235
 884425
 286157
 630424
 108215
 688537
 311762
 214819
 303378
 300016
 110962
 713674
 803738
 9561
 638955
 547391
 170822
 826600
 654839
 176413
 996535
 461275
 797186
 788496
 819864
 52044
 143273
 953576
 511557
 413387
 719939
 883392
 455512
 758724
 600506
 509195
 858890
 196948
 567567
 682285
 629132
 202660
 793533
 708294
 710285
 950977
 863531
 531955
 606186
 3523
 343650
 750009
 71405
 164987
 669001
 908803
 956717
 949942
 639462
 708692
 768115
 221837
 574339
 732634
 856662
 604288
 972602
 805872
 653442
 740813
 946331
 699275
 484348
 742663
 264333
 974409
 860844
 430275
 695959
 87233
 907500
 851184
 399844
 623098
 893297
 786618
 489776
 391761
 509837
 680938
 340732
 827693
 706426
 897826
 170784
 348045
 566694
 145964
 236559
 974383
 195918
 692066
 939265
 557435
 204197
 281648
 530598
 667674
 978651
 96832
 428134
 217499
 239791
 418886
 301906
 558537
 696630
 257309
 640876
 253689
 719522
 783495
 609996
 670604
 486495
 272276
 619432
 177733
 297107
 253559
 35658
 445638
 100946
 260700
 586872
 434782
 616438
 980948
 895073
 335788
 59907
 594881
 921688
 58823
 310852
 468997
 65901
 689237
 418348
 747957
 689301
 14863
 948647
 982171
 387669
 217121
 392709
 895027
 260623
 119999
 381521
 208633
 443352
 98838
 938917
 929940
 452741
 771183
 514211
 583063
 152582
 193259
 404395
 744842
 446153
 292801
 604064
 600957
 144796
 765199
 591803
 166950
 190699
 594002
 508071
 611240
 4580
 247491
 975505
 676671
 982147
 312520
 935746
 498401
 879999
 633318
 698890
 983854
 678666
 910939
 531430
 11306
 862068
 821388
 750963
 806055
 817942
 131507
 168063
 543615
 839088
 764523
 405863
 110680
 455329
 477658
 52556
 416610
 510365
 905304
 843893
 98326
 30514
 642726
 157127
 994858
 312179
 811522
 21321
 43431
 357243
 51148
 343283
 107402
 305516
 474763
 232989
 58174
 537286
 715719
 507342
 583230
 845889
 433258
 946131
 395959
 537225
 174622
 543658
 212804
 503759
 7306
 120474
 331364
 638118
 364982
 179725
 453674
 261444
 920370
 904028
 569395
 844146
 378777
 334073
 938667
 793187
 626294
 47596
 804788
 835100
 953177
 963636
 238157
 37005
 378497
 36463
 874395
 500316
 916216
 284436
 263054
 964329
 923425
 8137
 88286
 166855
 983045
 711557
 575940
 96759
 959849
 803124
 489904
 805267
 711702
 660042
 229610
 228354
 690510
 649438
 665287
 646068
 453714
 461350
 275492
 252540
 151067
 99000
 484205
 518560
 404837
 285714
 172130
 895438
 78002
 6877
 774951
 900280
 367303
 458587
 508351
 977108
 536370
 471264
 420419
 531727
 30404
 614709
 993975
 983143
 386986
 556583
 522839
 742243
 536447
 512342
 90161
 486049
 333333
 957189
 839976
 612972
 12549
 3451
 445582
 312650
 85259
 633857
 590218
 129702
 386861
 199830
 145197
 550839
 955076
 140401
 618902
 677016
 380819
 664122
 597672
 893023
 591628
 805443
 612384
 854047
 902734
 737212
 58853
 344789
 97720
 788884
 261657
 954189
 351669
 566557
 912955
 68604
 57827
 893752
 241178
 88402
 926325
 410264
 83197
 410041
 874189
 688841
 294308
 99731
 710686
 977153
 30926
 983971
 210318
 464024
 297545
 885699
 701859
 89285
 494890
 183670
 263792
 189966
 334198
 255863
 573933
 706412
 856120
 378651
 63364
 516720
 855164
 247854
 189697
 578454
 298547
 681216
 64222
 877632
 774839
 381277
 400340
 137184
 64166
 561757
 34009
 832114
 943106
 377289
 410313
 407321
 424324
 816027
 74133
 26838
 860998
 639974
 240025
 347562
 677852
 509003
 258486
 203800
 101880
 193575
 641985
 188337
 703103
 539271
 757359
 998392
 918699
 291070
 894962
 280348
 527999
 74819
 488268
 334685
 530130
 888978
 781178
 785778
 507878
 532428
 372454
 92468
 133784
 309360
 32130
 196941
 678193
 360505
 418509
 485656
 405380
 39864
 411304
 439823
 822051
 345276
 859997
 753704
 768813
 931517
 711582
 889772
 798206
 478707
 157973
 487289
 498275
 371628
 915808
 973305
 971290
 734063
 43617
 761101
 637761
 252925
 391552
 347088
 96985
 880928
 314406
 931575
 952362
 576851
 508571
 57903
 793650
 362886
 285049
 954928
 588898
 110294
 102044
 316235
 436392
 557
 503852
 37746
 682499
 778860
 733540
 701850
 848101
 661433
 598802
 253762
 284582
 170109
 286643
 261183
 129870
 105073
 502872
 169091
 143485
 956017
 226434
 447375
 973880
 393665
 291666
 748343
 404764
 968542
 308087
 149018
 190310
 555826
 775588
 976576
 54635
 474543
 491373
 984410
 579591
 998522
 949288
 80342
 464505
 785108
 910675
 260472
 523395
 12347
 252190
 349775
 86258
 277370
 288482
 789397
 894267
 594629
 833026
 519380
 351520
 437600
 830173
 632288
 497003
 513871
 720334
 426058
 739669
 199576
 68783
 364063
 520863
 826086
 954531
 827436
 169525
 539709
 949385
 935443
 267714
 899313
 781493
 343739
 917733
 823324
 290951
 492906
 58097
 871317
 504933
 377452
 245831
 108931
 376176
 751580
 53773
 183213
 93134
 849602
 946386
 326952
 551315
 911461
 10443
 797096
 973957
 587473
 798967
 705394
 891814
 399225
 585365
 763977
 968438
 113181
 564183
 746158
 557424
 25911
 302325
 119209
 27657
 51805
 142476
 776352
 540325
 505941
 775863
 939107
 972656
 595047
 893640
 375626
 378009
 541770
 921071
 224978
 604035
 647011
 57046
 620782
 151832
 251864
 670947
 594073
 916694
 613419
 543757
 988764
 852282
 285359
 487987
 80928
 469973
 400503
 352296
 233872
 462271
 660950
 831183
 336099
 639575
 61781
 717877
 60051
 399361
 577312
 748421
 558021
 194508
 724021
 947628
 983028
 741243
 411600
 0
 598495
 553907
 805893
 130892
 59134
 413743
 662927
 367821
 525952
 88863
 113936
 866666
 784149
 600224
 652173
 62500
 30710
 773612
 316582
 487214
 36666
 473452
 25647
 416006
 755093
 583826
 595823
 926177
 830409
 864702
 990402
 847813
 143818
 904761
 696775
 75272
 229835
 237314
 162659
 726582
 764638
 559429
 682344
 310269
 518695
 356047
 742149
 934088
 741340
 174647
 926010
 700770
 187192
 293036
 328903
 601398
 444444
 834633
 13440
 578947
 691264
 686398
 27515
 680361
 276777
 565251
 135056
 258010
 144087
 192528
 344474
 847692
 22581
 421695
 663090
 873656
 84707
 150023
 640695
 620303
 899585
 724053
 772567
 313088
 186553
 927107
 745034
 922205
 806800
 182015
 650707
 147837
 628177
 861467
 995704
 599065
 819208
 164101
 85427
 371865
 969811
 691786
 716719
 689286
 585797
 641814
 701222
 246994
 947696
 556310
 105982
 797237
 869383
 314330
 19858
 354321
 844831
 113952
 143738
 577062
 35629
 358633
 95895
 756225
 682620
 886834
 631253
 125118
 584963
 448194
 834030
 301642
 238317
 402469
 626762
 649371
 374599
 811317
 506
 74737
 146900
 641062
 801581
 873967
 43428
 880440
 431578
 990311
 103615
 749642
 201814
 255945
 84967
 627268
 664617
 926556
 929624
 485043
 753768
 53821
 659130
 110867
 863295
 850918
 761268
 376150
 502624
 463782
 286417
 151792
 464543
 403232
 795590
 176727
 75576
 107033
 47507
 827546
 29197
 918793
 856634
 195216
 253576
 882681
 50798
 245961
 575788
 263285
 159051
 396767
 232152
 72888
 808578
 944378
 509004
 813199
 60526
 125643
 703138
 884424
 492881
 339826
 759878
 13371
 239902
 771191
 237173
 979591
 942998
 674384
 947678
 340525
 181818
 430818
 36351
 859920
 656573
 44701
 649224
 888173
 739680
 279532
 39881
 990425
 976158
 990135
 932454
 775595
 352309
 136650
 759603
 749619
 449784
 24810
 278065
 639134
 881019
 605733
 720070
 104540
 726580
 719713
 126906
 716162
 919252
 67888
 787274
 846153
 766990
 406627
 497627
 233167
 990427
 986296
 539246
 713585
 638373
 684155
 205810
 411469
 882770
 267758
 420908
 934882
 389235
 659795
 388717
 442599
 887704
 118957
 996988
 272727
 858321
 569892
 15978
 298385
 392178
 259848
 735020
 821074
 50453
 167635
 632362
 137543
 655629
 284785
 9777
 19764
 422360
 812360
 329961
 753102
 838842
 143324
 941836
 16507
 842150
 133910
 400670
 44167
 552431
 548910
 877268
 35108
 211874
 631529
 88812
 299095
 79281
 903428
 459582
 185185
 296228
 534253
 912348
 306766
 425287
 237618
 949645
 260996
 392671
 449265
 81347
 528871
 583619
 117217
 341155
 625164
 599343
 734069
 31675
 922996
 692670
 649857
 360020
 570258
 726256
 704383
 690328
 334641
 806642
 34494
 699188
 51261
 767527
 51891
 776151
 937906
 280868
 331784
 813748
 837837
 23135
 931618
 335974
 182121
 756969
 240204
 894440
 806851
 640435
 66542
 708624
 702957
 954064
 29552
 651909
 706340
 130932
 420083
 912951
 824561
 645711
 349411
 929438
 821506
 533198
 236807
 981790
 903735
 570186
 820309
 109347
 207189
 922941
 456484
 877585
 475280
 637635
 449856
 815126
 345755
 894555
 661601
 95320
 583304
 222404
 56786
 347958
 331456
 393642
 252028
 564356
 649128
 133783
 328672
 768647
 526823
 793229
 389910
 547117
 149934
 748171
 653523
 383861
 866396
 741032
 495232
 771377
 487932
 152255
 78442
 641796
 544886
 760219
 528276
 175277
 554216
 43575
 487626
 807888
 517213
 729059
 307463
 141916
 898024
 939163
 623791
 883810
 958921
 159048
 25611
 837209
 872726
 921725
 285359
 87497
 87133
 533123
 683848
 951494
 527983
 936460
 298163
 853333
 830267
 195165
 538086
 731887
 757015
 784674
 233497
 302877
 186582
 10951
 356275
 793260
 448521
 658192
 613062
 216458
 800904
 991725
 885281
 422877
 862146
 137310
 125139
 87309
 259635
 211601
 458197
 534542
 213511
 258739
 333866
 462713
 54790
 539419
 894175
 786473
 349823
 340587
 824034
 749172
 167394
 915480
 889748
 438310
 535534
 734555
 475183
 472563
 728060
 375000
 442854
 441975
 548153
 581059
 341867
 355807
 162961
 888337
 184615
 427352
 221955
 539711
 243064
 347826
 961097
 400611
 571515
 503644
 14924
 825112
 418808
 709907
 776339
 85473
 200000
 627981
 484017
 887374
 531422
 682946
 616264
 92545
 484008
 828517
 985697
 47702
 437799
 948743
 122264
 171829
 496493
 159467
 946601
 291125
 9823
 313513
 805857
 283137
 835543
 194624
 903596
 411354
 421241
 110273
 249207
 865575
 620046
 324901
 996714
 994897
 395890
 150949
 679508
 35314
 619233
 915596
 948693
 997667
 45284
 443763
 862348
 607721
 49433
 236095
 259343
 20278
 613684
 540768
 254505
 430643
 406796
 543787
 716475
 717256
 157148
 445830
 676907
 706910
 24681
 221453
 765733
 613821
 27519
 730911
 360272
 930871
 804619
 208889
 224606
 135064
 340204
 101604
 683276
 599680
 728374
 816747
 743678
 519441
 896202
 686450
 475799
 567824
 20401
 218995
 734734
 236598
 663694
 269474
 352341
 886148
 739117
 805808
 512833
 754205
 203237
 39640
 575169
 194312
 272674
 391868
 678888
 732334
 393105
 865534
 156424
 744352
 295928
 484829
 825538
 202013
 13003
 446710
 906992
 636231
 785365
 162790
 88669
 754659
 986031
 934007
 912430
 200000
 673521
 843325
 542005
 443020
 105952
 662363
 211529
 718926
 566839
 880740
 501055
 131274
 991651
 8190
 145935
 49180
 695317
 523486
 954470
 838646
 628748
 534733
 692971
 186801
 317026
 111918
 593788
 484454
 447175
 249437
 239392
 849733
 517626
 284201
 933966
 521650
 741389
 536278
 804355
 772742
 538461
 658545
 911787
 577417
 117545
 325725
 150712
 930629
 548759
 409424
 578073
 95632
 51627
 587313
 905000
 902382
 754478
 551440
 425253
 551655
 718062
 487726
 898082
 309205
 852871
 131912
 338164
 181963
 942616
 198052
 446764
 743071
 537509
 409189
 656150
 141631
 795912
 253873
 29194
 563661
 329587
 138752
 558271
 58044
 122448
 170799
 794777
 710628
 47482
 65646
 818191
 376314
 658714
 560853
 442516
 521147
 597342
 168067
 908346
 340128
 742893
 480982
 735936
 412191
 661672
 134498
 223385
 96385
 951554
 414612
 241894
 852731
 160831
 978670
 291052
 510028
 891260
 388059
 411603
 726883
 670063
 578980
 109749
 563880
 447755
 11004
 407098
 379681
 331078
 479940
 370028
 407943
 914820
 114304
 791718
 797570
 705811
 402311
 964260
 343150
 626926
 688931
 558256
 26328
 477634
 679331
 329382
 828232
 202980
 36767
 765923
 37362
 882691
 341915
 600174
 248388
 488520
 94387
 718737
 919201
 887216
 493516
 723835
 570857
 472099
 592493
 378973
 391044
 143104
 495583
 406862
 901087
 137923
 274288
 509122
 274352
 670730
 461425
 875657
 213415
 985133
 228413
 648591
 697674
 245165
 688289
 661228
 306930
 629386
 10526
 9699
 646084
 374995
 179460
 20706
 592630
 806281
 524268
 897871
 933996
 573365
 414817
 44191
 400295
 630057
 271102
 271111
 377292
 123938
 646716
 942185
 237386
 496626
 415683
 436870
 844209
 797728
 652993
 637354
 908945
 747221
 826458
 279174
 100463
 870868
 225513
 200271
 881177
 364838
 625982
 296435
 109798
 685477
 923076
 843564
 479846
 258825
 608487
 670569
 925378
 185126
 999099
 68965
 849490
 239550
 927327
 319435
 269120
 466861
 572873
 460473
 347561
 163332
 843837
 315436
 545363
 853476
 214659
 448699
 732551
 491486
 886293
 313580
 664393
 20213
 328214
 660919
 828172
 414542
 706532
 283375
 532197
 83720
 795909
 239748
 306824
 847413
 733519
 957184
 549178
 731141
 953642
 217683
 88572
 185644
 994144
 849832
 980529
 820447
 102336
 258051
 695995
 487386
 967131
 794145
 859219
 96714
 909589
 232175
 618566
 262568
 383822
 861901
 535021
 857947
 535448
 478472
 310376
 934959
 716878
 509032
 98471
 450857
 611689
 606995
 882251
 954060
 841083
 864676
 74041
 239325
 666951
 111421
 857961
 870700
 165108
 702430
 417036
 485013
 856008
 750977
 315089
 231981
 249462
 540714
 144555
 930577
 806100
 219952
 181445
 158367
 945339
 475845
 977687
 493905
 247529
 193956
 420445
 631578
 723404
 968603
 290240
 605366
 17849
 855865
 327286
 791464
 41198
 985147
 164030
 161629
 841121
 464285
 309546
 18250
 275094
 614596
 200000
 757881
 698381
 889986
 599348
 545878
 598688
 807266
 228736
 719830
 177731
 478846
 164201
 900449
 2129
 758996
 946753
 397559
 216884
 860044
 145871
 702253
 358350
 109593
 568400
 49600
 39305
 187912
 569132
 926288
 570201
 99850
 558889
 325805
 132007
 602465
 99812
 113127
 586526
 692473
 530767
 98171
 352941
 883817
 577219
 2866
 764044
 873443
 606741
 474063
 213184
 552136
 561454
 345018
 365591
 251438
 600670
 888501
 255686
 157751
 797724
 508190
 695918
 404178
 174336
 819679
 373632
 636547
 445452
 29577
 754936
 698007
 226985
 205693
 12454
 973231
 466090
 261813
 192777
 968665
 48950
 169014
 882195
 399941
 401286
 265936
 894983
 185774
 716571
 981812
 888590
 872393
 851141
 142125
 239689
 209054
 831621
 334437
 155765
 804514
 459060
 490518
 176470
 786277
 248612
 676713
 763882
 218520
 311545
 55828
 977391
 655499
 857142
 558036
 222996
 793497
 878336
 183249
 312113
 682115
 302489
 261468
 549206
 513781
 80317
 159458
 628181
 619523
 778820
 588140
 547948
 576089
 668408
 217777
 859755
 955993
 960441
 178153
 309424
 337002
 677261
 22599
 217375
 274439
 914162
 3284
 778821
 13963
 699435
 946570
 673707
 536632
 915994
 842667
 349112
 485207
 246778
 746140
 125434
 929878
 134132
 421571
 93472
 316261
 597244
 239522
 65065
 398072
 827202
 719935
 50264
 761443
 519927
 996472
 295857
 726443
 231810
 111342
 961575
 790845
 270770
 809814
 455399
 274429
 827460
 761259
 303563
 622279
 894182
 233676
 890613
 127798
 848938
 447308
 13991
 621621
 114128
 78287
 966841
 520511
 425503
 259743
 568744
 314796
 562874
 21860
 0
 192341
 69161
 10438
 255963
 784536
 88857
 352096
 586654
 461538
 875152
 64365
 449646
 705882
 430465
 157113
 136312
 322939
 880905
 271862
 992796
 215383
 967255
 998242
 401054
 703223
 368986
 325656
 496818
 934426
 776530
 660309
 400606
 977023
 418109
 719799
 184111
 808214
 831498
 725433
 523438
 866346
 366121
 993817
 270864
 280836
 683716
 363884
 41043
 459469
 179572
 488623
 852887
 879135
 183486
 831995
 779072
 780284
 562615
 761991
 16056
 284878
 546712
 670358
 589961
 366241
 817601
 957202
 565378
 7280
 37612
 966552
 595441
 135319
 31237
 91636
 367499
 614506
 205417
 33795
 419718
 197934
 752464
 951151
 354307
 553469
 604906
 799119
 351392
 826855
 25806
 958163
 425358
 254949
 93187
 586247
 791825
 299555
 120097
 383621
 206722
 827075
 323101
 205290
 666666
 271676
 334773
 688963
 151890
 975348
 406323
 792884
 801630
 334256
 548542
 659410
 937340
 330522
 795890
 774944
 877419
 389021
 60320
 258488
 15408
 892535
 126612
 282029
 670384
 498925
 382434
 392362
 298145
 274456
 887662
 39722
 684090
 478007
 723518
 419945
 550764
 372599
 650085
 177379
 478244
 496143
 784004
 401174
 761762
 406564
 243902
 626482
 670739
 472770
 68162
 421764
 231442
 701117
 745126
 170013
 236398
 476674
 397954
 341042
 120840
 620915
 965767
 965772
 288865
 426396
 298647
 329390
 920765
 87554
 862333
 266122
 119353
 245625
 329383
 58387
 961038
 401339
 506559
 588616
 449687
 665328
 535742
 833113
 583198
 734855
 203315
 735510
 381790
 885786
 950985
 122771
 466993
 227562
 24141
 657865
 147067
 817190
 444531
 891046
 880239
 697226
 4645
 698830
 703687
 879319
 512690
 949386
 408385
 497802
 767153
 251702
 393822
 57368
 524672
 448829
 339130
 603583
 498192
 132399
 360391
 654232
 788220
 514877
 371803
 824286
 306019
 424427
 743231
 581938
 167817
 83038
 215938
 318415
 421587
 28571
 991876
 0
 560344
 912249
 809476
 424258
 930801
 143694
 177689
 900846
 81781
 557946
 842689
 103594
 144329
 439252
 261356
 482331
 255340
 344340
 463276
 661119
 841463
 362091
 351517
 53537
 8097
 819713
 56349
 595089
 865649
 873769
 116866
 867711
 853373
 743338
 714529
 820636
 193851
 261159
 297403
 357065
 854230
 845749
 764819
 728614
 399999
 697829
 166886
 934705
 252455
 32169
 899357
 973947
 875719
 629212
 895190
 799052
 296941
 248738
 49405
 309238
 638718
 148415
 204394
 381070
 135069
 569319
 357153
 536523
 969462
 870061
 728311
 487596
 999784
 973372
 542630
 525400
 981707
 666379
 753762
 428034
 91785
 773532
 842163
 818232
 722222
 219678
 59811
 138223
 466367
 37735
 890852
 945165
 241983
 696342
 620362
 484162
 468800
 878108
 411460
 39525
 13402
 87235
 110537
 13071
 700912
 657734
 19077
 707268
 621638
 205226
 943181
 600743
 113358
 975860
 540686
 622663
 502369
 403310
 872998
 765674
 72486
 646460
 113918
 101544
 896307
 463645
 927647
 221212
 279080
 114285
 636528
 547671
 449103
 303132
 356220
 449233
 818108
 22140
 862156
 801910
 629876
 26400
 62146
 494676
 141086
 345308
 758236
 973483
 432296
 340990
 722400
 329541
 4705
 713503
 28591
 297516
 201151
 750980
 783889
 98572
 104537
 35830
 585000
 380897
 626876
 690975
 585741
 75224
 389761
 699350
 282982
 725099
 307131
 859442
 42191
 775633
 326117
 3014
 73999
 665625
 763043
 446766
 587196
 666934
 777622
 726981
 883912
 932607
 203109
 130902
 813047
 932510
 814763
 165687
 659617
 590664
 367452
 219880
 220858
 539041
 287250
 277053
 432896
 864009
 971412
 326410
 90832
 984190
 104934
 471463
 583344
 209998
 513083
 239988
 852822
 651223
 762662
 624438
 929577
 445789
 36384
 442503
 456359
 343226
 1582
 116468
 38346
 676867
 72713
 373488
 489670
 205044
 329816
 855672
 263001
 362559
 79950
 787390
 583778
 80106
 932673
 496809
 28317
 274775
 718533
 712438
 832712
 202547
 526804
 728856
 257993
 608004
 299883
 52956
 958135
 3071
 460516
 812412
 333147
 178390
 157353
 181994
 157727
 651226
 757709
 253092
 467226
 364861
 104166
 513034
 301862
 141545
 419268
 298600
 188712
 190249
 391023
 515717
 25910
 741574
 977043
 237300
 570584
 552786
 581673
 894141
 947358
 72088
 493496
 246628
 478460
 475968
 643498
 141614
 368357
 190105
 667534
 423397
 192689
 70887
 590828
 981899
 869811
 768888
 752556
 580880
 304316
 379392
 497417
 86841
 804217
 614688
 48871
 622169
 467925
 177952
 879699
 486368
 341212
 117304
 464508
 469780
 373682
 128015
 313336
 556881
 44637
 282295
 2979
 276235
 12517
 219564
 104110
 233034
 677566
 7418
 828326
 56045
 497819
 181199
 106567
 230080
 209611
 893994
 647021
 410293
 269751
 182463
 412504
 414831
 837145
 587320
 313672
 428571
 905334
 8464
 824309
 832665
 344655
 687733
 286497
 952613
 479787
 234770
 1289
 182196
 384873
 280281
 845806
 441398
 390293
 252256
 632422
 965866
 852214
 470588
 949179
 265186
 166577
 247320
 225897
 257968
 84089
 695851
 615973
 179424
 651564
 47111
 232685
 342036
 251365
 603728
 322254
 580911
 965177
 686173
 435573
 167808
 920242
 955829
 370049
 66749
 625177
 115396
 299486
 534211
 238284
 453280
 928754
 346487
 770000
 802982
 677938
 162018
 464527
 464042
 293516
 979129
 264336
 71065
 946357
 999868
 697419
 983353
 658333
 558851
 661027
 23402
 241646
 511461
 107267
 789953
 503193
 172130
 628645
 639919
 86790
 770031
 155289
 739665
 595610
 988669
 742813
 821282
 477719
 714285
 453668
 29376
 821046
 713110
 962076
 717408
 171048
 843212
 925086
 188206
 877253
 577236
 722270
 317866
 854314
 244852
 311729
 593921
 555750
 261484
 843875
 507454
 678992
 73696
 343541
 662847
 962501
 130699
 15065
 114508
 52614
 968746
 332707
 334751
 548387
 297182
 990001
 27810
 388675
 128518
 791752
 982933
 462375
 461734
 865856
 742629
 342284
 985518
 327001
 13157
 941933
 591607
 840692
 158660
 76144
 237125
 446407
 205191
 86451
 156594
 37695
 729506
 124668
 825688
 474889
 682972
 912859
 879576
 251436
 176169
 55941
 910755
 445623
 175506
 152154
 659047
 65320
 355155
 714831
 94313
 718558
 137104
 273015
 17689
 717947
 775678
 755911
 824505
 917973
 441647
 670736
 920986
 792827
 607094
 389427
 967841
 446341
 182496
 396417
 137009
 914212
 826074
 319234
 361862
 856327
 986210
 713328
 866453
 273515
 978133
 316477
 642912
 597128
 945039
 145996
 950405
 166909
 786499
 518366
 91491
 245306
 144950
 419825
 101342
 880778
 749627
 997308
 414925
 455326
 147753
 727733
 27606
 547289
 606090
 298050
 811530
 558497
 24471
 482034
 393442
 677633
 475247
 779883
 731224
 987253
 205809
 617091
 751214
 727354
 829406
 451593
 374370
 846169
 75176
 475572
 364482
 589803
 684947
 497675
 582429
 740538
 56074
 33226
 585797
 178610
 601664
 202891
 710777
 395977
 802397
 544119
 685589
 225103
 406533
 681857
 78924
 923753
 22603
 72444
 405405
 993808
 414186
 433494
 215568
 254992
 1321
 582274
 676056
 878533
 498114
 746085
 886198
 393006
 675770
 979710
 714285
 37810
 966383
 665809
 664695
 679021
 608905
 771353
 280148
 499501
 100202
 218094
 963262
 255977
 525238
 398283
 244277
 705487
 449747
 750837
 113043
 154989
 840724
 789888
 977344
 124098
 944489
 394285
 619718
 698734
 943265
 522521
 257916
 310619
 493790
 164585
 752306
 823529
 115143
 135068
 626188
 604963
 842602
 236570
 221998
 770077
 9824
 270921
 853874
 301745
 834772
 586481
 956974
 792156
 574981
 487205
 968327
 170502
 626005
 891249
 797151
 901229
 502987
 134796
 755790
 856989
 952939
 669416
 550435
 30700
 21781
 533333
 767970
 29381
 239735
 313281
 379161
 455253
 1102
 195954
 90683
 367027
 607924
 390385
 270644
 345163
 985302
 171736
 13239
 868840
 831082
 236949
 630159
 287084
 596129
 601886
 485807
 779063
 330297
 239173
 666830
 388811
 720957
 993739
 104235
 900121
 405596
 635135
 503865
 37280
 619437
 420352
 758560
 923168
 773368
 576399
 984188
 727432
 62169
 470715
 325960
 721772
 679231
 451108
 239732
 86741
 83062
 329799
 554459
 333969
 146675
 834881
 493627
 36635
 14257
 118466
 264264
 766013
 703305
 659520
 252204
 37534
 182292
 640935
 280701
 60963
 966001
 301862
 506820
 71850
 916943
 180349
 858985
 365957
 381463
 12007
 936668
 253909
 778625
 711048
 211720
 508940
 814682
 757575
 481502
 783107
 387824
 452092
 821064
 959134
 549431
 470490
 803640
 829469
 743261
 554192
 536807
 256405
 990073
 440883
 501854
 115056
 971871
 331126
 256477
 937602
 652749
 859649
 718164
 487568
 9244
 819889
 745825
 537248
 46945
 222532
 281551
 112758
 520159
 607136
 46606
 921673
 350350
 499035
 767908
 619032
 620159
 432355
 838946
 691682
 529411
 359566
 346938
 481656
 7556
 938018
 967543
 511593
 403461
 777193
 190845
 133328
 555487
 913186
 717761
 1998
 658215
 806354
 249191
 338922
 715143
 997609
 277837
 264120
 436140
 871418
 378583
 782637
 254702
 373508
 155367
 570019
 298578
 649194
 656380
 825979
 125550
 520377
 891189
 54089
 566308
 624113
 412131
 570831
 753273
 937253
 941704
 714562
 462450
 443804
 546500
 92505
 347363
 745472
 396566
 228837
 834976
 710898
 296783
 160635
 222320
 291993
 786278
 843178
 437608
 811394
 594654
 140118
 915097
 972397
 977999
 43226
 529494
 786661
 43147
 319330
 347826
 764973
 753436
 60361
 384296
 609625
 406603
 5515
 391934
 316513
 192474
 709605
 145336
 722591
 752861
 981898
 967669
 696467
 308968
 286773
 355779
 716199
 941021
 248634
 233449
 833214
 534482
 291191
 313515
 108298
 71968
 536146
 246089
 981640
 682091
 243153
 211377
 350831
 6226
 922355
 669484
 114124
 739415
 671252
 342571
 6622
 26513
 920930
 606711
 774553
 469541
 838696
 533579
 101028
 856467
 354615
 738969
 643602
 981601
 140815
 246544
 175804
 796196
 927140
 252252
 562712
 23252
 234537
 565888
 592403
 340690
 868749
 694597
 177026
 297613
 353583
 779853
 873895
 978947
 904231
 85068
 953894
 175429
 539281
 380165
 929055
 996927
 422597
 784839
 893165
 252287
 677778
 565663
 692866
 538438
 839525
 414035
 404536
 27594
 880203
 716129
 114191
 669740
 839536
 629711
 544590
 861454
 266067
 507152
 143275
 383844
 694670
 655521
 983938
 194854
 778683
 580161
 451102
 10987
 226324
 418109
 358641
 723775
 377855
 205147
 822126
 285553
 794558
 847664
 749260
 564807
 148900
 111177
 449869
 546069
 562710
 388562
 733265
 290198
 258781
 601015
 118429
 604284
 248392
 484313
 222164
 113423
 980952
 643549
 145098
 321306
 522025
 729458
 924659
 301553
 908532
 565629
 811844
 270696
 169140
 533770
 416327
 444037
 845598
 891387
 854100
 153461
 265741
 436653
 817796
 908356
 879288
 337679
 352575
 766021
 521467
 819395
 768956
 729459
 443863
 183002
 69990
 412191
 250326
 478345
 99821
 712341
 791557
 208284
 486586
 800452
 650687
 857524
 584275
 112549
 518047
 926124
 131275
 115983
 291139
 779300
 262161
 721405
 845051
 91414
 103426
 373219
 57462
 417350
 440563
 980839
 300175
 255372
 191376
 808164
 80674
 115158
 461993
 992742
 698985
 915596
 353407
 633382
 126368
 919008
 119798
 338137
 48149
 123877
 269139
 779149
 441737
 693459
 683724
 841663
 347738
 115158
 527864
 428785
 448778
 83907
 262295
 314074
 166775
 203080
 606567
 79139
 398529
 427220
 890337
 932334
 30557
 364055
 345648
 312763
 623912
 932731
 918886
 163461
 384675
 93442
 56868
 436707
 144339
 985190
 701492
 843772
 833320
 193264
 71096
 406672
 604003
 192204
 449187
 814730
 662969
 134150
 86233
 370029
 905520
 810017
 425454
 253988
 200071
 100714
 392018
 271979
 356254
 127563
 626464
 553073
 56922
 749754
 254962
 821732
 259352
 452126
 782031
 263643
 624993
 322771
 368009
 582702
 824422
 165609
 586605
 70727
 524705
 618254
 675629
 520884
 7219
 639639
 581270
 607484
 123287
 458947
 341277
 567305
 277169
 4536
 843985
 587290
 343210
 995043
 991836
 445130
 394230
 822910
 765213
 183844
 198507
 571428
 699088
 928143
 391162
 775781
 912430
 444056
 371980
 241604
 236467
 284734
 232026
 376160
 918308
 371002
 484183
 758994
 409649
 359442
 269013
 743949
 38929
 101908
 562264
 894405
 233730
 165418
 425920
 251757
 941002
 244114
 169786
 650301
 680190
 755976
 887459
 42320
 825535
 265482
 217573
 185010
 728070
 47890
 184100
 221641
 370035
 388848
 373264
 447834
 489616
 16124
 945845
 893831
 331668
 213632
 70699
 470914
 322981
 422051
 512305
 312661
 802120
 582089
 943813
 879548
 502693
 11546
 452423
 74798
 228151
 507679
 552574
 959055
 103413
 721453
 153355
 29239
 923818
 628554
 502919
 722660
 852521
 564704
 637102
 470457
 202798
 178699
 478063
 236848
 533446
 486027
 370730
 495156
 192145
 530276
 451368
 225729
 594748
 966903
 512603
 230580
 7299
 73698
 744903
 613476
 31631
 803968
 671861
 823400
 63171
 642299
 492981
 950381
 979214
 11700
 59161
 724330
 668019
 759922
 228293
 988176
 697849
 919385
 849289
 694955
 925154
 51514
 699492
 347754
 728766
 228820
 754152
 3993
 582019
 626625
 550294
 577532
 156949
 771889
 868904
 373278
 621446
 852075
 420977
 850092
 871329
 619512
 673456
 842543
 37065
 910193
 321768
 590105
 653551
 855310
 713235
 211128
 646575
 806402
 800244
 988070
 411452
 221880
 746654
 193073
 513076
 547925
 949560
 990825
 328409
 832757
 243626
 838546
 516080
 891015
 777861
 706869
 646258
 725173
 828396
 297390
 194346
 97636
 745679
 473131
 927835
 442914
 370951
 691239
 962588
 777956
 847909
 278756
 532850
 13274
 920046
 210289
 49357
 406693
 876882
 639228
 65118
 535017
 998168
 248956
 191888
 964179
 712590
 211627
 847403
 202253
 975895
 431212
 421052
 414128
 989008
 81263
 691458
 198761
 456744
 131667
 530616
 860091
 903713
 676875
 185349
 75961
 797327
 730830
 983671
 537753
 209346
 664823
 652399
 18361
 968739
 294593
 301213
 690048
 155477
 30356
 129502
 975555
 725971
 805102
 801732
 90989
 693165
 382424
 428992
 390317
 208932
 859922
 192820
 592651
 639509
 239582
 799797
 930401
 583182
 477785
 129782
 996049
 578647
 852572
 745161
 843717
 306390
 97069
 451451
 634913
 590433
 225747
 567921
 903769
 228385
 698490
 489021
 242486
 428624
 317709
 413313
 145609
 875078
 629629
 681159
 331806
 844416
 997469
 566357
 981741
 958237
 154704
 367777
 428176
 350857
 550060
 252796
 707015
 164772
 442296
 335124
 235605
 193706
 997935
 367278
 83940
 560351
 355526
 997113
 631331
 934910
 106106
 994131
 236877
 18419
 627179
 68592
 568373
 866280
 780892
 759674
 793199
 38662
 135855
 755538
 47233
 391948
 540777
 931370
 714699
 744162
 360812
 290200
 895971
 170930
 432106
 179848
 930792
 509113
 618820
 613325
 918882
 3813
 593364
 345794
 199049
 632114
 718300
 938144
 189841
 633787
 675819
 487451
 770467
 764279
 945059
 339828
 73572
 236890
 64788
 765725
 453077
 423035
 565057
 344292
 942031
 825065
 831788
 155646
 947080
 592167
 402614
 588861
 54441
 91703
 945263
 269872
 641434
 494663
 754418
 337671
 895726
 453095
 271834
 239790
 761323
 47619
 268085
 67608
 527060
 577556
 314161
 312404
 409616
 534741
 113129
 164854
 734265
 996667
 168474
 427139
 968284
 251031
 612404
 274004
 489351
 134848
 377965
 907973
 169051
 416214
 57491
 804683
 856965
 996267
 230045
 772724
 398222
 663673
 754047
 250285
 215509
 946684
 93814
 828709
 819546
 861488
 656253
 645412
 976867
 79076
 280470
 336146
 269598
 906158
 923449
 593815
 746363
 0
 356435
 408336
 653085
 207139
 127794
 777473
 471406
 744793
 502428
 566389
 347714
 286007
 234750
 285592
 341164
 395493
 954486
 764921
 719753
 30477
 821937
 402239
 100721
 626966
 977139
 297852
 246803
 157752
 129798
 336043
 520868
 893020
 218123
 562458
 439596
 589067
 212672
 222378
 692725
 975810
 490987
 240791
 38946
 627508
 915558
 799805
 95277
 147448
 161314
 722053
 969962
 94240
 224719
 383486
 931082
 696299
 478493
 275902
 377880
 712842
 679569
 345758
 379876
 591679
 662802
 575180
 12288
 233391
 975514
 357389
 901358
 652021
 298725
 168213
 900065
 557424
 486636
 362046
 675123
 640316
 152842
 418313
 470625
 386865
 756095
 598171
 283174
 901507
 589294
 582828
 63506
 720453
 55118
 884220
 246754
 863486
 553488
 320526
 283448
 887757
 925510
 386774
 871690
 544840
 663112
 350033
 210438
 667363
 529622
 740306
 516354
 253871
 708922
 763630
 866063
 199597
 416999
 307296
 211596
 909153
 20524
 424514
 210234
 533466
 213436
 990957
 903643
 293785
 345253
 684465
 42955
 406021
 194022
 213363
 503122
 984109
 729574
 92315
 624840
 418856
 156495
 542340
 419683
 313017
 611100
 44526
 321586
 513112
 647277
 599281
 221552
 352941
 955366
 673361
 829059
 45558
 167916
 206715
 405191
 498770
 826832
 226831
 140116
 360441
 863353
 383626
 568527
 35397
 359111
 567593
 400558
 183918
 329384
 284279
 732822
 685419
 111644
 19498
 239183
 365906
 672126
 689736
 190546
 888466
 874109
 199231
 628614
 970971
 409009
 236779
 657456
 912454
 499473
 471683
 413466
 906112
 944875
 377383
 33803
 98067
 47557
 700400
 644645
 672507
 35490
 192513
 188921
 930803
 515727
 441349
 891677
 463265
 945098
 247221
 666375
 619330
 370828
 175720
 673884
 697717
 942925
 522558
 176429
 559557
 762745
 576825
 178670
 101856
 565976
 324646
 938006
 384763
 364839
 994313
 358782
 447961
 452570
 862276
 613835
 304312
 108035
 454137
 657473
 705882
 694130
 975510
 69261
 935249
 130294
 492859
 182540
 493705
 158075
 784508
 226890
 521379
 244140
 987704
 661720
 84457
 225334
 664666
 418276
 431032
 54824
 930294
 595249
 785280
 562725
 785773
 54643
 27270
 750184
 366119
 306467
 866331
 546285
 695149
 394111
 582015
 884229
 975522
 477477
 296494
 175313
 55201
 438855
 145371
 6862
 690141
 955253
 215130
 300890
 849966
 796578
 273917
 527520
 700157
 246563
 198110
 105555
 238757
 511002
 328296
 446960
 902328
 671717
 937731
 135968
 645923
 732793
 457125
 904729
 269230
 83498
 359189
 980125
 172361
 293768
 779617
 849732
 228000
 661962
 129139
 663551
 420333
 109564
 335031
 641633
 652557
 761001
 693606
 95244
 557785
 43137
 148660
 905224
 455201
 94830
 916658
 976727
 934989
 390277
 670807
 463301
 336600
 190228
 815073
 455304
 785634
 656089
 662876
 736907
 111867
 841942
 965006
 882773
 849913
 512215
 27867
 224472
 585302
 987792
 5552
 694465
 835075
 348781
 455584
 671640
 708420
 639615
 138617
 658414
 38427
 62265
 301160
 80700
 146204
 209685
 4950
 284021
 477380
 312966
 547649
 369816
 465293
 406495
 961413
 944774
 745770
 468642
 939432
 927446
 513530
 567992
 77618
 88318
 462123
 203601
 934373
 288766
 114205
 164859
 471120
 133024
 498381
 804709
 95533
 218365
 478873
 263229
 294850
 372076
 208348
 39486
 943598
 14381
 334223
 581820
 434948
 139600
 643210
 61232
 88501
 492537
 183572
 778479
 180461
 647483
 102437
 159513
 749863
 229737
 94436
 188134
 175903
 100164
 369533
 919188
 583204
 179205
 798477
 10499
 532001
 228352
 751384
 642915
 559755
 583515
 815989
 867749
 258291
 644100
 169517
 769294
 646250
 717527
 327586
 994096
 437185
 90649
 291831
 701566
 981794
 149983
 393442
 89309
 471549
 67674
 781429
 105910
 193512
 847069
 912160
 600701
 56054
 496103
 755824
 488334
 834072
 396777
 571218
 218764
 137931
 76970
 783783
 557458
 485089
 361136
 87343
 807120
 579195
 195360
 647109
 954045
 407629
 59495
 422425
 227009
 980856
 297213
 70099
 33738
 363636
 55662
 567400
 952395
 885748
 954773
 901023
 575370
 356545
 661157
 636621
 128027
 697796
 814814
 59810
 706212
 242415
 572482
 969167
 108757
 11106
 332635
 901136
 271278
 311885
 265649
 235294
 684199
 809601
 303231
 765553
 823471
 863939
 527000
 623904
 633477
 249577
 911176
 354223
 952069
 194798
 851018
 774535
 469383
 656499
 565503
 89929
 808473
 478879
 59216
 598953
 206305
 324456
 237941
 789746
 495462
 751839
 145610
 85585
 896161
 879567
 9241
 411302
 332104
 737798
 800693
 306830
 763471
 582587
 240546
 610050
 538364
 257060
 258438
 273909
 530467
 347093
 695337
 160047
 720720
 695249
 95397
 806215
 549668
 659419
 670526
 411665
 66442
 510786
 957894
 690591
 146978
 730113
 614118
 293359
 721579
 561509
 860984
 883342
 724626
 798393
 252919
 804958
 12355
 748489
 72456
 292391
 411078
 265448
 280948
 589879
 611495
 83874
 59686
 675616
 784691
 192479
 412468
 216867
 229380
 178787
 382897
 726260
 238973
 809554
 587133
 760346
 617238
 280677
 216789
 629213
 386064
 38863
 251919
 501906
 239660
 440564
 333000
 597382
 210263
 7576
 545081
 47581
 745746
 13032
 632751
 975692
 935944
 919732
 263711
 684654
 480242
 996114
 311720
 394847
 458427
 461776
 631001
 576912
 780407
 785109
 807677
 36703
 388480
 507253
 704577
 41635
 967616
 34222
 424656
 950825
 286115
 317282
 822148
 40434
 626701
 13487
 589473
 953688
 338743
 7740
 385125
 461424
 967033
 991976
 254011
 894046
 621496
 122639
 72093
 497029
 921568
 646653
 715765
 995709
 34382
 930878
 168311
 62679
 699220
 34734
 665439
 370843
 309992
 477688
 621840
 324139
 473482
 706082
 735978
 21297
 685046
 405628
 172179
 631205
 574614
 399804
 259133
 895715
 775017
 676152
 684332
 753998
 684808
 190713
 110191
 905602
 658987
 541716
 812847
 460154
 502812
 643996
 896990
 968720
 454935
 199462
 816463
 193863
 271331
 651814
 302179
 553494
 716304
 131313
 114547
 613220
 446937
 304720
 46302
 743579
 562298
 107874
 392001
 862213
 514506
 508429
 981347
 20392
 83253
 679132
 465456
 808066
 560057
 597125
 999072
 513773
 791831
 992509
 323069
 152173
 24769
 131184
 880159
 811483
 635687
 698442
 744573
 729886
 340067
 515178
 105998
 749475
 149908
 699867
 207550
 999405
 869894
 88304
 33291
 567019
 704697
 226011
 632390
 694713
 637728
 749777
 62207
 994162
 372605
 49001
 138779
 758551
 358180
 109628
 231499
 880866
 633535
 589116
 936733
 699248
 606920
 838977
 125649
 733120
 762422
 353604
 748278
 938157
 322477
 392678
 736098
 667287
 795098
 266844
 689909
 861775
 89807
 130841
 577595
 912350
 904017
 11243
 812048
 719520
 654102
 630124
 658536
 374744
 110034
 35472
 566325
 861338
 20898
 476251
 71428
 916696
 966921
 140729
 464668
 403985
 802211
 148644
 816026
 385714
 685628
 511589
 570092
 886583
 407305
 996756
 350184
 996928
 630556
 761738
 982822
 151515
 93445
 200111
 461944
 407392
 394042
 307501
 936936
 554412
 510071
 472364
 782250
 636021
 88323
 389547
 683800
 254880
 208691
 252132
 691572
 662117
 925624
 870659
 338879
 601753
 445326
 512410
 314207
 40816
 926365
 128015
 553008
 233506
 173610
 911620
 357980
 97547
 469243
 108353
 918852
 606946
 360499
 584233
 159624
 349993
 314516
 377657
 422535
 693138
 555183
 430717
 973553
 550431
 86772
 13049
 368631
 678869
 856345
 513743
 485721
 202898
 551972
 124436
 376929
 957974
 631246
 181665
 820784
 606940
 710847
 129282
 147352
 396301
 906433
 483005
 285994
 121774
 830891
 475290
 493806
 686241
 943754
 876746
 108154
 950336
 697526
 609229
 551037
 318194
 633226
 575586
 378385
 809100
 841507
 613001
 634944
 252252
 789115
 168019
 508528
 31491
 884157
 35714
 440770
 127973
 463232
 413798
 598931
 719717
 43086
 187978
 128315
 272484
 658085
 302541
 648210
 177391
 328634
 766049
 973848
 965728
 760956
 140458
 979959
 561643
 616068
 153563
 864403
 764074
 934013
 184064
 397761
 397820
 144869
 696672
 107127
 848269
 751431
 6411
 380104
 949553
 328697
 934304
 990306
 847185
 228934
 539748
 976947
 202132
 400301
 478249
 311299
 263287
 360302
 624903
 541645
 249260
 303713
 471563
 367035
 845581
 276673
 742648
 481098
 99397
 222164
 720333
 511884
 558999
 5871
 928197
 286644
 582354
 59625
 902914
 910832
 829567
 590312
 520160
 462913
 319635
 510046
 165247
 225687
 862555
 570096
 369401
 860033
 465719
 248999
 646209
 924528
 105867
 583476
 882882
 198753
 658568
 345622
 559797
 559723
 199999
 665024
 264670
 924969
 739652
 592099
 346576
 962556
 411764
 849686
 35246
 659040
 552655
 580499
 769230
 115986
 96579
 205525
 291473
 27043
 389167
 299755
 713337
 899023
 510021
 423664
 842070
 685917
 200457
 88900
 453251
 461914
 985385
 840111
 259019
 158234
 736903
 625982
 993142
 388235
 91329
 621464
 511870
 533077
 387096
 822579
 537120
 718171
 684149
 766667
 59385
 997498
 220153
 268258
 443746
 172571
 66537
 139430
 823569
 623973
 81153
 526964
 331201
 386416
 422021
 509707
 446456
 94784
 539456
 965185
 208292
 916355
 939152
 890670
 604959
 812741
 791480
 785256
 858191
 351459
 824122
 784732
 873659
 433136
 230945
 20522
 929719
 880092
 938281
 574222
 814636
 217735
 846532
 737541
 585630
 581812
 429401
 381898
 64774
 894435
 799492
 87982
 554738
 198125
 78111
 315831
 663665
 188452
 223934
 721153
 115617
 449191
 6444
 623787
 324954
 368421
 710937
 864561
 516202
 765858
 799329
 509467
 717121
 277528
 347239
 8923
 923528
 925384
 712745
 414838
 913746
 971898
 747063
 856355
 762565
 677098
 653763
 127386
 45274
 130252
 477203
 602789
 108646
 436951
 257655
 730830
 462545
 435738
 527092
 350972
 606492
 431714
 73876
 951743
 233499
 442111
 608548
 110002
 539799
 458870
 667934
 551418
 279123
 1439
 732945
 70399
 222325
 737202
 961380
 44432
 433934
 798235
 75668
 526256
 197040
 568258
 457307
 379647
 272158
 829343
 367496
 616778
 998734
 467331
 622730
 895022
 514700
 457045
 977743
 840703
 355225
 437963
 757586
 932086
 673479
 334321
 142498
 99958
 879483
 373113
 762775
 601747
 296773
 28943
 271537
 734901
 85745
 157238
 502453
 276356
 637159
 397575
 781843
 582995
 170277
 970114
 779760
 408839
 242829
 563490
 236943
 773088
 856677
 650608
 159151
 755335
 836826
 171698
 695342
 345418
 956594
 151862
 369230
 370837
 446841
 374264
 674770
 77588
 710551
 882558
 404087
 538347
 521128
 818074
 537186
 264321
 614492
 622683
 236989
 382453
 508336
 324269
 692878
 887817
 692618
 398218
 532814
 313803
 967796
 530313
 697502
 609838
 856769
 690146
 933883
 119426
 965579
 49723
 199648
 472407
 380952
 989658
 974984
 365083
 760895
 453311
 403800
 967741
 196363
 28126
 521216
 229040
 842943
 174447
 616009
 561558
 650424
 861722
 279815
 832815
 349606
 236824
 694201
 174315
 675727
 34004
 787807
 1607
 140966
 139917
 472730
 60226
 286956
 164882
 432454
 751703
 220638
 883776
 434081
 13276
 974141
 938824
 761481
 867211
 513804
 612710
 590434
 373514
 582596
 867741
 909423
 16808
 0
 997454
 632270
 42016
 428687
 557458
 48406
 364091
 596614
 339043
 516243
 680672
 567275
 853854
 658001
 978907
 278260
 167462
 656240
 913172
 609175
 400106
 558441
 987239
 619967
 650110
 233343
 347467
 28900
 660976
 116904
 911710
 473869
 755543
 198580
 741647
 263366
 372501
 660706
 250497
 730944
 652720
 191055
 633228
 2022
 54338
 593879
 857351
 263741
 273327
 673916
 577829
 967367
 276703
 340206
 219965
 155344
 378202
 929486
 327993
 555392
 520489
 492152
 556924
 954414
 940840
 164736
 794885
 203761
 516483
 761061
 273962
 987955
 957368
 945837
 225873
 441379
 998020
 854798
 241025
 600251
 480018
 770128
 603148
 670419
 661631
 391020
 287338
 464243
 962146
 771677
 167453
 449814
 465252
 48632
 51282
 905705
 861520
 984263
 881802
 116604
 620064
 358827
 334604
 462068
 181285
 30039
 858407
 250478
 195634
 678805
 411417
 141709
 915362
 584526
 616345
 369720
 454545
 162607
 645308
 58467
 669674
 674861
 366533
 614076
 184144
 574740
 723529
 349820
 44387
 0
 57826
 568412
 836250
 482400
 59587
 317766
 142991
 410966
 649729
 481751
 340027
 241058
 348896
 363334
 50048
 349723
 771
 174909
 707509
 523410
 639558
 606299
 903100
 565065
 496844
 129053
 306493
 425721
 173355
 225988
 727426
 576576
 367030
 701597
 652173
 914474
 153228
 909694
 605445
 463296
 337662
 388376
 172413
 163503
 503090
 437924
 636878
 302811
 957427
 229572
 24214
 327320
 697321
 378261
 316637
 699027
 553740
 125275
 947863
 733429
 608959
 702337
 938560
 790419
 616580
 273542
 588828
 362325
 830459
 451008
 154967
 453356
 731598
 708984
 186599
 271132
 558964
 524266
 445537
 637247
 499106
 287937
 334384
 48052
 269073
 626816
 652735
 793634
 643874
 917493
 302145
 55712
 157360
 242165
 135534
 65497
 673701
 685969
 128980
 582730
 770731
 23694
 646181
 692374
 359598
 56775
 800000
 546827
 821070
 302645
 279535
 989016
 292313
 803088
 79124
 31968
 160576
 935862
 568939
 723674
 898823
 748651
 12349
 554121
 890627
 625940
 230719
 192893
 893459
 997758
 59108
 500642
 513912
 116109
 835252
 122087
 576058
 190232
 838233
 365453
 818005
 528498
 221585
 224937
 923211
 203927
 792388
 15758
 327076
 664476
 443745
 655032
 54054
 163483
 385310
 283767
 171100
 921130
 90555
 862295
 824506
 744006
 235062
 722483
 520817
 427668
 508838
 26075
 380624
 953748
 282086
 746518
 428490
 395268
 434095
 621865
 461365
 364752
 545985
 381604
 973657
 412262
 688236
 987351
 109499
 130199
 267343
 295454
 630094
 38794
 523380
 720
 140271
 548245
 861147
 425612
 607569
 994666
 517340
 816699
 127450
 291650
 539741
 22479
 806347
 270458
 740374
 644495
 108554
 175262
 868356
 346062
 184197
 342314
 998868
 497867
 836142
 457459
 56025
 875335
 217545
 84766
 511350
 647046
 592269
 996775
 627746
 978826
 730179
 955492
 152246
 183631
 249359
 185693
 548880
 445938
 581301
 509508
 402145
 558160
 179591
 623818
 932282
 635294
 658330
 156028
 62576
 564866
 414012
 426373
 689616
 868364
 344535
 687128
 460008
 986781
 934209
 79464
 967685
 166173
 670971
 40227
 849321
 812259
 998845
 262607
 795042
 730563
 730017
 700234
 309406
 29990
 648590
 263867
 13881
 313012
 144596
 650766
 570323
 931656
 794296
 235821
 119291
 53406
 148789
 51301
 263166
 779099
 319578
 418089
 702464
 925406
 516857
 242654
 399440
 956668
 636525
 681663
 677536
 392773
 104802
 782557
 346434
 494944
 811808
 634746
 819364
 307936
 390907
 873444
 631893
 551932
 266498
 461859
 425897
 341228
 424988
 132408
 851217
 847267
 571022
 299085
 957860
 146392
 649516
 804950
 507002
 681276
 196721
 668260
 695025
 624583
 670078
 961088
 662115
 292682
 349127
 849762
 845203
 22752
 507246
 988482
 681324
 845059
 278305
 572075
 179673
 828772
 810632
 417723
 455989
 919571
 411619
 483971
 422291
 130773
 672551
 43317
 131821
 725357
 174804
 779402
 141945
 283329
 113892
 193238
 648954
 823266
 25170
 534992
 936290
 655030
 247419
 776979
 269449
 239130
 704918
 77788
 771137
 706280
 146924
 179656
 502777
 743364
 765406
 526486
 725310
 750339
 7459
 95510
 403948
 513001
 68885
 342806
 244541
 642068
 960561
 969325
 962806
 365346
 5652
 463894
 71299
 227039
 982448
 508819
 59189
 526459
 852219
 531420
 619880
 250739
 639941
 898216
 674468
 223481
 899228
 285415
 7878
 87155
 201883
 262122
 14362
 621545
 490404
 693856
 767441
 518480
 728009
 703770
 835728
 487657
 789084
 483807
 746999
 32680
 348837
 433696
 665728
 449078
 510031
 234260
 216000
 672751
 131087
 757691
 378196
 579087
 231854
 634874
 953207
 998104
 275786
 58641
 926912
 10887
 474017
 171655
 457004
 922137
 760525
 581619
 741653
 590831
 273084
 795458
 712232
 489128
 776854
 817726
 171642
 725939
 327490
 492046
 315199
 645662
 362889
 396039
 303782
 560030
 259356
 30919
 247077
 431686
 36026
 454999
 884018
 875739
 777590
 153123
 223776
 633823
 118705
 745013
 708068
 728660
 650466
 185095
 635991
 941064
 936960
 803468
 973750
 555125
 734451
 642458
 812270
 483660
 910290
 629143
 596033
 297918
 328192
 66298
 84380
 431628
 926980
 880335
 975774
 416422
 230303
 45241
 133817
 404065
 227416
 256564
 575440
 674279
 772790
 783740
 207282
 630462
 728086
 15050
 997723
 721353
 909495
 526844
 455292
 92078
 676382
 410098
 237423
 343837
 517922
 829307
 806912
 414103
 367718
 588981
 238493
 947344
 109196
 594928
 210256
 669861
 908230
 325674
 255683
 926250
 778952
 374640
 461895
 205031
 408153
 709859
 703537
 439737
 282482
 461088
 251570
 13500
 987693
 725740
 284951
 213864
 157667
 861661
 439716
 416800
 458693
 933259
 933705
 573004
 779996
 217225
 236514
 306930
 735518
 884214
 177562
 660000
 720726
 493142
 990526
 208955
 614124
 789223
 481986
 185708
 691734
 145228
 11842
 112620
 928561
 583744
 907918
 766423
 663625
 650447
 682501
 414735
 305440
 285109
 468680
 872340
 950563
 640887
 366832
 563809
 7581
 343541
 203131
 87560
 459961
 614781
 751601
 151830
 380416
 902439
 608034
 261354
 153296
 903328
 673407
 113979
 934330
 513316
 539566
 129894
 492662
 274165
 945390
 331523
 183753
 344489
 295541
 464042
 421538
 347075
 303166
 564895
 985507
 946000
 201228
 756917
 166666
 992930
 597388
 603550
 547285
 931746
 513691
 17499
 492766
 896645
 414485
 690964
 966101
 900660
 569115
 944872
 827555
 152991
 264076
 191222
 714183
 600217
 684813
 515101
 158296
 628767
 395738
 84020
 218222
 243647
 289224
 409444
 784258
 227913
 909329
 64439
 325547
 896708
 95396
 842878
 699132
 834588
 890458
 391918
 68643
 790776
 572051
 955391
 353909
 958109
 717952
 207604
 816993
 481662
 261981
 42108
 139531
 116466
 295297
 762376
 543209
 416303
 877600
 37251
 657630
 602585
 406661
 520377
 114430
 381473
 392265
 323801
 221694
 824788
 237573
 548533
 198156
 369745
 480539
 186292
 317443
 335851
 872073
 900312
 442259
 827655
 242719
 292517
 417827
 683436
 296391
 938865
 327737
 826210
 247422
 917615
 752513
 971596
 976993
 123589
 18867
 997690
 722962
 737125
 600353
 354277
 933265
 848026
 260273
 482056
 385327
 326521
 308645
 488480
 295693
 529585
 668500
 242870
 387543
 156670
 667090
 559674
 8109
 70536
 322484
 437805
 736787
 463636
 424224
 518915
 73993
 212852
 400429
 967311
 884957
 275891
 542048
 743299
 139664
 763596
 340610
 19623
 882056
 478188
 71517
 272072
 793328
 191721
 98052
 426877
 613148
 302167
 603171
 84444
 385319
 669754
 683282
 36324
 647058
 910630
 847828
 736786
 694916
 415231
 239436
 179580
 845066
 70639
 684536
 787351
 729301
 921765
 588071
 479382
 30997
 946172
 703042
 347752
 423210
 80061
 425968
 940546
 191566
 374407
 653744
 464356
 336606
 82553
 43612
 347629
 875068
 342267
 342481
 703147
 440860
 956216
 542570
 812834
 581126
 522156
 613485
 966714
 67684
 927571
 327147
 10578
 969310
 456060
 848184
 405675
 363886
 270274
 236191
 736436
 762589
 438054
 55604
 825067
 427184
 637286
 599522
 36968
 264961
 237697
 150354
 554874
 785882
 171566
 986763
 618724
 83142
 751390
 25316
 428571
 619213
 818972
 714431
 675243
 80869
 834269
 958919
 50702
 342812
 687485
 883392
 972495
 684502
 163749
 156049
 19786
 225170
 455773
 416790
 783220
 936787
 82601
 798575
 42138
 235613
 870511
 472537
 7042
 178869
 157908
 55577
 811079
 384326
 671845
 436821
 685985
 940627
 193937
 684433
 604651
 193422
 178644
 693943
 460391
 841400
 640858
 42135
 921166
 615138
 123937
 976423
 866781
 810751
 507822
 270286
 617783
 170945
 773475
 740977
 362041
 595542
 239258
 181316
 446907
 674538
 750060
 219116
 750578
 238630
 208084
 702395
 793425
 290314
 773281
 695117
 758149
 341447
 683867
 203592
 940898
 69445
 476146
 495551
 282800
 197254
 673710
 802705
 346927
 680888
 257283
 89918
 965517
 365032
 341047
 889185
 392059
 246417
 707313
 550634
 43598
 691939
 282608
 492554
 621091
 709601
 436781
 373593
 680037
 826121
 934421
 123547
 606799
 338793
 950431
 712355
 126136
 668466
 219935
 187180
 904169
 883449
 174974
 446025
 495049
 919989
 598114
 248451
 808864
 441442
 561717
 988967
 679901
 210526
 358427
 731099
 614215
 349534
 980959
 789847
 930949
 165915
 878281
 380511
 503941
 154016
 89431
 202860
 840252
 973788
 5225
 851851
 798882
 368676
 369896
 683880
 905421
 159420
 796111
 682348
 363994
 486935
 614892
 767441
 721545
 101106
 492737
 626613
 312973
 387716
 374962
 945334
 172974
 369451
 376757
 789551
 664575
 303111
 446146
 53159
 940749
 319597
 322287
 584235
 822973
 185219
 705224
 138286
 880283
 762803
 17957
 971486
 853193
 731159
 178856
 59195
 968619
 661312
 100719
 396437
 316755
 722222
 581622
 961509
 415840
 174437
 495593
 249604
 864571
 375712
 208058
 188769
 322527
 857670
 730477
 560421
 404748
 512418
 219389
 46526
 443081
 621260
 936785
 269767
 976845
 743788
 724460
 16430
 325134
 709480
 139591
 686393
 721502
 231788
 13370
 764456
 59922
 304618
 124582
 103666
 315430
 215048
 639496
 686230
 803761
 774040
 663459
 477824
 234419
 877937
 520892
 452075
 341843
 163135
 867419
 32171
 437873
 535135
 94986
 357992
 139377
 400605
 254226
 348217
 181147
 176563
 647831
 570114
 736807
 974943
 393998
 498538
 815995
 545525
 630499
 102997
 614301
 488991
 522698
 519014
 587701
 278762
 599899
 891034
 17821
 528264
 345158
 514956
 831146
 918097
 566410
 431494
 254981
 898821
 268972
 939051
 202617
 976076
 86007
 871087
 338661
 946527
 130080
 556065
 180098
 957567
 743688
 600908
 420480
 673383
 536415
 164796
 913486
 453956
 14054
 717590
 451766
 20544
 6017
 176013
 651172
 103340
 631691
 198800
 113328
 563376
 777881
 705608
 753958
 725679
 713140
 866141
 594158
 930900
 720202
 139855
 396447
 731737
 600600
 615073
 33901
 495828
 434287
 699886
 645307
 630556
 546534
 500372
 393218
 381762
 866006
 804439
 991570
 223378
 959472
 685526
 338564
 645555
 476580
 386598
 310657
 478031
 488656
 539780
 815607
 955212
 777858
 109890
 772245
 106216
 599429
 783579
 397327
 300901
 635
 786734
 773130
 567430
 922286
 487079
 911443
 956386
 410044
 475510
 593486
 803625
 494033
 285208
 114920
 802223
 407556
 353649
 109278
 529921
 640000
 319749
 240629
 603744
 815212
 952553
 381788
 442006
 629595
 575536
 816753
 576322
 699408
 590947
 12658
 40092
 178691
 62254
 609046
 89334
 750226
 428300
 418753
 93368
 625873
 222969
 7723
 391743
 104673
 501560
 109350
 162361
 892151
 223715
 681301
 875523
 924803
 789820
 734015
 585728
 726214
 424516
 156940
 960542
 478470
 540693
 540784
 180198
 252099
 296242
 79459
 313027
 367735
 381542
 663133
 411013
 245016
 7578
 448870
 19473
 647007
 589012
 611943
 810869
 336250
 386516
 827449
 682352
 929774
 578386
 888785
 557894
 139697
 53184
 71283
 383557
 178711
 734908
 187250
 402259
 837135
 241689
 905274
 637736
 874174
 686092
 263405
 18355
 67308
 164544
 677013
 65997
 187634
 637091
 832
 848851
 765723
 68597
 42015
 660006
 151033
 821957
 886891
 921934
 215529
 450892
 567636
 347823
 366642
 771420
 610673
 747877
 786659
 209485
 650501
 180212
 669445
 578007
 887887
 97819
 425769
 107204
 79086
 666666
 122146
 525509
 353591
 428307
 11108
 878152
 409556
 587012
 130065
 527069
 830508
 653827
 587792
 864112
 993457
 338146
 114409
 625000
 457766
 416357
 694208
 991008
 273218
 144716
 769337
 63421
 255755
 778108
 898094
 535860
 324461
 91729
 453377
 755606
 558325
 538920
 160125
 853883
 620473
 554258
 66188
 495791
 893743
 853252
 347275
 949362
 75336
 90745
 192727
 600000
 818181
 863196
 564562
 904950
 746163
 445157
 241192
 19155
 827978
 897288
 617128
 848800
 787801
 1267
 342362
 452767
 983601
 462955
 283046
 347799
 544309
 329113
 271274
 955552
 596938
 113074
 928053
 18754
 886414
 215646
 706420
 326983
 831970
 848276
 291011
 141635
 38738
 960481
 417084
 125087
 190553
 758968
 896573
 389460
 127604
 402231
 412344
 974126
 867760
 731358
 46393
 211821
 748046
 76044
 406114
 404016
 707964
 498207
 300546
 570636
 335818
 31277
 2792
 533391
 288354
 763194
 254608
 882481
 774783
 887149
 252305
 731913
 279161
 488512
 577553
 483985
 187157
 796282
 216006
 788975
 135349
 656644
 995241
 768915
 564086
 540631
 584461
 134812
 844331
 538872
 719086
 358783
 235790
 39576
 869760
 929699
 750638
 669676
 667097
 37766
 399281
 951794
 371360
 702575
 567051
 551029
 889643
 27509
 590160
 514403
 442574
 431946
 13377
 979582
 904662
 261090
 290858
 226935
 829670
 421447
 191832
 645235
 705783
 709923
 708213
 17636
 645846
 452783
 490308
 229508
 415255
 855484
 487375
 263152
 710761
 669147
 358585
 749870
 734652
 319605
 312198
 885948
 374432
 978772
 570472
 493403
 2235
 967914
 937375
 552238
 182095
 864693
 444413
 559551
 896469
 858965
 316282
 771515
 518721
 185633
 785877
 782496
 766122
 849572
 215854
 529639
 549549
 662521
 248045
 125860
 296618
 927270
 764886
 379976
 670731
 630969
 499503
 40151
 768953
 438403
 86640
 523583
 595219
 19151
 125000
 735173
 604658
 70432
 917633
 211918
 649306
 915254
 785524
 204313
 751406
 510600
 359281
 27441
 725417
 474674
 681574
 407800
 456017
 645828
 244375
 413826
 823393
 785144
 166072
 670434
 699500
 333333
 263442
 221174
 546577
 246965
 364930
 404949
 301631
 248847
 178102
 179190
 869695
 757947
 90692
 40733
 255389
 886902
 828507
 898175
 162608
 645730
 273468
 343535
 210898
 444444
 902310
 832381
 653040
 788714
 383961
 454066
 801083
 719240
 452507
 838420
 776319
 374966
 321551
 840700
 695811
 288707
 55344
 640116
 208821
 59628
 634615
 358310
 311975
 894736
 48656
 165335
 148601
 787690
 550867
 552
 242014
 212886
 692806
 878826
 185524
 961152
 370093
 314649
 784124
 712546
 132900
 53236
 860763
 898876
 425043
 748950
 411692
 816840
 294890
 947683
 340008
 449375
 713373
 595392
 836098
 250659
 966453
 538080
 137870
 350672
 201739
 623990
 800493
 781937
 106530
 180313
 91551
 243572
 145093
 271870
 594059
 642704
 889505
 696308
 139378
 472858
 264917
 243766
 193290
 199447
 976818
 256489
 301980
 754063
 851649
 158811
 438272
 987975
 825002
 962991
 567589
 291855
 673165
 763616
 127129
 364803
 13498
 67196
 712649
 821368
 753153
 301476
 551347
 147807
 376548
 271882
 680429
 19382
 133700
 397413
 782581
 136269
 996108
 594616
 828816
 62887
 320588
 533284
 27756
 296510
 863119
 351699
 457103
 435023
 565078
 593544
 860258
 864197
 821916
 209093
 831804
 440622
 60329
 443178
 801099
 696590
 708148
 827326
 903841
 168000
 525205
 954926
 578832
 165380
 821230
 620689
 611815
 551
 583719
 119662
 490311
 546924
 720774
 445877
 157925
 128537
 875989
 330568
 446560
 125949
 913840
 959348
 442215
 711336
 988833
 474697
 540188
 327953
 347552
 282389
 56087
 473705
 557723
 216642
 690757
 40434
 805960
 856051
 94087
 866470
 901182
 919849
 818371
 164350
 450019
 497267
 519822
 509605
 413953
 802095
 407668
 30253
 56934
 442845
 931732
 25873
 671867
 145942
 882537
 576123
 397000
 725017
 284090
 737985
 429124
 179669
 237038
 523692
 357733
 808115
 879690
 444444
 874071
 242872
 197284
 731600
 648786
 488932
 600298
 610626
 735254
 234032
 572349
 124699
 486759
 755725
 188742
 452255
 248282
 988593
 561585
 137804
 709703
 917952
 638625
 699913
 605904
 915565
 438006
 963775
 883341
 483433
 689674
 224206
 925862
 194248
 797842
 53831
 313653
 773055
 623589
 346744
 594350
 845651
 86745
 125971
 885801
 765719
 744819
 283550
 319476
 604009
 712029
 705583
 38135
 427787
 547244
 144827
 122498
 389365
 350277
 669519
 188927
 373374
 697727
 716981
 873180
 309103
 239170
 658381
 849059
 372065
 984615
 777777
 197862
 101114
 676784
 66834
 123413
 253698
 716652
 99195
 60345
 571787
 433493
 751401
 221270
 132791
 587461
 411569
 456840
 959113
 280354
 965016
 715541
 278558
 953675
 525939
 665795
 638726
 221574
 84412
 762423
 408564
 274937
 202968
 112063
 438323
 144101
 682544
 278772
 679735
 180165
 482491
 292832
 180859
 944779
 895221
 572112
 104972
 86063
 566277
 174261
 590285
 100470
 981274
 234011
 846302
 58686
 581991
 490853
 1211
 992345
 322046
 456666
 204350
 62055
 69657
 275099
 776359
 616936
 246700
 973318
 759792
 912981
 905969
 983466
 981709
 830136
 607820
 77175
 417104
 802605
 903459
 768921
 742632
 59715
 638217
 878602
 988111
 57828
 556734
 370517
 68556
 783003
 186804
 65693
 948717
 256569
 705882
 525792
 294749
 582718
 132499
 773362
 707085
 330488
 228816
 364560
 762114
 960636
 488645
 84190
 180567
 621946
 101460
 899347
 625269
 998903
 648733
 561686
 423815
 996015
 247464
 457822
 483328
 963622
 931887
 96826
 384615
 840886
 747899
 391218
 339288
 580495
 0
 986301
 873829
 74639
 738751
 232683
 689996
 347109
 640595
 134243
 487219
 372131
 234840
 396196
 870307
 164123
 813060
 559265
 682926
 584172
 245349
 361961
 813463
 713432
 658437
 905587
 162655
 872368
 486352
 563647
 831687
 521580
 955393
 188193
 938784
 245220
 555023
 549967
 829134
 437722
 880149
 646896
 305421
 259098
 193332
 42387
 769926
 520828
 822986
 22284
 587165
 2189
 450295
 540676
 33721
 509458
 37344
 259780
 796188
 392764
 753449
 688894
 572738
 827613
 263589
 796791
 984789
 639930
 108873
 14652
 993190
 750570
 145901
 599079
 659142
 957406
 215823
 626790
 507707
 536231
 118370
 72804
 944835
 673274
 540825
 355246
 66073
 516788
 931051
 351758
 306213
 469428
 131936
 733990
 565948
 492861
 362235
 775331
 549211
 515033
 724807
 873085
 114575
 627129
 598237
 253998
 534244
 81021
 552603
 214976
 821842
 255002
 472428
 282434
 760859
 350194
 533807
 514796
 891212
 947264
 215779
 90254
 244567
 579416
 247191
 868758
 574644
 786507
 696140
 371793
 551935
 646682
 538521
 983302
 191627
 893757
 690777
 114434
 495919
 740966
 566473
 348543
 477385
 156868
 680218
 935128
 18110
 30078
 216391
 444347
 27053
 403450
 658532
 966655
 649297
 105636
 476037
 184365
 510180
 164490
 745409
 246793
 477703
 436863
 711917
 315416
 678435
 788965
 158179
 736621
 953636
 798297
 786834
 850840
 101498
 225235
 668183
 185340
 170487
 106227
 882841
 362086
 41989
 347826
 407124
 320962
 849575
 813397
 907336
 346694
 560718
 886789
 203591
 313088
 810266
 301554
 217277
 595744
 159731
 742329
 403868
 728445
 471760
 794506
 144205
 269705
 483450
 349116
 75169
 412493
 809187
 245894
 863095
 264433
 758060
 676217
 442085
 594532
 348862
 511349
 125788
 971876
 218736
 207579
 980944
 397578
 586246
 25728
 85201
 859099
 950730
 229912
 307097
 346188
 243679
 888687
 425407
 192958
 373440
 2656
 16042
 607036
 184665
 55239
 917906
 424569
 525402
 165296
 405660
 62719
 860206
 19477
 367477
 912457
 213486
 511004
 622170
 65539
 506293
 157320
 797194
 22715
 165597
 936824
 175890
 147914
 948827
 346393
 916275
 266445
 663899
 473963
 976233
 155994
 101893
 785026
 865501
 575233
 755415
 707611
 250881
 693315
 603476
 246433
 508442
 555104
 757861
 824247
 416750
 959141
 853972
 940377
 117058
 555196
 339264
 568525
 364560
 637538
 654970
 306713
 447850
 589351
 496734
 474809
 204110
 901925
 199587
 528877
 426666
 654528
 548582
 10689
 19815
 773286
 890195
 293191
 576768
 598063
 631638
 340712
 93835
 287560
 961251
 497649
 487046
 442484
 12450
 93929
 681587
 88495
 19441
 302668
 772075
 600558
 428914
 360670
 11772
 436842
 269553
 358479
 662879
 339614
 629431
 57892
 868610
 180565
 310313
 553746
 584817
 304347
 646929
 93965
 437183
 577370
 543886
 451792
 378131
 645169
 171730
 248118
 656479
 454963
 410080
 263157
 506459
 460170
 207785
 738930
 623188
 129696
 956031
 686434
 443372
 403371
 909243
 331761
 224641
 918464
 645957
 183386
 179016
 917388
 105804
 648701
 46741
 526998
 235955
 150305
 370466
 76740
 331448
 681477
 551241
 704805
 411652
 877172
 511272
 257737
 167515
 228893
 453985
 788565
 891825
 766535
 572634
 278164
 29197
 54175
 406118
 100692
 606375
 737714
 148440
 899492
 462538
 22823
 814706
 944604
 404227
 108950
 284952
 508507
 750518
 208667
 721869
 995768
 850832
 80899
 782464
 482793
 616346
 579321
 395535
 43357
 617510
 404917
 813916
 632519
 257514
 15777
 727405
 580337
 381632
 715246
 336321
 238061
 198137
 686204
 859620
 266562
 157616
 215927
 971875
 729390
 937266
 652360
 957435
 4042
 853592
 440430
 910703
 299922
 928057
 558475
 38886
 248369
 87011
 223874
 390721
 282257
 538291
 879867
 603896
 318947
 855282
 119628
 431852
 299674
 868620
 481947
 558456
 199579
 704904
 817861
 742333
 201756
 763417
 449921
 280256
 316217
 542707
 731785
 716636
 284794
 713826
 243812
 433433
 594195
 544110
 428208
 752125
 152861
 547021
 50581
 206350
 318019
 32095
 6816
 542663
 456018
 564127
 70175
 76851
 947970
 125005
 311818
 374374
 0
 980588
 216505
 649582
 989212
 735132
 706781
 523199
 360792
 72198
 718851
 5107
 677680
 217754
 121787
 674418
 723059
 769023
 556135
 111111
 701398
 121662
 850896
 135076
 120044
 711735
 832499
 365475
 457472
 890909
 453928
 16391
 509575
 39751
 234259
 992206
 148285
 799159
 654450
 109001
 707375
 699667
 990339
 311260
 571858
 867192
 271044
 135407
 355347
 696826
 443669
 138716
 515568
 994267
 865546
 469299
 495940
 337311
 780795
 790542
 555696
 423245
 497361
 266731
 360805
 203950
 141075
 93290
 188034
 965059
 513432
 548301
 454339
 384135
 558675
 210999
 16659
 614188
 216658
 76625
 394723
 530726
 777238
 518085
 566757
 478793
 358592
 66356
 462850
 527256
 371135
 174151
 776781
 68869
 653128
 896009
 950028
 700028
 675177
 435261
 131580
 571093
 866860
 954562
 737781
 943696
 415732
 826086
 62473
 744813
 299440
 565083
 918180
 190839
 609029
 152844
 982496
 373218
 905081
 294027
 562354
 513329
 65952
 250438
 434155
 649896
 844899
 117696
 41889
 368146
 353267
 344558
 202210
 3798
 357701
 313216
 774210
 164780
 274864
 265934
 497062
 806191
 165608
 544047
 159067
 862660
 87702
 714692
 147205
 231679
 948444
 255289
 85993
 795839
 378268
 171673
 629338
 314049
 891159
 701280
 897688
 992325
 95067
 593112
 406860
 284683
 827072
 545454
 152987
 199095
 608831
 742392
 590593
 682036
 155980
 360598
 986155
 171591
 736355
 244441
 584191
 716141
 502067
 235267
 747618
 843902
 922836
 182929
 607158
 708936
 322176
 540177
 671790
 875408
 479272
 203775
 285978
 793530
 501784
 993236
 771655
 108047
 538013
 341451
 929510
 126431
 933333
 339974
 331495
 538835
 203017
 153019
 463693
 740625
 936885
 607312
 154728
 27775
 395499
 726550
 622518
 781250
 7531
 160059
 707238
 438880
 4774
 268378
 76419
 123901
 944008
 425790
 828185
 311595
 384888
 268867
 969316
 107954
 967603
 56749
 176169
 798422
 398519
 52414
 512590
 19556
 380670
 387191
 960932
 98542
 14305
 629992
 904581
 450313
 998682
 139935
 110130
 242404
 244712
 988044
 660606
 804899
 791661
 173055
 404271
 485437
 929328
 296943
 801323
 846889
 595627
 680169
 184081
 798603
 15288
 853899
 21780
 676773
 314514
 144877
 348491
 578296
 968676
 328197
 324233
 324513
 59412
 795109
 776021
 556694
 655388
 461058
 5580
 508295
 964171
 817273
 360210
 93968
 516162
 649452
 428571
 685374
 963308
 214182
 693913
 883276
 212277
 57146
 593190
 531725
 916238
 817952
 858093
 212177
 635238
 93440
 782714
 753523
 835578
 672679
 424144
 149841
 591179
 202958
 543424
 763636
 296296
 280844
 628522
 628392
 125705
 318619
 52767
 344326
 762781
 724298
 233278
 609628
 957729
 417304
 422769
 314567
 508827
 797023
 818752
 669913
 663384
 969107
 995371
 422004
 696711
 807247
 110462
 527678
 296195
 851380
 579698
 715007
 41095
 133832
 602644
 525972
 773436
 994837
 743859
 635346
 134368
 236595
 710023
 246194
 95058
 154328
 223525
 483964
 786069
 780821
 473657
 593987
 231513
 175018
 195965
 928121
 293896
 191304
 401841
 91989
 352708
 85068
 904318
 953046
 992704
 648762
 57807
 805545
 721555
 443087
 913835
 337111
 729844
 111767
 816016
 894085
 263166
 909613
 654179
 126807
 907306
 521135
 385919
 381989
 482100
 614335
 680572
 256787
 470201
 52868
 842737
 149206
 662861
 378538
 879940
 730234
 361612
 754102
 110007
 127659
 99836
 676223
 301421
 411764
 886937
 612614
 242590
 652219
 763578
 538423
 957258
 769133
 145957
 344899
 323895
 356991
 607356
 90445
 792000
 286277
 311627
 57674
 513285
 5962
 390334
 686324
 522437
 760719
 435680
 801874
 832057
 10053
 947608
 785180
 469016
 893554
 512506
 786575
 604541
 321710
 216364
 281188
 64652
 391872
 838540
 723930
 892555
 928912
 426091
 748435
 949533
 464249
 303306
 388539
 106776
 158146
 918997
 961108
 365044
 965818
 193279
 988459
 515662
 398579
 13430
 500171
 781333
 510263
 71417
 697674
 270291
 776018
 472682
 486189
 448226
 493391
 485981
 96121
 186833
 985993
 447465
 737979
 808510
 8877
 999170
 745308
 436754
 93555
 620328
 280898
 509093
 68859
 969773
 730715
 892481
 806696
 304966
 421958
 220825
 454106
 249779
 972501
 5378
 535794
 764737
 322580
 227048
 271410
 409326
 250815
 454385
 537161
 726620
 156028
 845951
 810381
 95070
 78732
 437914
 319975
 857282
 92936
 915732
 576165
 540409
 684813
 50765
 523809
 391408
 952918
 240948
 44929
 497685
 492753
 873218
 249837
 406589
 411690
 756613
 305105
 696052
 618510
 236507
 942447
 467397
 635317
 433012
 326393
 294964
 167356
 841207
 609756
 645506
 736595
 742187
 289743
 703358
 382451
 280678
 548541
 713085
 626491
 394293
 167263
 700091
 407592
 330863
 519999
 560509
 764135
 522438
 197305
 845619
 777597
 601505
 721606
 90098
 251497
 591765
 370096
 68945
 982160
 27043
 215463
 414392
 235905
 773784
 880398
 84158
 290717
 545939
 359368
 242152
 4247
 868049
 25368
 255545
 108360
 174791
 253564
 947935
 99918
 184518
 350928
 737676
 176190
 40900
 882034
 651841
 55833
 81732
 287560
 897863
 472694
 540160
 420457
 216410
 749918
 223725
 215761
 789748
 390040
 244737
 80349
 506210
 516906
 222866
 897444
 865108
 476257
 450867
 417582
 629932
 612934
 301896
 997618
 281966
 238344
 959075
 702127
 712035
 457562
 631473
 946304
 469820
 178670
 189337
 440482
 199720
 929871
 44915
 102281
 175834
 859553
 424349
 618442
 393503
 834852
 832968
 379373
 971190
 29106
 59209
 461705
 837949
 656739
 459401
 882181
 721523
 679532
 534082
 280267
 261385
 664285
 482791
 481856
 573214
 839562
 121338
 293660
 668324
 268276
 374162
 462728
 418089
 751552
 636765
 632607
 213122
 499827
 316052
 505609
 88662
 290045
 433870
 183299
 28814
 840145
 947927
 594829
 924645
 122408
 973877
 429537
 177499
 990196
 76271
 307552
 701686
 858411
 548035
 671586
 399619
 930142
 772405
 659933
 853185
 975597
 856899
 142806
 949064
 986677
 379690
 792773
 47103
 697559
 660755
 775553
 354571
 458098
 149212
 713220
 918973
 673743
 535973
 319783
 145417
 147171
 830726
 828510
 655751
 794271
 858983
 660574
 473508
 277723
 111333
 321739
 39021
 644025
 862470
 327697
 669918
 144313
 228923
 671232
 743254
 506175
 208775
 167123
 967350
 272595
 866873
 378434
 482269
 4184
 503956
 380726
 569327
 142091
 786232
 336675
 100604
 986127
 451895
 782074
 677055
 479639
 60240
 726918
 251314
 824394
 221272
 620062
 140206
 913385
 44378
 819589
 780929
 36848
 967741
 418790
 446318
 602371
 938501
 779836
 732489
 910197
 883610
 189263
 668674
 274183
 442142
 502104
 173084
 903898
 935483
 140940
 879659
 445521
 422563
 342274
 872291
 461226
 469989
 130279
 369678
 950911
 405562
 911721
 129954
 774551
 609405
 252922
 247676
 851018
 582498
 745698
 670042
 643956
 456225
 436845
 490311
 887597
 670229
 105980
 811188
 137798
 835115
 311302
 34550
 704132
 655721
 110025
 347955
 88526
 598350
 712996
 869260
 139799
 292835
 859310
 504605
 321456
 400537
 669031
 832994
 137896
 922633
 338099
 115399
 839617
 842553
 530778
 977031
 664465
 930994
 234567
 694730
 856199
 203506
 581201
 584955
 89868
 392816
 84724
 264788
 965695
 301232
 195707
 965685
 227283
 372848
 503612
 79541
 411764
 775563
 630341
 58942
 230179
 225325
 558404
 663592
 311433
 940476
 627404
 41651
 651006
 297978
 185282
 944299
 92432
 602791
 864515
 198749
 82707
 602691
 773157
 283544
 200367
 686312
 933264
 510980
 352057
 129309
 788260
 601131
 825088
 445128
 890175
 299281
 485318
 500238
 249881
 758007
 236686
 482874
 755010
 409893
 633804
 290909
 537054
 50751
 569311
 4482
 175640
 273100
 807733
 680536
 947410
 316341
 601190
 704190
 457634
 873067
 781834
 481012
 42124
 