746928
 390261
 778565
 944219
 514540
 914739
 857888
 587397
 824413
 934118
 16918
 640547
 843884
 744307
 282660
 497288
 361992
 957544
 962101
 846585
 373709
 587192
 48893
 573676
 662256
 357629
 102661
 991624
 16695
 952193
 834984
 752792
 58589
 704524
 685895
 911948
 47142
 869353
 641234
 125594
 158326
 336503
 455003
 94857
 443221
 355881
 265859
 562807
 505346
 778099
 432050
 192973
 833510
 740187
 358403
 689549
 205924
 468096
 966464
 803190
 182711
 12989
 39955
 863930
 323552
 859052
 973376
 202185
 14629
 286022
 181338
 818181
 937285
 872621
 669403
 651685
 600708
 318210
 653933
 332202
 401407
 614530
 281513
 494242
 450399
 888666
 694074
 598413
 150548
 423162
 935025
 362694
 984610
 549277
 113023
 745338
 687292
 879925
 685351
 296323
 42526
 306733
 273333
 95949
 324461
 637822
 732937
 36735
 813422
 248815
 766205
 445508
 563852
 734964
 517865
 273264
 753363
 775354
 298332
 843671
 755417
 538850
 454984
 906605
 496151
 250801
 776025
 382684
 867507
 646139
 779341
 680592
 605975
 541758
 696596
 406853
 396469
 338688
 362699
 252311
 392445
 150442
 85563
 924789
 391431
 679087
 604810
 433938
 750766
 874568
 519451
 350306
 960931
 378189
 285714
 65036
 486632
 100274
 208098
 408987
 858137
 583925
 18646
 161187
 279944
 218332
 915954
 800312
 981291
 632569
 842929
 34979
 391430
 306946
 820408
 959249
 616768
 385685
 217140
 493114
 149353
 464155
 294382
 157695
 173674
 873223
 565678
 531985
 566025
 782962
 787079
 530878
 218904
 549863
 392681
 327947
 621087
 377917
 687045
 957805
 640523
 635637
 495136
 702374
 181553
 145178
 702790
 39933
 167852
 617262
 277900
 615520
 552828
 455592
 788463
 86956
 454030
 749161
 149366
 284128
 233782
 46844
 154725
 331511
 818877
 662313
 950406
 590540
 243799
 885484
 974612
 404180
 229110
 161028
 118347
 817805
 314324
 595310
 869883
 144187
 156109
 440809
 680126
 893499
 892592
 471696
 195402
 318006
 300280
 792782
 256151
 944105
 996137
 695350
 354482
 824307
 576832
 662514
 139922
 718126
 387168
 257216
 259666
 967081
 649367
 480519
 199449
 972944
 175506
 412952
 852224
 725581
 197247
 32185
 196335
 716279
 580611
 369147
 507015
 37789
 603773
 596763
 835069
 491515
 688581
 956778
 483209
 454772
 612171
 775487
 767662
 487609
 774062
 278158
 657822
 558694
 550758
 782527
 635409
 35260
 763689
 680109
 547469
 122490
 566193
 900540
 255421
 322185
 989216
 789993
 570452
 506904
 258064
 199802
 782338
 632147
 224719
 438124
 602687
 187336
 351771
 636363
 847833
 285509
 810660
 722033
 314848
 484639
 879804
 77619
 124812
 569475
 318820
 451528
 680075
 392096
 265913
 970699
 847047
 551957
 299630
 644357
 287652
 102559
 386186
 891777
 954674
 438587
 381143
 768905
 80763
 306236
 932291
 584595
 866317
 299048
 229901
 765219
 458354
 508395
 366197
 553557
 810899
 4838
 7330
 571619
 673719
 7615
 529267
 97727
 839250
 615657
 698537
 884596
 495974
 517926
 3319
 181818
 37667
 316932
 899408
 911477
 844383
 780714
 554766
 187872
 90214
 775061
 44476
 160683
 521692
 245714
 682181
 337712
 92636
 12630
 44619
 782174
 459016
 595600
 548232
 110636
 112336
 989511
 477351
 225643
 483729
 972277
 238991
 157904
 941310
 457919
 340748
 367441
 624364
 183310
 45218
 947653
 103703
 781212
 908848
 577092
 105100
 282919
 815163
 1612
 614387
 715115
 753693
 365580
 698253
 701401
 649736
 784313
 808394
 369497
 693229
 212389
 515887
 767614
 499150
 18429
 442467
 292909
 550679
 549160
 749326
 517647
 688634
 510228
 34601
 997924
 675917
 820334
 53071
 300166
 439065
 768409
 843456
 81204
 116883
 4197
 633270
 995979
 95231
 836294
 56618
 426465
 340892
 358787
 733300
 689313
 199586
 386384
 556656
 74103
 44193
 956731
 177440
 585018
 137017
 964092
 474164
 168151
 370902
 212931
 672330
 835010
 66666
 69119
 454779
 673047
 337485
 959676
 353336
 119327
 753981
 791046
 937378
 146875
 948977
 512036
 297972
 364769
 465097
 602483
 379367
 389943
 998448
 183328
 724376
 958333
 29498
 326757
 5702
 434005
 822276
 433953
 137825
 922100
 145530
 58563
 211625
 71555
 366944
 166213
 934355
 771863
 182579
 935064
 305027
 900000
 219984
 414158
 851771
 430698
 73506
 557571
 924399
 220645
 949060
 521453
 253990
 472092
 810919
 589743
 165601
 659511
 763205
 980853
 196197
 865950
 802568
 265988
 823628
 833519
 20645
 693673
 188056
 768684
 173631
 688666
 218484
 877596
 248456
 474103
 385069
 16216
 457906
 278899
 779816
 942051
 159028
 473317
 245532
 88607
 419592
 658575
 185415
 275404
 376872
 471526
 810946
 586420
 85647
 560051
 527172
 685479
 717945
 241029
 811999
 48655
 506581
 374718
 3221
 686618
 944055
 107067
 689124
 581654
 614315
 519104
 934432
 79161
 504553
 559932
 331923
 954775
 65552
 14561
 405059
 424156
 524619
 508444
 947801
 492075
 769981
 974993
 198199
 984000
 686622
 452768
 710560
 767381
 508181
 364780
 840212
 452545
 19716
 447663
 719391
 77251
 380000
 307990
 243902
 539701
 975188
 965067
 437171
 885447
 835374
 873327
 572753
 666116
 213960
 339527
 980344
 433340
 606115
 139340
 919046
 180835
 946698
 909718
 184691
 644933
 410443
 421700
 563149
 722829
 272324
 718105
 127892
 527515
 678713
 385932
 178786
 785583
 22928
 562275
 791336
 514888
 676402
 192558
 116809
 911214
 603260
 34095
 298521
 443929
 259504
 736711
 754101
 472566
 118279
 402457
 912709
 191709
 858091
 253639
 968627
 103849
 72694
 671202
 920459
 712488
 772511
 36981
 27847
 88847
 830847
 76097
 492289
 114690
 733381
 214066
 158098
 230967
 390370
 995591
 427214
 849211
 768328
 317084
 410687
 889984
 369641
 213574
 325433
 496630
 979591
 615859
 114815
 418924
 817647
 686567
 115534
 65938
 926784
 327601
 187366
 874970
 241316
 76749
 345295
 289440
 222900
 817149
 675011
 176776
 696355
 554525
 604268
 608184
 179802
 193636
 967767
 340814
 284916
 707470
 866643
 203662
 477429
 584875
 937368
 86676
 620158
 580732
 780413
 879430
 483294
 494347
 496838
 149365
 237528
 762829
 230921
 141919
 575306
 869863
 261794
 481909
 607464
 307388
 615519
 986379
 813762
 563765
 704573
 815185
 846272
 491135
 459011
 128218
 646344
 453815
 126271
 927669
 646340
 116640
 646417
 201743
 5510
 124197
 851745
 711224
 808648
 542627
 475816
 759737
 491331
 211969
 272727
 736749
 891393
 602610
 592778
 416757
 955367
 600768
 438879
 436781
 940106
 638965
 251891
 212515
 797611
 405571
 295240
 305598
 356293
 305555
 370995
 737689
 354799
 711725
 882688
 826581
 981703
 259972
 819839
 164135
 936166
 459907
 533609
 45523
 428093
 815410
 129544
 915320
 833820
 932972
 975146
 29497
 691792
 874897
 425605
 297135
 185069
 139874
 632833
 699933
 902127
 145852
 455719
 620592
 889896
 433773
 339988
 800782
 664248
 653542
 631940
 992599
 11983
 116705
 552475
 886451
 462235
 379746
 719422
 144877
 659006
 298506
 515433
 373850
 859794
 515776
 576470
 756173
 702832
 527043
 142382
 32371
 723957
 976470
 661826
 779617
 665996
 926557
 132582
 419291
 243614
 68263
 613649
 729227
 243599
 743358
 721273
 584684
 457223
 455026
 68304
 147975
 421057
 250273
 233153
 988802
 984473
 599034
 710036
 478556
 534083
 478559
 817362
 32465
 306935
 498917
 443512
 843037
 606074
 848162
 888135
 781372
 658941
 347907
 762886
 875883
 486159
 33700
 652366
 27847
 828422
 862810
 636832
 763268
 288042
 164882
 239312
 712385
 767065
 919018
 874056
 614141
 822126
 256387
 435835
 781446
 897685
 376129
 702581
 893129
 928923
 380066
 706829
 701345
 404541
 750084
 889230
 970341
 795838
 313489
 235426
 255172
 501518
 904850
 80836
 110272
 609971
 850212
 36169
 438378
 77577
 425592
 816283
 824147
 271426
 707482
 645259
 992304
 141049
 85585
 701612
 981791
 39913
 505691
 310359
 354297
 102125
 435435
 575726
 54513
 838177
 769631
 735619
 226730
 313617
 529588
 78350
 535898
 122309
 650566
 129629
 236326
 988089
 580157
 534660
 138943
 505849
 229032
 793698
 110064
 197751
 682730
 340779
 945538
 823999
 729574
 270177
 750723
 950935
 994848
 767258
 845272
 180749
 494392
 3656
 611433
 53343
 595815
 743813
 411224
 149065
 678581
 394896
 234587
 121920
 489524
 179942
 841830
 254006
 61897
 680914
 508632
 812307
 133571
 471691
 613423
 961743
 233707
 88521
 931536
 66720
 535967
 636735
 222320
 40438
 119331
 895107
 364494
 868400
 563944
 183449
 162672
 574141
 939894
 432942
 352027
 434416
 689023
 954714
 330946
 839905
 280180
 650463
 939652
 216846
 723102
 881810
 95872
 561403
 309239
 646131
 970294
 857048
 831530
 787851
 397456
 838764
 706147
 170566
 451944
 592403
 548850
 336818
 38084
 12166
 614678
 860952
 164950
 77402
 713307
 172601
 402205
 96385
 641148
 934442
 177262
 537409
 632907
 984977
 107453
 764955
 99873
 719147
 557920
 163113
 946566
 374983
 137814
 846044
 180347
 283067
 903648
 754507
 996548
 773628
 955800
 801681
 562783
 137519
 824151
 969972
 871088
 344314
 498209
 740975
 264945
 947260
 382022
 738983
 155963
 268156
 958461
 954193
 851498
 634983
 861467
 278463
 865999
 815142
 817581
 319130
 850173
 923469
 153226
 142437
 450786
 413766
 649857
 620482
 288044
 800989
 14492
 184834
 559967
 120892
 495722
 688912
 213115
 72073
 803609
 984810
 557233
 655072
 556861
 696721
 439399
 536589
 53070
 377179
 911842
 142783
 740585
 643223
 541119
 428571
 307321
 408886
 337077
 28604
 2816
 554280
 500105
 282051
 92027
 164641
 431649
 584125
 311293
 632653
 445881
 549090
 142056
 483741
 66730
 447151
 209956
 135773
 988344
 773921
 850606
 932618
 724721
 276363
 367162
 128831
 809087
 285240
 12683
 521419
 491624
 38790
 488759
 303616
 861485
 451628
 895416
 261267
 269461
 749049
 668997
 629759
 906419
 286919
 682381
 224092
 818950
 974765
 289530
 653618
 639399
 472505
 986076
 492346
 504841
 321216
 322255
 745572
 485207
 241793
 597358
 115879
 326319
 540944
 989463
 651994
 146158
 124375
 708078
 441321
 20108
 337552
 402298
 736212
 813162
 931157
 593931
 895217
 112310
 736134
 588226
 471997
 376847
 732071
 324055
 838439
 926807
 778050
 917320
 975311
 207146
 107612
 286406
 133714
 177750
 116745
 509867
 88927
 630706
 423458
 218573
 217860
 230603
 219413
 725730
 720613
 41974
 311940
 854829
 406264
 368421
 928056
 824289
 650570
 373226
 469809
 76923
 989697
 636704
 769274
 656143
 504518
 967006
 717764
 779524
 957277
 697536
 350093
 680956
 173132
 590504
 306600
 913699
 377202
 596978
 608217
 495369
 488107
 1082
 886771
 209258
 871232
 208448
 812720
 960569
 495505
 719146
 863566
 703544
 663279
 128151
 89436
 616543
 492950
 489314
 198740
 47579
 70175
 747711
 858260
 497099
 577642
 834626
 494924
 135020
 701381
 716312
 702425
 442021
 386408
 168455
 813124
 682528
 821189
 893096
 229102
 147075
 606436
 316717
 497295
 244566
 622516
 918238
 135896
 424178
 773748
 554342
 785685
 95496
 541838
 661381
 219215
 914252
 188551
 197128
 628340
 91314
 664163
 77339
 618737
 600441
 501590
 200194
 733384
 109393
 717977
 634210
 689698
 774502
 740527
 744685
 52109
 820763
 144199
 151816
 218009
 635273
 987387
 897867
 730327
 25848
 983729
 960237
 361106
 634275
 104522
 737243
 748802
 901057
 489582
 637262
 176534
 504251
 528541
 492189
 232391
 8609
 423799
 194074
 818272
 676032
 568749
 481835
 748976
 535566
 292323
 357221
 812406
 921663
 135422
 843480
 108374
 720468
 647750
 685002
 911242
 375000
 599537
 320522
 421573
 501606
 182453
 753424
 678006
 391236
 709581
 355340
 842022
 53167
 339469
 900809
 995232
 278915
 142443
 507852
 704642
 945178
 996191
 773183
 634984
 392220
 812477
 720925
 19062
 356977
 230891
 194797
 384103
 240601
 301354
 27674
 794758
 664619
 399113
 251676
 91326
 939749
 810557
 200328
 301939
 956521
 198059
 388518
 4114
 887833
 260482
 377067
 510585
 535181
 499680
 428232
 983845
 138831
 491975
 0
 323917
 514463
 843137
 791444
 256279
 854732
 738613
 369422
 820818
 29866
 331171
 652173
 683674
 978516
 288379
 247240
 86963
 511280
 752260
 646853
 201102
 963414
 704418
 630114
 493833
 337662
 631842
 137459
 446622
 599806
 750172
 710916
 795928
 112480
 60941
 813520
 235730
 323484
 398070
 579714
 392757
 17494
 49115
 869568
 778960
 930303
 385066
 59719
 923854
 498599
 763470
 381506
 881578
 725319
 130928
 134883
 552022
 927781
 738626
 781194
 501829
 205092
 601957
 879561
 76053
 390752
 705691
 157363
 241379
 753914
 681168
 653327
 422971
 305386
 172293
 31724
 843225
 902083
 869349
 705470
 452523
 77248
 246652
 727206
 361732
 420507
 536616
 696505
 119547
 614853
 836144
 898241
 957926
 388273
 212908
 63906
 445706
 715025
 806510
 571428
 481374
 858037
 952379
 986061
 952308
 250507
 743602
 541471
 797547
 93622
 720046
 800019
 736004
 534498
 633231
 442394
 75454
 888231
 275132
 844191
 340966
 246915
 982658
 244291
 394553
 741935
 114073
 397402
 490472
 231482
 82121
 764794
 8485
 784301
 398431
 679972
 787616
 70362
 92329
 324822
 758150
 590217
 164147
 181437
 796644
 366899
 466135
 253617
 983261
 361572
 318376
 765591
 372563
 616343
 823371
 743317
 651744
 252481
 57557
 184734
 842435
 538226
 665025
 886108
 927351
 26134
 514713
 528378
 877868
 895572
 432518
 711500
 546432
 652869
 483648
 200850
 266072
 414088
 352201
 982032
 309242
 992366
 452605
 375504
 849381
 579050
 500179
 253273
 368152
 703275
 680919
 533839
 831462
 246332
 583831
 885427
 714513
 125434
 557316
 773453
 753812
 259822
 886687
 403578
 228477
 295476
 848690
 173948
 260952
 412461
 210627
 767266
 741343
 280896
 367256
 813824
 304420
 553356
 5376
 271067
 346401
 127555
 899547
 153990
 175557
 470590
 112548
 584270
 42644
 599935
 887296
 26122
 321334
 558678
 329569
 416478
 956674
 616792
 937280
 237125
 485667
 587387
 603773
 303342
 120927
 67077
 725775
 583345
 789028
 277627
 446761
 276387
 782208
 153820
 912567
 781388
 791059
 442194
 303583
 112132
 329132
 854650
 964219
 757262
 968713
 188235
 463813
 226137
 254343
 622539
 726046
 60931
 538388
 894119
 463261
 455838
 0
 51150
 75880
 250666
 319174
 795931
 43314
 58608
 620177
 0
 616887
 345362
 163636
 30365
 327077
 633213
 312896
 652738
 909646
 873273
 317444
 26707
 922404
 840172
 51402
 361602
 154266
 228641
 365173
 232402
 525359
 873808
 487747
 126499
 502642
 315048
 315127
 774418
 985364
 372972
 530077
 176409
 816161
 242706
 406066
 633387
 163051
 209436
 91354
 521681
 42353
 798723
 385467
 542845
 283215
 172039
 171248
 363315
 399942
 673893
 901255
 921691
 24498
 32928
 288399
 740259
 380319
 256435
 798743
 712541
 384911
 952170
 245182
 6358
 45583
 861559
 711272
 455769
 811408
 351856
 998204
 279416
 802708
 791772
 423465
 616677
 251299
 471773
 420548
 729649
 985955
 727279
 689138
 892798
 58980
 723051
 493465
 814328
 508932
 105576
 367055
 202815
 264878
 814482
 752453
 86124
 617153
 451773
 50156
 780953
 666267
 438461
 428351
 853002
 436233
 160640
 915452
 298523
 903453
 531616
 430555
 704015
 667063
 116591
 994582
 549917
 594573
 199824
 903589
 453092
 981242
 882398
 654972
 106444
 735751
 874478
 437797
 218760
 435111
 527806
 689494
 482625
 949383
 560726
 791820
 805422
 697970
 163784
 82585
 367932
 609676
 528648
 513397
 752225
 316503
 688422
 357231
 362649
 164394
 478426
 577235
 743589
 695450
 531487
 191498
 155013
 160058
 742584
 813358
 113050
 181855
 544748
 136687
 66713
 487054
 553909
 748786
 547164
 22019
 360257
 123033
 425419
 12381
 144637
 298451
 700820
 637881
 98465
 300121
 168781
 940525
 50632
 496114
 668315
 406779
 343789
 135198
 5580
 857891
 875880
 616303
 479116
 346630
 747195
 236709
 759592
 628865
 94751
 381536
 245283
 987236
 579269
 282384
 311963
 473357
 474826
 245298
 889812
 381477
 168727
 20369
 854234
 630082
 625734
 148805
 780405
 50205
 15335
 745598
 926161
 69842
 975258
 610623
 120724
 465116
 908480
 865042
 950815
 223167
 497628
 994079
 272966
 5846
 56495
 102481
 461063
 962622
 953220
 731467
 183723
 680787
 983513
 223467
 956854
 323005
 186666
 36101
 89520
 404604
 143504
 692595
 545475
 11811
 639639
 877358
 895934
 980573
 973815
 985607
 106434
 2163
 522088
 863685
 603178
 211369
 91020
 815929
 7000
 3379
 274064
 720143
 884141
 569506
 695113
 11764
 472326
 42989
 236291
 211618
 118251
 140461
 348925
 189508
 683965
 992913
 546255
 648762
 561029
 372439
 296902
 246294
 165332
 392887
 676681
 607411
 549812
 850127
 896527
 201444
 763651
 620333
 396447
 891832
 859125
 446379
 20947
 15717
 376797
 577617
 458533
 282049
 83089
 341052
 273142
 944164
 941649
 856004
 220198
 463222
 201937
 211244
 293445
 719115
 882873
 761741
 872545
 447482
 337594
 354871
 190476
 590596
 293241
 723076
 836795
 567252
 446046
 89895
 314087
 696614
 875504
 414162
 595029
 421377
 920536
 895404
 912508
 604088
 787405
 200333
 784087
 556880
 658578
 15977
 607471
 343733
 139569
 822882
 95049
 616853
 135929
 431677
 38007
 319595
 954278
 333101
 475137
 629592
 348383
 603083
 491641
 483836
 350870
 761492
 328963
 589904
 10304
 591150
 921924
 141065
 340445
 956347
 341944
 451063
 689625
 996888
 671699
 306883
 95285
 907482
 414214
 841463
 579957
 933986
 492951
 709940
 531547
 262954
 244465
 718750
 14819
 848952
 829756
 118934
 22756
 822823
 539884
 856185
 368336
 382660
 982531
 350336
 818433
 911126
 525912
 604585
 637385
 466890
 171428
 228279
 498141
 971755
 780788
 538180
 95814
 357644
 649167
 405165
 299410
 807141
 54526
 708294
 706813
 611554
 341167
 596468
 829312
 198895
 359124
 746997
 8895
 744268
 549832
 690992
 230889
 805826
 236781
 583109
 956457
 16116
 982179
 99133
 867897
 487827
 597443
 814751
 83467
 14091
 49649
 28731
 890364
 456338
 130778
 752888
 825473
 606060
 68033
 327333
 244650
 53611
 169300
 500000
 534424
 822754
 174213
 924833
 379012
 775757
 515259
 672790
 466439
 618965
 951121
 469089
 860986
 271140
 293715
 109422
 64126
 732268
 805986
 424707
 240628
 851802
 427878
 874260
 96743
 597761
 619175
 844287
 425177
 777245
 429212
 301418
 477168
 664099
 617204
 907586
 424583
 47572
 944337
 714388
 146312
 66722
 767164
 259667
 300394
 823529
 31768
 983831
 503431
 705394
 859520
 176895
 831425
 476496
 498094
 825078
 917747
 365568
 31278
 846122
 339303
 511838
 456946
 953579
 902530
 758491
 871644
 704893
 422275
 912453
 613588
 131578
 312806
 781822
 895300
 271514
 817775
 323650
 38085
 131147
 54516
 577876
 18584
 452568
 74895
 325821
 326053
 447590
 134609
 270379
 899261
 223388
 307692
 6889
 335135
 395082
 878718
 622145
 832716
 944618
 733594
 295976
 539396
 854226
 594136
 375309
 105358
 411646
 730125
 88445
 597569
 775865
 293947
 421432
 550992
 367510
 100191
 341115
 83481
 866425
 28599
 793367
 240399
 99811
 466555
 105740
 898782
 797200
 873748
 76907
 66937
 720144
 952002
 8174
 929824
 134347
 388852
 217042
 22020
 273318
 701855
 701950
 79834
 925690
 468723
 362290
 438775
 868469
 938740
 270597
 855988
 965235
 598699
 333145
 392749
 234734
 509946
 618961
 233896
 416789
 953223
 147613
 289972
 270056
 209781
 506583
 49926
 193965
 843138
 128246
 169545
 492574
 819672
 970930
 287277
 543561
 878948
 248336
 940673
 779527
 136334
 789047
 856800
 404567
 115307
 181818
 4735
 692618
 722993
 825676
 606255
 864064
 467588
 471955
 904756
 773196
 789670
 791159
 667312
 651
 453428
 417763
 448610
 920696
 892414
 948335
 648714
 386315
 199999
 899143
 817927
 992387
 56561
 482631
 293551
 735833
 127264
 428912
 58566
 113541
 785517
 810768
 648966
 288557
 803217
 767892
 466414
 175346
 208812
 673899
 309511
 157477
 291117
 157545
 649000
 334525
 317926
 691228
 814893
 112181
 344581
 359205
 253012
 19108
 679328
 280606
 60746
 387330
 564125
 119601
 757671
 173841
 359497
 624330
 861814
 60829
 610848
 776072
 940217
 292402
 69280
 989879
 275052
 522388
 145985
 524887
 327433
 895958
 808549
 755664
 189890
 300988
 417874
 61032
 983361
 642248
 303700
 480806
 594756
 921796
 502126
 131490
 789370
 736108
 977850
 977517
 7824
 651543
 474627
 186239
 205490
 921710
 311572
 577041
 757567
 601025
 894117
 639772
 683026
 645704
 0
 902971
 37392
 936273
 469779
 558605
 192779
 29343
 560345
 228773
 881673
 779450
 990728
 478342
 886072
 972624
 166010
 678490
 518725
 970819
 792680
 879759
 913570
 895018
 889529
 954251
 863958
 441737
 146466
 564877
 382454
 391811
 242872
 628210
 545371
 207475
 242614
 916838
 860014
 904782
 664107
 304453
 74116
 251143
 135306
 631016
 811406
 886292
 561326
 518616
 435004
 149494
 265662
 75116
 884029
 23182
 315543
 433962
 150324
 443522
 949839
 169683
 246178
 56700
 445848
 251252
 754608
 641819
 41423
 495128
 972972
 240082
 641821
 688752
 872611
 626559
 21341
 177240
 244581
 44596
 135728
 730465
 741116
 933774
 347361
 163495
 69279
 738137
 940489
 78586
 565291
 436280
 5902
 404251
 102974
 362654
 590993
 220879
 350508
 310085
 350583
 595567
 164855
 559941
 433156
 938279
 270406
 395471
 569176
 402234
 252805
 702
 48976
 553946
 378003
 723461
 838185
 473926
 806349
 296600
 330077
 153328
 247949
 593348
 660036
 640879
 137365
 166795
 950097
 460396
 137173
 447646
 372239
 147471
 663776
 276474
 921681
 375269
 677162
 168881
 37051
 832654
 51241
 642767
 164508
 145525
 398449
 251495
 232191
 733466
 31808
 458239
 579261
 736751
 911764
 696470
 217873
 20294
 752815
 170092
 995101
 44054
 847906
 300726
 206856
 812383
 956333
 441895
 899796
 319639
 495364
 546506
 332411
 440236
 585553
 518614
 595921
 11532
 214602
 241843
 512840
 515313
 111714
 314523
 902299
 222222
 708523
 686059
 749706
 104283
 144167
 552937
 165743
 379294
 550560
 385678
 162899
 209550
 140110
 147486
 112424
 939059
 350631
 735165
 583394
 36552
 887810
 686634
 729587
 928952
 198117
 324156
 658182
 428083
 915265
 15887
 360232
 308186
 223541
 676133
 913580
 910578
 78954
 220867
 810043
 868716
 68916
 380652
 873053
 598540
 919388
 770140
 105810
 297530
 302997
 455844
 746758
 866444
 908043
 705094
 522772
 582111
 610655
 222629
 765469
 5107
 962210
 378058
 47040
 721905
 280858
 751072
 257262
 327567
 74592
 555799
 745017
 565832
 837993
 669262
 102626
 815329
 757585
 162949
 841094
 104930
 67277
 817869
 741538
 510629
 390572
 939334
 85790
 328830
 982720
 455445
 802250
 539005
 797230
 895862
 787883
 508860
 636272
 558927
 892253
 56469
 372204
 490003
 827586
 496353
 589654
 958115
 13618
 144763
 637901
 450870
 207649
 44648
 40645
 274032
 554296
 547220
 330508
 671926
 370223
 158157
 36534
 969712
 24867
 770769
 890466
 671024
 988194
 63492
 721382
 144005
 97315
 521281
 657944
 167143
 464504
 903543
 441804
 642233
 667919
 973470
 523338
 952453
 571166
 598392
 39785
 390333
 201583
 968709
 20408
 379214
 534600
 983039
 157864
 676469
 559978
 195885
 67226
 430244
 897858
 322365
 183168
 89588
 601936
 747599
 768177
 878582
 407257
 326315
 538510
 736327
 1869
 88875
 661561
 11495
 549012
 478330
 351291
 687358
 698964
 102993
 68384
 706765
 564398
 862237
 814112
 311528
 452205
 993894
 930891
 580193
 763840
 343722
 153203
 596847
 428086
 869814
 109998
 17029
 153589
 349961
 275707
 943582
 254374
 323643
 438831
 872834
 40934
 310320
 829416
 128903
 157232
 311590
 882933
 227797
 935048
 88641
 37603
 461151
 377532
 809323
 630562
 749478
 239484
 600414
 466941
 530562
 620720
 421437
 445333
 670329
 420613
 793028
 788208
 184223
 300451
 2940
 376497
 839738
 996226
 596775
 392942
 171064
 464671
 726646
 559198
 144903
 870692
 335859
 985673
 376940
 32258
 678010
 574911
 119091
 612667
 469244
 903358
 806417
 148610
 966587
 20800
 626835
 708803
 387059
 591351
 466812
 133343
 465940
 478715
 567667
 680735
 625897
 868263
 241991
 164773
 935118
 370869
 260268
 671055
 288480
 747261
 228813
 890442
 389062
 938303
 258788
 681037
 117417
 228404
 796617
 485220
 949540
 682382
 408733
 300729
 905623
 139188
 285009
 533880
 24687
 759003
 5008
 667027
 200470
 702205
 199933
 981976
 156112
 812305
 824967
 13199
 442829
 484249
 5874
 88607
 735214
 98459
 109557
 372129
 531979
 837930
 801481
 774895
 197385
 670831
 802928
 432975
 142014
 256788
 158130
 11126
 633931
 405911
 789486
 838695
 776718
 29687
 947173
 796093
 624216
 433759
 306993
 607864
 347128
 765022
 555528
 914729
 149789
 503157
 92694
 611116
 41808
 639148
 822472
 921711
 800403
 99923
 87152
 796669
 283834
 623359
 800157
 133944
 889240
 181818
 141661
 128724
 399579
 769928
 942128
 2979
 656595
 838909
 133111
 215570
 904709
 899603
 28661
 202881
 664639
 996209
 406187
 478103
 337571
 273060
 157598
 555473
 536090
 748047
 441669
 182360
 59907
 385329
 755187
 583643
 334586
 335386
 855784
 22135
 276595
 455290
 328997
 386772
 721229
 28711
 601956
 334526
 123809
 944008
 828724
 719025
 11065
 320709
 512544
 251087
 658821
 65009
 394268
 96805
 71778
 944079
 37343
 254830
 847084
 621228
 885268
 513486
 55115
 864512
 927562
 182963
 476152
 248978
 259786
 33045
 78908
 32503
 519351
 571428
 426217
 81969
 649156
 45571
 763638
 526812
 239689
 552464
 990753
 778289
 380345
 876053
 231069
 608455
 171495
 178858
 209178
 797155
 375661
 788309
 929344
 909736
 393871
 572219
 777311
 831967
 929007
 446955
 677443
 312825
 129484
 823188
 228996
 953488
 110233
 133659
 866582
 923372
 258580
 121945
 150837
 193200
 991165
 351349
 750122
 538706
 870012
 943321
 95115
 495105
 639428
 169138
 582278
 743184
 916399
 967950
 69977
 287333
 562997
 962994
 470332
 808325
 263631
 818283
 688808
 914768
 341695
 302708
 487557
 825867
 758153
 792068
 153411
 5754
 450063
 277950
 892433
 653603
 453504
 637199
 662437
 836873
 812047
 573277
 800668
 885754
 972342
 903962
 773139
 741750
 378163
 322533
 814884
 172552
 136342
 346180
 409266
 741156
 43583
 912144
 293779
 810257
 223835
 946247
 33320
 862035
 616047
 126025
 412372
 812251
 803511
 199560
 181081
 227985
 602255
 525782
 245360
 875599
 585724
 907990
 678759
 17543
 0
 677280
 373226
 976436
 759953
 115802
 877250
 1660
 836549
 898958
 214529
 123318
 614939
 591709
 97152
 140927
 840277
 318764
 639874
 29153
 464243
 837696
 223461
 896047
 523940
 484584
 636041
 119532
 10166
 20785
 921192
 800056
 172106
 367804
 391446
 738138
 291882
 244438
 405691
 503192
 475420
 262032
 271747
 663951
 817947
 804504
 856893
 640329
 699140
 927164
 870836
 489913
 945673
 645502
 704759
 646036
 18627
 240330
 918590
 304444
 139307
 198062
 599291
 325507
 903616
 504363
 197994
 138781
 620790
 144265
 123537
 913080
 630087
 3851
 912616
 965376
 310920
 384797
 648812
 45774
 467951
 395298
 329896
 487738
 202134
 163596
 80697
 207063
 479477
 633287
 896951
 204128
 541176
 773902
 829835
 794018
 556850
 595812
 908742
 203549
 448785
 175788
 888251
 792125
 388957
 902698
 258585
 75240
 690390
 833799
 867871
 762152
 492065
 570223
 859021
 833839
 189979
 385250
 71711
 826787
 472693
 160626
 653651
 960905
 287692
 365521
 204103
 858909
 323589
 316699
 360547
 687662
 459711
 687805
 275675
 485592
 463073
 10471
 797788
 757701
 666567
 512071
 543415
 280042
 649698
 344567
 990978
 81355
 825101
 712820
 880986
 976000
 663571
 959041
 198275
 470334
 435806
 570202
 337184
 82210
 187083
 679438
 981566
 845711
 832392
 4982
 497589
 970361
 347211
 392252
 564530
 545851
 477291
 371008
 249448
 501672
 575501
 751210
 860409
 404072
 283510
 617347
 461889
 17409
 384799
 900816
 908522
 699913
 79744
 520325
 404161
 373076
 953585
 70424
 713988
 739872
 200146
 610933
 23642
 675248
 720372
 639230
 427787
 935178
 201793
 321373
 712574
 625091
 590039
 885992
 273990
 199215
 921417
 133628
 367890
 740960
 984675
 640809
 189617
 301648
 240000
 71204
 687763
 901038
 680096
 735289
 241635
 906821
 605612
 49675
 227272
 668410
 663316
 844720
 725757
 872039
 563919
 472238
 622061
 895356
 429729
 151437
 679221
 159105
 979812
 925992
 671314
 410662
 235659
 171990
 852567
 661189
 845198
 452910
 281762
 853353
 364161
 139796
 907174
 137351
 266796
 167407
 962324
 341567
 919527
 337962
 916500
 810552
 486720
 361204
 73100
 200742
 697108
 887518
 969987
 68728
 799724
 643496
 9882
 872666
 365081
 915914
 917304
 129876
 470752
 964983
 649074
 928441
 759625
 954068
 404044
 141620
 869086
 169351
 49626
 96712
 980439
 358279
 294209
 286972
 404773
 557022
 307601
 178056
 841913
 547004
 72000
 206890
 391392
 623843
 454921
 661555
 37247
 183374
 133840
 179907
 842217
 645193
 96937
 384939
 402235
 295577
 501754
 216719
 582627
 398495
 904522
 549303
 151203
 94436
 941143
 199618
 796731
 332428
 502742
 674822
 292862
 152579
 52653
 388537
 80923
 29425
 143248
 655403
 704936
 98389
 697799
 552962
 811760
 559999
 831447
 124889
 752913
 156972
 483814
 324076
 282664
 513631
 186301
 967537
 984296
 217176
 6896
 29385
 206261
 282039
 793051
 737373
 577494
 271485
 209646
 460265
 999586
 840938
 346936
 951655
 23498
 724066
 459893
 46594
 206215
 502275
 305747
 268683
 506696
 692743
 699038
 254854
 192674
 345218
 997380
 824821
 672972
 465680
 118800
 540290
 132584
 783479
 179898
 161228
 153854
 240483
 429505
 845965
 685917
 327255
 59343
 937558
 602472
 186046
 714498
 180641
 209798
 149508
 85052
 606835
 441587
 400000
 261744
 379738
 491365
 750373
 663801
 672174
 530185
 131502
 608770
 614581
 716313
 406505
 646486
 277442
 750000
 752646
 659517
 450201
 713194
 51144
 117549
 532911
 281444
 510496
 106630
 672227
 279562
 18768
 258461
 962674
 956873
 460009
 786772
 692392
 817562
 12969
 496034
 371672
 738339
 481938
 25326
 593124
 782485
 719581
 694057
 847633
 658962
 944176
 930084
 927019
 168164
 313805
 556906
 831213
 38345
 767481
 837176
 215623
 273161
 813983
 491000
 155852
 583500
 120469
 327246
 961926
 408079
 540429
 655188
 728375
 391566
 930429
 298670
 576213
 965121
 32269
 923205
 340113
 935943
 317894
 516100
 868552
 613089
 267977
 74969
 924771
 206951
 191468
 973631
 35288
 332425
 930002
 153581
 340659
 384026
 349426
 436319
 799867
 436992
 480740
 291149
 972602
 263219
 340318
 52205
 77685
 549270
 144606
 197076
 44967
 645632
 306836
 944128
 613833
 122704
 174656
 355809
 436222
 238668
 317178
 768100
 370425
 324475
 384367
 545129
 281058
 905152
 343393
 507945
 51439
 356740
 149360
 795020
 664082
 218574
 101247
 218412
 916902
 154366
 142343
 603161
 775280
 891687
 869850
 457300
 274956
 331079
 555534
 250060
 402730
 43902
 626511
 503981
 478843
 820234
 87985
 949310
 934993
 983658
 318546
 74429
 179431
 219942
 397069
 588345
 716897
 825536
 843225
 782124
 37134
 621733
 383420
 722739
 493814
 625417
 475675
 656656
 18404
 927621
 787834
 222222
 372549
 17818
 485117
 64342
 684807
 701482
 682192
 237373
 73170
 971021
 180704
 713450
 541858
 539917
 433158
 247843
 909538
 384133
 364916
 256533
 190760
 264319
 52222
 603136
 607788
 555234
 930513
 163616
 439450
 808870
 141753
 256429
 905019
 131341
 771906
 705098
 569003
 159569
 885624
 147783
 759637
 528107
 564354
 912738
 803668
 122183
 353584
 167095
 916412
 961119
 612680
 209262
 655010
 888992
 968476
 442403
 665614
 354639
 717222
 798219
 834523
 394561
 111719
 85580
 941548
 209751
 788238
 150720
 898032
 635400
 599001
 261829
 144124
 549817
 435687
 136496
 201535
 3941
 507171
 369685
 467726
 86717
 209808
 251028
 709651
 183351
 530918
 298802
 999671
 374938
 413915
 651985
 837849
 230386
 401813
 685258
 483951
 291185
 338557
 200334
 490455
 226678
 277260
 615393
 38876
 55594
 660985
 912942
 683636
 717205
 816629
 853829
 218362
 831278
 849674
 914338
 833339
 504546
 602038
 740740
 561983
 699785
 459580
 330739
 827708
 545454
 456826
 625612
 543926
 278900
 602509
 884773
 377099
 815165
 691873
 967085
 451595
 294901
 418214
 16950
 877325
 224983
 506779
 307967
 674989
 212748
 181356
 193854
 54135
 414759
 142305
 290999
 60445
 373737
 170614
 612476
 96353
 474644
 338100
 109032
 263466
 920792
 638666
 156311
 411931
 741536
 70579
 123751
 825857
 809594
 772410
 230367
 502284
 368515
 709976
 212435
 342084
 507658
 582992
 544396
 100102
 79860
 724969
 327310
 335517
 233596
 289288
 906854
 365591
 791846
 363466
 75934
 794659
 757291
 187472
 810259
 143044
 824164
 866298
 664097
 997244
 695852
 740298
 67329
 3192
 439308
 977662
 895968
 44434
 207449
 242452
 558299
 755173
 314340
 484387
 82436
 581944
 22456
 940252
 480553
 710422
 581128
 396241
 44719
 462055
 462598
 281524
 354838
 384672
 685953
 443853
 709466
 755511
 692611
 785714
 84024
 242718
 102556
 310898
 719342
 372759
 863379
 645833
 303212
 957337
 821456
 16896
 592840
 768363
 505882
 485288
 494044
 933906
 937606
 195432
 141542
 884289
 221366
 211302
 13215
 833699
 565640
 96686
 156804
 2849
 618257
 748911
 767441
 87927
 402939
 722041
 366273
 58534
 840457
 415094
 90647
 444545
 420284
 143122
 862842
 182141
 786800
 102219
 602240
 972953
 279892
 549903
 252503
 634852
 120522
 142317
 256087
 628116
 560460
 905894
 135498
 480412
 463486
 853302
 959252
 70441
 909426
 961474
 528978
 863301
 987297
 669585
 816491
 622176
 179543
 445896
 693345
 202819
 108073
 360563
 870479
 119901
 996753
 986013
 520421
 688636
 142271
 963481
 636557
 344436
 369376
 912922
 622114
 58514
 797883
 642857
 585849
 237323
 536585
 241081
 888888
 269529
 585179
 691774
 893038
 885909
 655714
 664168
 432889
 942952
 861887
 697522
 991819
 723151
 670570
 940033
 307962
 142857
 715817
 880268
 124759
 181256
 776119
 809939
 984126
 720379
 919803
 201550
 488385
 352621
 695168
 45797
 158558
 814310
 98297
 903487
 250065
 267593
 436659
 7065
 28949
 566113
 229128
 382071
 623405
 849915
 934058
 762239
 462942
 512268
 292472
 147436
 353197
 285406
 320373
 62222
 66830
 414321
 272544
 594594
 404673
 476538
 754162
 671453
 876321
 670486
 335550
 492549
 860771
 523646
 454031
 147093
 349461
 707442
 949579
 401085
 813701
 741151
 633951
 806924
 915377
 611259
 977648
 710495
 778073
 12223
 19995
 363942
 815637
 407871
 820751
 135640
 907695
 577217
 447511
 671777
 133453
 112514
 758302
 445231
 885057
 724444
 138683
 276383
 397143
 380119
 971168
 511995
 317661
 947979
 133002
 745007
 693693
 896812
 471977
 853895
 131995
 639326
 866609
 755694
 238470
 882567
 103754
 586518
 802740
 398667
 388965
 857249
 832196
 646380
 290867
 603874
 99876
 141772
 461897
 988667
 979296
 561096
 260273
 760235
 941546
 585318
 331308
 47133
 358786
 191820
 310553
 969008
 607354
 324208
 420511
 440118
 780525
 282497
 250614
 795305
 867136
 729270
 261610
 485195
 111922
 267062
 375712
 164037
 628051
 332152
 209466
 906621
 798353
 886383
 597793
 238412
 440918
 52212
 985047
 428120
 873549
 148877
 883636
 131113
 35685
 976588
 614459
 902072
 507021
 809490
 526206
 161703
 286241
 548494
 74181
 598508
 26380
 354265
 232264
 105146
 574356
 630642
 632271
 452926
 673575
 705933
 595889
 135397
 41538
 108986
 429410
 536945
 263554
 378407
 371719
 390543
 601483
 378933
 793946
 245509
 699107
 719910
 591023
 922519
 301782
 555632
 124216
 506406
 150842
 98115
 789904
 385914
 373786
 433302
 308153
 224212
 78381
 171054
 233276
 459727
 119066
 847801
 445640
 512906
 958427
 496308
 522568
 674773
 856861
 355329
 481933
 496588
 834825
 563665
 238140
 824096
 465854
 453467
 899880
 383877
 533083
 552331
 607861
 275588
 445846
 953567
 749793
 996476
 371334
 298044
 96063
 944043
 247135
 437192
 704506
 285273
 74539
 993716
 417853
 80022
 308329
 337394
 646515
 205472
 442136
 911196
 62305
 291752
 600000
 736899
 671206
 724618
 391460
 541595
 823904
 412477
 115624
 427826
 404059
 810175
 965864
 409696
 737431
 798130
 758937
 470033
 207057
 468246
 614862
 568627
 873323
 374287
 614790
 222036
 503807
 163845
 595810
 405389
 179633
 256165
 522349
 251618
 657203
 924424
 307120
 827870
 848605
 476190
 309764
 161010
 821882
 845276
 11659
 904041
 608130
 838957
 289729
 488403
 848933
 763895
 607240
 930487
 294412
 892425
 75630
 954498
 763588
 849514
 140889
 480336
 571213
 267278
 152177
 838758
 712494
 868867
 822994
 456513
 267187
 933866
 667119
 283007
 652987
 845920
 941402
 836193
 7420
 582390
 942184
 51020
 782353
 846507
 289381
 956433
 279069
 291053
 96032
 344957
 522442
 966194
 478145
 437415
 770949
 340876
 788013
 861697
 510212
 683977
 195771
 237623
 248708
 390243
 531120
 616822
 369619
 314717
 906474
 24907
 272281
 11673
 7367
 527147
 268640
 983276
 792458
 435684
 922411
 233003
 586503
 943373
 525819
 283948
 440284
 799241
 863548
 78130
 530767
 588354
 995670
 564252
 950884
 563086
 67054
 887387
 199573
 400000
 668903
 879181
 245901
 186336
 415767
 757607
 338504
 235678
 449117
 189838
 23397
 848256
 298864
 609786
 303749
 979841
 605522
 728324
 341367
 511570
 296115
 776244
 798308
 123043
 238143
 829439
 711162
 864111
 577120
 171912
 965780
 190078
 749917
 690178
 825357
 342545
 973418
 285714
 940267
 543340
 617083
 971113
 693234
 481095
 318582
 494358
 788583
 109858
 54376
 421728
 987399
 887413
 437627
 449670
 731860
 512417
 578360
 655054
 323465
 969762
 612289
 498293
 791257
 919173
 575949
 795040
 966507
 164003
 567776
 971771
 352755
 169136
 862410
 962755
 745816
 408868
 375510
 656464
 593353
 589284
 651226
 640449
 573729
 913405
 581789
 450611
 857284
 770887
 52814
 868086
 841231
 274478
 428041
 579698
 898565
 714508
 348786
 955456
 324879
 421734
 490396
 493032
 205357
 514241
 684082
 916761
 489
 687500
 994102
 234476
 478043
 392498
 255613
 435594
 400032
 922321
 521873
 71962
 33776
 531979
 304437
 744275
 977266
 58346
 399804
 300822
 312928
 256585
 7150
 509455
 898960
 628726
 175505
 313127
 845152
 718732
 653773
 563045
 640172
 273140
 573483
 251621
 292482
 567216
 510198
 417022
 601754
 604322
 740337
 869238
 394567
 635211
 263982
 803862
 702036
 895297
 17989
 738026
 214914
 318898
 3371
 586235
 705882
 689765
 194419
 683245
 605070
 299058
 182328
 718425
 686163
 148366
 618983
 272360
 310595
 809952
 33354
 250678
 615726
 786396
 183520
 587989
 322790
 566352
 828765
 377340
 818523
 105706
 976734
 485875
 483381
 623900
 961285
 33647
 389730
 856531
 842287
 111789
 88942
 44820
 913327
 536137
 44572
 349529
 709126
 625916
 763995
 82685
 305106
 170915
 287278
 868699
 582514
 969913
 568803
 289061
 115321
 860788
 700180
 483704
 851375
 964605
 926045
 726311
 592983
 154068
 238786
 887773
 790534
 201038
 710257
 719993
 587240
 404677
 630179
 77220
 595894
 35243
 725639
 78430
 321835
 820737
 354542
 367070
 803527
 955698
 178675
 222351
 565941
 396655
 560117
 127933
 602274
 354409
 203957
 795744
 525702
 298829
 943610
 567686
 413307
 274654
 714113
 938120
 70923
 765039
 790406
 598183
 119449
 558605
 914062
 216807
 733008
 606477
 468578
 277027
 438032
 192219
 668228
 89138
 131286
 131614
 597962
 697593
 153221
 395773
 206333
 175127
 900701
 49400
 843059
 842588
 229512
 553494
 912459
 659304
 432771
 803438
 495071
 217711
 261435
 869295
 449962
 617658
 350973
 440771
 722134
 145702
 661557
 67007
 77557
 66270
 407798
 888141
 266094
 900062
 80908
 468486
 200894
 412034
 88648
 156939
 297435
 510862
 910847
 910722
 628241
 519662
 36851
 418642
 414766
 775193
 32692
 469920
 560138
 478787
 425208
 104936
 636546
 693144
 179190
 649694
 886532
 432060
 203955
 254461
 571933
 693675
 58512
 302978
 570388
 507614
 420690
 573748
 417943
 228956
 940716
 143007
 259259
 771546
 272474
 387663
 304520
 241728
 623655
 572438
 422867
 477870
 84977
 612891
 315151
 51906
 920023
 715780
 76200
 626954
 469046
 384824
 627335
 859081
 746159
 933912
 714576
 115166
 340012
 303546
 90832
 416297
 999735
 370021
 604354
 49061
 534954
 128026
 597665
 266621
 22599
 889011
 302963
 985994
 459905
 559311
 719294
 177407
 283854
 174499
 12629
 867909
 604839
 21800
 542375
 775037
 422446
 941836
 209618
 274831
 986041
 64916
 367802
 339767
 348264
 242715
 370068
 485469
 21367
 510787
 784771
 816595
 927466
 765897
 941176
 736918
 202794
 622576
 699293
 946681
 576156
 84752
 929652
 557483
 999082
 158508
 451621
 451285
 289847
 459878
 409361
 502171
 563701
 989310
 585158
 466256
 147290
 616436
 549778
 319613
 826086
 239250
 181094
 660614
 865649
 752280
 304636
 4957
 154056
 204156
 743246
 195100
 398420
 220264
 2761
 462915
 702247
 535269
 74380
 468448
 30562
 709322
 307995
 805762
 35690
 743871
 782133
 720175
 529579
 220741
 572306
 993524
 626936
 114754
 670922
 638629
 346298
 872614
 277601
 261146
 367990
 43674
 57059
 53408
 391585
 666666
 902338
 278408
 646525
 79002
 437087
 320450
 801325
 37246
 791735
 101503
 383801
 382444
 298229
 528165
 298050
 813981
 245884
 453422
 801268
 728367
 650666
 129930
 290273
 878311
 383976
 657342
 399256
 237042
 160427
 137851
 669403
 558823
 108025
 367798
 107579
 396774
 299633
 732307
 723665
 518740
 867871
 67219
 762057
 984717
 43307
 25170
 382948
 962477
 702175
 570377
 645170
 938619
 318139
 737564
 38770
 892778
 957015
 564346
 511840
 889656
 145536
 619510
 967378
 387301
 728738
 97698
 648551
 892483
 987916
 724684
 401709
 641517
 16179
 912769
 889709
 517282
 269726
 830359
 801580
 254835
 174707
 726875
 2549
 802226
 492431
 344066
 987353
 966810
 274129
 778633
 586403
 99040
 761644
 240909
 920611
 862377
 354985
 69829
 636088
 492394
 526717
 412693
 927428
 703891
 220705
 315033
 466885
 104677
 203791
 690334
 533012
 219794
 137717
 965339
 554929
 629913
 73127
 350233
 414544
 243807
 252796
 588424
 632105
 566631
 567158
 692307
 171577
 44944
 599713
 485344
 543613
 313537
 242212
 244085
 562874
 831325
 355784
 614996
 848167
 441993
 340120
 245087
 62708
 602326
 387096
 242780
 976092
 586934
 958725
 275326
 223539
 906898
 742574
 835809
 593888
 516493
 842601
 706563
 852810
 537878
 668497
 482372
 455117
 716106
 808569
 526317
 217441
 721544
 969449
 663802
 293322
 957382
 765998
 804878
 192660
 98996
 644390
 732247
 261891
 587870
 97542
 376127
 102509
 301147
 885395
 857216
 759326
 25856
 737830
 952382
 874393
 80453
 588537
 774511
 777676
 719844
 427304
 180169
 872858
 310828
 495475
 671611
 101981
 811338
 678727
 662328
 972522
 749432
 357295
 628458
 402356
 53371
 558010
 136063
 79646
 926301
 269665
 448469
 866312
 636584
 379036
 209928
 776792
 300097
 702107
 777031
 242725
 591009
 452074
 35794
 805395
 416037
 55430
 454691
 825814
 130097
 395498
 762005
 972481
 360512
 238326
 74745
 99193
 408005
 200468
 818270
 727440
 762480
 102941
 215776
 718830
 291178
 667757
 456953
 897755
 88867
 308647
 823141
 12517
 168559
 81521
 171482
 169533
 348006
 508474
 322551
 788153
 451196
 918653
 967574
 850562
 7099
 602938
 722747
 471862
 536766
 488932
 715927
 409731
 484355
 824537
 454001
 480112
 939256
 322645
 612131
 271734
 134449
 247039
 250000
 391304
 531461
 585703
 914756
 626279
 70175
 937308
 995171
 932249
 172665
 268147
 522772
 219538
 337548
 508697
 178559
 873700
 823293
 321442
 569130
 890256
 268744
 575227
 477082
 889890
 834400
 18644
 295573
 665836
 351866
 172355
 595483
 676074
 295126
 446321
 257054
 369344
 131773
 378378
 58391
 783950
 732904
 898720
 366966
 190463
 944671
 128606
 471354
 723489
 943734
 638603
 95391
 252054
 114717
 749691
 711539
 319682
 125055
 7244
 36189
 382978
 90435
 577136
 98133
 653250
 338030
 20536
 992401
 304276
 635492
 312246
 241960
 650571
 249199
 991968
 712692
 295138
 936707
 209893
 846896
 355831
 651659
 74273
 951773
 647756
 127005
 510373
 531598
 197803
 301800
 749494
 720589
 898412
 645007
 251700
 304059
 653794
 401816
 226456
 909173
 353958
 929265
 25084
 120778
 899817
 612565
 793929
 569416
 356260
 40730
 6237
 871702
 552836
 807129
 289582
 405805
 328259
 769073
 439144
 86367
 542930
 432700
 453825
 201328
 693417
 160801
 751130
 62385
 333333
 251793
 157741
 133502
 965591
 504454
 77911
 922926
 39473
 396055
 65312
 965226
 917958
 435467
 988686
 649214
 30008
 166666
 733342
 900828
 218666
 570081
 867503
 951178
 590863
 894117
 523872
 546678
 531291
 203371
 991263
 246376
 978630
 513424
 253754
 488817
 154858
 744311
 761357
 544935
 553409
 483610
 451538
 371122
 962109
 599023
 289153
 29122
 802108
 13025
 673869
 400712
 279709
 196721
 402343
 127487
 249546
 998665
 818927
 108744
 135296
 887252
 618823
 948712
 513192
 29938
 303189
 102935
 588553
 869829
 646768
 296796
 133485
 302375
 211569
 503299
 982110
 400417
 154398
 130201
 383535
 823395
 440677
 117726
 616779
 354723
 611781
 744447
 602825
 514000
 22413
 540159
 802791
 115403
 331553
 270290
 214256
 594520
 639174
 766290
 919255
 773734
 884117
 117902
 13181
 153260
 611661
 448758
 584978
 809992
 553752
 71127
 123185
 158655
 311788
 574857
 973593
 943319
 254413
 704303
 905492
 34703
 561255
 309547
 306398
 786509
 158436
 267963
 14925
 918071
 207407
 125139
 440944
 599876
 925500
 949241
 160865
 671280
 588081
 712601
 465892
 776404
 575609
 506265
 882295
 865730
 203287
 686689
 756319
 817623
 785867
 499715
 98169
 815480
 949494
 509214
 183722
 156932
 362061
 80432
 582983
 571428
 93195
 12987
 329926
 788612
 683497
 820678
 395756
 470539
 456361
 733607
 292326
 240125
 961494
 564878
 325961
 759297
 613138
 749298
 868457
 464650
 685246
 735966
 118814
 100752
 869863
 451649
 482076
 811524
 848352
 903043
 665803
 816677
 515698
 217629
 79319
 750489
 432519
 723928
 175454
 167106
 101567
 205262
 720636
 589206
 773419
 946955
 194100
 770935
 977628
 345281
 911542
 989980
 158297
 842105
 109930
 480784
 938642
 214808
 55961
 103569
 748487
 529764
 521625
 685088
 449165
 165919
 739221
 178362
 473110
 840797
 157444
 441584
 736316
 717065
 220162
 544381
 803099
 101632
 738200
 928111
 88516
 828917
 178582
 874895
 47678
 798883
 700907
 211609
 731207
 299898
 541987
 788027
 544567
 363920
 433896
 423768
 505679
 573436
 700186
 316023
 535078
 798933
 261062
 252671
 157626
 123018
 533259
 830703
 923179
 846655
 759044
 112479
 391594
 220006
 794533
 716784
 27379
 626225
 681196
 901257
 125060
 959683
 991763
 380587
 642167
 963534
 352321
 840000
 416666
 913400
 918523
 656023
 553204
 148109
 31655
 927289
 563467
 493794
 41142
 677385
 182391
 280980
 249350
 465261
 381886
 794661
 126091
 284924
 912080
 411042
 795987
 906328
 577368
 971867
 212062
 290672
 678122
 478008
 647305
 0
 917679
 755564
 896668
 88818
 864443
 821400
 373302
 210359
 150730
 186418
 444097
 785168
 53333
 111576
 944899
 164019
 374129
 412613
 233239
 68080
 271484
 395314
 439075
 361308
 805381
 191333
 498822
 317480
 877256
 394451
 990185
 69132
 719130
 266608
 231931
 114628
 461592
 711221
 864185
 998111
 436485
 832917
 666802
 500672
 300466
 18910
 523707
 931034
 806750
 571746
 121598
 297423
 897958
 41797
 590637
 502057
 55684
 984688
 621425
 718179
 89664
 49237
 975770
 206880
 475161
 703834
 477866
 928352
 440852
 116963
 731982
 971023
 973617
 962926
 506306
 886287
 235099
 871455
 698077
 216767
 526911
 776806
 670909
 505130
 243243
 427502
 639999
 5917
 214985
 327469
 977080
 592592
 369279
 312623
 279422
 614987
 262804
 325246
 156184
 463291
 962655
 342222
 932738
 951740
 153660
 454109
 546861
 715700
 27968
 251728
 694875
 152565
 697341
 485368
 726021
 213017
 595986
 424534
 744128
 104460
 15160
 218380
 884608
 318026
 682495
 202164
 259308
 16789
 959355
 842318
 550078
 290698
 517399
 413414
 957637
 45081
 146610
 569710
 957822
 101204
 426924
 486728
 885397
 291891
 248600
 205626
 486158
 826255
 320271
 838269
 637386
 761436
 694145
 697816
 883140
 685525
 892651
 273064
 429271
 146115
 553908
 678430
 45352
 9792
 39639
 147783
 360888
 854075
 548696
 981181
 42982
 338199
 664867
 681053
 901415
 115363
 957297
 971801
 21297
 464894
 331874
 246043
 508130
 815588
 396009
 262210
 750543
 951494
 91108
 792946
 3339
 880149
 71763
 474110
 157502
 250538
 692768
 293219
 406520
 248760
 389121
 983537
 742663
 541698
 105907
 219716
 75757
 302233
 799827
 530995
 672969
 775887
 58112
 910002
 297116
 897059
 233906
 262661
 161909
 113821
 505400
 673293
 399650
 901971
 564958
 313053
 486819
 386930
 936289
 865979
 316560
 856688
 130205
 989550
 644474
 101461
 209634
 61032
 441080
 914230
 504541
 290205
 763913
 99421
 27669
 648643
 132915
 805107
 191258
 739216
 477857
 374226
 946066
 270264
 568935
 556428
 976914
 795218
 927029
 764317
 721321
 268842
 775672
 648261
 560145
 857538
 273011
 14320
 836162
 535601
 40641
 930006
 909090
 629337
 628080
 782022
 436584
 189513
 640212
 664772
 475100
 847642
 701193
 71942
 973356
 288669
 510616
 135590
 85406
 815470
 87920
 371086
 547497
 762657
 514280
 552906
 597014
 239837
 857480
 354995
 110865
 336440
 596825
 512410
 836823
 262648
 214795
 197199
 523138
 172908
 866355
 942683
 626480
 689061
 908456
 199999
 552301
 22933
 369526
 584122
 184761
 242304
 497336
 467757
 693558
 655718
 492783
 765190
 425383
 799633
 915415
 252330
 862293
 682510
 435897
 861332
 643454
 918871
 887853
 568206
 651311
 854765
 767682
 367646
 316970
 94334
 293992
 967732
 162536
 78782
 675043
 464121
 292682
 598127
 12939
 488676
 386057
 634805
 913163
 991464
 196588
 102673
 537230
 367860
 331912
 29237
 814084
 31386
 953719
 983986
 594642
 950799
 701248
 570837
 634368
 752914
 74235
 880923
 959430
 860542
 67415
 911408
 860842
 677130
 9041
 954572
 484223
 259860
 294895
 958740
 163040
 296576
 470327
 724933
 333028
 916932
 881417
 125531
 114263
 689549
 883309
 59023
 386969
 383541
 562175
 584940
 724501
 92796
 833460
 511835
 861366
 947020
 506666
 678450
 324727
 512950
 434325
 587624
 39111
 543365
 238270
 836131
 183425
 868557
 641001
 676305
 432065
 356321
 390067
 581532
 270693
 229419
 674823
 491925
 768139
 119658
 90431
 100264
 536537
 869177
 711382
 204396
 969937
 672186
 718106
 98677
 470906
 541419
 25264
 218993
 467226
 107962
 967485
 203103
 247232
 673631
 519267
 827838
 19047
 228746
 506595
 619030
 955784
 433455
 629283
 716248
 847340
 485179
 369899
 237778
 643752
 72187
 176975
 213520
 365161
 238483
 559965
 5359
 455316
 896408
 953901
 429037
 130578
 67558
 530712
 548797
 781593
 505978
 915967
 644154
 80766
 677077
 22549
 484986
 358971
 990859
 917858
 77312
 814512
 241392
 271456
 450539
 298232
 699055
 413109
 834429
 556635
 667157
 514675
 811122
 427963
 709938
 409993
 809111
 679278
 653543
 133609
 932227
 217573
 122739
 359500
 543291
 868082
 192848
 107242
 351498
 99363
 577311
 393258
 732980
 517293
 613000
 370251
 475080
 604010
 919866
 727690
 59238
 451042
 537304
 95280
 457538
 953271
 617647
 267220
 671857
 652892
 993993
 816980
 351968
 883295
 688550
 314080
 893662
 436337
 18465
 541077
 741523
 337792
 990541
 106859
 8574
 756145
 385906
 792828
 767473
 144911
 950819
 586609
 899953
 661660
 201026
 859837
 10135
 300074
 150290
 829290
 613727
 775868
 814454
 391065
 801072
 817839
 557830
 913747
 128808
 435368
 29284
 195215
 300255
 991804
 967830
 660874
 304872
 286773
 326620
 748709
 407650
 845247
 971500
 187401
 294583
 940814
 885294
 388793
 331407
 452261
 471374
 386758
 15325
 38087
 967184
 17492
 871879
 471558
 96762
 250975
 567846
 449672
 764788
 48460
 837734
 933729
 805135
 547540
 207898
 721328
 670459
 934466
 23709
 371987
 478850
 42554
 974640
 998829
 991999
 243225
 236072
 716577
 86030
 201174
 745943
 702842
 450948
 6585
 909778
 193434
 287600
 483602
 951854
 538608
 451794
 287390
 707748
 769218
 440382
 50242
 74840
 268140
 568008
 680343
 754780
 90085
 263653
 138894
 63834
 381461
 730550
 593128
 766553
 953752
 696428
 393139
 921509
 466027
 381121
 313848
 247974
 788551
 548819
 134908
 373377
 853385
 683018
 663600
 445605
 430778
 527472
 730909
 12403
 145297
 358931
 744977
 56910
 589845
 889428
 208690
 299310
 689579
 893848
 591394
 714413
 642881
 134792
 250975
 315153
 796717
 410909
 963338
 956610
 790917
 7257
 383599
 526724
 461798
 868226
 122436
 441362
 986336
 83039
 646711
 750000
 225025
 220792
 830385
 173176
 857456
 236032
 554752
 105160
 7623
 160324
 887166
 332366
 864360
 546071
 197882
 869206
 554511
 426197
 676188
 501708
 257157
 341835
 717601
 234863
 492871
 291574
 400671
 769028
 592623
 331948
 494899
 930956
 814383
 920122
 553828
 90843
 564093
 703335
 539304
 805797
 723753
 944254
 605072
 413959
 66403
 82889
 234816
 330427
 880298
 960744
 143174
 979045
 450098
 718790
 744130
 117535
 219590
 710950
 181571
 440524
 855469
 878847
 406537
 24722
 431486
 719795
 335370
 736842
 607568
 237687
 144957
 237288
 168581
 817484
 865585
 483143
 994610
 742986
 176026
 977777
 851548
 33289
 445621
 153094
 145788
 490654
 872612
 768071
 533907
 854581
 157747
 86359
 994034
 382848
 736327
 685045
 756894
 552608
 384719
 908981
 601939
 789417
 772306
 906135
 530149
 167971
 886590
 811701
 171673
 836613
 280039
 57927
 499159
 144171
 115646
 110022
 644433
 156024
 232610
 192525
 753298
 541353
 809274
 826381
 959402
 206820
 202809
 0
 728566
 301767
 643118
 175867
 494252
 658679
 123614
 679744
 919755
 191693
 417632
 499249
 952658
 337179
 828374
 144013
 952225
 148198
 538571
 793059
 21323
 337925
 411047
 816852
 907637
 209973
 335461
 650207
 986459
 763117
 452517
 706542
 466760
 323332
 559467
 873137
 60820
 280863
 134890
 649711
 408229
 185300
 253284
 738261
 926645
 501659
 242424
 309150
 97192
 941737
 528264
 587014
 192504
 50566
 9429
 699795
 158267
 124606
 87996
 814626
 635727
 693262
 655903
 523663
 489361
 67034
 140463
 492405
 208251
 263511
 511859
 688872
 15503
 885914
 898609
 131163
 399294
 55592
 558363
 285317
 432186
 798585
 313910
 147588
 125269
 498793
 386025
 321752
 492260
 461327
 436227
 918916
 385230
 151138
 997869
 502852
 970240
 80684
 239298
 810089
 922656
 709969
 688920
 418835
 212309
 998483
 833171
 694613
 184016
 210224
 252206
 623602
 994016
 939215
 975016
 121184
 133313
 253542
 901839
 672421
 943020
 741363
 627257
 623732
 980120
 576364
 183240
 632910
 991795
 38664
 699339
 14104
 115822
 742302
 311055
 303829
 364130
 326839
 377093
 276943
 666080
 677165
 304010
 593750
 552134
 108277
 291123
 119292
 506531
 532934
 891290
 989695
 191878
 149709
 74062
 403718
 967975
 700186
 275956
 772036
 505608
 829937
 310034
 636073
 999854
 316974
 989031
 821250
 673488
 752999
 814432
 289521
 197474
 41656
 268071
 591811
 965156
 471669
 81743
 310344
 822631
 130644
 622700
 764044
 444940
 27061
 943491
 540277
 316342
 709051
 772518
 2233
 807095
 307403
 148585
 701992
 514529
 509562
 73236
 284842
 454733
 188679
 876207
 673101
 422193
 519627
 716389
 441349
 154003
 860077
 703711
 520673
 12836
 983210
 566168
 683038
 131285
 821006
 798156
 5229
 706224
 968368
 263984
 572354
 248985
 474111
 829665
 567390
 439679
 453736
 675422
 284622
 668762
 620118
 842360
 229240
 0
 607538
 257680
 495599
 32447
 392681
 924796
 835495
 371026
 947702
 931719
 226956
 187360
 742840
 525451
 314156
 99444
 914223
 369739
 588649
 292100
 876212
 552587
 742115
 655607
 514703
 782718
 10981
 735037
 471259
 433307
 859490
 730951
 986748
 936896
 885010
 125673
 543623
 42645
 394957
 781765
 356880
 241498
 620844
 703097
 155800
 775379
 90783
 963053
 978378
 37879
 124392
 103999
 732969
 32388
 142328
 44426
 640000
 283666
 593012
 319352
 305212
 482993
 256308
 480864
 249144
 914709
 316310
 956641
 720831
 316822
 786839
 996536
 887446
 474696
 943437
 623209
 943978
 901501
 973104
 861248
 610767
 706234
 994426
 732572
 211895
 723015
 218274
 299293
 638489
 583081
 877943
 948365
 868606
 939405
 640635
 302116
 956718
 352297
 895692
 2325
 919124
 914313
 287070
 995887
 552204
 146853
 157894
 123151
 85964
 246671
 856004
 906579
 712277
 505242
 287815
 739375
 155314
 258064
 942334
 977230
 593712
 939462
 563938
 769823
 604315
 638198
 373107
 881708
 284883
 39416
 106982
 235266
 570316
 35666
 971838
 689901
 773138
 613402
 398429
 301663
 506498
 716828
 670715
 416271
 589504
 848934
 277545
 284403
 196494
 637365
 418645
 551335
 428571
 927619
 566799
 880895
 268096
 714951
 424674
 730181
 971062
 408062
 805990
 554547
 384152
 582884
 308431
 589483
 910048
 874214
 80392
 788884
 442876
 434327
 16547
 426773
 474142
 831509
 249440
 911694
 60750
 697819
 28324
 420579
 134260
 115488
 579799
 229663
 696907
 264378
 747928
 271555
 301342
 504145
 185577
 206464
 971383
 818181
 854853
 650856
 45662
 811252
 615230
 791147
 217142
 448546
 172413
 168414
 632987
 984404
 165550
 19286
 286551
 143393
 180715
 287315
 135978
 822679
 954198
 59647
 994395
 28618
 360146
 112211
 561396
 58947
 335634
 665397
 109333
 51693
 508006
 698554
 696489
 267563
 891282
 318276
 96814
 18643
 289076
 537723
 596856
 305703
 166666
 658025
 912838
 468038
 213711
 949337
 672858
 889716
 444805
 451603
 459333
 292400
 447800
 870967
 985417
 897945
 427355
 855710
 260140
 208066
 397741
 876093
 548193
 252374
 262266
 158043
 147336
 40982
 470588
 750791
 868253
 455769
 932032
 523853
 544119
 290518
 406004
 381391
 77402
 354372
 916383
 268077
 384823
 718167
 201680
 612144
 735430
 365010
 649868
 717411
 970768
 493577
 843384
 222793
 653471
 449458
 633788
 460432
 575570
 787569
 327146
 247207
 564306
 508131
 723895
 118358
 360627
 144494
 281706
 572690
 43033
 274496
 675300
 820031
 434495
 642180
 184147
 880570
 960184
 865882
 745349
 428227
 816068
 632068
 807579
 629097
 909712
 82835
 326672
 419468
 378759
 428292
 868090
 473964
 162932
 98908
 648440
 829221
 425668
 221485
 722504
 535263
 790915
 98534
 694419
 592505
 26445
 179359
 491894
 117069
 774025
 629423
 428349
 138211
 563204
 393850
 382284
 550849
 546121
 882916
 87210
 67526
 823312
 727954
 662993
 800227
 430769
 465409
 369017
 517548
 263302
 487309
 33351
 314606
 336490
 881381
 511202
 153164
 189145
 135483
 738048
 278422
 961606
 111473
 235408
 662429
 723384
 411847
 696682
 271908
 808290
 340695
 792125
 884287
 480729
 143338
 319938
 997626
 278698
 966620
 372153
 855974
 223854
 122542
 49942
 648051
 7208
 84167
 139443
 168196
 580855
 784172
 882526
 476582
 136882
 175895
 626100
 29670
 310627
 618952
 265482
 617501
 199161
 103560
 80578
 773651
 352941
 241876
 57949
 632715
 341921
 905314
 859211
 152617
 107936
 872894
 672796
 456618
 136488
 931106
 854284
 288453
 246535
 862817
 423110
 144584
 358257
 998281
 676096
 789775
 699704
 877216
 170966
 912606
 954142
 585733
 229756
 100673
 845074
 326424
 361888
 719674
 493342
 627427
 310661
 510312
 679366
 661016
 982898
 207256
 161493
 860721
 110969
 713067
 921820
 103365
 169787
 574180
 496204
 861106
 636363
 644878
 835171
 528498
 832957
 861759
 169832
 177383
 937092
 191888
 949817
 204002
 835110
 604981
 501144
 970397
 260770
 784923
 428123
 710151
 504094
 972332
 189626
 226200
 317425
 850834
 13510
 356742
 303690
 679628
 502824
 475570
 771799
 711706
 209755
 794069
 720765
 326307
 411214
 226562
 170176
 170937
 436391
 684356
 396922
 280978
 444130
 170603
 342281
 487784
 685873
 181986
 835773
 514851
 250658
 367100
 807886
 557989
 609559
 924747
 188318
 349660
 519820
 404140
 288893
 270033
 130680
 796467
 996487
 294183
 628978
 180412
 127486
 917047
 120200
 602888
 108370
 36459
 798969
 435340
 277394
 599402
 107047
 150000
 334136
 21097
 168814
 414814
 144144
 524227
 863209
 36130
 793286
 832004
 142637
 447922
 448193
 90380
 707760
 402215
 84981
 111739
 541547
 531182
 156692
 476571
 258363
 94638
 470400
 4553
 463878
 435138
 262340
 971903
 897604
 938956
 191529
 651106
 147299
 595840
 692395
 826506
 248909
 703471
 988834
 207560
 363508
 531822
 490097
 183844
 215388
 876799
 97736
 870617
 65648
 489655
 66602
 973230
 591870
 295080
 535218
 271576
 541646
 671757
 793388
 583937
 324578
 504731
 83267
 481804
 565464
 76610
 238510
 182701
 653061
 191311
 56832
 752785
 306933
 144000
 513221
 473657
 431092
 539356
 239175
 555433
 140298
 575232
 428774
 290286
 324119
 650420
 311491
 916544
 961105
 614485
 399705
 735688
 734232
 648150
 437266
 855153
 490414
 527303
 474313
 819972
 413287
 264595
 551578
 956009
 229683
 394106
 923430
 640446
 430398
 382097
 934414
 661198
 637651
 671499
 305312
 83160
 845377
 701902
 522894
 314261
 167218
 652415
 345306
 60606
 134910
 887231
 215043
 948238
 759180
 594187
 651966
 562213
 271911
 938530
 930672
 133408
 169671
 644696
 107120
 715214
 461396
 586151
 913600
 434402
 39387
 752302
 763155
 695806
 578998
 144835
 131569
 120772
 733266
 588168
 629961
 927895
 631615
 941417
 486129
 946965
 295467
 467710
 267833
 754889
 900156
 881463
 603231
 683912
 931642
 885278
 981937
 954198
 518412
 986275
 379953
 886692
 413139
 444252
 200478
 585373
 174240
 152008
 319559
 997274
 299864
 282418
 353496
 475665
 747936
 158752
 391209
 609791
 299850
 554229
 144814
 969543
 210482
 96290
 507565
 613020
 581057
 560335
 777110
 804347
 602215
 657070
 733180
 295169
 93761
 469714
 204270
 104672
 787831
 590995
 567567
 190789
 905636
 845070
 463683
 9713
 376337
 771860
 549333
 786961
 219640
 672597
 723122
 40851
 555212
 239704
 337251
 138942
 782493
 810126
 431909
 383281
 635518
 635549
 45042
 214840
 430642
 918691
 18593
 817154
 837060
 987470
 201770
 119658
 891578
 312926
 221343
 449292
 438192
 464163
 393857
 38159
 771870
 467444
 367375
 570394
 501515
 686234
 971847
 746415
 341618
 542797
 121902
 112107
 954030
 374156
 947022
 711929
 371686
 601771
 588069
 690830
 522066
 837930
 604291
 873384
 53346
 838756
 650013
 177891
 203784
 360663
 120975
 807460
 384441
 468299
 750499
 82385
 858408
 257796
 633912
 342281
 412518
 483870
 683893
 140173
 515044
 809303
 8388
 406047
 38147
 429461
 620019
 671807
 942199
 723270
 372854
 539135
 916478
 438264
 766519
 406583
 862190
 670321
 467116
 485607
 846139
 945544
 480651
 900738
 255784
 272185
 551596
 630717
 752101
 573331
 954639
 982795
 434737
 809043
 210957
 351937
 699131
 827739
 96278
 147089
 657729
 191488
 927281
 322158
 32613
 438215
 111542
 797199
 489213
 593430
 701128
 235903
 260237
 440425
 358799
 740486
 542189
 308798
 868111
 340740
 53958
 231954
 444185
 666893
 944130
 87218
 491382
 335031
 944471
 817099
 437570
 594594
 659907
 215028
 496331
 392763
 983102
 469842
 97560
 658642
 408900
 732397
 845882
 263918
 808669
 271369
 306855
 234750
 557710
 38365
 858163
 755484
 121610
 929270
 768370
 988766
 12707
 701497
 829939
 648719
 920139
 782028
 580524
 113087
 27989
 636091
 554853
 955401
 42944
 865016
 866552
 242938
 565577
 808324
 218135
 88268
 847603
 58156
 483833
 470022
 161361
 613702
 253764
 422955
 699387
 938822
 812556
 244733
 90154
 650027
 942870
 917268
 237939
 427256
 938553
 888009
 281632
 506760
 980228
 944843
 640230
 295703
 80570
 652484
 862020
 4830
 978075
 506393
 29485
 154763
 646646
 292929
 976736
 307996
 142857
 974310
 972852
 388763
 570502
 989464
 769285
 784516
 192349
 762488
 565859
 283349
 524152
 655213
 850055
 998436
 658230
 798971
 830533
 275608
 580969
 795435
 791489
 625952
 860146
 226812
 109606
 587154
 715092
 618162
 653751
 104153
 844543
 61573
 287058
 619746
 554438
 536600
 160011
 167922
 515708
 568597
 630652
 939024
 589316
 94420
 345044
 643326
 427045
 307877
 502820
 777777
 912294
 775901
 518954
 7408
 853932
 594089
 862781
 256819
 147611
 257818
 27305
 142403
 779999
 834632
 414989
 223829
 659001
 661305
 411801
 415967
 593893
 677981
 20541
 949018
 702625
 273786
 692505
 163148
 143721
 867449
 795750
 596125
 134286
 443202
 662334
 985106
 270850
 350724
 490507
 283634
 218728
 229990
 56436
 26143
 892511
 617006
 795124
 350158
 39185
 222043
 764163
 314733
 171379
 935038
 216150
 744952
 993502
 531178
 487970
 321602
 240894
 208378
 149725
 840990
 890912
 807486
 716704
 315466
 177302
 108159
 827885
 350289
 185806
 712167
 448580
 597011
 164877
 40665
 734970
 503358
 822187
 338847
 762280
 815701
 207847
 95620
 835168
 543869
 787476
 318698
 579453
 3053
 58926
 636028
 191321
 110053
 517355
 652924
 252986
 308994
 833795
 976197
 148521
 135581
 741093
 687656
 733776
 790257
 168072
 593279
 281703
 496497
 406389
 184836
 507537
 986738
 870914
 190080
 643936
 314099
 979367
 213543
 181781
 215686
 512201
 815996
 132360
 533133
 534031
 730223
 750867
 719022
 288027
 382505
 340300
 405951
 828856
 501972
 156275
 657480
 643141
 196916
 483639
 280607
 732443
 274479
 77259
 616833
 513773
 4182
 206908
 212436
 35325
 131277
 125029
 21700
 218031
 390663
 671235
 531623
 558278
 18559
 217797
 742342
 317626
 98436
 179670
 696757
 4334
 84297
 832195
 628974
 889117
 915955
 979398
 224350
 578563
 939042
 90614
 849037
 119907
 86868
 456669
 420497
 307920
 939936
 28476
 468104
 748743
 526073
 476437
 640223
 195164
 170985
 4210
 627151
 652173
 452562
 193710
 767665
 602803
 961730
 946847
 98000
 339854
 229531
 20683
 342838
 19138
 381386
 540316
 799999
 475783
 285345
 436719
 385441
 631948
 363278
 466579
 995200
 744122
 205877
 901713
 486160
 357204
 982020
 86914
 724757
 579058
 675662
 782563
 762955
 353814
 374960
 124885
 747268
 561434
 661887
 228088
 491379
 390319
 900284
 791244
 653321
 22006
 24816
 221350
 389367
 18826
 197808
 316293
 572502
 637762
 523910
 150275
 102947
 72807
 643902
 312210
 314980
 333333
 730482
 364601
 851461
 187265
 579141
 528882
 644332
 938130
 501750
 344678
 641611
 337362
 488331
 800725
 158273
 851350
 302738
 995367
 284773
 354954
 462879
 459228
 364982
 349970
 610682
 595263
 310155
 18199
 510236
 492871
 244976
 348178
 6566
 871382
 846156
 672248
 106694
 204387
 335909
 953488
 38905
 435294
 532546
 680555
 417195
 526641
 546618
 611027
 813915
 900935
 686177
 358067
 737620
 499482
 164571
 2459
 524019
 104144
 712665
 346710
 426157
 740377
 806030
 727676
 966568
 316534
 29684
 803960
 89610
 973969
 365882
 911629
 187479
 681060
 402990
 878057
 440110
 884679
 86849
 243589
 665807
 741460
 516429
 294397
 61723
 11320
 286268
 938417
 4709
 470808
 351351
 924838
 53089
 176186
 243999
 617876
 327485
 489533
 168040
 230793
 447876
 885837
 808430
 831737
 773489
 18181
 667586
 641893
 616789
 362267
 169937
 528966
 890110
 122997
 933449
 272108
 336391
 424511
 583660
 636136
 711843
 676513
 200415
 169683
 325779
 418713
 647278
 527694
 701036
 311999
 932653
 454270
 390163
 301013
 485815
 142775
 261545
 55537
 202989
 919896
 424555
 407021
 132232
 407026
 753346
 327331
 574211
 709016
 149210
 882790
 587389
 693830
 927032
 659032
 267578
 966737
 912025
 756460
 56230
 908748
 406497
 598393
 313061
 963654
 353703
 665287
 270021
 594319
 590539
 977695
 956772
 781705
 9225
 598679
 259587
 904032
 422145
 187670
 415988
 820707
 298585
 274408
 335483
 756378
 243913
 597697
 342483
 857047
 2729
 920979
 138824
 503521
 681338
 430296
 806233
 277418
 914812
 829838
 183378
 266286
 135935
 698871
 449763
 49773
 561004
 720117
 438356
 76517
 610941
 559776
 865970
 390405
 673676
 56016
 532475
 664521
 951945
 804185
 716096
 533588
 297188
 720464
 563254
 724397
 836670
 307446
 905528
 101744
 57541
 226019
 685358
 978847
 358093
 849705
 524810
 750726
 658919
 236702
 124984
 828918
 51546
 208244
 459744
 58219
 417897
 103811
 158325
 895937
 32042
 57350
 362071
 379605
 955900
 752081
 896051
 71350
 230843
 420903
 494984
 499178
 308852
 944962
 725097
 717541
 616782
 621116
 418406
 178814
 531235
 919698
 93919
 794989
 545279
 88739
 175738
 96305
 745622
 536566
 802768
 95516
 533164
 225742
 24778
 714880
 680095
 730593
 963031
 431064
 356822
 954474
 787714
 414787
 537234
 475288
 729501
 469444
 324099
 699912
 93821
 533900
 177871
 313299
 263131
 57939
 979562
 833327
 923143
 95430
 2859
 241797
 250090
 149720
 36556
 479054
 116296
 584374
 525718
 384384
 945171
 937707
 772151
 80620
 752811
 548672
 176441
 663339
 289214
 507925
 416708
 413529
 435257
 22109
 296573
 741606
 199635
 694763
 176790
 734172
 282550
 897675
 576482
 21201
 431356
 310463
 978321
 28554
 790645
 52064
 521720
 112099
 857761
 285631
 678158
 998874
 433992
 635370
 133216
 214409
 33510
 872588
 91162
 116607
 745085
 767430
 838366
 95121
 419632
 849785
 556271
 202312
 997196
 794366
 690473
 371481
 771613
 989674
 95777
 614199
 906945
 706998
 947803
 899382
 414878
 51404
 847753
 136921
 858334
 611464
 46421
 405748
 582457
 649354
 175675
 528473
 110231
 577123
 58080
 225500
 57160
 853995
 740180
 231368
 339774
 147254
 313665
 936462
 714499
 464679
 403496
 965421
 368693
 411226
 484780
 178362
 208350
 662850
 41435
 174863
 594811
 963375
 517808
 736196
 268098
 993756
 156983
 844996
 983984
 662235
 285556
 283965
 895195
 108808
 495948
 624525
 456716
 951769
 653702
 427314
 688078
 420168
 160396
 955303
 488380
 706231
 305652
 581280
 160602
 923052
 117076
 7582
 801706
 148379
 274174
 901647
 314685
 648926
 314333
 44692
 174957
 501632
 991304
 696929
 425525
 584416
 581967
 925233
 292560
 770880
 546723
 187042
 57692
 726579
 1904
 940699
 491157
 964769
 771767
 64724
 22659
 164647
 970535
 233801
 950044
 513397
 358250
 872778
 362897
 532120
 760584
 802602
 222348
 823529
 99102
 445326
 460615
 97572
 694666
 153377
 592443
 244965
 820620
 703373
 717144
 362562
 853738
 972713
 134930
 53966
 299853
 702768
 416524
 602329
 857333
 391861
 887558
 441490
 587380
 201053
 488059
 441614
 565717
 926579
 627715
 142904
 130597
 814997
 359957
 606966
 738849
 871599
 770423
 441001
 515600
 210612
 836516
 519724
 853838
 37247
 699616
 913336
 397415
 914844
 619948
 350847
 564108
 211989
 408361
 888319
 133444
 46209
 630109
 199999
 534755
 64140
 152117
 667307
 687624
 858569
 916789
 184554
 833039
 486916
 7343
 695885
 450444
 385416
 103571
 315690
 28752
 457387
 34988
 253091
 738620
 312331
 640625
 831981
 416213
 223591
 351097
 644171
 962588
 641285
 546533
 64516
 889216
 568845
 661693
 90433
 230330
 256113
 294307
 39262
 266259
 644592
 894979
 73416
 534397
 462165
 286622
 858135
 102967
 281564
 807590
 124645
 313283
 991804
 874299
 963255
 807509
 557490
 256612
 254279
 619058
 566784
 302005
 572812
 848603
 11772
 908403
 475832
 826446
 460740
 878509
 610025
 602657
 4020
 466141
 638351
 446220
 347904
 101063
 510577
 398315
 660283
 543132
 224785
 893926
 417711
 484414
 751550
 413995
 807017
 845506
 862424
 311818
 311735
 427109
 970225
 682983
 975182
 418003
 47883
 964492
 288378
 219524
 774300
 451335
 842695
 567562
 839014
 101991
 584070
 177713
 464923
 211735
 702675
 479384
 228132
 978509
 530556
 247137
 375628
 129598
 200885
 927249
 346500
 364288
 864819
 252617
 410260
 918424
 539190
 135451
 63263
 233956
 835364
 264438
 955444
 516613
 806379
 34656
 848678
 104294
 433515
 148183
 42624
 5394
 592142
 451364
 550244
 261363
 851168
 387279
 583095
 613309
 95227
 719029
 59154
 558366
 721495
 983010
 294732
 630627
 932253
 988326
 975154
 483307
 822382
 8662
 228337
 304230
 684445
 804580
 632229
 47070
 377662
 958603
 472049
 312096
 22137
 518117
 782857
 981657
 852713
 470773
 157595
 945904
 243999
 981853
 313574
 830479
 600000
 891495
 392350
 925265
 107837
 885125
 3097
 21857
 770897
 233581
 862190
 752445
 1648
 180281
 795376
 452137
 132731
 328509
 905122
 890006
 236126
 347197
 732071
 152994
 58106
 591719
 591755
 983829
 815180
 390990
 482823
 522829
 436716
 0
 976802
 192513
 54345
 241306
 999669
 553060
 330852
 45637
 722140
 95269
 189551
 840704
 152617
 16976
 641787
 655711
 838733
 646878
 472478
 932644
 502057
 367083
 912834
 58607
 689386
 171642
 648204
 194086
 501274
 583742
 536181
 852660
 794851
 885114
 769848
 557521
 527677
 955939
 693206
 321703
 41322
 934373
 234310
 346796
 849367
 811588
 954982
 967409
 333957
 124267
 8206
 318677
 707297
 893998
 20262
 873056
 155421
 431353
 582436
 273159
 621743
 42079
 371665
 626700
 178815
 90000
 425237
 282774
 632423
 858507
 185446
 791089
 109507
 965559
 240325
 723978
 264069
 490304
 655957
 401309
 230814
 918145
 561367
 399999
 645884
 339805
 732883
 649623
 821130
 191032
 937679
 234345
 94685
 277314
 398659
 884770
 712567
 770198
 169308
 562367
 498067
 848026
 9892
 886771
 553268
 613442
 229917
 330381
 716552
 902761
 281304
 203103
 380445
 919401
 666666
 450275
 306356
 280607
 382548
 294506
 65888
 975486
 559521
 945390
 466138
 896705
 535782
 385014
 104255
 500367
 151454
 266202
 898374
 645433
 609533
 51088
 198016
 38622
 628234
 448443
 541166
 823791
 404981
 372558
 891923
 569906
 97159
 844201
 792618
 454454
 630466
 185064
 570924
 250642
 616356
 283924
 375550
 341414
 383471
 315524
 635557
 709173
 668670
 435970
 972636
 581675
 238842
 427129
 748595
 536435
 565034
 842762
 93398
 266565
 778730
 805194
 967465
 549294
 939586
 842488
 899999
 680405
 929835
 589078
 631251
 53475
 404462
 485714
 417245
 22734
 723008
 210084
 706666
 596266
 878875
 186440
 298508
 851383
 631942
 188512
 769499
 971658
 80120
 331602
 257846
 524605
 813208
 89452
 388416
 40675
 208940
 106579
 683636
 168081
 290342
 112469
 671742
 95025
 460374
 25559
 737693
 570621
 693850
 93864
 863417
 641343
 321212
 754977
 560975
 88282
 68770
 74412
 868027
 793727
 477623
 56947
 132007
 125581
 743663
 142078
 106937
 756874
 596154
 511868
 821656
 921893
 507592
 276687
 669565
 164627
 367681
 583122
 915560
 214793
 285990
 657798
 581771
 355542
 533929
 15487
 328118
 906089
 999520
 908462
 196432
 931470
 95690
 602976
 138524
 540356
 491847
 604591
 250868
 0
 234219
 859410
 61796
 993041
 711680
 502342
 57342
 599689
 31563
 415016
 34294
 259386
 463484
 962180
 113759
 837237
 572192
 755557
 800938
 591277
 518086
 356062
 489488
 171999
 551314
 745880
 926267
 614878
 834311
 622406
 861737
 961722
 508640
 797486
 185210
 786247
 169907
 247839
 184973
 317152
 298769
 780231
 429527
 545199
 73572
 476469
 637381
 505972
 262472
 81514
 590384
 348071
 422909
 910188
 964856
 83012
 262623
 495486
 798920
 708644
 515945
 790998
 14812
 37902
 560535
 874579
 909521
 604425
 623214
 28016
 667222
 362732
 711895
 493134
 899646
 36575
 784981
 965716
 958426
 505528
 993878
 261796
 833920
 589614
 722821
 609741
 79439
 155889
 73938
 655652
 676927
 6080
 33041
 17237
 156276
 903576
 765919
 83969
 308832
 790559
 826363
 449162
 681031
 997786
 858026
 901726
 390319
 363642
 142677
 154040
 661715
 963625
 56423
 340903
 218634
 150485
 431760
 63673
 10101
 997759
 393234
 163673
 26296
 246025
 305882
 605033
 224538
 689784
 799514
 188481
 867879
 244563
 554848
 52591
 524004
 717342
 577368
 652264
 803974
 171719
 320212
 316844
 711099
 322424
 951822
 92073
 837447
 898153
 474181
 387617
 80566
 829033
 742506
 415701
 967445
 686600
 974991
 218045
 898048
 345296
 501057
 940438
 509984
 252673
 179763
 865572
 603799
 733966
 976950
 990328
 769922
 501756
 182591
 952504
 45531
 160525
 703224
 929936
 400449
 481000
 476767
 569715
 283684
 685163
 660410
 50203
 889808
 835119
 502472
 282508
 293670
 256220
 927084
 306944
 696629
 995515
 526457
 888137
 517688
 322314
 79067
 665041
 490884
 259162
 847971
 263724
 526361
 197237
 101596
 230335
 463064
 456456
 753442
 949904
 634215
 333527
 189204
 421455
 48677
 132063
 35934
 796896
 519179
 631900
 166635
 55810
 627118
 998594
 243624
 250762
 34334
 126098
 0
 11537
 45210
 22894
 690507
 383771
 385082
 282786
 67970
 900455
 440993
 499345
 507390
 774933
 710479
 870549
 318559
 586725
 186575
 255348
 675925
 885018
 564222
 65558
 166153
 28601
 54885
 984675
 988397
 946761
 109333
 522139
 913605
 488966
 807918
 445329
 195104
 369524
 918220
 582940
 157897
 669914
 853833
 890713
 84917
 593665
 545084
 950478
 331752
 369738
 43747
 816906
 913363
 614356
 809115
 684855
 369337
 46460
 57870
 384262
 688172
 521676
 378975
 501595
 134688
 267382
 62734
 515879
 633335
 358417
 198556
 679972
 949651
 125238
 976640
 65522
 768989
 872285
 184233
 601457
 988319
 40582
 447069
 432314
 708654
 687540
 146727
 717418
 679420
 728480
 815959
 868930
 55304
 671587
 893300
 667727
 48000
 968553
 932782
 53283
 923320
 270999
 468961
 567624
 907756
 361430
 975460
 512497
 42819
 836433
 694333
 725718
 9708
 346613
 780453
 361001
 61860
 744080
 354717
 868721
 447157
 121506
 929725
 79292
 670290
 754827
 581760
 800541
 634588
 582582
 325000
 28244
 420726
 477872
 178971
 680311
 369922
 602980
 75001
 456727
 12298
 65547
 512979
 60543
 731685
 933621
 51651
 247545
 602640
 403390
 451466
 37397
 198096
 865359
 484848
 212743
 988306
 471065
 867561
 338857
 33970
 538961
 156229
 287545
 879977
 807343
 657774
 719340
 570429
 409153
 231984
 865857
 800734
 616419
 524553
 759206
 623488
 792438
 308791
 837636
 200364
 214594
 303122
 814174
 63894
 548514
 908682
 994066
 849170
 69919
 545454
 74573
 689972
 31659
 801691
 851090
 931937
 867245
 192771
 154286
 111060
 728199
 738895
 851303
 983305
 625216
 201420
 904195
 203473
 475777
 146519
 897828
 487884
 129525
 286736
 291536
 755959
 849443
 522264
 338052
 705094
 755279
 631231
 924178
 797542
 656940
 58889
 486965
 204948
 278148
 743889
 633894
 19375
 538861
 580796
 506260
 867256
 719999
 404187
 303731
 687772
 467447
 548110
 927490
 942115
 916917
 757066
 485669
 309982
 10693
 794570
 804195
 781020
 123409
 147168
 984543
 965968
 942020
 655350
 583543
 903354
 507848
 14861
 877468
 344180
 337746
 154908
 370172
 967971
 776041
 286978
 402323
 38107
 864733
 460456
 329868
 699003
 539971
 300826
 719698
 648184
 192615
 429271
 369789
 337444
 244643
 130304
 658916
 191933
 492358
 481595
 578313
 250111
 917791
 575211
 508982
 461302
 689906
 971088
 246191
 314132
 724136
 316066
 673924
 385786
 379764
 690440
 296730
 148217
 804724
 891436
 869568
 28246
 939482
 238784
 971415
 439828
 809399
 992640
 608710
 770334
 835830
 521918
 304452
 606970
 302714
 428020
 266401
 994888
 718849
 679274
 671839
 886260
 975556
 964981
 578998
 857952
 251857
 612544
 11189
 250742
 57208
 308678
 402413
 751919
 289840
 509162
 390011
 155516
 424301
 522152
 813399
 464099
 744348
 572589
 754400
 577125
 739200
 286442
 576744
 188693
 637157
 751801
 526171
 79350
 60023
 153034
 275587
 954018
 314309
 795186
 804462
 335696
 880738
 386474
 676428
 251709
 760324
 526987
 236743
 669421
 67024
 82710
 988854
 497796
 345537
 345531
 668779
 271239
 