257586
 459646
 160327
 29982
 460218
 421409
 440259
 65064
 189355
 364372
 217672
 421306
 8064
 349013
 396296
 20333
 272141
 82344
 321799
 333191
 146115
 323005
 273640
 485836
 472198
 233565
 59370
 11984
 36906
 330694
 411526
 67721
 345372
 475952
 175906
 292599
 167071
 19862
 448837
 214321
 179372
 302718
 2512
 381822
 418166
 422342
 208481
 124571
 195719
 165328
 169616
 13144
 104016
 349213
 182730
 436767
 382503
 336794
 446684
 361198
 321318
 269525
 399690
 376225
 54462
 453202
 433461
 392822
 68168
 192517
 315311
 213608
 390502
 428354
 325221
 394053
 336623
 292590
 14882
 165944
 91402
 319950
 464005
 100347
 87450
 68262
 323369
 265500
 94657
 74193
 338143
 201759
 111422
 100407
 127055
 62242
 48262
 373844
 83453
 39065
 200000
 420215
 234169
 409786
 452344
 298456
 387985
 226436
 453360
 228102
 441517
 398721
 462635
 256623
 165119
 111911
 4330
 22858
 304241
 5662
 157418
 228095
 85642
 186289
 348814
 338141
 227488
 412309
 213838
 296087
 338470
 104469
 358114
 445107
 449845
 22970
 21590
 9954
 395361
 312563
 428571
 445440
 20542
 165870
 173296
 23180
 378888
 373743
 62720
 289311
 349677
 419948
 421970
 49112
 34099
 151799
 470107
 193970
 92105
 240745
 465898
 210460
 351396
 132206
 327661
 51640
 46534
 477288
 77124
 103000
 386404
 394406
 411775
 437756
 50290
 158836
 310278
 390832
 40472
 394126
 398117
 384847
 374891
 398012
 318207
 170916
 424577
 427821
 128669
 484877
 476406
 311898
 327100
 225479
 3262
 380778
 100418
 136771
 262413
 471378
 312994
 188163
 441176
 106173
 303753
 258550
 374671
 342988
 254793
 205142
 341229
 274700
 334250
 489898
 416008
 380986
 366173
 133644
 401823
 369397
 341634
 391651
 224048
 185498
 13583
 269186
 271474
 50359
 306188
 138341
 317289
 233002
 434889
 284579
 360834
 417408
 255967
 168320
 362068
 394631
 246507
 430833
 322412
 443346
 372405
 95353
 36125
 267496
 420174
 211505
 323230
 45722
 381276
 80276
 36140
 447137
 224291
 187748
 383807
 396537
 38820
 199533
 331569
 162312
 20279
 90356
 254562
 152957
 174374
 188519
 483750
 164875
 87799
 19271
 455914
 232719
 257035
 9775
 213590
 122370
 313253
 245430
 6432
 246139
 302436
 231462
 19815
 339076
 39490
 413300
 141520
 356606
 297432
 459238
 135313
 95177
 349382
 218390
 468247
 427144
 50259
 162020
 76704
 44539
 255460
 253780
 166666
 207633
 399385
 87128
 39635
 402026
 121314
 135866
 265422
 394658
 366249
 436617
 277664
 331460
 331544
 302583
 221219
 67602
 196190
 129582
 240611
 368214
 287441
 218096
 239396
 142244
 120524
 382788
 459413
 438034
 120672
 389241
 339079
 212964
 271084
 52247
 140330
 68043
 304859
 152226
 434888
 317261
 91491
 131958
 308174
 301608
 100694
 50503
 175979
 229030
 69741
 388380
 341074
 31871
 423765
 472792
 67185
 323633
 101214
 60754
 118597
 416859
 120947
 303360
 75736
 319819
 488638
 191803
 35513
 372492
 225275
 222049
 27616
 198760
 103386
 195476
 375131
 226215
 129156
 54752
 226864
 356110
 28311
 68627
 141534
 476243
 397233
 162281
 490743
 192272
 228177
 112117
 353746
 212552
 459418
 1606
 178517
 495603
 202735
 228041
 347959
 266666
 215338
 209133
 386345
 394598
 356995
 266575
 379253
 14627
 110168
 451726
 106493
 264230
 338676
 44229
 197564
 290577
 110120
 138958
 38531
 428186
 169790
 85955
 378130
 342878
 97563
 45867
 53672
 456002
 404887
 301420
 279447
 124324
 387682
 218189
 431343
 49417
 337614
 12974
 358633
 91383
 401803
 234488
 146551
 367337
 380271
 351670
 83505
 488661
 220122
 253916
 139539
 113021
 68204
 317763
 220913
 210219
 89312
 498589
 31694
 92067
 106071
 372668
 394944
 339397
 461172
 490465
 345276
 164961
 370918
 141995
 216046
 135947
 342245
 153008
 35634
 136402
 244469
 96388
 472273
 50458
 272542
 450132
 24672
 323003
 132344
 431498
 354597
 320887
 117890
 495610
 58478
 67038
 407926
 439133
 196378
 102774
 424556
 443408
 454510
 261540
 257934
 73394
 110829
 186095
 405570
 262001
 443763
 92110
 212285
 319908
 292027
 3035
 273190
 452908
 324994
 325742
 144784
 475003
 476025
 343342
 295782
 86120
 62706
 170987
 321765
 9950
 319736
 482131
 180460
 189926
 109629
 448887
 353392
 110374
 13520
 135673
 58258
 73826
 330635
 99574
 449877
 32099
 351155
 170705
 438796
 465775
 268390
 421426
 434341
 425740
 474192
 232138
 470845
 326318
 94622
 76589
 116350
 309458
 145130
 372257
 417854
 346955
 281556
 379561
 33257
 38408
 491765
 138920
 461578
 91928
 223000
 81593
 219483
 77078
 398454
 419904
 305196
 478435
 424964
 481132
 373762
 267529
 403566
 193821
 414495
 166096
 366785
 206387
 334302
 429096
 434354
 314526
 45454
 20021
 499806
 311820
 329100
 494773
 384133
 458407
 123829
 250056
 4355
 75245
 182561
 317873
 133892
 149698
 87578
 187214
 149258
 363268
 178803
 31593
 70180
 155038
 370269
 396706
 385440
 264822
 158847
 175569
 432101
 372584
 183583
 43028
 330327
 310675
 315576
 227128
 133408
 28949
 40341
 430946
 178844
 24850
 34343
 17543
 5643
 91954
 95087
 411812
 71097
 254135
 410482
 50847
 252595
 359840
 332056
 200325
 255314
 178533
 31208
 299249
 136079
 336278
 260320
 346153
 419877
 395750
 24868
 346915
 202082
 66812
 115772
 234625
 309264
 175921
 199479
 416572
 464718
 462162
 430094
 71617
 360580
 459200
 86956
 49997
 494244
 77056
 491382
 208416
 164276
 155278
 331739
 201793
 223880
 102375
 377339
 86389
 150349
 299934
 314511
 185410
 283213
 350813
 172691
 232505
 56619
 147806
 98111
 15372
 93506
 191197
 117527
 94943
 153959
 45135
 131999
 286149
 348911
 26879
 184767
 191894
 133461
 287669
 208234
 320875
 201870
 206409
 192307
 195568
 188352
 116663
 297020
 41252
 465018
 420607
 141262
 243773
 122039
 124397
 430674
 198950
 110441
 200499
 247188
 83782
 428634
 283451
 427131
 412543
 7934
 454378
 254814
 451369
 383393
 32443
 225145
 18723
 9744
 350723
 60693
 331638
 441275
 33
 231559
 334902
 216282
 279427
 290317
 289128
 231441
 77503
 146960
 105263
 365178
 421943
 387071
 12161
 340565
 286953
 86261
 243141
 365999
 422870
 377952
 312203
 3788
 312019
 320000
 114438
 358835
 101083
 174603
 50721
 186023
 324177
 439335
 18386
 53864
 112410
 174055
 126064
 410188
 279265
 288888
 353342
 16503
 417835
 197892
 240121
 375858
 368131
 235782
 180727
 209139
 251259
 457118
 420490
 51577
 97669
 465021
 222959
 142107
 99418
 462803
 183704
 469188
 160812
 299757
 28295
 416468
 381538
 200000
 185069
 115969
 245068
 226954
 111260
 441326
 231189
 150894
 207537
 484615
 83184
 77632
 444444
 239576
 368230
 64511
 200714
 279932
 136446
 432427
 337882
 170406
 71474
 138615
 306666
 220109
 350512
 332679
 437379
 380841
 402545
 472021
 142672
 379706
 364385
 38481
 156530
 270760
 482976
 422971
 329868
 176957
 98321
 14984
 267767
 342522
 63255
 124166
 189499
 334314
 203187
 267622
 126374
 285079
 490787
 317280
 288719
 72870
 258201
 299429
 217436
 377105
 187465
 17502
 336160
 434060
 78828
 175536
 38858
 417110
 77985
 299781
 126117
 344280
 453034
 54314
 91594
 306939
 213987
 318773
 452487
 430851
 316595
 51362
 194726
 98328
 226542
 148293
 108012
 292834
 30998
 324159
 146388
 387973
 291376
 262239
 99167
 109088
 102158
 404861
 252879
 479369
 310487
 225758
 259259
 80291
 238336
 200485
 247441
 464904
 343856
 372236
 245330
 186634
 192307
 352112
 346407
 428938
 143191
 447888
 343023
 413143
 353553
 476357
 302689
 80400
 394262
 85007
 56336
 107436
 207173
 165527
 126337
 493500
 405297
 472450
 18095
 361921
 263490
 385706
 133550
 142978
 44620
 36575
 91116
 371783
 56982
 69236
 82312
 134118
 334559
 328214
 391213
 494096
 247935
 195210
 298479
 446317
 71150
 57573
 402961
 71048
 360702
 50530
 233151
 70694
 59262
 253576
 209931
 107161
 449954
 416857
 274359
 119863
 233661
 222774
 29512
 168671
 146661
 231641
 327285
 108826
 392222
 72626
 380401
 275720
 433217
 17394
 437769
 317805
 452376
 204225
 201715
 220958
 90138
 4505
 288209
 340206
 170434
 32278
 374371
 143854
 202447
 278826
 162935
 409864
 79064
 283562
 471226
 499090
 495966
 293871
 270496
 64785
 316162
 84611
 428678
 451039
 229178
 85454
 380597
 141715
 450448
 393148
 394213
 480961
 373219
 86039
 87981
 153415
 342242
 105088
 96189
 237249
 353226
 205432
 267802
 254833
 181839
 121279
 152590
 230737
 182313
 431788
 389534
 289264
 309938
 31578
 328504
 152567
 100806
 359692
 7728
 395944
 279411
 73571
 231973
 484602
 374763
 69032
 293760
 279152
 35068
 51079
 489743
 149256
 219865
 354049
 182558
 222466
 69211
 328359
 178880
 466153
 172316
 129032
 59421
 282247
 355100
 350802
 279563
 149168
 297623
 22942
 303885
 39727
 229280
 0
 196601
 163333
 98769
 182738
 48777
 471227
 247048
 113866
 99917
 200879
 144076
 188516
 446812
 205918
 479697
 156716
 83900
 430131
 351204
 478456
 83472
 153776
 369525
 72664
 67367
 170742
 380350
 357789
 490591
 400925
 286952
 419207
 562
 489814
 251483
 310977
 236227
 138837
 213756
 469465
 476987
 185463
 330578
 292035
 394823
 149508
 276905
 103541
 184891
 295269
 4757
 23727
 275392
 186431
 443205
 246572
 144810
 421183
 130710
 315936
 371912
 234473
 106910
 7772
 31051
 106598
 133774
 331279
 21147
 110588
 154517
 269150
 57250
 326653
 199764
 111338
 186890
 418017
 178220
 183331
 37901
 221577
 280588
 205208
 123650
 159876
 349430
 263937
 375142
 396432
 165190
 294570
 164251
 433083
 388463
 371352
 152194
 33941
 383845
 182127
 175233
 253787
 75216
 347936
 468729
 377017
 383075
 480614
 117338
 76923
 296722
 485633
 175663
 443687
 152148
 47670
 149304
 49808
 357933
 397208
 396258
 214231
 475013
 307995
 320224
 477443
 307378
 198754
 398076
 12048
 478709
 99476
 57981
 26548
 7668
 129803
 237960
 407552
 74040
 457347
 242047
 89366
 346793
 144054
 485651
 61386
 275486
 124017
 328083
 212177
 409265
 385944
 145839
 481643
 149645
 130359
 111271
 261804
 262021
 460987
 383839
 285352
 455277
 332702
 458367
 151298
 218087
 105962
 435797
 126686
 147313
 418820
 228169
 211838
 124879
 61327
 438526
 82059
 338861
 277061
 13463
 307332
 270000
 356562
 356702
 259603
 52311
 450903
 406625
 176178
 85376
 426952
 233464
 57670
 401913
 394841
 245873
 463957
 276661
 413902
 40087
 239926
 191627
 226885
 322729
 403579
 285434
 37610
 231630
 397435
 43029
 106176
 348358
 406681
 153784
 472440
 304435
 12552
 107714
 79192
 454323
 276720
 452787
 456175
 17241
 457362
 292465
 15105
 226135
 428004
 407393
 405408
 433135
 296886
 184414
 53857
 60805
 162235
 435317
 339702
 100000
 268755
 215416
 312420
 13160
 279244
 302879
 38300
 10851
 382410
 81103
 393640
 23856
 39451
 97201
 195691
 3416
 298161
 231488
 8072
 207667
 160654
 28868
 389657
 197486
 291442
 434767
 210781
 298420
 168776
 466652
 240447
 207274
 430549
 199741
 317070
 493062
 419817
 341184
 223692
 38210
 58044
 276914
 233176
 296259
 76712
 486573
 280116
 456177
 10446
 170447
 220014
 110004
 287617
 16858
 31315
 163355
 138095
 432017
 94968
 51617
 465711
 235711
 102960
 75671
 81142
 154163
 374044
 297093
 91159
 455913
 488911
 311635
 208418
 53191
 408146
 301710
 162705
 30508
 219994
 373477
 100158
 341690
 330254
 63262
 292837
 291031
 65921
 236624
 217743
 314932
 384170
 258196
 416304
 98130
 364308
 439788
 241297
 124983
 470209
 321457
 439905
 442831
 249341
 187512
 461077
 210425
 47731
 302170
 399822
 302559
 60742
 131782
 444022
 110374
 415845
 55701
 83176
 251575
 398871
 361108
 354903
 125858
 65629
 28678
 416694
 487600
 258761
 473324
 172607
 138844
 453121
 38033
 129931
 399077
 334768
 180333
 297215
 415019
 344503
 43366
 177904
 153934
 294385
 207762
 422478
 379632
 112835
 206247
 466257
 169590
 362869
 60026
 332549
 199418
 77348
 233574
 163382
 356420
 337226
 45300
 247380
 292644
 93761
 308751
 77015
 36417
 270383
 126907
 69037
 7661
 202489
 196141
 462179
 302428
 493738
 376981
 212169
 433159
 340625
 495814
 194595
 80281
 267031
 293610
 140568
 375456
 28444
 277327
 464601
 238548
 35123
 34825
 31543
 129016
 386936
 98146
 134667
 308957
 426189
 385637
 344199
 448598
 13607
 198567
 166076
 381215
 40706
 283123
 380785
 179397
 231958
 481942
 404151
 145433
 460770
 360976
 443003
 109489
 237422
 58823
 218942
 333750
 181155
 442657
 192994
 182722
 141859
 178119
 139474
 352251
 156457
 149087
 273591
 314009
 325474
 400458
 297468
 106907
 264511
 103332
 483257
 20360
 13593
 320509
 22132
 233294
 460881
 114285
 482288
 494876
 1138
 490345
 392643
 85587
 329547
 363421
 19277
 437375
 259143
 20634
 80940
 143355
 183790
 292537
 239694
 427513
 436612
 307083
 3877
 240916
 256002
 199905
 183957
 245964
 52395
 1881
 266769
 413010
 96241
 424411
 36307
 243090
 32865
 249373
 74937
 367893
 245669
 465217
 91452
 268011
 427826
 806
 384437
 214373
 237782
 82989
 429214
 172877
 253589
 348480
 61856
 299964
 23972
 61061
 127371
 26321
 203552
 120337
 173978
 40709
 67715
 391704
 326499
 163558
 251087
 131339
 239420
 283412
 194257
 370177
 6681
 454580
 287249
 461243
 68073
 352113
 462184
 203951
 231076
 247569
 125624
 123282
 239712
 338541
 252076
 31458
 86200
 48031
 75248
 362754
 67411
 11016
 118807
 193156
 24192
 193952
 261820
 68652
 254371
 280821
 310843
 204002
 231634
 22196
 37548
 317897
 210368
 195080
 230847
 131931
 235630
 140649
 14208
 210410
 37069
 59612
 37390
 323092
 232300
 34450
 394000
 337170
 408152
 457691
 455990
 272727
 42194
 449746
 37231
 365110
 370769
 98240
 368391
 455360
 446984
 370534
 390486
 407628
 466458
 218393
 148410
 299050
 66002
 327115
 330519
 146853
 102267
 426975
 485215
 197075
 452192
 405739
 100787
 474082
 421
 26819
 338086
 3675
 344813
 304000
 322759
 166550
 367797
 153858
 346303
 128335
 112416
 372146
 293101
 266746
 493545
 417312
 383223
 454008
 333230
 233673
 275345
 478481
 355382
 181586
 107695
 236757
 206533
 402118
 280092
 98640
 221827
 244625
 46479
 352941
 37725
 382692
 446327
 105312
 360074
 117611
 7718
 300662
 242647
 98828
 88609
 10289
 66293
 48002
 427943
 279552
 127796
 428438
 427007
 363413
 452817
 133444
 131384
 205587
 49669
 313160
 330723
 327545
 304999
 32283
 294398
 26624
 362242
 173204
 366554
 421383
 306652
 447862
 130743
 17778
 8413
 349945
 113482
 40697
 128740
 188546
 283123
 107108
 12523
 342639
 291960
 390990
 258813
 60747
 189440
 322360
 347394
 458279
 334080
 320451
 300134
 186697
 274245
 458807
 171956
 212971
 483170
 127579
 172584
 388119
 264817
 440958
 227252
 492760
 63042
 32104
 84158
 332635
 442925
 87646
 104625
 359209
 232571
 341716
 249894
 16788
 377756
 108624
 487816
 350172
 360536
 306970
 482087
 110238
 487275
 247261
 492403
 113392
 209123
 67816
 24001
 245238
 457263
 304712
 29938
 62260
 256910
 236872
 317326
 367875
 119838
 494324
 34759
 200189
 81669
 458197
 296829
 93453
 83107
 413867
 205108
 219563
 173936
 335170
 33833
 154025
 140362
 215035
 313905
 306348
 438652
 298171
 259344
 271490
 208780
 425995
 122407
 301842
 479461
 371560
 100804
 189526
 362745
 489945
 421548
 332326
 481844
 385428
 19539
 373695
 115036
 289238
 204616
 87188
 463821
 349012
 257600
 306066
 78702
 175942
 130030
 121350
 207226
 328906
 203933
 448744
 385820
 113212
 448
 197713
 175438
 26655
 318417
 415579
 164848
 170793
 149381
 81320
 212766
 28094
 114935
 411487
 450331
 35841
 446974
 368171
 300762
 252736
 438384
 50528
 12534
 244738
 125760
 22181
 346658
 148825
 78826
 117034
 334621
 469458
 37837
 106686
 176185
 89454
 185750
 451713
 213031
 228912
 393178
 118416
 147045
 123367
 1501
 57357
 94609
 6708
 180845
 214342
 393568
 30129
 118232
 79249
 292313
 415794
 19869
 44856
 50390
 216587
 453996
 84288
 488345
 284313
 160131
 161111
 358421
 438945
 17847
 154883
 250760
 96573
 86505
 115
 251742
 344035
 129037
 426837
 238606
 278633
 7389
 271670
 84367
 39334
 105131
 272808
 392483
 415134
 0
 225612
 224521
 296475
 366666
 408551
 79384
 123530
 7336
 50168
 445182
 64594
 323946
 498297
 205230
 26229
 74565
 169959
 264181
 335141
 477387
 402394
 412794
 216938
 204914
 273972
 254864
 13318
 129301
 424112
 122559
 405410
 394593
 465963
 63857
 460999
 288986
 262021
 177354
 262448
 29885
 204172
 51413
 13460
 289612
 472324
 304516
 399566
 470796
 181951
 198469
 385228
 318166
 316065
 448494
 372916
 253178
 68140
 471240
 453136
 326192
 44475
 248787
 467594
 47032
 347961
 263974
 59190
 180150
 166666
 382976
 101726
 84726
 230716
 102040
 187640
 349221
 233889
 91594
 418259
 23653
 106532
 312283
 101170
 429887
 167829
 209840
 266055
 381751
 376354
 414220
 400684
 262232
 344014
 290074
 250435
 72122
 67795
 431938
 433628
 114960
 54700
 310846
 339834
 494210
 39367
 12552
 428044
 432498
 45176
 465488
 483921
 300862
 78554
 249633
 487946
 58153
 318709
 341968
 281963
 372647
 121790
 457084
 114412
 160994
 178023
 466903
 108606
 334415
 409334
 37944
 84377
 437203
 113466
 496282
 257427
 149719
 480758
 282771
 11445
 327911
 299280
 476509
 108456
 180676
 259819
 496011
 364196
 398022
 357400
 121636
 472253
 230281
 349970
 110043
 388547
 354483
 235047
 437229
 378183
 451726
 312899
 215315
 107941
 204113
 34173
 50685
 199969
 142100
 163178
 82728
 454120
 429312
 336283
 243930
 426380
 200998
 351133
 94649
 112900
 447988
 263906
 190243
 163273
 257346
 371336
 117813
 177835
 401049
 64784
 72116
 231077
 269778
 421173
 77824
 392318
 410356
 441457
 23564
 122173
 370202
 313525
 124100
 382784
 454401
 402014
 86082
 253673
 182795
 406492
 45210
 257038
 333114
 458365
 482300
 283572
 35933
 90789
 147758
 57921
 44777
 83972
 388360
 19232
 0
 336084
 492992
 129696
 164150
 239177
 189473
 44872
 91730
 95799
 233797
 246180
 496998
 496690
 352469
 351553
 185693
 162698
 70180
 483075
 403950
 315917
 64136
 2547
 2570
 43010
 151322
 2688
 166147
 315703
 125383
 440662
 227567
 327725
 300999
 327018
 300751
 142668
 312852
 46691
 76390
 426250
 107182
 471102
 120039
 424486
 192116
 128751
 499348
 350858
 479747
 415328
 110476
 226580
 295238
 310947
 94010
 90374
 385514
 246928
 319475
 491957
 298201
 322323
 457217
 120198
 365920
 112601
 449463
 269855
 283933
 339869
 334311
 453370
 267271
 69151
 143684
 328930
 170225
 392407
 453890
 97512
 155776
 450777
 233780
 61747
 226006
 364580
 35028
 78034
 380470
 141227
 387412
 481123
 438507
 415009
 306555
 33900
 98533
 490740
 402234
 265558
 400948
 122670
 192947
 242545
 162850
 56860
 78600
 461139
 6509
 151115
 195538
 358783
 445344
 111106
 345516
 163383
 244684
 314486
 124293
 65479
 288496
 456657
 472530
 92762
 414272
 28335
 444680
 36567
 202380
 26366
 382996
 198511
 356352
 238670
 253348
 86464
 98859
 122676
 328820
 363594
 133695
 389622
 428593
 398191
 321028
 125050
 440675
 259053
 316887
 450091
 88562
 439073
 449249
 153029
 235239
 301052
 384616
 55753
 273182
 31847
 368400
 107137
 71490
 489443
 9358
 334268
 121887
 398714
 229404
 488320
 460376
 73899
 31067
 141221
 120507
 390049
 201242
 296940
 172819
 136518
 109551
 74701
 222327
 213086
 37566
 4256
 370022
 365498
 118942
 156830
 117474
 364843
 380681
 450482
 359999
 264697
 296169
 216598
 125144
 376832
 348719
 440924
 263441
 485467
 49329
 122705
 349306
 306442
 267566
 405824
 149468
 48540
 332423
 99477
 409832
 173246
 469990
 101947
 391464
 128689
 393651
 246645
 179342
 239559
 296462
 482269
 454313
 338710
 193030
 235440
 140523
 310822
 449604
 94932
 46255
 362681
 254650
 395983
 343949
 96018
 312750
 282282
 475666
 269178
 301365
 151103
 431236
 495045
 225034
 492222
 240891
 380564
 367252
 36885
 401138
 374092
 356783
 65088
 308251
 75983
 217829
 485911
 395648
 285295
 233544
 97771
 493449
 437282
 479945
 451874
 84165
 183296
 294089
 234710
 470516
 357142
 217803
 290871
 342974
 3978
 99656
 120968
 293900
 434102
 456439
 488207
 449543
 354291
 310390
 98104
 65631
 244573
 345352
 467015
 64920
 361873
 335989
 118951
 17616
 273692
 75098
 346234
 385504
 397769
 188877
 497985
 220231
 472520
 368509
 203899
 461127
 484826
 219187
 100189
 273824
 286464
 221357
 276768
 163149
 213153
 394434
 241138
 159698
 57197
 442332
 28624
 144020
 428103
 499309
 436768
 194369
 374973
 227272
 164456
 173000
 37643
 66742
 115343
 436354
 333555
 262193
 87692
 486934
 335902
 6379
 240008
 113177
 205158
 68384
 116837
 264698
 177435
 426485
 368743
 486860
 13813
 109691
 136959
 79785
 399314
 221804
 475789
 29692
 16484
 334439
 137550
 415664
 235894
 63599
 326359
 410127
 316250
 489546
 114661
 281246
 439721
 357404
 393374
 143893
 206002
 39239
 465051
 54037
 192776
 200228
 462927
 457470
 15620
 495372
 226310
 458330
 468499
 75350
 442693
 457884
 322098
 248081
 284118
 443669
 163972
 365774
 120183
 466784
 460743
 330947
 216808
 198786
 469758
 79706
 337862
 305289
 348909
 37046
 91699
 152253
 200179
 28683
 49261
 165106
 22792
 20901
 54130
 278476
 148775
 139846
 97473
 303880
 191721
 376551
 36747
 424238
 27330
 265933
 172916
 19737
 293556
 416578
 359477
 108433
 389864
 135187
 89540
 71761
 152350
 393482
 228587
 107463
 303437
 223805
 407829
 436140
 330835
 37558
 140166
 346397
 225463
 437635
 384615
 457903
 42437
 418084
 178687
 375944
 112546
 182011
 302796
 211112
 55555
 128069
 447887
 358798
 398467
 112532
 287066
 307414
 48016
 110136
 178902
 20503
 438357
 407713
 358048
 393767
 483880
 21605
 50025
 226141
 364375
 161462
 65888
 410714
 456289
 110070
 104925
 84594
 155423
 453868
 255899
 271428
 74812
 149603
 82400
 68838
 275317
 323842
 439393
 100622
 414878
 446936
 13157
 124280
 392623
 117758
 367865
 222811
 371036
 433258
 304666
 152299
 16885
 325684
 480094
 413676
 65058
 16893
 319539
 364106
 78546
 118511
 157125
 104597
 217403
 270687
 260549
 53963
 447102
 291310
 419902
 478461
 475832
 327089
 497345
 348103
 194936
 181818
 413917
 374374
 358902
 292647
 490016
 250601
 208912
 359803
 69813
 419107
 243596
 100851
 354364
 243332
 434739
 74969
 221454
 154338
 189926
 384867
 133199
 414017
 459633
 122088
 220885
 78718
 288952
 476137
 109669
 1949
 402008
 231404
 115925
 66506
 407940
 161089
 449543
 128979
 177914
 308986
 120984
 433427
 398305
 134829
 291165
 141335
 482762
 421081
 160442
 82188
 455505
 462156
 26090
 375379
 346335
 389720
 408960
 259175
 370921
 313504
 48214
 252975
 297472
 460716
 247683
 430234
 88989
 204136
 251040
 106918
 12668
 472332
 202531
 480801
 201271
 354489
 99545
 101906
 452042
 206188
 100378
 110515
 340856
 51930
 177671
 303366
 95988
 71036
 102873
 133650
 213859
 423658
 251417
 263994
 274866
 212263
 138138
 177969
 163032
 174520
 230773
 54855
 394645
 424943
 446370
 60930
 384485
 332732
 419436
 406527
 425315
 300403
 18894
 70743
 430212
 354497
 86433
 4946
 254801
 127094
 437538
 357565
 422054
 255782
 118431
 118562
 325511
 117018
 470473
 136674
 256618
 24761
 404130
 370497
 487997
 104577
 195583
 56487
 201409
 321729
 74629
 79056
 466968
 4389
 103065
 249567
 493001
 55051
 154504
 226246
 130576
 373407
 192938
 309805
 138936
 66375
 456164
 415792
 347153
 244998
 2740
 283783
 71339
 404822
 187761
 205452
 349822
 100839
 34412
 37213
 358775
 170416
 250361
 12908
 225251
 69970
 391400
 6691
 367621
 275724
 356664
 63002
 144012
 224394
 55571
 340452
 125975
 190240
 491254
 105108
 205715
 421383
 75098
 415294
 153728
 195740
 204964
 187245
 9765
 310101
 86859
 414983
 383814
 323989
 135527
 423741
 224098
 178641
 5361
 236073
 178408
 109915
 391288
 452193
 395284
 226443
 104261
 472310
 241917
 46777
 7723
 62378
 176405
 92290
 402437
 355714
 135202
 229186
 451837
 483550
 480810
 485056
 471535
 128889
 102332
 154193
 492470
 180822
 387594
 385980
 408320
 232901
 221870
 115692
 193870
 150643
 353137
 481359
 249500
 237325
 376560
 438445
 391349
 293489
 178881
 62387
 421120
 194560
 221035
 464625
 231996
 205272
 104686
 297161
 216612
 47347
 220762
 123360
 235247
 297390
 447196
 261791
 57646
 103767
 439492
 184947
 85931
 490599
 145108
 299709
 265611
 447088
 57224
 430840
 482634
 70039
 306162
 330388
 407734
 444021
 444570
 98452
 462870
 111142
 453793
 375000
 117149
 337698
 341441
 254472
 84285
 431250
 444852
 418244
 6203
 416992
 495491
 396620
 363184
 409952
 480815
 432740
 19172
 373248
 445560
 54462
 432922
 472950
 290135
 123537
 250621
 117936
 193101
 114597
 38264
 302641
 234415
 318609
 105430
 323935
 266047
 357249
 278946
 123475
 379273
 316948
 86366
 387146
 467467
 436773
 329285
 152687
 222109
 267787
 301665
 415895
 414742
 240815
 283687
 379013
 389747
 342741
 377846
 143909
 493029
 352109
 259183
 224816
 496699
 117987
 321506
 165214
 262302
 51645
 63349
 444974
 311837
 203506
 177514
 266617
 128434
 234799
 248747
 305971
 436578
 259213
 257343
 265303
 217145
 106505
 99535
 490875
 475703
 492387
 330864
 488217
 255785
 137955
 408343
 486602
 396075
 226691
 462381
 489807
 152394
 202260
 300912
 42445
 182521
 221704
 248978
 420660
 152142
 480330
 455181
 358058
 368163
 142461
 186630
 158500
 215305
 28952
 480528
 471428
 86500
 97444
 331575
 494182
 224022
 179134
 223856
 154956
 404819
 400843
 331191
 336065
 144075
 390120
 14432
 106565
 303302
 479171
 424403
 379627
 108507
 496787
 387154
 154893
 356578
 342863
 475121
 349343
 157059
 347302
 478086
 439548
 256404
 4249
 447440
 87902
 322436
 318461
 338242
 16077
 494984
 18320
 111111
 70551
 280138
 401408
 185721
 257336
 457074
 101410
 217247
 327453
 453585
 111496
 479728
 193902
 398116
 165497
 266739
 420191
 240485
 402923
 203965
 331176
 160972
 128393
 316010
 28637
 50652
 198417
 323085
 300764
 278843
 318087
 297180
 81880
 420720
 483122
 352726
 4158
 250343
 181361
 481211
 266311
 414800
 326672
 171035
 128185
 489856
 52372
 283239
 174765
 190910
 281399
 300448
 6750
 280582
 416467
 299274
 44611
 380475
 421729
 74018
 187605
 196640
 4639
 140459
 286376
 33932
 388321
 474864
 349559
 37366
 216353
 374826
 488121
 14807
 312313
 292304
 10638
 296743
 471910
 116021
 284434
 276957
 299484
 117469
 395163
 268705
 240141
 40829
 442277
 319297
 322549
 297813
 401052
 125146
 334329
 141779
 280068
 297338
 252976
 315126
 353660
 26436
 329175
 311864
 45795
 256267
 257347
 60326
 462064
 147960
 373745
 380116
 414233
 39560
 285795
 418723
 196304
 467464
 476441
 393926
 370403
 53229
 254847
 434919
 197932
 111036
 366356
 389188
 426086
 268700
 8255
 431414
 263575
 103522
 355586
 48381
 120141
 54313
 89056
 256727
 405862
 125456
 486873
 439036
 456167
 474455
 252131
 358299
 346188
 251950
 57980
 108491
 232249
 79679
 64483
 157126
 86652
 366570
 260326
 497338
 230520
 162209
 43554
 58357
 30959
 120456
 259127
 433450
 243804
 365691
 470537
 347311
 260051
 468726
 8255
 126990
 138285
 349173
 368231
 450639
 136363
 215434
 168217
 10046
 192941
 21715
 411467
 33371
 220699
 64293
 146729
 455200
 4424
 332817
 74712
 474155
 160458
 201914
 176599
 202843
 221053
 325030
 118063
 110854
 210043
 492129
 429692
 96573
 261246
 345280
 403073
 447458
 484011
 146782
 19826
 319733
 103757
 69974
 414268
 422525
 137681
 162327
 266255
 418972
 387966
 51706
 429342
 282694
 149319
 373273
 421766
 330907
 4683
 170770
 436944
 217675
 19447
 488388
 2812
 30769
 414841
 363915
 427537
 419402
 374947
 136237
 66666
 431625
 463899
 138086
 164292
 209519
 72994
 276863
 402973
 156979
 264826
 270525
 342131
 354690
 191194
 499941
 261670
 66189
 485485
 401621
 262702
 494067
 456074
 92610
 365128
 299934
 439862
 45128
 210613
 351160
 203751
 68029
 9942
 458579
 86459
 415689
 129909
 88950
 317790
 100346
 383957
 282067
 107950
 134958
 477712
 5953
 277339
 280357
 472487
 408311
 343311
 59732
 148945
 366688
 277229
 484632
 222906
 450102
 165622
 184441
 307127
 286196
 409865
 475822
 426401
 44565
 264531
 231988
 289145
 487930
 472538
 339544
 401367
 356447
 120148
 105453
 479231
 395698
 482608
 182704
 1858
 111525
 192645
 283687
 173865
 261426
 82352
 293292
 272206
 23708
 258819
 123828
 200866
 28268
 481975
 220232
 497713
 65079
 448038
 199613
 133020
 62425
 111161
 60390
 377011
 328528
 247962
 307793
 61071
 19947
 366197
 19480
 74407
 389868
 30482
 18718
 411371
 373982
 272411
 448186
 431477
 169652
 301105
 482797
 144566
 249340
 251492
 400453
 452068
 78040
 373806
 439362
 373427
 132396
 183335
 61866
 26973
 376563
 489428
 493421
 302682
 469652
 446907
 294706
 249114
 46270
 408013
 26942
 468931
 453558
 7116
 456031
 200084
 249220
 427641
 497162
 256991
 26514
 429115
 105669
 443867
 192402
 191100
 321855
 55628
 497491
 208590
 64847
 254089
 13804
 143520
 496687
 94742
 1169
 224176
 131067
 446554
 176501
 248175
 75754
 240578
 85882
 319632
 363400
 203073
 343517
 40820
 498897
 86158
 115384
 484374
 344616
 148396
 241200
 480123
 39240
 139880
 236239
 270820
 243774
 424540
 309904
 78633
 445661
 130295
 275634
 314591
 441694
 469315
 54991
 70450
 135062
 298263
 368688
 56683
 191351
 234319
 128511
 248474
 201205
 111394
 437194
 140141
 238803
 154996
 379524
 316093
 67173
 90755
 7932
 92468
 104542
 319993
 362700
 29434
 174087
 284659
 447273
 11552
 393737
 146345
 172650
 415967
 236760
 462038
 46189
 355233
 425770
 314988
 217004
 407654
 51225
 60453
 481361
 492604
 184155
 430320
 297041
 382032
 415587
 307692
 413961
 489638
 477587
 178878
 336831
 263741
 240483
 345610
 245047
 48568
 156272
 151375
 52177
 337046
 399713
 179160
 263061
 315383
 372444
 493124
 489687
 369427
 158421
 116061
 230106
 34056
 496465
 156808
 119797
 164262
 458859
 50834
 17854
 71775
 177769
 70871
 407280
 468614
 488679
 214550
 430423
 491503
 243598
 408353
 142587
 480491
 281784
 217868
 17241
 22884
 330129
 363121
 282777
 142857
 18465
 467335
 361835
 119672
 201829
 19950
 318330
 440298
 412727
 406028
 294209
 491525
 349344
 146251
 214102
 232062
 211209
 67221
 213091
 308685
 21052
 339841
 238280
 497563
 386932
 481007
 122570
 72911
 52550
 286300
 44776
 285398
 166611
 428154
 170638
 201634
 270823
 452437
 216856
 434043
 15034
 291085
 141869
 192574
 205934
 344503
 373773
 39255
 363098
 56207
 255719
 224755
 485016
 428151
 267578
 101624
 30317
 194517
 223944
 186129
 4545
 377536
 96833
 385277
 433912
 281139
 488342
 101153
 28878
 228490
 292307
 442939
 6990
 240598
 9724
 476118
 145352
 355122
 292243
 164720
 467598
 183125
 57916
 142777
 51411
 143494
 268478
 481436
 70326
 368418
 222384
 250303
 12474
 294338
 141863
 42402
 285997
 76477
 364037
 428971
 64377
 59521
 121387
 233149
 140419
 352239
 26192
 289177
 82602
 200153
 346185
 34141
 64023
 128501
 277633
 202085
 3443
 60111
 124342
 153759
 198820
 286755
 277107
 174276
 54968
 138954
 377551
 215568
 148327
 319753
 491705
 184056
 252140
 12132
 193027
 386098
 264136
 478858
 333900
 456533
 225689
 352735
 39541
 243629
 131647
 258516
 395402
 132385
 208292
 9719
 27226
 499604
 168882
 467240
 405502
 208124
 354782
 139354
 264705
 28984
 114398
 479315
 438828
 279117
 263612
 471175
 306151
 311610
 376790
 463274
 157757
 123695
 205170
 277262
 390184
 433625
 211711
 368322
 77769
 383944
 263340
 60606
 40920
 151374
 207133
 279223
 377179
 242452
 485080
 265665
 455380
 29411
 169457
 190993
 389329
 366500
 100000
 438220
 26613
 218389
 228218
 12057
 155328
 358111
 401530
 21057
 13909
 11936
 422275
 281195
 164688
 470595
 191047
 106689
 202113
 59206
 355988
 244725
 273350
 104477
 333992
 246586
 180907
 46566
 405382
 92930
 45391
 97761
 25623
 415623
 429900
 59679
 230350
 124140
 378909
 490389
 301886
 467507
 168669
 305290
 39750
 275822
 23682
 378042
 157838
 450651
 19094
 130281
 405060
 388010
 161094
 48437
 479695
 335687
 91591
 117073
 326560
 344186
 366998
 305682
 423606
 272297
 102999
 48617
 314186
 126551
 187798
 24300
 256410
 85511
 368375
 323529
 476257
 331642
 26109
 154236
 74798
 151240
 366598
 414465
 191247
 493568
 234672
 459271
 230966
 225363
 379192
 29140
 323857
 389953
 48821
 212516
 185714
 130595
 11369
 359569
 466659
 22026
 471581
 240088
 104726
 277775
 173643
 127474
 33270
 53298
 0
 315027
 75610
 327010
 319791
 173469
 105122
 246925
 410893
 160065
 234191
 177105
 259887
 422807
 182119
 26351
 255695
 110912
 35021
 157224
 244533
 478678
 280068
 306508
 149717
 275328
 175021
 326161
 188740
 264743
 5883
 166400
 339285
 195908
 113582
 309609
 359375
 367199
 141413
 418317
 456714
 396142
 352837
 207498
 147227
 99613
 74245
 439588
 251793
 78684
 146867
 157480
 116200
 457029
 450999
 122153
 358208
 206475
 446323
 248035
 437441
 416634
 172968
 292005
 497709
 347157
 335336
 316476
 183520
 270463
 334228
 306622
 359453
 307937
 473885
 107695
 33765
 73242
 474395
 407079
 235668
 83001
 403258
 227587
 267694
 385180
 49184
 293120
 360678
 89814
 263254
 411403
 432723
 381555
 319513
 384343
 214985
 318241
 494728
 323757
 167353
 117122
 73814
 357403
 471333
 256209
 456901
 2031
 422294
 269256
 268134
 19216
 42942
 300323
 115380
 410135
 101980
 276086
 313975
 25841
 372344
 122907
 20547
 99076
 297381
 487876
 256026
 103040
 459393
 424152
 197383
 84404
 225891
 484762
 176332
 482854
 78478
 46061
 358800
 461309
 304840
 168749
 67723
 85484
 127034
 462056
 159506
 345958
 54753
 376053
 121066
 254048
 202831
 390225
 4715
 379310
 191830
 106544
 250246
 53251
 267064
 36413
 246619
 89891
 472602
 295297
 129116
 90683
 148083
 460776
 201867
 20931
 401327
 122167
 376208
 420210
 161983
 409213
 292679
 178115
 69190
 385416
 385950
 1642
 343467
 396693
 458743
 497192
 382204
 150489
 102067
 362993
 62715
 188481
 14136
 227019
 33333
 443897
 347464
 470661
 295980
 57355
 357011
 407424
 29895
 93242
 368981
 88687
 140878
 301644
 460954
 65105
 199783
 22058
 151998
 281670
 370941
 186325
 167140
 157448
 184085
 298883
 215319
 340736
 468122
 23107
 435643
 414368
 108632
 274665
 458073
 375922
 407486
 316729
 57676
 125235
 375989
 346764
 587
 266857
 9259
 133627
 102473
 418984
 406303
 476885
 487494
 325032
 326935
 94750
 73471
 235120
 43661
 344463
 32611
 27532
 409716
 36045
 273530
 199418
 279577
 122146
 311549
 150138
 16971
 368429
 181214
 47930
 318132
 244604
 413633
 152303
 475447
 163777
 32894
 291545
 238000
 26475
 382716
 166469
 144171
 366799
 145589
 317165
 229797
 401870
 446285
 161849
 312723
 400460
 493939
 289553
 285388
 284589
 260801
 850
 112506
 456331
 218307
 153164
 110666
 222306
 129400
 101438
 63197
 91639
 489949
 100493
 299999
 99186
 356075
 23737
 277251
 182494
 30052
 69045
 78322
 398052
 405854
 376033
 80129
 145613
 117028
 370471
 478146
 498740
 227147
 9346
 250943
 247798
 229454
 441535
 221539
 74721
 286199
 479825
 280966
 79480
 138709
 342017
 395020
 225570
 91350
 12211
 63961
 405855
 62920
 94668
 340193
 12042
 485058
 410393
 422610
 326220
 402308
 25505
 180765
 21276
 10282
 37022
 473684
 348880
 49714
 177124
 168935
 21889
 241403
 236573
 466019
 449256
 75171
 37010
 386605
 86932
 144116
 207702
 215160
 201377
 382565
 350219
 128814
 324727
 2857
 327231
 324678
 43449
 286432
 340835
 412875
 355027
 392529
 4653
 384855
 196150
 266497
 201893
 108547
 251550
 419354
 369439
 170025
 307783
 88218
 420536
 350771
 343085
 491377
 267981
 157701
 204260
 213821
 446619
 346635
 30224
 235188
 392412
 64502
 380883
 387917
 489991
 224582
 180616
 488497
 38607
 477832
 250000
 427894
 403792
 158160
 188770
 219281
 393491
 341954
 253125
 372084
 387850
 123110
 438584
 295684
 47241
 23105
 221989
 459760
 108674
 110143
 93619
 386147
 385611
 163332
 404737
 435980
 393598
 13748
 447198
 189025
 394594
 405328
 199261
 256461
 349376
 41683
 162038
 488051
 247635
 405479
 149205
 46589
 221079
 369571
 2536
 482025
 275756
 133858
 275404
 186093
 164429
 271103
 402891
 220365
 435992
 85712
 23478
 254943
 290385
 288108
 470036
 112282
 317373
 437679
 322808
 490816
 191227
 68672
 409201
 211706
 349224
 375484
 37118
 186480
 399115
 472613
 164407
 236970
 470664
 392597
 356888
 376264
 481550
 228934
 4126
 466763
 148349
 271213
 474514
 32433
 76774
 154070
 215554
 386738
 377569
 355626
 128885
 227729
 478415
 81474
 210055
 227027
 173418
 497448
 499210
 222726
 84089
 91054
 167178
 311594
 417177
 21460
 478599
 406118
 29032
 89308
 105997
 389804
 226939
 279417
 232173
 98274
 150414
 31238
 396381
 262223
 44050
 255735
 398787
 216993
 172730
 170514
 321629
 192959
 337282
 367626
 332128
 281347
 21836
 463847
 460524
 119390
 490623
 194149
 497847
 346536
 370792
 207469
 152952
 147441
 140551
 322604
 215661
 478741
 388639
 271592
 208171
 387652
 317235
 195409
 63336
 155085
 486912
 368881
 454836
 63364
 230608
 69667
 72062
 204011
 359356
 232967
 104913
 391066
 121504
 364317
 484858
 159068
 15179
 386501
 151603
 233640
 135359
 54983
 479927
 279079
 434565
 155238
 131543
 69230
 369262
 402958
 217020
 22222
 481590
 146421
 148221
 165665
 437691
 256511
 210773
 36321
 251714
 235839
 112847
 449430
 381614
 433122
 164590
 449500
 439345
 190163
 46685
 6112
 175024
 53627
 72765
 408804
 63583
 204960
 453256
 41788
 320738
 285980
 267177
 482060
 164910
 356029
 179354
 5779
 394358
 314026
 385187
 139137
 250336
 166601
 463738
 122964
 392362
 290585
 256816
 140213
 352723
 454005
 344482
 489274
 373195
 274568
 265982
 227964
 371002
 440356
 117078
 318181
 435043
 435011
 147909
 443414
 211024
 264528
 298447
 295379
 347784
 488702
 453458
 107414
 347428
 232057
 127681
 274743
 261359
 244899
 494149
 973
 493288
 20620
 288265
 125529
 320664
 100409
 73084
 461530
 469696
 479898
 158885
 276167
 198730
 50830
 107966
 469454
 436113
 219178
 448922
 488791
 31866
 150474
 5833
 52098
 164683
 381293
 173693
 272939
 489504
 100119
 442736
 481654
 101868
 26315
 341421
 334594
 90187
 133667
 28148
 410569
 438523
 394414
 253313
 440198
 229694
 169953
 139788
 444260
 62768
 140632
 164156
 361111
 441947
 481938
 453351
 409589
 337435
 302708
 237651
 230613
 280207
 131703
 314963
 209010
 248513
 196837
 57518
 46361
 224342
 19018
 200128
 390243
 77355
 301795
 63359
 189504
 394972
 473822
 266854
 257003
 175815
 13160
 479784
 401314
 71967
 357343
 95812
 499045
 441280
 342269
 199152
 114800
 398944
 138219
 104589
 417156
 468494
 303934
 159188
 17848
 77431
 460937
 451809
 154986
 451524
 132994
 270270
 386625
 80863
 75518
 407401
 19801
 355836
 251355
 410637
 373570
 123223
 361949
 367371
 485855
 131327
 284716
 23400
 276259
 353784
 8045
 107190
 159061
 463360
 403561
 370324
 1112
 467300
 212931
 353811
 192695
 400202
 482692
 34412
 420401
 74064
 23913
 46148
 119219
 12606
 429968
 12502
 61348
 