176972
 478354
 345590
 244286
 361680
 265215
 427072
 187783
 55080
 367607
 467782
 221279
 2611
 432486
 63781
 162501
 470907
 68158
 251588
 455252
 332309
 422384
 299500
 47447
 359065
 278313
 191263
 443604
 0
 375031
 94021
 236730
 372374
 77557
 85888
 205012
 27993
 197847
 285714
 383555
 68946
 284829
 218750
 192240
 43630
 59544
 163824
 84143
 464600
 232027
 71248
 424520
 420473
 310361
 18176
 311256
 329915
 308536
 269513
 150920
 189531
 114116
 327805
 134297
 274706
 163387
 39255
 238207
 143692
 188722
 281341
 214715
 101162
 191695
 383333
 126509
 438722
 231346
 431771
 97205
 115529
 66033
 320025
 308077
 88953
 438219
 78686
 202223
 41284
 492151
 61506
 113149
 49789
 237916
 60162
 328198
 331470
 110333
 30440
 5178
 252876
 127602
 134793
 209459
 449217
 30888
 336265
 205195
 219359
 384482
 4137
 436366
 492711
 60478
 16576
 431197
 409741
 488904
 152747
 353636
 43264
 257825
 100577
 103321
 226000
 478452
 172612
 83177
 77903
 441
 51618
 313010
 458320
 219393
 190719
 463571
 450664
 408346
 492052
 436049
 48628
 136837
 62469
 110628
 25621
 21044
 262252
 18012
 278730
 138427
 128543
 287884
 461538
 418141
 322691
 431658
 210762
 414007
 347823
 172929
 177389
 142989
 483240
 409151
 132717
 384485
 143242
 106010
 414792
 235413
 218588
 360153
 87606
 75808
 137592
 253186
 399684
 375277
 386037
 308404
 24848
 411115
 222363
 122653
 441969
 393939
 324561
 274239
 247997
 201315
 96780
 125000
 212742
 216785
 324282
 376144
 229937
 448291
 369460
 331297
 496653
 405405
 284513
 225105
 382096
 215573
 201057
 349074
 376197
 401621
 16283
 313850
 330719
 327921
 400690
 320813
 495014
 400779
 329564
 293333
 169855
 184753
 113475
 132231
 346726
 206119
 38439
 484942
 244642
 289775
 66847
 386948
 87618
 458564
 488480
 59392
 302186
 287149
 434426
 180079
 429829
 469110
 18992
 286656
 342818
 176839
 478594
 197871
 246731
 100740
 383944
 306683
 346072
 137299
 390221
 159221
 17858
 84867
 336767
 32981
 353815
 343954
 254339
 114360
 227172
 54620
 292370
 302158
 97857
 134797
 69316
 66122
 366374
 481385
 187963
 465181
 426861
 186727
 106699
 463595
 186784
 178224
 90909
 246307
 435797
 188366
 309418
 331338
 377674
 283531
 92077
 280542
 250752
 155284
 187235
 361501
 60531
 52443
 18110
 230344
 338536
 238551
 467126
 56603
 139410
 60581
 100502
 395494
 354656
 191840
 278413
 280771
 189889
 99217
 317301
 353954
 103500
 428254
 449212
 23604
 349723
 426405
 171549
 181646
 389077
 446524
 20216
 69936
 414090
 279626
 270384
 261672
 162071
 260573
 150490
 110256
 176283
 236582
 425643
 269167
 213995
 267445
 265214
 437546
 136135
 233369
 390363
 278631
 320427
 260874
 265403
 439468
 340607
 150677
 471774
 109708
 103451
 98965
 213807
 9107
 71484
 293650
 267459
 215921
 214738
 182294
 367491
 341887
 437595
 128653
 246986
 295669
 335591
 154081
 44790
 277480
 2468
 475142
 235241
 203274
 217769
 169333
 378658
 78223
 59045
 92148
 330750
 430713
 468987
 115109
 184667
 398177
 258392
 407697
 307020
 349137
 92387
 382295
 312839
 467873
 470542
 242789
 74743
 424570
 347582
 371435
 92343
 82298
 88557
 300417
 422468
 220195
 83267
 137130
 77346
 104015
 290043
 485258
 406160
 304550
 44204
 228432
 158430
 64210
 476002
 167326
 214558
 238230
 89277
 306930
 495945
 448439
 186333
 86988
 58360
 10133
 171740
 488882
 32913
 439135
 265964
 294642
 253389
 115479
 160441
 198382
 467792
 313242
 360219
 59789
 85395
 204278
 162162
 55411
 301717
 466700
 116019
 440803
 374896
 324988
 106035
 436650
 255656
 318727
 489272
 426973
 417474
 124402
 487973
 110805
 117353
 115549
 15407
 499007
 312701
 108006
 423944
 474475
 364547
 23119
 210249
 274279
 6630
 46806
 67741
 228551
 410149
 202390
 350692
 202099
 374912
 273977
 22128
 417086
 16243
 362624
 106508
 381386
 483622
 478620
 150573
 330666
 479424
 462077
 29697
 233758
 234370
 475462
 286017
 23268
 48437
 393640
 145564
 209502
 469482
 76126
 313381
 149272
 134334
 270679
 474957
 285376
 228642
 29820
 135104
 481565
 305570
 11420
 206302
 172273
 264868
 293719
 279011
 484846
 133429
 11734
 179472
 338111
 263986
 142197
 150475
 134069
 209730
 329938
 437591
 176917
 232372
 158356
 363161
 265161
 487832
 457200
 418055
 188238
 131949
 387739
 361254
 248678
 233861
 114128
 474096
 262582
 53109
 372278
 404022
 149276
 21168
 304891
 200435
 296841
 287714
 392042
 329291
 226451
 89063
 453158
 146163
 33800
 83240
 358435
 242526
 202384
 425929
 492314
 272255
 245995
 241747
 54789
 80226
 169383
 198588
 71658
 492537
 257940
 409482
 121212
 323328
 267134
 382697
 95466
 476099
 259494
 21154
 467545
 45587
 380345
 135430
 42584
 212012
 109551
 405188
 97911
 394976
 188797
 145294
 361200
 209205
 491804
 83286
 292461
 319224
 251323
 221720
 245282
 266307
 11552
 460498
 68418
 114558
 36334
 490522
 219776
 443231
 275813
 18167
 347894
 171720
 100178
 186622
 406589
 19321
 393518
 200176
 380132
 415274
 453197
 242933
 257265
 90215
 287105
 352754
 245280
 266474
 134302
 107920
 356462
 259298
 160327
 338593
 220481
 118673
 497007
 439663
 55605
 104729
 482908
 159072
 230433
 139305
 330911
 142752
 114373
 434079
 268242
 6023
 195425
 471466
 276018
 182681
 213555
 421920
 161684
 154467
 495370
 239308
 117200
 180420
 499245
 27934
 468087
 479478
 401147
 374889
 240488
 381574
 478829
 194074
 429186
 411772
 10928
 246414
 219750
 207676
 210228
 76857
 362068
 370985
 225464
 41797
 308735
 258137
 6896
 472400
 117401
 418696
 9392
 89392
 350562
 477963
 397391
 400129
 284773
 96834
 90568
 390263
 472509
 328710
 128645
 41608
 334302
 93811
 145494
 180554
 311839
 7019
 359825
 337859
 199839
 313588
 425162
 16083
 184558
 369975
 208232
 305851
 275165
 186819
 313456
 458466
 345121
 253338
 339823
 39393
 304207
 363032
 40173
 146118
 288267
 107727
 364233
 206849
 34231
 173113
 58700
 300723
 212328
 413934
 51979
 366979
 242699
 41324
 107272
 319874
 305126
 443886
 414424
 251345
 92592
 87411
 346106
 335035
 445186
 175622
 8542
 128482
 113627
 345509
 459016
 247826
 86722
 77837
 456312
 395469
 51322
 377089
 45019
 264450
 395484
 265917
 47059
 341970
 478711
 161038
 262367
 46421
 2754
 238102
 11627
 83843
 388612
 200980
 20928
 376523
 421785
 62810
 254782
 430036
 268990
 14662
 122983
 208385
 107121
 443978
 96279
 125596
 71370
 12664
 420293
 218871
 255359
 292245
 72182
 77540
 185082
 30152
 320182
 337035
 445738
 367108
 396958
 241847
 323693
 23364
 269895
 479634
 85587
 305668
 198251
 80639
 232157
 316711
 211088
 73073
 39054
 132501
 243325
 211141
 265991
 434460
 65357
 190991
 412518
 16300
 352069
 101485
 75968
 237085
 418000
 399427
 66565
 326517
 436206
 139072
 496379
 152789
 210322
 67474
 224246
 23917
 80441
 29455
 22056
 192307
 493882
 424247
 323613
 55662
 118508
 318993
 127562
 94798
 429538
 305788
 405220
 180410
 62135
 199190
 15210
 350581
 403135
 487730
 499672
 104094
 376898
 199095
 43219
 189582
 301449
 46090
 187420
 11785
 120240
 19718
 276397
 27008
 315814
 429609
 354733
 191339
 27533
 332037
 377202
 103934
 37517
 142570
 461908
 267015
 434417
 50893
 309590
 446007
 494084
 135209
 78134
 434815
 470917
 401932
 76156
 397322
 75086
 234384
 499029
 233992
 220533
 363978
 436760
 317846
 178792
 223285
 112756
 59704
 104975
 360465
 74571
 368882
 232211
 144354
 451658
 245451
 94117
 74007
 76666
 178210
 193487
 119232
 489795
 137855
 377804
 491931
 12820
 252703
 107984
 312855
 22195
 111276
 309469
 43695
 93878
 244204
 114183
 438150
 198162
 349550
 122304
 496488
 21746
 444700
 82500
 120036
 275526
 52571
 161699
 444656
 177481
 132075
 348817
 29688
 84021
 28354
 79626
 326053
 316738
 221917
 239169
 353097
 214887
 289941
 361165
 224528
 67134
 282510
 468172
 301112
 184277
 81521
 365859
 427064
 86716
 239366
 231545
 333880
 322841
 321878
 163619
 167144
 456591
 388590
 13742
 127701
 364685
 200929
 50305
 340560
 12474
 485468
 204949
 295313
 157403
 470886
 344039
 446153
 224995
 271452
 142071
 153123
 369173
 428398
 63025
 480554
 432177
 224677
 201547
 82251
 247974
 238109
 377894
 396966
 66502
 449083
 223834
 157519
 277171
 478072
 89132
 347906
 151472
 440390
 3247
 294935
 364990
 104695
 461573
 309791
 318287
 410238
 120993
 422122
 459436
 324890
 115211
 447301
 211170
 107906
 16897
 497944
 80782
 465970
 395619
 145633
 13633
 82941
 361066
 186645
 184622
 191529
 256765
 316242
 408461
 63224
 181043
 59300
 438724
 423815
 61462
 483375
 270055
 275002
 52063
 403551
 374894
 479160
 390309
 396486
 266609
 3010
 237508
 44052
 432124
 382630
 32755
 196509
 116279
 234886
 393355
 427173
 330849
 19759
 226190
 321885
 384905
 480226
 187898
 36934
 206629
 118095
 211105
 179002
 200538
 97826
 344338
 55457
 400366
 319191
 24297
 485832
 218433
 489509
 316326
 209412
 94992
 164634
 304305
 362825
 266933
 157159
 88705
 221087
 334853
 57584
 110626
 22576
 96663
 79981
 287230
 270418
 271446
 239179
 221124
 225343
 417124
 150435
 61895
 269747
 460938
 102247
 361521
 474665
 35898
 447752
 281071
 366496
 344109
 174897
 211508
 152950
 316028
 17412
 65217
 120192
 30393
 305036
 118811
 142831
 320714
 237226
 335218
 57228
 221640
 367158
 384708
 363446
 160903
 280574
 299637
 187093
 160784
 490857
 402006
 169445
 345843
 234753
 289950
 273363
 177353
 455744
 21269
 163021
 263556
 357289
 30565
 95446
 227687
 444849
 182261
 216577
 469289
 259142
 53459
 429774
 282208
 140642
 489101
 228646
 439080
 127737
 131369
 292105
 73679
 499668
 401505
 141902
 271491
 490822
 291002
 170474
 201028
 189273
 446770
 343904
 63037
 106493
 162866
 427243
 364908
 421088
 331058
 372420
 58690
 490022
 43055
 107962
 446218
 53597
 132852
 222154
 225656
 196330
 461432
 201438
 315199
 418283
 396307
 55098
 85119
 382518
 122683
 123931
 147291
 278744
 406334
 221311
 15544
 220454
 111673
 172621
 14168
 127985
 17879
 54321
 53405
 314992
 481867
 85092
 100836
 69713
 193077
 250704
 118297
 3587
 488830
 318181
 477956
 137038
 212389
 341116
 267732
 392670
 59581
 159851
 475466
 488608
 408865
 141166
 243831
 252403
 429077
 143336
 161051
 369346
 109843
 224297
 336073
 415730
 9176
 334119
 170588
 164579
 28149
 283291
 340780
 386443
 369614
 350087
 194515
 398956
 275542
 38679
 471084
 257837
 248343
 64071
 102810
 427461
 391663
 405851
 316766
 204980
 186721
 415105
 154268
 242368
 66871
 76159
 393676
 63182
 344120
 170699
 382352
 496297
 367552
 25963
 238095
 218438
 463496
 489576
 126024
 0
 310027
 16820
 249914
 42356
 494728
 181313
 456475
 279463
 462142
 13353
 331991
 131090
 443811
 444688
 198286
 268664
 242334
 288390
 359724
 248467
 306689
 467908
 374694
 191783
 326230
 130664
 322269
 392249
 174135
 452256
 29302
 403336
 59418
 475767
 474969
 211010
 102528
 198878
 322399
 269409
 93495
 353866
 300201
 147794
 429900
 484011
 76420
 54253
 293189
 398407
 300632
 20372
 240950
 165269
 211960
 207500
 285352
 43454
 229228
 282985
 6308
 69875
 468668
 108031
 103644
 207569
 462426
 214774
 286078
 167324
 164855
 427656
 118608
 275690
 243649
 126015
 166379
 96018
 231237
 146070
 471343
 107391
 188344
 447958
 92240
 179947
 137784
 336064
 365344
 202537
 438347
 110113
 311902
 151016
 380000
 50648
 307144
 206143
 62168
 265391
 44651
 78545
 84926
 36577
 42484
 450515
 229191
 376198
 351843
 361147
 79024
 428000
 68834
 84181
 252032
 424778
 489440
 40750
 102623
 313466
 200466
 313873
 136573
 190850
 462468
 47611
 107651
 193042
 431584
 41529
 119217
 372114
 90901
 402625
 186817
 159932
 489693
 165856
 244248
 193981
 431406
 148829
 78104
 496520
 359890
 150105
 105061
 79425
 257108
 312042
 84493
 46235
 105398
 48532
 208745
 153075
 49770
 264915
 425759
 428571
 127302
 453045
 382740
 160890
 345081
 43593
 378812
 102583
 271734
 123003
 218744
 432085
 28824
 9177
 94445
 230519
 169421
 472878
 452528
 430327
 439418
 164321
 266385
 341885
 284379
 158300
 293964
 317582
 339244
 263159
 151018
 147082
 96867
 316108
 418430
 452967
 192965
 203840
 217337
 484651
 142511
 436329
 371571
 284099
 398988
 345080
 438800
 302200
 175539
 307063
 481995
 146309
 26299
 428332
 369052
 20400
 455600
 126658
 227735
 291368
 256467
 33907
 417202
 429349
 443894
 438430
 179448
 475800
 252901
 441356
 214949
 323421
 482404
 213168
 462070
 441411
 42561
 381421
 258963
 285567
 409967
 446354
 74628
 447540
 58022
 21367
 175703
 184368
 252653
 497764
 169756
 138748
 300044
 295939
 303576
 331529
 235452
 473526
 229353
 381660
 182074
 142667
 268814
 56994
 253568
 221784
 178181
 85078
 13678
 448137
 498489
 109716
 131681
 170183
 459255
 91807
 258228
 32503
 72936
 200758
 24170
 285447
 167193
 174184
 187287
 249624
 241045
 147272
 130389
 71662
 133147
 107377
 200992
 355130
 357121
 274108
 116249
 55271
 425745
 132861
 458891
 400181
 431288
 132780
 286429
 359890
 221099
 159825
 397291
 3827
 114004
 82769
 426372
 369493
 360904
 352503
 3536
 350920
 168706
 395908
 283717
 146977
 170970
 186086
 133933
 421344
 49970
 158462
 485056
 164293
 45017
 276884
 473321
 377018
 217110
 38597
 134552
 22319
 36635
 221772
 129681
 426327
 285031
 23730
 89026
 72616
 53047
 412641
 335160
 30234
 454425
 70089
 459707
 38828
 166581
 143620
 331306
 124566
 6390
 436918
 144933
 75170
 308313
 376542
 203450
 453720
 61189
 9504
 270720
 57731
 384318
 103707
 322596
 464674
 29606
 193548
 88012
 227942
 192608
 182559
 238644
 251844
 330932
 215828
 353772
 410587
 193244
 139038
 376180
 67176
 446769
 198338
 350661
 133799
 305709
 16630
 296970
 416796
 336134
 473610
 459971
 468109
 419010
 35846
 91706
 65869
 115722
 192234
 200118
 316109
 316959
 462475
 174698
 479155
 100437
 496278
 258389
 291861
 15570
 479843
 84174
 370858
 188300
 268746
 409836
 341815
 234730
 160817
 231151
 50632
 92303
 247967
 378950
 51577
 400320
 458106
 330665
 216180
 80573
 165904
 405754
 2732
 108684
 43130
 56488
 276328
 404104
 393178
 406927
 497878
 21812
 235929
 405531
 379404
 83724
 15749
 106587
 191297
 374342
 370100
 241014
 456907
 232419
 410282
 268958
 261394
 134819
 7304
 390156
 432751
 57717
 459890
 230458
 445539
 36789
 444678
 219660
 334582
 301459
 161664
 479523
 148047
 77532
 67529
 302214
 389447
 284587
 104797
 147074
 108930
 479144
 61572
 112646
 194613
 314568
 324800
 35460
 155373
 164621
 354529
 103606
 257230
 248087
 439194
 462640
 249106
 463081
 153799
 35744
 259121
 351779
 425728
 101623
 235103
 257676
 493808
 427108
 346520
 171662
 41767
 344629
 130902
 392870
 396768
 176662
 329545
 374185
 79619
 399218
 162415
 423608
 376744
 420708
 12445
 358490
 140747
 138489
 63280
 202671
 488648
 146140
 285509
 260935
 42326
 210900
 329579
 371640
 235769
 257203
 301439
 455751
 294972
 388990
 47042
 84700
 251975
 419243
 210910
 299082
 460317
 94523
 132611
 61260
 39714
 206825
 43252
 42519
 231958
 164973
 166666
 490704
 491789
 491109
 44384
 400943
 389861
 405599
 320690
 336638
 138366
 479437
 404580
 263907
 85013
 245902
 9426
 269031
 336077
 46845
 130555
 67307
 97091
 230168
 485912
 443143
 406154
 58166
 233832
 310477
 421415
 377814
 458075
 57532
 150008
 170938
 399043
 320036
 101017
 453374
 195467
 422087
 244332
 176462
 463922
 436482
 191192
 412991
 349060
 229645
 88666
 476298
 359064
 140497
 139063
 81087
 25358
 33014
 266143
 382465
 226423
 25907
 234505
 466924
 250081
 296865
 407728
 89668
 245896
 114024
 285424
 168263
 482012
 44832
 35686
 8303
 322396
 179811
 133282
 443725
 414152
 395003
 73097
 425125
 108891
 150273
 156058
 191523
 462523
 419856
 179929
 153846
 272189
 267158
 435912
 3856
 215896
 472910
 151456
 367750
 439783
 377277
 469044
 55932
 400113
 48315
 13415
 343525
 360919
 219409
 9899
 131309
 369429
 468833
 453288
 207198
 388874
 360824
 280016
 267379
 62610
 254673
 156862
 145519
 324880
 259862
 444321
 166666
 489458
 239434
 313162
 323420
 382293
 96948
 251103
 461712
 138330
 412756
 306892
 197416
 467579
 169909
 74400
 231484
 195936
 411895
 180631
 81938
 494119
 244039
 485286
 191881
 227272
 265617
 416250
 77411
 152792
 52915
 130613
 73804
 336274
 188268
 421731
 411412
 54764
 261003
 99894
 228898
 375901
 79119
 327504
 24394
 346340
 103437
 96895
 387557
 357111
 132838
 355069
 115003
 91022
 59926
 87280
 149666
 366712
 114762
 79670
 318385
 65209
 403750
 59512
 101703
 191842
 92132
 130710
 258519
 212642
 273140
 271053
 401764
 230542
 342191
 282682
 415465
 428055
 337919
 192307
 175951
 22422
 35626
 149463
 485868
 132630
 189290
 93470
 378991
 68370
 252702
 211629
 464748
 363914
 386685
 186643
 4346
 0
 7128
 194439
 183615
 150718
 344622
 216503
 384147
 125899
 464221
 87813
 256216
 450805
 201965
 157727
 376644
 430340
 247362
 120353
 339506
 488138
 463726
 78418
 350628
 357727
 215029
 55368
 360012
 109024
 132548
 195403
 140665
 340489
 197054
 346387
 459709
 88795
 96725
 149081
 413123
 159449
 92180
 276491
 486410
 442448
 20738
 192004
 89201
 105883
 321596
 163690
 242833
 485817
 465811
 494999
 164853
 34347
 476982
 28838
 401101
 61078
 490584
 20734
 411135
 493323
 329284
 427925
 105362
 176075
 205022
 164992
 272619
 421631
 435327
 79152
 214452
 499029
 81625
 321839
 283108
 200682
 15211
 209124
 462383
 396157
 205421
 48635
 433560
 469319
 385360
 427757
 449811
 154115
 379678
 321719
 124116
 185484
 368059
 188708
 209203
 167915
 491494
 370646
 285488
 492990
 25821
 407900
 234480
 309133
 4223
 118192
 9896
 311520
 167882
 414719
 21691
 311502
 27368
 275891
 212396
 360357
 406890
 309317
 353876
 152542
 182931
 239923
 16356
 227825
 196921
 102684
 280925
 310403
 411453
 314754
 371511
 477228
 488753
 64980
 64149
 124131
 355385
 388225
 467466
 388688
 446162
 303829
 413438
 152076
 481520
 64064
 135339
 196515
 70902
 455121
 58523
 160940
 77565
 59161
 430907
 63398
 430817
 27881
 352534
 223931
 399068
 333343
 482998
 466274
 343731
 13611
 101570
 212659
 473321
 15128
 322757
 50168
 22117
 429792
 41760
 312465
 193515
 170116
 79879
 372396
 118244
 348708
 259319
 215388
 211535
 199940
 256777
 86730
 87574
 431823
 269772
 235897
 78905
 76869
 468473
 90148
 308581
 154705
 93399
 60784
 234177
 255333
 418083
 103941
 237289
 490934
 122585
 161553
 162771
 56377
 84942
 486251
 363521
 429020
 241571
 425685
 62070
 276302
 136660
 361962
 167185
 171540
 90079
 3708
 113930
 34604
 268390
 402777
 440715
 427523
 361853
 343586
 154867
 87773
 254314
 292006
 306302
 126765
 41461
 49985
 154380
 428044
 191980
 403467
 430049
 243038
 330331
 470373
 417189
 422824
 153438
 93902
 442455
 400574
 120111
 362930
 47889
 325916
 59683
 198734
 66607
 322559
 389439
 22547
 146855
 294140
 62210
 243952
 418760
 257436
 117280
 177411
 303516
 499729
 194732
 77739
 52829
 206095
 367299
 463213
 240078
 224707
 473985
 431968
 3665
 97839
 136088
 457132
 459668
 418515
 220679
 469916
 409607
 168077
 13242
 288261
 36494
 50138
 38871
 249386
 479611
 18176
 476613
 459815
 114497
 209511
 254744
 112021
 372552
 406824
 483480
 109308
 43660
 137649
 62345
 84164
 456302
 372045
 288135
 414863
 440193
 365950
 136363
 395607
 14524
 317017
 468861
 185819
 14224
 158511
 114499
 357040
 412019
 114965
 26252
 301791
 12275
 33711
 142239
 23172
 242821
 225586
 44543
 192976
 442212
 71595
 27903
 397788
 217938
 413711
 355151
 489510
 453827
 444270
 313967
 244860
 159999
 150452
 383046
 173228
 411463
 3334
 425818
 190488
 194341
 45711
 356749
 59523
 40035
 187170
 372867
 87537
 77074
 23814
 821
 400972
 60380
 99898
 439646
 438297
 161490
 166429
 210784
 7418
 57986
 232854
 122755
 84674
 479605
 479228
 492852
 85298
 52465
 322944
 83237
 446146
 48866
 408930
 346692
 237366
 142779
 339873
 79278
 380947
 104354
 478622
 469149
 149911
 292914
 39458
 37154
 215744
 497155
 461666
 466560
 386999
 102383
 281104
 388411
 298941
 405882
 44363
 118951
 344913
 339712
 255439
 128357
 184210
 229715
 485572
 19086
 124470
 52326
 229426
 308740
 134101
 4323
 101018
 287162
 95496
 280113
 272251
 368047
 113718
 439511
 136125
 233439
 328655
 381993
 47511
 446830
 447912
 359689
 445945
 489761
 102076
 248085
 433333
 151727
 46365
 342808
 15440
 6041
 112848
 22345
 32411
 134931
 82980
 195252
 492820
 60444
 194271
 359205
 421052
 478632
 40684
 352484
 463599
 448373
 376722
 88155
 346790
 243363
 424528
 228735
 121115
 367040
 269911
 473510
 287112
 314960
 149554
 140805
 378676
 222543
 373542
 173081
 109369
 242147
 247017
 268845
 324137
 282047
 196795
 244366
 182051
 174749
 442692
 148511
 92903
 291863
 13295
 380547
 269460
 220235
 230454
 13077
 471923
 61452
 384655
 178711
 427516
 170825
 343292
 228539
 197003
 45154
 223969
 200859
 455281
 184390
 428796
 232247
 224688
 235591
 116317
 307601
 250549
 465793
 356576
 431336
 332320
 107328
 361772
 469803
 376169
 79137
 139055
 209462
 144758
 308764
 354217
 412114
 266603
 474820
 53102
 454673
 156726
 147739
 261750
 415034
 139936
 106112
 225939
 63318
 333680
 25528
 173442
 416173
 422134
 256228
 369936
 442447
 15122
 122302
 212962
 339502
 267396
 454314
 91656
 309681
 375721
 58670
 190421
 419087
 224733
 288490
 397301
 34162
 448810
 277777
 455359
 488775
 62561
 316075
 478016
 299921
 108539
 313322
 5457
 448222
 27480
 351449
 148283
 276292
 300041
 195772
 461346
 285908
 300838
 233131
 334240
 431089
 302265
 497220
 280983
 271282
 113397
 479940
 377005
 66572
 211715
 218665
 290369
 212808
 477128
 169002
 139648
 359477
 362832
 275171
 448460
 380890
 128818
 306433
 87193
 341696
 196346
 300650
 327883
 173353
 88656
 6814
 404804
 351910
 83403
 385889
 172210
 223284
 380905
 429894
 69519
 294416
 469981
 145588
 427792
 424479
 23384
 42553
 147218
 178688
 429827
 357941
 382825
 1466
 366480
 265497
 70769
 154194
 350078
 146269
 232982
 472322
 232542
 172103
 215632
 422337
 312415
 422511
 161426
 240041
 240509
 437837
 228841
 296668
 341341
 253099
 364634
 83034
 317515
 159769
 496267
 470715
 15061
 428663
 363347
 177409
 381644
 14173
 12208
 315789
 98770
 146086
 160589
 493567
 276595
 370155
 224274
 180252
 237798
 76294
 182664
 330819
 434309
 148503
 172563
 223588
 107598
 289024
 414127
 360231
 141183
 485692
 444207
 60216
 462563
 441163
 300886
 298820
 281797
 307076
 353182
 411125
 484429
 258089
 414417
 363454
 340253
 319628
 89810
 195243
 287474
 443707
 256763
 225472
 103370
 281110
 21616
 17715
 76683
 134573
 168587
 311652
 319713
 85903
 149482
 361571
 141600
 279102
 262953
 408628
 284712
 247814
 75421
 68472
 377986
 456369
 259641
 416265
 28606
 10653
 364349
 158249
 42245
 326980
 381433
 271826
 393727
 387934
 440387
 197776
 337223
 262109
 54606
 309177
 436224
 288622
 20867
 101756
 446044
 151356
 487673
 190913
 4814
 279438
 5691
 279013
 419354
 127315
 275429
 410774
 13504
 101040
 431838
 237127
 351754
 494771
 85229
 229954
 265469
 222966
 479132
 44473
 123858
 188602
 463222
 318317
 52955
 353248
 101356
 149979
 39657
 407026
 14200
 292857
 482064
 115879
 192504
 289257
 112075
 179324
 299716
 347981
 203531
 43478
 191261
 341219
 325472
 492759
 178068
 397643
 124777
 179299
 471720
 228547
 347909
 99413
 13833
 117989
 93933
 318593
 157992
 207982
 112608
 360238
 342584
 498196
 214784
 293629
 116073
 361167
 15327
 281609
 20653
 172454
 348158
 65864
 351961
 208119
 188987
 415991
 306144
 243871
 363874
 157352
 191710
 326710
 420087
 323304
 284808
 184381
 370119
 66148
 465567
 128940
 376849
 298824
 43019
 429339
 172562
 474633
 294155
 265057
 90904
 389558
 442242
 110379
 99767
 203750
 475170
 457049
 88337
 189309
 44545
 57668
 343116
 52631
 430045
 226743
 389822
 180212
 194548
 194726
 129882
 395705
 328726
 200747
 70422
 347951
 90325
 148559
 14660
 195769
 29260
 483949
 91764
 263801
 272230
 468401
 185711
 471298
 166981
 128847
 313272
 134843
 100490
 295755
 139800
 485998
 424844
 438022
 360179
 196199
 23402
 4731
 195533
 65548
 54281
 313512
 400000
 197059
 185378
 439022
 376591
 312178
 93538
 345762
 233017
 480127
 76387
 344627
 234342
 346617
 211854
 193626
 239897
 63261
 112187
 5099
 317708
 374654
 423147
 470663
 285384
 461967
 479509
 281623
 476190
 439579
 172245
 376069
 358276
 285767
 471498
 455986
 100362
 300539
 77654
 329653
 36142
 420878
 326611
 88475
 237403
 49861
 84294
 302117
 171202
 481368
 131522
 160298
 96035
 110516
 165216
 170748
 166739
 362066
 232314
 171924
 148239
 161891
 198502
 446542
 375000
 32816
 48602
 34860
 133808
 482768
 449564
 458993
 204322
 352657
 69402
 494818
 203130
 209046
 193476
 451990
 160881
 288034
 377727
 338202
 249136
 112013
 191531
 494769
 379565
 248130
 48135
 170847
 95963
 201890
 327643
 290063
 27639
 431871
 362408
 403623
 274921
 422463
 465576
 370605
 230573
 288002
 25832
 397962
 269068
 264854
 75419
 140649
 322255
 178168
 54307
 237383
 289434
 247488
 281629
 198571
 426995
 331689
 167567
 228528
 48869
 287916
 160760
 197747
 75117
 263157
 285381
 58534
 83805
 306297
 30140
 15363
 475162
 60193
 24795
 370235
 422635
 342330
 69231
 401819
 198064
 403524
 334969
 109109
 368565
 12382
 124417
 198799
 179142
 135559
 156884
 344792
 121971
 234075
 492816
 593
 471362
 2047
 478390
 209116
 139242
 321102
 111861
 450490
 471795
 156348
 237793
 474380
 279655
 371037
 356753
 134223
 150305
 252716
 359459
 185385
 259978
 147416
 25473
 439444
 139136
 227947
 326438
 110429
 165721
 491580
 472899
 312428
 485194
 410181
 54024
 174826
 105985
 157779
 302257
 315603
 380106
 449953
 125427
 337525
 173267
 326480
 406746
 296489
 2754
 131858
 384338
 76426
 311475
 35483
 346245
 441518
 395115
 40138
 62322
 31841
 442402
 439708
 265121
 466813
 42652
 347440
 0
 163558
 152940
 88242
 301203
 349952
 495953
 467470
 116084
 259189
 405048
 68465
 223360
 326069
 160863
 44428
 367730
 405737
 8059
 248863
 285966
 167680
 296133
 321417
 220968
 483516
 141566
 140283
 384210
 87446
 371010
 393203
 262699
 368843
 371431
 420415
 175405
 681
 388566
 342026
 433862
 400293
 433870
 306122
 1746
 353218
 101145
 428799
 265853
 422523
 59421
 453255
 61406
 177898
 123835
 394930
 221937
 431887
 425393
 2706
 235042
 208245
 345849
 485543
 247568
 176724
 61094
 36779
 81884
 461312
 290270
 170018
 334284
 74301
 89392
 346409
 367435
 9042
 197508
 201809
 417660
 283868
 496976
 289365
 468493
 428323
 393847
 452837
 29723
 89969
 347296
 175060
 49618
 35740
 211494
 198195
 284597
 120703
 476072
 430691
 267545
 485801
 413613
 215064
 405869
 79676
 237757
 54509
 283498
 392104
 123595
 481422
 187571
 24221
 61561
 405725
 414749
 95078
 330588
 253303
 321780
 391555
 131297
 159508
 137065
 162696
 305754
 124645
 121558
 396983
 331550
 173649
 97194
 58213
 490527
 131919
 143571
 341896
 214805
 370060
 14421
 241735
 488914
 182222
 380897
 299217
 68796
 419728
 65896
 142132
 346732
 292349
 479628
 385744
 10773
 29407
 452982
 340958
 15076
 379618
 258964
 123221
 211800
 301433
 98388
 34934
 265285
 60227
 35544
 455601
 416908
 178208
 260158
 76559
 335094
 60479
 98436
 65970
 213380
 359752
 277986
 59523
 104817
 274343
 152271
 102618
 281988
 361749
 375830
 228130
 482606
 236712
 317087
 276978
 134417
 65771
 119193
 8443
 211640
 308256
 206755
 67571
 444048
 245780
 55818
 360327
 201634
 34185
 344805
 405664
 54445
 83909
 261194
 222573
 216651
 481607
 337310
 394626
 250956
 178008
 3282
 264448
 388423
 151522
 246981
 220054
 339387
 30060
 334451
 86750
 20038
 193304
 390826
 27695
 223346
 151363
 370131
 76007
 8248
 347826
 336498
 175395
 426488
 70247
 309789
 355598
 6618
 467883
 185761
 210373
 60404
 224081
 90816
 72358
 219075
 415255
 298938
 45164
 216521
 370091
 437879
 121364
 60720
 74295
 344505
 21492
 219847
 279844
 350889
 91356
 88128
 332763
 418675
 469642
 46638
 174843
 238243
 292768
 347110
 458306
 286666
 2705
 408826
 141893
 267203
 221450
 357007
 277105
 67525
 14780
 20821
 452906
 285410
 456146
 153061
 435101
 444803
 167085
 73758
 255304
 195511
 118365
 209545
 352892
 101911
 137528
 273674
 372971
 12124
 106557
 315229
 483352
 414642
 131259
 393361
 251953
 314445
 303041
 469705
 302959
 468972
 176529
 337562
 107837
 87371
 195161
 438644
 104845
 405999
 25142
 164690
 145195
 413323
 173410
 445434
 487364
 432850
 61505
 457129
 314953
 375757
 423755
 202738
 66887
 183563
 340764
 303851
 111675
 172527
 485574
 274924
 6187
 396801
 494588
 177938
 396630
 319515
 309399
 370937
 50759
 145431
 246056
 389468
 180451
 374020
 304108
 318047
 339522
 3492
 142276
 454535
 403464
 63046
 259623
 98183
 43904
 481699
 356592
 329405
 310935
 122046
 125035
 182582
 320255
 179402
 101917
 20242
 56092
 237113
 247276
 236363
 410221
 407571
 78249
 268131
 352713
 356637
 370838
 329044
 331312
 41034
 106494
 464960
 133681
 236735
 228994
 182751
 418436
 7650
 144506
 358157
 397700
 8981
 398759
 304175
 221594
 301095
 348907
 269628
 434052
 334366
 334812
 34002
 250083
 299822
 384572
 338991
 223586
 165757
 466659
 0
 93623
 329406
 41838
 167152
 291146
 234052
 70690
 330665
 255520
 173820
 259579
 192424
 224590
 48067
 264167
 496031
 205605
 475014
 316244
 376345
 178954
 27283
 64913
 57391
 198233
 15990
 165175
 326145
 240629
 137126
 304232
 287988
 463954
 110845
 485793
 461663
 75215
 344170
 82751
 431107
 330478
 139683
 259000
 425977
 415331
 93447
 295828
 487394
 167319
 110703
 158012
 402068
 93225
 39775
 321951
 72093
 137196
 22292
 2867
 398223
 53693
 312933
 102691
 478270
 221374
 299479
 396057
 22639
 174766
 391261
 348095
 95252
 395197
 451545
 294281
 492896
 373421
 334256
 174351
 274145
 251458
 329880
 393584
 207484
 385572
 259734
 145497
 87890
 163528
 29032
 27250
 239282
 15558
 118953
 207266
 435175
 176534
 181125
 9743
 415527
 171809
 163753
 433962
 326849
 38861
 128658
 21530
 389929
 478260
 384044
 20741
 224983
 84448
 460090
 310841
 47519
 186899
 114135
 339397
 343631
 220939
 473829
 203957
 312564
 289252
 8750
 396093
 447289
 24175
 472327
 159805
 110518
 492905
 269964
 243787
 80919
 214877
 407705
 307462
 455200
 272676
 481188
 132064
 15702
 215604
 470255
 319745
 415903
 82156
 56453
 328463
 260177
 130299
 371462
 321599
 180722
 450390
 367820
 187463
 258098
 44937
 167860
 442216
 81132
 41682
 261259
 178541
 228719
 339816
 302593
 263157
 456744
 101091
 313236
 489549
 252848
 421572
 274117
 423856
 325207
 230286
 420844
 148730
 386460
 424024
 339947
 42180
 442874
 263301
 84060
 359004
 480013
 118500
 223455
 439791
 216017
 271443
 343654
 85365
 34487
 281847
 266383
 317830
 2993
 317911
 475842
 52120
 29535
 279672
 171674
 395565
 484663
 202019
 287671
 343419
 60263
 167612
 232565
 357622
 231810
 141032
 309267
 288906
 438947
 183745
 426746
 254968
 197494
 111754
 109667
 496434
 313263
 372298
 128794
 141497
 265117
 16791
 231173
 242933
 372365
 122914
 75897
 179717
 451824
 67811
 256140
 414344
 170999
 277749
 366102
 197011
 122627
 82811
 308916
 336165
 461860
 153434
 238670
 336089
 116712
 478296
 478554
 359005
 40401
 163999
 103493
 439682
 232594
 82062
 111339
 180515
 180476
 387423
 394860
 340565
 309244
 196800
 485919
 231579
 166728
 385920
 50055
 136651
 261898
 389414
 401302
 468463
 302541
 466340
 235849
 469565
 74867
 133050
 28288
 162593
 298196
 111500
 340243
 198563
 471193
 197068
 318063
 446132
 10877
 484202
 320300
 453366
 20906
 227012
 480995
 211594
 485779
 124067
 14554
 160347
 475737
 243220
 44292
 453791
 488069
 294330
 46174
 217780
 198380
 21784
 215089
 8275
 491362
 383458
 272939
 186255
 356592
 226639
 284530
 315908
 290588
 457295
 87234
 297441
 127610
 145188
 221927
 139610
 27076
 324491
 98426
 343778
 429205
 222287
 192182
 320032
 482564
 138378
 299404
 100845
 125472
 402601
 496474
 339734
 417933
 139984
 39292
 263888
 197423
 490509
 383432
 44896
 458221
 36405
 400846
 39525
 112242
 137474
 414522
 279632
 196508
 19756
 217040
 164824
 98588
 87113
 181531
 475675
 131697
 32394
 38650
 128830
 131040
 181282
 106761
 151711
 59310
 6071
 84490
 284331
 470953
 387625
 106092
 399284
 251000
 457078
 433742
 458378
 61728
 243257
 197595
 456998
 171139
 165750
 318686
 213797
 154823
 128883
 420022
 101015
 264705
 241012
 85845
 390458
 367296
 126937
 158906
 389142
 288594
 364047
 20654
 454041
 411058
 329031
 432876
 311618
 288689
 214540
 96544
 377506
 268421
 103181
 368306
 142412
 444727
 329600
 361469
 138129
 3105
 145183
 129311
 301650
 226350
 458494
 211811
 388542
 397185
 369536
 422528
 140171
 42128
 99390
 353302
 221864
 412040
 136341
 425076
 289469
 461575
 451086
 21448
 356236
 220690
 453561
 312978
 110539
 333375
 123819
 440229
 207779
 493346
 100946
 156862
 268359
 119847
 214820
 264018
 159492
 455592
 397301
 160269
 245723
 497137
 52136
 2136
 353681
 336890
 251373
 302905
 9868
 262560
 355082
 73587
 104119
 203029
 419799
 408730
 104914
 441857
 493162
 110764
 434632
 249197
 211519
 127125
 335416
 73659
 36065
 220287
 387088
 67065
 436266
 279691
 486913
 93633
 499672
 230849
 454894
 205392
 389403
 228840
 215477
 495840
 406293
 390774
 138930
 412800
 58823
 378045
 306163
 273012
 63631
 87884
 279316
 309194
 209273
 86566
 145662
 459861
 452272
 66111
 296061
 122291
 461059
 225462
 230978
 260422
 157781
 26406
 36828
 372577
 238051
 7474
 488354
 483437
 91119
 421897
 349206
 193830
 472508
 201150
 270823
 189385
 112731
 1325
 357290
 15396
 347215
 157187
 363715
 86060
 192307
 77047
 442337
 396821
 445607
 381821
 181883
 47517
 186710
 63721
 435240
 278587
 456383
 242966
 38221
 59745
 405852
 408773
 462522
 298228
 291565
 243207
 318432
 350085
 152979
 357864
 432469
 410360
 108516
 358763
 183554
 34506
 141538
 118635
 211171
 224220
 301188
 296629
 432517
 483708
 186143
 215664
 18470
 444534
 276707
 46251
 302902
 215869
 28532
 71912
 347785
 491795
 327656
 448248
 497343
 188482
 417251
 238936
 309734
 285245
 54216
 168291
 416195
 303669
 29763
 427425
 99296
 337188
 261385
 408550
 158451
 193806
 464486
 32822
 315201
 440298
 463392
 44595
 152317
 331356
 87401
 210158
 428272
 174738
 481572
 395741
 456732
 153767
 397079
 121163
 209748
 35705
 403121
 174540
 5582
 259459
 294104
 215699
 254497
 170431
 87782
 393949
 63063
 86632
 10640
 468023
 461780
 206676
 157825
 246515
 11685
 53549
 436250
 354665
 222544
 363636
 112220
 316434
 483508
 184807
 892
 229111
 439420
 51988
 419680
 209147
 270908
 248274
 292508
 214823
 386548
 170674
 60578
 491711
 237404
 114487
 427303
 440853
 191931
 338912
 335867
 447947
 110032
 32035
 436777
 205892
 479262
 120946
 368421
 130305
 76400
 202573
 236439
 34345
 481404
 49102
 368008
 332820
 106262
 34344
 485624
 266578
 449833
 437537
 251928
 15901
 156028
 358271
 63940
 357142
 499234
 119934
 108005
 53324
 392056
 194843
 171235
 386014
 324946
 74925
 38890
 380740
 35013
 87479
 60523
 274703
 89986
 285644
 181571
 64650
 10876
 47590
 138081
 458287
 309877
 211965
 443683
 138143
 390507
 425196
 301901
 465321
 257572
 450693
 39297
 126420
 116559
 197775
 197577
 266345
 357566
 341036
 250017
 301444
 154138
 420437
 331329
 348017
 426174
 353889
 234994
 337884
 57692
 269691
 340168
 184488
 244068
 163953
 377569
 133862
 214015
 430680
 260361
 184504
 120850
 125129
 363203
 340776
 86994
 43343
 430638
 122294
 285151
 414356
 140661
 469466
 296738
 297416
 180520
 410457
 446078
 4542
 467358
 199594
 203510
 99223
 332083
 447248
 179908
 157354
 323546
 262542
 338044
 277703
 398410
 39226
 318944
 128923
 419092
 121973
 279767
 370807
 100601
 408356
 121111
 151788
 169932
 246517
 301205
 81076
 210081
 371535
 385663
 243593
 335137
 167487
 322832
 436108
 71984
 260854
 123484
 241741
 154531
 490775
 233752
 188599
 252391
 452210
 96730
 156028
 305475
 33671
 192414
 56376
 445313
 100618
 210194
 329332
 198853
 263662
 404759
 270933
 415009
 176205
 369297
 148908
 458931
 479894
 62205
 417338
 364050
 497503
 474880
 331210
 460502
 353114
 402086
 462352
 373310
 55651
 45132
 289577
 165682
 280311
 236273
 493863
 127442
 497241
 165752
 304878
 222535
 260414
 319270
 188932
 300745
 49220
 209522
 381426
 302970
 176005
 496899
 22856
 345430
 309116
 312420
 480519
 495650
 398688
 36412
 483582
 169669
 379101
 59884
 490728
 348359
 172318
 11575
 328160
 415860
 408807
 230055
 182259
 300450
 41567
 492764
 25857
 400260
 269516
 11396
 181049
 354805
 251958
 84011
 40012
 233683
 459355
 91962
 451466
 293365
 267389
 127167
 499715
 499451
 179375
 405303
 268417
 384484
 145561
 368480
 289289
 282586
 7835
 271470
 166666
 128522
 413346
 423098
 259564
 100669
 228262
 195759
 480449
 223767
 94763
 61390
 201826
 238645
 260370
 421052
 199780
 206539
 106974
 284103
 181749
 214662
 325599
 489172
 414237
 257323
 128918
 392947
 450058
 62312
 337209
 398756
 61761
 17026
 36419
 233206
 430207
 149431
 323116
 424831
 402675
 180045
 434670
 101029
 129607
 168160
 345269
 70262
 122197
 324785
 434231
 307017
 141871
 419003
 104228
 86243
 341564
 246853
 190297
 364731
 385167
 493227
 136375
 49455
 291201
 192758
 86628
 85521
 98846
 379787
 409020
 254074
 349921
 472227
 176353
 36021
 225157
 386052
 446289
 137484
 130164
 462475
 483388
 97560
 191190
 330823
 15408
 56325
 71300
 104599
 489071
 89970
 19655
 199493
 307935
 140906
 273645
 275112
 281084
 196948
 125494
 111092
 65471
 420017
 71167
 185214
 404315
 481374
 245169
 462816
 60663
 157189
 473776
 62298
 39279
 478723
 308200
 428762
 196573
 422
 375811
 461128
 26814
 93140
 164997
 367163
 398729
 497918
 438814
 200037
 388027
 353695
 261791
 25939
 467161
 366412
 150475
 119358
 133517
 127295
 219884
 440598
 379601
 332395
 399999
 122341
 485496
 252136
 417790
 170954
 286177
 354336
 189287
 392734
 186967
 362525
 289869
 380850
 243929
 81280
 469597
 459340
 64406
 234814
 461392
 89774
 471628
 176232
 269443
 327326
 326711
 42855
 62599
 249337
 218553
 472253
 354626
 193246
 478021
 158074
 120512
 178638
 84791
 282523
 30481
 174757
 471602
 153140
 303642
 254575
 374979
 324239
 290813
 62694
 398483
 274116
 299725
 247213
 231468
 193870
 122607
 492888
 328205
 247491
 141990
 135043
 339561
 119270
 392637
 240503
 240134
 264125
 26593
 144225
 97899
 447595
 136961
 444565
 36618
 122369
 209311
 78271
 108919
 155219
 468348
 133955
 290138
 481862
 196795
 42335
 284407
 298110
 280487
 116424
 187022
 257479
 136498
 72453
 384555
 392312
 428015
 71646
 103370
 317669
 225151
 301756
 485623
 393870
 42986
 450262
 