372469
 155172
 19277
 9719
 218782
 206051
 154599
 224651
 357782
 394453
 208686
 381868
 41030
 139179
 397959
 382911
 87445
 405777
 426199
 137625
 174356
 371022
 202686
 60056
 473907
 83408
 306128
 65217
 329453
 303493
 117473
 380794
 214596
 309608
 371234
 390104
 485932
 204558
 71915
 98194
 353839
 346688
 415491
 242610
 146216
 310991
 316931
 415698
 448695
 397121
 361045
 49120
 73582
 24917
 386111
 21196
 96638
 317160
 155095
 259502
 388692
 131341
 203601
 464874
 59362
 478642
 444363
 407158
 332858
 98945
 20029
 481446
 417127
 489335
 191060
 475670
 134071
 391727
 352585
 0
 122227
 320103
 50702
 122877
 291448
 257464
 59897
 311923
 71353
 422643
 242822
 379949
 448419
 181848
 125766
 47900
 1547
 295910
 277573
 233560
 69027
 338870
 132743
 85365
 68256
 329210
 339032
 486392
 52551
 300209
 479203
 303650
 252017
 46099
 424914
 237276
 447787
 213696
 29733
 124791
 235696
 363503
 216845
 299667
 498131
 493999
 27299
 88155
 33772
 401820
 190809
 363701
 248793
 98723
 393330
 255565
 257495
 397680
 121659
 181222
 136495
 178077
 380437
 51517
 210691
 414574
 146752
 142017
 451091
 143558
 452536
 237641
 263478
 253186
 458047
 378762
 319218
 146153
 76692
 142418
 124347
 48388
 153426
 494229
 447061
 65142
 249018
 371529
 197298
 255884
 314770
 43360
 17294
 263843
 23997
 194260
 325773
 499153
 99653
 335558
 50359
 149280
 75725
 207715
 424719
 422852
 439184
 5791
 405788
 493897
 422964
 399995
 342560
 331154
 212354
 138040
 334410
 141995
 237810
 7615
 374384
 158653
 24381
 141185
 221040
 319905
 465242
 161831
 480998
 88522
 162208
 84678
 12001
 410523
 428293
 53800
 193772
 374509
 247721
 55481
 493939
 136178
 90246
 272313
 209325
 323327
 376122
 69716
 31367
 352590
 457455
 130068
 265432
 140668
 61254
 98867
 64651
 330324
 260386
 276773
 344757
 213531
 127849
 339811
 281895
 160187
 158185
 111396
 61848
 218620
 139920
 407215
 412355
 205882
 6231
 160521
 448321
 146265
 166577
 358740
 130508
 234483
 240752
 244255
 91381
 342202
 75912
 110806
 450975
 375196
 251849
 460251
 458382
 475452
 61748
 156206
 375086
 122641
 167848
 216924
 486917
 368635
 300303
 456923
 322493
 25736
 293304
 303720
 486576
 484903
 347549
 355083
 96782
 2272
 203746
 399005
 295776
 369079
 406323
 90094
 252705
 31954
 25806
 78551
 480924
 370443
 304180
 198447
 59829
 230662
 393552
 175059
 106666
 247401
 432808
 410724
 384872
 127765
 24631
 363079
 414581
 181361
 52631
 89072
 146183
 281434
 416797
 325279
 52884
 157726
 429797
 137725
 225087
 193931
 473669
 340963
 389948
 442929
 274811
 215053
 241024
 325502
 464046
 188470
 219139
 92183
 316605
 367561
 158805
 178968
 408105
 266985
 82417
 405769
 47908
 102527
 391811
 46523
 149621
 402345
 299724
 468279
 489494
 308952
 498790
 235632
 151062
 293495
 17782
 262403
 384615
 416274
 345250
 125000
 1669
 252353
 58335
 133212
 469125
 127082
 184187
 324011
 159152
 153507
 308923
 46473
 341379
 234183
 52389
 437150
 331456
 52572
 234705
 99698
 341413
 35641
 470167
 57517
 394259
 85949
 144808
 26206
 269648
 266144
 436259
 379622
 167081
 168719
 64986
 315273
 405088
 225538
 73205
 490631
 414572
 131483
 327375
 270272
 451569
 136374
 413033
 366603
 204619
 420098
 397738
 131817
 104272
 2212
 152725
 48455
 430695
 406842
 45901
 336516
 163985
 228484
 388034
 319553
 355196
 416018
 377514
 230429
 482667
 458310
 316118
 307597
 2866
 261239
 117647
 406633
 255185
 159139
 445611
 131002
 148199
 187008
 334616
 468839
 332064
 302305
 482527
 368660
 208049
 383751
 289408
 198284
 193455
 378947
 306807
 44211
 87585
 131324
 430499
 253991
 480455
 379543
 146032
 349332
 305318
 489332
 133607
 345714
 284392
 416387
 384292
 245125
 75708
 460457
 251260
 203896
 208498
 48781
 212355
 320551
 308190
 251398
 83296
 166482
 110234
 49180
 86962
 479645
 491745
 299348
 51524
 112183
 373247
 238318
 242946
 187500
 365198
 476144
 462590
 10440
 165089
 186977
 382908
 135093
 118517
 86809
 369230
 264919
 298655
 66618
 352230
 376674
 183259
 348932
 52522
 286259
 424345
 241589
 15493
 117172
 203227
 450069
 107537
 282608
 75992
 390396
 401143
 225497
 39664
 125385
 471721
 303816
 135178
 202442
 81644
 123066
 27024
 371258
 30822
 182037
 95619
 169280
 369717
 33025
 136573
 422222
 288726
 254639
 457720
 425490
 446952
 67110
 334140
 388659
 363714
 441179
 31408
 31108
 48116
 214744
 353335
 81319
 252370
 193807
 314879
 239696
 284991
 290815
 168179
 92307
 399039
 309537
 110302
 487746
 336002
 153809
 301229
 321649
 472478
 221308
 71224
 140993
 382497
 80072
 39999
 58047
 257575
 238417
 177489
 97000
 344628
 285143
 305272
 322072
 86206
 147076
 415775
 377163
 307644
 215809
 30622
 498276
 384615
 173638
 43260
 324125
 124482
 339955
 481875
 137724
 360003
 278890
 199436
 86532
 322669
 277264
 95399
 253550
 391236
 274205
 164819
 408118
 114250
 403649
 253470
 354449
 27534
 179653
 140381
 205636
 328327
 99262
 313608
 92712
 99544
 420113
 474699
 401599
 424564
 472255
 305418
 197289
 99101
 338334
 177451
 358395
 457629
 488779
 405566
 123793
 442918
 349288
 263519
 137168
 17798
 354003
 418761
 291152
 417365
 385597
 13084
 173848
 494117
 455491
 475533
 263053
 54545
 139564
 64022
 221139
 353525
 76647
 229951
 353440
 198073
 37300
 95656
 415662
 56673
 67895
 298997
 457404
 273838
 8460
 32342
 289372
 253185
 451832
 11242
 385075
 139053
 92826
 207652
 377503
 310098
 137839
 285179
 141416
 101571
 496445
 330985
 109632
 92925
 205510
 228443
 497819
 330392
 406326
 115072
 236214
 401251
 63443
 74148
 9213
 251475
 242242
 113612
 472912
 189511
 458453
 330188
 56302
 118132
 188774
 369
 387214
 470877
 55352
 153185
 494851
 201429
 487276
 396761
 7929
 118326
 172468
 53114
 89337
 302298
 329900
 406247
 32102
 476775
 388662
 388888
 399686
 410981
 492212
 120826
 69965
 217188
 129547
 353621
 98036
 194863
 26067
 109524
 52123
 23434
 93821
 345064
 441239
 272129
 422074
 49735
 483165
 139210
 426129
 53939
 378953
 88329
 447672
 243134
 419227
 174884
 372556
 456466
 267605
 40253
 436881
 129759
 499248
 380004
 319438
 147553
 444228
 457864
 333333
 310429
 71428
 26573
 399709
 208466
 354744
 388586
 122435
 289210
 151127
 60946
 29099
 36485
 64204
 420730
 473611
 248373
 411247
 222453
 18620
 444444
 74582
 100517
 474578
 28208
 203829
 267326
 222306
 20182
 277387
 294985
 451577
 469343
 153529
 166824
 420882
 430839
 314765
 236240
 365277
 59590
 414642
 132923
 67774
 4499
 139466
 252859
 444304
 1565
 275203
 71343
 37477
 36191
 125345
 247191
 263989
 11986
 135515
 452703
 115631
 485194
 414714
 312089
 180716
 473591
 477127
 462985
 334359
 476584
 28712
 234919
 151828
 222309
 149972
 342857
 337306
 386617
 414176
 454832
 65043
 265494
 341230
 223930
 49338
 455582
 18343
 158894
 236714
 497921
 466969
 52755
 261016
 489989
 122724
 41610
 131898
 394534
 473331
 452740
 145306
 302336
 83929
 477238
 128411
 126336
 339982
 115508
 141866
 158697
 439706
 29708
 106909
 17121
 332887
 238457
 467055
 105099
 18322
 150144
 86109
 190918
 274435
 335251
 473751
 42189
 238767
 442044
 308640
 183160
 303972
 317478
 406025
 361730
 337879
 78499
 289135
 258753
 321483
 65709
 413191
 453537
 48492
 177021
 239194
 496915
 47785
 253717
 302778
 106955
 463647
 197666
 480533
 150504
 375073
 440000
 410256
 368249
 42980
 340042
 99470
 464631
 375950
 64486
 390094
 9391
 290043
 138751
 169979
 268801
 336519
 92041
 359595
 237851
 100476
 189620
 174609
 59649
 190024
 393299
 469818
 342970
 442737
 259492
 287128
 237471
 337073
 456215
 461926
 166770
 442132
 387151
 312661
 273266
 295618
 458280
 111557
 403344
 481854
 415256
 372257
 458878
 235146
 409131
 281587
 106151
 85377
 482350
 254413
 204798
 422862
 435569
 387786
 168049
 137259
 81368
 146079
 252580
 255921
 171634
 70436
 407979
 458468
 33934
 342323
 52923
 387679
 485074
 77320
 85590
 425410
 361174
 271799
 252500
 381324
 75757
 315056
 72164
 486671
 78842
 382216
 194362
 450804
 99620
 10307
 42011
 310485
 72649
 367575
 289318
 446748
 34037
 249276
 258195
 442926
 140154
 312933
 324154
 405077
 467277
 7929
 218766
 341671
 316226
 471302
 138419
 207380
 260822
 487729
 208399
 204680
 428160
 454480
 92263
 385034
 160655
 420278
 101762
 431983
 53173
 459917
 306912
 17701
 174130
 341940
 316193
 52601
 24590
 195030
 387725
 424308
 426766
 310891
 342593
 361574
 331244
 91578
 439825
 347303
 487118
 365191
 417439
 68088
 126385
 72543
 335240
 94684
 280341
 497198
 7481
 217909
 79754
 496380
 415939
 174328
 411255
 112581
 389069
 155595
 11656
 483705
 198709
 125721
 316365
 470688
 309448
 245687
 19603
 259259
 239555
 285295
 387568
 139893
 181655
 415492
 357315
 424688
 312115
 3902
 232314
 299216
 39390
 219861
 92475
 57744
 380382
 107102
 275730
 336673
 153545
 34982
 3484
 175810
 54979
 204107
 289071
 111303
 406445
 342794
 241266
 125961
 235990
 217827
 300697
 192342
 171111
 387133
 80999
 203506
 58208
 78448
 471117
 42467
 384067
 129145
 486418
 380281
 305547
 162824
 346629
 475715
 413894
 151912
 290163
 29737
 356253
 79988
 190963
 323532
 371275
 124132
 458086
 180711
 273751
 334889
 162116
 337325
 166038
 354810
 413666
 225681
 400419
 462821
 79884
 344687
 407703
 434240
 170048
 86669
 186709
 210719
 313375
 444915
 423643
 37294
 280373
 296008
 407385
 223299
 476935
 209828
 374221
 476723
 91425
 2448
 396979
 295714
 194763
 98021
 132256
 211115
 164162
 306762
 63615
 162001
 430914
 175821
 450412
 314700
 17336
 17833
 182172
 256498
 443433
 69364
 240583
 262589
 410132
 371444
 333356
 311482
 492596
 281429
 199762
 274647
 178769
 254013
 433470
 61424
 225047
 337722
 420089
 33849
 110136
 484317
 497031
 327353
 260381
 468409
 330969
 209378
 122138
 83841
 462675
 392548
 400235
 43209
 161976
 98889
 243348
 117868
 213699
 77709
 455240
 298144
 395347
 211789
 154815
 228244
 329731
 128317
 314715
 209800
 65838
 340338
 28987
 269976
 222777
 419784
 32178
 78191
 275309
 22452
 480736
 308076
 111034
 411320
 137785
 351218
 489420
 343204
 112420
 140407
 226059
 314765
 52202
 426966
 136355
 405641
 345118
 37740
 328837
 223163
 386211
 1007
 423777
 155611
 271921
 471698
 466743
 251666
 426073
 52854
 316971
 376788
 470481
 17657
 238748
 209395
 130726
 141221
 451486
 72355
 425637
 261
 103833
 112752
 299895
 172945
 374027
 231779
 450678
 143251
 462559
 3839
 392459
 15429
 327209
 89505
 265081
 177150
 21052
 182270
 311106
 437606
 7430
 171385
 97902
 214313
 296110
 302930
 138495
 489413
 448729
 23826
 332002
 448356
 455476
 415236
 439076
 419018
 17866
 358003
 179715
 297246
 491140
 249406
 409725
 54061
 454859
 56422
 268053
 322853
 185057
 495716
 178951
 101008
 402169
 463817
 263401
 289978
 118003
 373272
 403665
 374942
 128989
 42983
 79982
 144646
 13729
 102990
 191277
 118682
 450586
 449734
 351185
 383754
 209045
 464262
 433586
 147503
 278196
 397661
 403629
 347857
 233013
 136887
 291925
 373871
 25436
 83339
 456935
 276753
 209901
 69802
 467173
 329476
 220237
 115974
 210273
 482618
 450175
 85029
 480674
 399552
 393551
 322577
 101381
 192597
 467373
 83584
 201453
 241619
 352301
 222222
 9738
 119601
 113335
 486786
 167418
 213305
 184029
 396567
 10326
 330963
 431361
 382417
 34418
 189316
 481015
 252183
 354975
 441499
 249942
 476008
 335943
 307928
 234460
 472230
 292843
 232537
 396183
 175556
 79740
 375898
 397435
 19223
 28733
 97896
 404999
 262534
 285953
 309965
 163390
 461991
 300000
 341023
 352717
 272450
 203571
 56053
 3278
 411806
 39181
 33994
 364312
 19753
 438096
 211693
 416263
 319526
 272795
 10139
 453060
 15332
 347372
 498546
 237751
 422773
 97791
 387963
 493092
 230312
 436129
 441361
 419480
 255378
 372142
 161464
 4073
 375348
 158895
 198421
 354670
 323135
 230142
 266852
 249483
 35502
 253138
 315730
 367336
 441398
 237897
 455267
 56342
 429199
 126916
 176180
 293015
 454887
 298238
 300551
 420424
 330250
 469679
 331603
 499123
 234855
 137174
 151107
 39806
 381491
 293754
 124849
 489378
 284724
 353846
 31835
 434099
 210675
 442801
 21092
 257377
 367768
 264806
 393165
 333049
 148441
 415170
 360692
 340791
 184543
 485474
 182309
 61834
 443812
 431003
 367645
 268978
 208162
 362974
 123314
 430013
 66996
 123623
 187739
 370646
 313260
 290968
 116196
 441963
 124037
 455410
 18518
 260504
 405346
 327295
 425248
 245353
 195963
 134868
 378403
 411614
 381054
 65970
 435922
 486151
 12987
 311632
 461661
 297900
 8835
 48003
 177623
 125077
 398084
 131034
 291492
 236761
 318379
 459809
 405296
 111609
 364729
 127570
 365602
 417358
 59912
 497789
 331181
 280394
 197809
 134440
 400251
 156646
 398121
 404935
 258130
 34297
 38663
 358796
 89228
 34380
 469475
 236814
 406253
 124883
 196117
 53877
 287425
 376597
 4903
 51211
 418281
 266007
 445655
 185179
 422310
 421759
 272413
 235294
 180216
 200242
 425111
 425707
 318968
 53139
 115873
 412634
 51724
 494633
 378531
 234386
 202835
 96343
 218332
 99644
 434675
 225695
 12117
 20085
 409803
 128197
 97296
 71971
 148896
 455905
 130259
 418675
 165634
 2483
 443266
 170886
 175254
 87689
 126229
 355634
 37306
 48025
 163989
 142541
 265183
 258041
 472768
 200331
 136400
 132947
 216249
 444044
 90078
 398558
 431155
 227136
 53694
 82090
 411843
 297444
 326281
 428737
 281366
 327573
 65018
 186971
 126126
 264211
 356701
 127272
 431596
 367745
 375896
 198284
 283737
 50205
 179487
 471498
 361000
 35947
 413741
 359813
 493886
 461654
 271950
 427985
 338355
 327320
 316862
 397107
 455005
 378100
 341148
 352095
 21739
 419444
 155657
 141611
 238422
 157113
 86113
 318484
 166870
 392448
 140734
 455229
 238750
 46206
 396279
 306554
 379205
 393223
 284733
 291659
 258280
 354327
 71038
 74014
 287281
 194338
 154962
 205788
 153927
 387629
 1108
 295196
 455716
 286731
 118789
 31839
 240267
 251742
 62974
 49069
 39852
 2457
 255878
 123628
 136363
 137030
 141170
 399824
 143779
 276320
 113471
 190799
 92762
 282448
 368173
 499164
 173987
 237824
 230556
 371501
 441668
 12657
 375858
 367338
 13837
 490027
 453862
 279043
 166443
 134427
 181954
 230506
 25316
 484796
 110591
 252182
 468421
 125883
 168698
 95589
 25157
 85382
 60432
 75073
 428713
 267099
 200900
 242021
 499532
 465518
 354139
 127288
 254436
 59808
 294534
 163506
 472448
 304170
 242417
 408042
 316761
 64299
 201024
 235377
 158126
 365325
 331892
 476091
 95367
 106023
 44245
 50509
 494405
 183437
 446837
 196550
 118833
 296359
 250163
 166845
 139006
 193993
 385777
 445311
 261030
 28429
 493580
 490832
 1636
 177677
 283274
 449194
 302231
 148148
 407860
 413325
 81531
 493811
 489476
 207407
 92078
 158426
 177223
 276767
 156658
 275218
 157917
 280501
 69036
 204120
 131508
 47217
 273277
 103546
 179861
 103228
 165382
 298992
 297475
 296589
 195510
 102169
 94406
 5051
 46603
 416245
 253760
 233840
 151218
 302160
 465529
 269850
 26855
 55699
 131416
 212001
 139471
 374265
 411320
 499136
 272649
 42812
 132422
 355936
 433480
 328497
 177012
 194631
 279299
 64585
 493995
 115564
 245
 498430
 89654
 468591
 311207
 130683
 99999
 22703
 283547
 356686
 93919
 419637
 115066
 32893
 331771
 426952
 196596
 444359
 353074
 58727
 77605
 385642
 391452
 353783
 83473
 443084
 295624
 95501
 480454
 195739
 404510
 110559
 394720
 259576
 221374
 276465
 129996
 278048
 102386
 267790
 120913
 189952
 364652
 487364
 31914
 108893
 260621
 263231
 150504
 399293
 266796
 229024
 56447
 425054
 496688
 288317
 301008
 373858
 237629
 439416
 10791
 293010
 153203
 76289
 322833
 441249
 285210
 279175
 220483
 411555
 20556
 202115
 245301
 160493
 386810
 396865
 160791
 386890
 225750
 368904
 172604
 443003
 296369
 58183
 462664
 360347
 167871
 17506
 139025
 92980
 59640
 42608
 39218
 327284
 40466
 308699
 356915
 129964
 25134
 389939
 90751
 191850
 426873
 478586
 324499
 273610
 87939
 323567
 69796
 170171
 71220
 448140
 253900
 75949
 87366
 22373
 328174
 320004
 351018
 275154
 362847
 225165
 423318
 122596
 305989
 70923
 367047
 229022
 378234
 305975
 242408
 380986
 261328
 364461
 112096
 290674
 398746
 177383
 385875
 288683
 39636
 378484
 250577
 301159
 41722
 385912
 52649
 261159
 24415
 210776
 148300
 352052
 461559
 221019
 303842
 299457
 56902
 236887
 254445
 237465
 392033
 271497
 130080
 462646
 221664
 28070
 164349
 96342
 315518
 207142
 43157
 4983
 491150
 267563
 482948
 473115
 383657
 135407
 417593
 243953
 396482
 180214
 356259
 336474
 383848
 409380
 181665
 47997
 114350
 190157
 55608
 325152
 247232
 77947
 118652
 173204
 45353
 239463
 442483
 390056
 55497
 2568
 115120
 278283
 220704
 33744
 147442
 333920
 344720
 130421
 103040
 429431
 196015
 218483
 386135
 13313
 53224
 445238
 165882
 98411
 62892
 429586
 408684
 397098
 233896
 428571
 479231
 427893
 234317
 307480
 215017
 98239
 443441
 27198
 38987
 394104
 297264
 384004
 276595
 453641
 163129
 409839
 246108
 124509
 212953
 260921
 409257
 283808
 270540
 272105
 85814
 312590
 217231
 146782
 473895
 394905
 133236
 347925
 125772
 187394
 472883
 43487
 159303
 150290
 167328
 15912
 440470
 314054
 335634
 381894
 484155
 400159
 139106
 37822
 259937
 363036
 107789
 458955
 394557
 51917
 386285
 362
 463904
 180505
 102452
 111444
 133985
 262912
 8291
 192998
 496277
 431563
 257222
 58469
 277167
 111544
 407212
 49893
 192520
 220414
 315893
 365657
 19822
 270207
 110253
 133954
 111834
 401832
 297447
 309896
 144873
 280766
 463270
 362962
 12612
 304347
 173938
 184612
 13345
 32467
 67335
 224096
 197930
 93968
 468616
 485907
 2681
 370108
 402353
 93217
 96873
 446485
 131280
 166318
 469860
 230096
 23939
 201649
 469681
 209561
 428353
 103945
 366847
 137754
 305427
 97777
 466895
 201051
 400783
 82631
 192041
 84107
 289342
 146609
 475771
 3030
 285638
 414809
 40654
 121728
 88987
 302788
 330340
 59371
 73266
 80584
 364112
 420130
 182630
 394707
 294831
 482629
 466913
 162880
 46228
 326345
 456248
 254593
 130243
 77272
 89075
 238902
 79136
 42113
 483665
 223425
 243223
 298868
 36212
 160015
 102980
 431351
 336586
 106979
 207131
 405678
 199823
 191753
 459123
 141909
 330091
 113037
 331819
 192727
 457387
 451362
 155616
 480582
 145105
 302031
 488148
 479868
 216241
 377785
 401338
 398944
 237833
 55704
 141503
 246678
 440921
 433179
 375143
 421804
 193018
 306149
 370850
 115059
 295354
 223353
 55953
 184419
 20811
 285401
 450135
 303736
 248995
 270575
 111288
 72151
 352972
 415014
 42327
 86990
 166828
 395696
 348649
 205524
 223451
 34765
 49544
 257662
 272933
 273349
 308579
 93556
 423116
 217288
 348111
 162830
 34208
 115354
 97986
 111394
 445945
 15497
 259315
 148565
 196721
 51842
 413526
 493054
 242996
 149635
 185616
 119599
 200326
 391392
 4242
 198393
 83815
 399577
 236133
 240408
 246018
 194209
 296431
 285307
 167086
 146460
 56541
 213797
 65454
 387109
 468790
 91073
 173783
 386206
 367697
 312955
 438889
 35973
 195047
 460
 60249
 52503
 371947
 49353
 402726
 169003
 206420
 305421
 426076
 232109
 475027
 61838
 375355
 33802
 390834
 417758
 480962
 61717
 31355
 150836
 320637
 2073
 382585
 133207
 378952
 76923
 274578
 257142
 156168
 159090
 120313
 46975
 99557
 137145
 118800
 315783
 102502
 442148
 131160
 384768
 491642
 358114
 473342
 319932
 168421
 429094
 334777
 256395
 250141
 428571
 170273
 126351
 147190
 277236
 253234
 99180
 36838
 299050
 288821
 12356
 265776
 385535
 351984
 187651
 385066
 245975
 326147
 113862
 301715
 322963
 373785
 371580
 250416
 438235
 107749
 436236
 104123
 16906
 418319
 69661
 269155
 104066
 347926
 441543
 272994
 34568
 140775
 14002
 431352
 481655
 169961
 157687
 356276
 375724
 434374
 433910
 386348
 258997
 453889
 30894
 365817
 381035
 111660
 67795
 93058
 463106
 337851
 181687
 237081
 162542
 475022
 273579
 474860
 80014
 444444
 136653
 141462
 481250
 364456
 155300
 306066
 126842
 245739
 55467
 56329
 478508
 69046
 388797
 199655
 409857
 2549
 389344
 172377
 265154
 126414
 406933
 319153
 360164
 16220
 499612
 358299
 182305
 229870
 33737
 156933
 297931
 475779
 390625
 122810
 437910
 471627
 141579
 107392
 480613
 5680
 253586
 367812
 405075
 297955
 157510
 258121
 204665
 255956
 72759
 174325
 122281
 373963
 436324
 68238
 186017
 134033
 223648
 216525
 148722
 155241
 12413
 157295
 265638
 496965
 30047
 369503
 131919
 6638
 329248
 414709
 206661
 243876
 325925
 459923
 118777
 109730
 228485
 15335
 301647
 277572
 436227
 13367
 398681
 148019
 49450
 495022
 51724
 389780
 452821
 304709
 246559
 305853
 332777
 116357
 400254
 333123
 68249
 272892
 2938
 459166
 322559
 442145
 218129
 182828
 80661
 138394
 334134
 13622
 390206
 209693
 402612
 491516
 104636
 444820
 59973
 271887
 261516
 3102
 370204
 282495
 124438
 53071
 438015
 283285
 85205
 272510
 62078
 477030
 25277
 12798
 143151
 180428
 201655
 393923
 223404
 86956
 459460
 211931
 252549
 94714
 405891
 223324
 409912
 496187
 302752
 207804
 300019
 139709
 482079
 245442
 181415
 376010
 245986
 52633
 230657
 442874
 38116
 433953
 95529
 473282
 33333
 23491
 339612
 485767
 151482
 356481
 350627
 136039
 440420
 11603
 375471
 396419
 174576
 435388
 438483
 220919
 242598
 7682
 251216
 402508
 355855
 456933
 466927
 347014
 358490
 97087
 887
 57001
 20057
 472187
 195380
 363636
 465223
 113941
 9667
 296408
 74725
 314108
 448712
 341388
 58080
 138250
 290062
 11163
 206492
 271378
 238164
 341285
 40486
 299423
 300819
 471776
 379552
 220799
 472047
 146131
 3395
 210476
 72543
 391862
 398797
 37626
 367496
 134053
 408201
 342431
 67641
 288247
 3837
 269788
 330778
 442215
 208370
 252000
 352380
 130159
 193935
 306451
 397660
 216040
 432830
 341424
 58373
 79447
 201929
 148530
 495704
 119649
 399139
 455879
 497103
 126164
 395641
 71467
 362221
 129027
 449783
 12704
 329985
 49069
 18856
 20875
 130196
 242993
 369359
 52208
 291353
 443545
 467797
 366934
 44476
 377755
 31535
 86245
 51306
 289173
 298657
 281870
 17400
 450486
 205319
 164510
 307637
 329086
 327693
 50008
 255165
 420293
 373592
 238451
 137897
 243895
 45364
 316811
 357794
 444797
 405797
 66305
 298928
 398838
 269905
 200206
 376798
 105172
 139601
 160326
 179407
 182608
 368298
 419872
 469884
 212795
 309213
 346593
 400050
 91548
 160889
 320414
 151298
 437815
 73949
 490574
 166360
 98489
 304610
 245093
 370730
 29992
 430073
 187263
 201207
 40703
 48469
 386880
 116863
 45994
 489730
 16735
 145894
 241568
 451742
 313462
 438691
 318104
 437856
 458373
 256386
 93347
 4457
 4209
 297221
 465939
 460546
 429127
 96638
 181135
 28988
 242167
 403215
 211971
 316400
 430983
 365176
 250975
 195906
 289676
 256216
 240875
 146092
 400326
 313886
 238618
 429386
 432253
 257902
 254034
 253562
 466746
 118469
 195294
 76760
 455524
 66700
 259506
 189184
 493274
 240375
 374102
 490518
 259358
 443699
 143364
 56998
 60394
 235955
 177809
 228785
 31972
 306108
 352556
 447733
 197341
 142857
 162335
 333972
 181952
 289741
 451451
 92948
 204426
 432741
 191383
 96287
 197988
 337100
 166666
 327217
 274658
 369015
 26228
 270160
 349939
 243188
 360456
 410055
 164996
 114617
 390617
 257154
 488427
 373303
 165789
 138029
 10038
 421263
 174569
 429879
 186533
 19529
 181351
 274927
 498211
 242004
 165872
 124418
 316128
 199830
 147168
 110636
 72077
 385323
 335899
 246912
 337439
 128469
 252145
 436430
 81324
 376422
 296496
 360
 66643
 297524
 40393
 352941
 205059
 250647
 304558
 271964
 397188
 225477
 94594
 471386
 105527
 204563
 181285
 28462
 371473
 187259
 286735
 438234
 444793
 184643
 100708
 141417
 416015
 120347
 238762
 58632
 291629
 475699
 283409
 19165
 295544
 100858
 427406
 374068
 45332
 159388
 282460
 385290
 96469
 248340
 465966
 27059
 301634
 263362
 281001
 487062
 189260
 22250
 237726
 148872
 407981
 206697
 79095
 211489
 475715
 38511
 417721
 374768
 367627
 376608
 354960
 409718
 415354
 381649
 351916
 256142
 30723
 106286
 309456
 159726
 47439
 436379
 79877
 76321
 442737
 352601
 383707
 487465
 190476
 433065
 64871
 188146
 301346
 84314
 168976
 490024
 179502
 449385
 436517
 437224
 239362
 280201
 451401
 420824
 493510
 66298
 354824
 332321
 393316
 103268
 66426
 167190
 90486
 438351
 42114
 328805
 283571
 432802
 19103
 337727
 495424
 443865
 150128
 128329
 460185
 108859
 111487
 212526
 438790
 255711
 419435
 386877
 213487
 236546
 258631
 312652
 98556
 370175
 347681
 454726
 66564
 424425
 293166
 251740
 371994
 51612
 347095
 326437
 443852
 138691
 89001
 331758
 239490
 492387
 412101
 477865
 170518
 322454
 161904
 453217
 81982
 389387
 4479
 128368
 395420
 173800
 93601
 327902
 232701
 162745
 32628
 468741
 311367
 417142
 49592
 93196
 194860
 237655
 290413
 55765
 86065
 250406
 248484
 267048
 206455
 205455
 48461
 441014
 456754
 46924
 209905
 346638
 437108
 478544
 43546
 291168
 318913
 173440
 405347
 21207
 488530
 377211
 391406
 395518
 254457
 323943
 80958
 104972
 270034
 165012
 357894
 225119
 25943
 50691
 31756
 6289
 490947
 307600
 355160
 278937
 324852
 204941
 337189
 232835
 485443
 151660
 239662
 438615
 258482
 490296
 176987
 341834
 482642
 311423
 402186
 18953
 256566
 474930
 208241
 406933
 207343
 428856
 56767
 377561
 300117
 270246
 234584
 213641
 237286
 419539
 128001
 425242
 380978
 481828
 410558
 24013
 28469
 399878
 40801
 492210
 60643
 126800
 169049
 258809
 304962
 89197
 35819
 204552
 264746
 135366
 204501
 200138
 219417
 330370
 1488
 191966
 252615
 258904
 499511
 247938
 496220
 90940
 42275
 356825
 162711
 402829
 158960
 94446
 91047
 228915
 472280
 66255
 207347
 338840
 40065
 381451
 398180
 129842
 23285
 43868
 60298
 172043
 112559
 201345
 151079
 250554
 398988
 325139
 28736
 61092
 259753
 152550
 89860
 319552
 316094
 12687
 153173
 227733
 53329
 21246
 373777
 151715
 364858
 45339
 168100
 202160
 119820
 407477
 438938
 422898
 410069
 447569
 471310
 11420
 250000
 493189
 387032
 421011
 367274
 14981
 161517
 79359
 31966
 23130
 146332
 212648
 206609
 367790
 464391
 371146
 462705
 151967
 451081
 400791
 325174
 105354
 251078
 403461
 137862
 315932
 498715
 372036
 163641
 418133
 16003
 465189
 278076
 46440
 490418
 14098
 60891
 446643
 388409
 452605
 158364
 29220
 198109
 279521
 406915
 481657
 158810
 383009
 464003
 320062
 286466
 251448
 38746
 46762
 171243
 71898
 262865
 377144
 265426
 231638
 445849
 8418
 235390
 469818
 389608
 7065
 260361
 272518
 477976
 419313
 9329
 30417
 364927
 410563
 441764
 102129
 420614
 307282
 134782
 208904
 263450
 96932
 206394
 359439
 1418
 399455
 307752
 364595
 173391
 179832
 244833
 308410
 434887
 180177
 250409
 118500
 81541
 226645
 398177
 475567
 390163
 224902
 3991
 244889
 50870
 486963
 4437
 262778
 266836
 301962
 333333
 453219
 194848
 69919
 470798
 61969
 393765
 277625
 47408
 263043
 329701
 250572
 158205
 484267
 80459
 429074
 309264
 52445
 3132
 397172
 491972
 371584
 380028
 6358
 462269
 369350
 136997
 10669
 278408
 384897
 434660
 441671
 126830
 375530
 414226
 30764
 118676
 241800
 114622
 439414
 463934
 101468
 376836
 59244
 340706
 452303
 398907
 431094
 474207
 319385
 473163
 178046
 317270
 199928
 356462
 267754
 452231
 286640
 186381
 378997
 80621
 415076
 242217
 340839
 362996
 441841
 471404
 426738
 377428
 161593
 267289
 55585
 321315
 478379
 426070
 363291
 470605
 219446
 83890
 144865
 410200
 218631
 285728
 41691
 425352
 344787
 173363
 481090
 133190
 202113
 39448
 92471
 74412
 412219
 129230
 275232
 476342
 163784
 460889
 323997
 2631
 319178
 450574
 105051
 308330
 395272
 111800
 316257
 87077
 55271
 369810
 191931
 439276
 270475
 265894
 385132
 69629
 438194
 225732
 142637
 91687
 430527
 181642
 25238
 229674
 192961
 92698
 213058
 124104
 228070
 83365
 128353
 438288
 398735
 132545
 236259
 497590
 221223
 99667
 198859
 278888
 316195
 69122
 361029
 326924
 147113
 485319
 227111
 189124
 356149
 6658
 257556
 439481
 20893
 163131
 174914
 277482
 81532
 425721
 468402
 307008
 311586
 450234
 298674
 107727
 81845
 18218
 291170
 269397
 178340
 112910
 39481
 222828
 56683
 393830
 240350
 443375
 48941
 455183
 225128
 246827
 458975
 347253
 266383
 389219
 469205
 394745
 280306
 497701
 365925
 151856
 342518
 34066
 133891
 365198
 303026
 411630
 12017
 348911
 498330
 272789
 467554
 314814
 50954
 176214
 12920
 241578
 10496
 419769
 115357
 441877
 325268
 483643
 348437
 311347
 465854
 491917
 299131
 219788
 16915
 403686
 438547
 458505
 207135
 383749
 344738
 266828
 359047
 262913
 238784
 70659
 76900
 122291
 456713
 449214
 461538
 124604
 281942
 79999
 167534
 188457
 201918
 309419
 162051
 108247
 138399
 364351
 97765
 458638
 126931
 277777
 24158
 139412
 367783
 43305
 321824
 11429
 317982
 16129
 456367
 360016
 260387
 292443
 463054
 146012
 270767
 133068
 324380
 262274
 190722
 156963
 119729
 140308
 84734
 444444
 474603
 298837
 306127
 358402
 350987
 246646
 123955
 495211
 355065
 119387
 285848
 94604
 218020
 302219
 468737
 130412
 444921
 356103
 398009
 279151
 86443
 399651
 154715
 469786
 98961
 216124
 108211
 91759
 150225
 215791
 108778
 388606
 5322
 266006
 35741
 177727
 111352
 202648
 75998
 14358
 144466
 80052
 233977
 172719
 65402
 471562
 83665
 488949
 31920
 144274
 170956
 326902
 382413
 66412
 134450
 389230
 446435
 341217
 394835
 209851
 416133
 30817
 444758
 154454
 448920
 292154
 419170
 156509
 405566
 273222
 491014
 19558
 108540
 299841
 419268
 17766
 94517
 100539
 77541
 194402
 494679
 292792
 356198
 488304
 148659
 453922
 356298
 326901
 456077
 495602
 244332
 172363
 19948
 17960
 7153
 151408
 354517
 18038
 253886
 245503
 134268
 441368
 189014
 263856
 209040
 83895
 355512
 228865
 36089
 224633
 112444
 393431
 473684
 153561
 133978
 336227
 145947
 157249
 386433
 127634
 406483
 425414
 86370
 109115
 402649
 69406
 45184
 305977
 391763
 155589
 79503
 359126
 292001
 473648
 247692
 72490
 457081
 225564
 309050
 293064
 325093
 441336
 420611
 133687
 461256
 27742
 43832
 93931
 389750
 201206
 366806
 160478
 150330
 43283
 125055
 457176
 228923
 285477
 818
 94574
 109818
 166712
 58796
 133372
 498424
 24735
 354341
 119630
 66683
 5625
 351425
 103274
 96874
 17113
 430232
 399293
 0
 457713
 44382
 458053
 285523
 165602
 97625
 158592
 226164
 403982
 148514
 285829
 489588
 281731
 267062
 62246
 221280
 457851
 474311
 232930
 327367
 177649
 99215
 45472
 133601
 251921
 352759
 54216
 27281
 177002
 162475
 481063
 444521
 314615
 238561
 421102
 342796
 225045
 365162
 244351
 206770
 400947
 78486
 450273
 397368
 203021
 394629
 393772
 320589
 87249
 262218
 108301
 288919
 242988
 412225
 325923
 10398
 276619
 113229
 50861
 257917
 346437
 467729
 263512
 370169
 386314
 155172
 196434
 431616
 257497
 277563
 211258
 49044
 390749
 340679
 467412
 429547
 175675
 164998
 454154
 416080
 449951
 161146
 140625
 483574
 396909
 305812
 467358
 245435
 21530
 269581
 338237
 220468
 459725
 251792
 116853
 269801
 34221
 444500
 294070
 457002
 152862
 293955
 219355
 280438
 312472
 142573
 383816
 27457
 288028
 295930
 348101
 299827
 316582
 441360
 495648
 292215
 96548
 268459
 400362
 330005
 263906
 487545
 1711
 230756
 302747
 460329
 406995
 222660
 344039
 47189
 60527
 430588
 395953
 308365
 340124
 76842
 222841
 379100
 469064
 174157
 247651
 239808
 294312
 289345
 263126
 275515
 193318
 494973
 482955
 239135
 88865
 195711
 55500
 268030
 378303
 18811
 166023
 442583
 58975
 368778
 88752
 36936
 22464
 424805
 418544
 371568
 173681
 43536
 41694
 118870
 174946
 60975
 103624
 353989
 165816
 33033
 240276
 68114
 11209
 399766
 176470
 188415
 427104
 393061
 458234
 230933
 109323
 132827
 328923
 191012
 471561
 391092
 6501
 293103
 323024
 56419
 315702
 217520
 450087
 43262
 192353
 304088
 272653
 130402
 135037
 441287
 152742
 324010
 108046
 128430
 282188
 483072
 214817
 323453
 270864
 33340
 423544
 313443
 151032
 73198
 385913
 485398
 289520
 342531
 345880
 371866
 179313
 842
 222556
 497579
 96824
 177741
 276407
 142327
 310426
 499350
 432450
 389874
 148328
 298591
 48615
 367964
 71798
 88047
 361244
 208434
 436416
 16382
 409652
 149291
 67857
 118701
 62218
 179426
 476432
 245348
 60915
 425597
 430035
 138021
 459679
 483608
 185672
 284377
 423770
 284953
 490885
 59902
 265454
 33615
 464589
 80808
 275397
 113084
 177197
 138394
 100229
 252227
 199148
 91206
 247318
 25274
 261815
 375028
 231736
 371428
 232932
 296918
 34666
 201711
 434265
 384509
 261538
 8700
 473930
 347907
 226896
 296999
 248969
 118874
 208743
 6792
 412511
 250921
 59214
 220429
 68666
 313715
 96797
 125136
 449580
 285352
 191825
 322341
 291670
 329630
 418670
 89597
 294486
 95389
 386214
 177569
 377650
 47607
 294035
 22200
 64011
 400877
 327899
 120066
 56387
 289244
 175884
 313469
 148009
 254265
 7972
 422841
 238680
 435746
 130156
 11530
 105117
 437959
 312291
 370229
 468864
 31076
 123462
 27363
 498214
 355763
 90816
 484604
 180768
 113205
 169457
 334379
 187812
 108468
 216269
 272026
 349763
 103443
 313602
 419001
 136775
 153307
 408751
 348484
 118201
 302354
 356602
 316760
 103826
 323461
 274487
 154802
 117814
 347043
 310480
 248019
 254774
 22118
 365740
 397335
 292711
 9756
 332950
 119292
 327082
 67938
 104842
 178040
 42889
 286538
 112370
 411695
 36285
 375567
 180714
 66104
 451371
 75530
 43592
 281966
 319068
 303916
 261920
 236280
 345875
 76322
 302853
 124797
 202159
 431626
 233537
 394865
 10666
 357142
 141231
 490564
 436268
 473735
 420946
 413814
 43302
 366826
 273807
 339000
 363388
 205485
 247222
 114334
 54399
 441172
 350913
 228671
 296221
 239820
 383923
 54981
 15529
 481508
 164456
 162091
 360769
 15754
 431608
 59941
 170980
 157565
 105127
 56659
 363338
 97081
 340431
 428045
 459682
 351866
 468618
 317643
 412698
 373697
 30831
 84828
 468775
 342467
 289057
 24029
 103866
 482255
 88557
 447104
 241710
 369421
 424716
 244897
 279250
 89675
 472118
 284333
 286384
 411625
 325832
 20617
 266419
 96739
 161357
 131650
 70990
 125939
 431504
 247975
 360360
 175430
 408973
 30086
 226866
 289270
 231909
 140000
 32866
 196687
 209973
 433138
 381074
 348697
 408551
 478203
 73307
 139538
 394219
 64164
 76805
 429339
 481202
 438141
 79828
 128515
 154224
 175924
 100347
 217087
 59063
 419193
 479692
 307750
 398379
 34171
 326961
 25966
 466453
 263225
 215086
 423889
 452200
 171616
 260839
 279149
 1382
 491443
 153022
 346309
 414309
 275771
 304134
 105343
 106704
 146736
 277484
 149933
 301315
 31548
 217601
 400899
 133566
 135348
 104386
 488066
 359944
 21474
 159502
 305307
 344931
 416020
 181137
 400307
 417931
 163867
 404727
 122129
 221232
 321063
 429394
 39014
 285683
 444950
 398521
 120842
 189125
 183225
 480744
 232668
 437129
 384436
 158959
 242083
 102725
 329774
 54068
 89219
 52338
 297274
 480713
 266922
 306767
 308245
 466336
 299034
 458617
 173535
 257668
 450753
 175355
 187517
 398459
 499874
 329171
 120112
 183103
 476892
 441138
 344969
 215340
 285481
 212914
 350894
 497546
 434005
 381918
 456981
 345410
 42101
 213963
 227233
 118866
 40505
 307185
 3863
 157836
 440277
 234428
 44530
 383991
 127522
 173672
 345095
 303355
 15728
 415704
 258203
 150129
 237954
 299150
 180626
 193641
 94004
 239641
 362068
 78318
 153327
 345644
 273782
 72279
 21840
 459668
 24562
 294123
 206030
 90752
 206121
 364516
 158130
 84114
 9529
 31250
 397496
 431463
 112803
 302099
 2468
 415379
 451612
 405669
 492899
 18142
 353677
 450045
 180165
 493314
 194316
 55757
 371209
 456791
 312655
 223753
 3888
 271868
 469341
 28335
 492705
 303376
 484686
 107515
 326950
 118090
 63474
 87920
 345727
 93920
 132220
 266522
 211468
 10361
 70440
 472617
 111311
 107553
 35099
 457186
 133054
 80598
 396452
 318937
 356137
 97088
 87022
 274595
 219112
 212322
 413581
 402106
 66929
 17265
 141615
 66825
 309863
 366122
 393365
 420560
 230233
 239674
 201396
 49512
 480118
 425198
 231246
 398001
 10088
 191231
 382281
 396002
 84573
 213058
 413721
 171859
 441364
 145615
 30722
 158304
 85889
 413541
 131268
 17869
 87565
 160861
 305482
 35171
 239297
 432101
 338857
 78966
 172445
 236643
 481603
 124376
 39041
 194483
 448544
 168224
 198613
 264483
 300587
 53347
 462530
 391593
 345691
 457572
 131593
 338047
 401262
 371873
 26315
 317253
 404052
 192307
 439822
 325059
 472878
 497986
 345104
 141733
 62187
 291319
 327100
 134263
 401535
 70097
 293636
 302453
 148351
 129067
 112305
 195558
 333112
 234534
 168444
 471348
 173723
 179368
 271579
 319690
 416765
 253143
 433727
 345861
 438211
 127163
 251507
 457735
 379392
 25395
 468038
 94896
 10598
 276524
 175556
 466406
 337236
 242196
 72975
 184501
 356360
 378855
 43439
 137656
 113741
 223924
 488047
 335203
 159536
 428231
 26505
 186292
 468057
 177471
 161571
 234318
 493355
 117733
 396096
 291975
 427957
 52452
 231540
 82203
 214017
 68888
 337829
 40408
 493881
 66835
 79034
 290010
 298125
 262331
 327102
 280964
 432422
 231702
 269466
 449417
 244482
 191525
 405850
 216678
 20101
 46698
 352531
 449064
 495882
 112554
 238411
 241569
 46667
 479868
 144461
 175718
 109096
 19076
 30420
 56199
 397682
 138367
 351541
 477973
 243668
 188600
 411329
 358528
 492967
 90348
 419465
 494068
 204218
 176896
 74204
 261532
 467639
 357937
 318809
 273339
 167241
 256700
 293632
 122160
 18448
 450530
 178588
 310025
 381340
 407934
 381066
 480552
 55025
 337730
 441984
 305056
 189503
 469472
 211707
 499215
 244755
 243305
 348070
 447506
 203338
 451700
 484803
 115113
 349065
 406079
 71756
 452511
 331948
 406123
 461687
 343640
 301952
 216089
 284115
 264443
 226877
 342357
 223256
 183403
 203502
 232720
 295888
 189786
 137337
 341375
 61872
 445424
 73837
 328589
 210202
 110660
 86277
 308957
 315479
 384393
 17163
 205163
 405942
 369548
 282451
 324297
 291343
 275488
 82029
 161730
 93914
 461965
 257027
 6915
 344978
 383783
 130421
 436065
 103224
 464680
 209117
 237371
 231045
 115340
 5167
 440859
 283968
 247998
 311100
 401144
 277887
 425587
 72543
 373580
 251549
 34085
 328239
 191176
 393989
 121997
 377872
 161755
 18006
 387249
 97795
 480428
 68698
 185137
 246215
 450458
 123544
 99875
 4891
 456330
 3816
 310323
 387165
 356752
 410817
 105059
 325901
 103320
 145623
 238993
 191995
 104880
 360501
 402269
 88550
 95847
 319587
 113220
 8771
 386456
 465959
 149130
 458739
 388262
 353579
 431558
 285388
 352443
 301022
 295390
 339765
 413544
 343711
 445978
 122858
 82055
 386372
 315254
 143553
 218016
 446178
 332865
 382210
 70208
 133051
 480164
 40923
 11790
 194163
 137242
 