150743
 133121
 14620
 85275
 10041
 291370
 224120
 83801
 106368
 211598
 103533
 210746
 415240
 167077
 222836
 169693
 289217
 426146
 233021
 349349
 259937
 353383
 242937
 419882
 474418
 428179
 69339
 143048
 390563
 413903
 300279
 394070
 184117
 410700
 164517
 197297
 253284
 167379
 164453
 396994
 88440
 188927
 128394
 420536
 349445
 214969
 479497
 317394
 292927
 400114
 474277
 341767
 172794
 89839
 392085
 258272
 451086
 292272
 233036
 225508
 34425
 344551
 231601
 250752
 252932
 206728
 478311
 52364
 209380
 360034
 368352
 325537
 486800
 371640
 113087
 60822
 495559
 19593
 75168
 327808
 115598
 171800
 78676
 381823
 348044
 303009
 415282
 185372
 391359
 281558
 206496
 495245
 454015
 447378
 442070
 405350
 439546
 195652
 89335
 198331
 39761
 285670
 84113
 441084
 397940
 168116
 410847
 162274
 397574
 380857
 258149
 236452
 478802
 274506
 258384
 476721
 383614
 270842
 34215
 305289
 493308
 13382
 0
 18056
 423485
 135934
 447931
 472256
 123386
 410020
 433131
 76516
 306391
 358751
 414960
 484618
 164647
 418660
 116502
 387908
 61202
 408753
 49291
 179096
 6836
 353764
 324165
 398199
 110365
 159987
 121674
 264132
 153692
 200619
 443474
 479919
 467574
 68761
 325182
 408284
 227890
 318861
 102178
 58398
 14237
 400819
 110041
 383769
 359290
 428151
 170988
 145621
 395746
 134695
 389014
 194047
 459519
 259561
 101163
 331286
 183222
 212798
 400789
 326646
 426735
 74344
 57722
 403439
 108778
 480346
 95498
 407322
 129268
 168251
 225321
 65142
 370463
 83666
 74507
 454431
 398244
 92834
 247433
 120068
 19437
 135626
 102415
 270108
 151825
 97751
 455801
 38135
 90536
 407485
 224925
 491078
 116880
 93594
 309993
 465710
 55263
 493319
 257729
 31776
 397411
 89854
 81826
 440813
 362962
 363486
 376450
 205771
 105687
 326130
 130373
 182432
 168994
 149692
 60153
 85643
 422787
 194440
 467918
 287153
 13686
 110176
 188131
 317927
 336823
 492636
 321832
 454441
 318466
 351851
 18630
 239029
 63185
 45403
 313664
 495991
 173708
 266473
 191773
 183074
 43937
 178514
 12491
 369988
 233434
 437702
 72289
 99470
 440352
 284612
 180132
 337238
 383771
 172912
 178787
 373492
 357316
 319772
 56307
 395188
 164086
 240150
 154327
 152711
 109736
 272804
 351742
 241465
 404909
 68506
 469424
 41521
 184584
 419955
 428642
 22168
 471768
 165588
 324948
 180428
 328131
 45431
 99448
 279654
 181251
 478547
 0
 277711
 112744
 247109
 386429
 382315
 328056
 432335
 172176
 430375
 269862
 455089
 44407
 421542
 270348
 183739
 373883
 132965
 328767
 50906
 64276
 316631
 31326
 463279
 125533
 200300
 38763
 106717
 51738
 387323
 443217
 24233
 120431
 353906
 398111
 80787
 459396
 98261
 125856
 159186
 17509
 297370
 156687
 53856
 98970
 51493
 261718
 307787
 424696
 315270
 118346
 449347
 88570
 13715
 42803
 340458
 181094
 51942
 403321
 491243
 198813
 157703
 164356
 316133
 490440
 77298
 140779
 69861
 388520
 23174
 42062
 50038
 292237
 226016
 379778
 487466
 185280
 101616
 268994
 126300
 77827
 463225
 255451
 82302
 310154
 27150
 485906
 166539
 426815
 261545
 110199
 81948
 217703
 244685
 236714
 130267
 246456
 29984
 370070
 139516
 267704
 366927
 178571
 234703
 335025
 495639
 223926
 282726
 261551
 255029
 200620
 421680
 39327
 9452
 403964
 388633
 457920
 320365
 260681
 180705
 258122
 143041
 354163
 175852
 463251
 478822
 317666
 296250
 218249
 272873
 122047
 89252
 392013
 471558
 114533
 306513
 411627
 189429
 233601
 228577
 499747
 302069
 17969
 436231
 145905
 125603
 453609
 357842
 474379
 171042
 137722
 452886
 285731
 307154
 264332
 356601
 496122
 266910
 211916
 122158
 130844
 257520
 339937
 148216
 345705
 306515
 362129
 263750
 382872
 76179
 253273
 380530
 98112
 19458
 393153
 138056
 394439
 448134
 168077
 336157
 374845
 325401
 152480
 109013
 317544
 249018
 133720
 215300
 81677
 419630
 229140
 55809
 418867
 70707
 199831
 472270
 459863
 329508
 374875
 166676
 465231
 50212
 304469
 333949
 388058
 302116
 138506
 123233
 399342
 491150
 55358
 368380
 459742
 220952
 254922
 325685
 144300
 355752
 164075
 470966
 15973
 318208
 399005
 338217
 445785
 6450
 450500
 216577
 448717
 364261
 367136
 73083
 362426
 277144
 298571
 441738
 288236
 279294
 470974
 307692
 130427
 204554
 449109
 384218
 238997
 216790
 49399
 172804
 40194
 62523
 330011
 89561
 160354
 261070
 18195
 431
 88277
 122312
 407857
 156806
 127906
 469660
 332297
 150418
 103960
 497589
 343484
 230046
 458371
 216567
 272843
 11339
 235606
 6858
 201978
 275456
 111081
 59762
 40173
 383792
 292948
 8037
 396806
 90665
 174660
 133972
 33902
 482517
 198752
 273592
 118174
 301917
 151069
 352662
 114649
 300464
 420135
 462962
 26236
 121820
 396327
 340676
 136096
 481876
 283310
 386939
 322838
 475479
 394891
 8908
 149601
 2363
 268895
 229107
 125595
 370091
 87011
 440032
 233009
 62340
 446808
 204761
 158494
 38907
 60024
 295081
 183805
 417505
 108130
 242156
 369561
 87071
 368898
 9180
 116504
 441791
 145794
 153712
 444418
 79302
 146496
 396927
 395208
 52540
 185239
 128221
 33572
 83801
 113468
 85338
 193313
 145700
 342753
 243309
 201513
 299187
 9709
 289309
 32648
 63692
 449779
 264001
 294874
 376210
 289681
 236551
 342856
 121734
 129318
 453771
 166878
 28849
 193441
 419818
 2758
 245751
 287946
 466633
 166695
 468558
 373472
 231119
 274739
 371787
 146342
 241410
 233066
 221192
 486390
 372126
 390018
 302715
 372345
 223404
 156283
 19861
 407759
 302606
 131206
 228495
 15654
 418452
 441706
 166
 260843
 257095
 207744
 135573
 38596
 74201
 441334
 226436
 311231
 170443
 103107
 62676
 53846
 329235
 448614
 101809
 498221
 205038
 436943
 227897
 155498
 226552
 414402
 130764
 30196
 304109
 228004
 284660
 328101
 130618
 177385
 256424
 488280
 230751
 159114
 6756
 73567
 413312
 409358
 380718
 303167
 308029
 101711
 250101
 55371
 309796
 270860
 251066
 444867
 126964
 50407
 302880
 42956
 339184
 205961
 111806
 396616
 214190
 98047
 236851
 6284
 92561
 40087
 166722
 77741
 156864
 367515
 168992
 414876
 8319
 93818
 186802
 383918
 351562
 479005
 494302
 279369
 290170
 273409
 499895
 362323
 12493
 7674
 220603
 351422
 359013
 467971
 229749
 385228
 391379
 290534
 146191
 349469
 104633
 219106
 262937
 328378
 185830
 377805
 28544
 108576
 18973
 384745
 394104
 373779
 358407
 84273
 1322
 190679
 326086
 379625
 304914
 421133
 118210
 414723
 226362
 296532
 137705
 461918
 244217
 272138
 479188
 441176
 49689
 482869
 48936
 73294
 69964
 73108
 167330
 293065
 453460
 432047
 70438
 317402
 14042
 286790
 76121
 224793
 402616
 194103
 44980
 267741
 411107
 25188
 308214
 231331
 154156
 232835
 84158
 124040
 16615
 34296
 26255
 92341
 398562
 113316
 458028
 170103
 346446
 401726
 145772
 389995
 384039
 409977
 386038
 331311
 258828
 117574
 178774
 120116
 451018
 399875
 366739
 274508
 183426
 250792
 234620
 317190
 489809
 253376
 124616
 420822
 232671
 419354
 493832
 2398
 390367
 375103
 225511
 66043
 486215
 230033
 276794
 163840
 305540
 134328
 418118
 346938
 362355
 455708
 65703
 446846
 419270
 227972
 3410
 377099
 134802
 222965
 63652
 322302
 81504
 160407
 180361
 285758
 394652
 116881
 409880
 437033
 344285
 349070
 290171
 476906
 417755
 113941
 278969
 215434
 310734
 477042
 208766
 274040
 156133
 364594
 440105
 167057
 71886
 105242
 264107
 492449
 446348
 376137
 473655
 295400
 296580
 218968
 56158
 140752
 154372
 472432
 208905
 384154
 432639
 71933
 192458
 286563
 441963
 473805
 444145
 400682
 485406
 200627
 367119
 146507
 404410
 181239
 425860
 126180
 234874
 292332
 117426
 79548
 337633
 290657
 140738
 239415
 52781
 265701
 153062
 207172
 279269
 386367
 232334
 205128
 73149
 444028
 141757
 403425
 7775
 97085
 292468
 204804
 162370
 482157
 121844
 221462
 16228
 351944
 417961
 228728
 321904
 414493
 117582
 278174
 176857
 364891
 40123
 329118
 428659
 57036
 287711
 205848
 6779
 274365
 121467
 222185
 451313
 30704
 215699
 1401
 247679
 434768
 378048
 152639
 58893
 292416
 139836
 183769
 44358
 404780
 498027
 330580
 137828
 348167
 348319
 456773
 141799
 408212
 19467
 303612
 169769
 82949
 48968
 129787
 116754
 93569
 291474
 172091
 47323
 25664
 144312
 175066
 256969
 177967
 118816
 476101
 196127
 412661
 73659
 457865
 327676
 6779
 218551
 456509
 29064
 134918
 202237
 56146
 53081
 93589
 155565
 122081
 57669
 263261
 309145
 373352
 179255
 393152
 481626
 371515
 375751
 155741
 92470
 324130
 47612
 28122
 256376
 305791
 266704
 397887
 360584
 276857
 253312
 366976
 213348
 280291
 435074
 369085
 420524
 96306
 156027
 221535
 415738
 257886
 149570
 245738
 65658
 249182
 491123
 176665
 46466
 205263
 485062
 253322
 266002
 209185
 1388
 329268
 261985
 333
 351111
 264527
 236123
 343759
 390449
 452705
 295828
 465920
 144565
 228272
 100625
 373237
 197577
 435994
 337761
 361386
 477607
 417061
 195982
 315693
 258674
 486706
 194949
 363336
 89775
 205128
 485406
 76761
 96303
 397285
 274722
 290268
 418225
 189194
 452287
 431440
 347385
 154994
 397483
 298728
 320050
 414059
 167681
 69523
 171841
 39068
 127765
 223460
 16586
 451945
 188057
 430280
 300644
 61803
 212198
 100981
 487500
 286839
 286009
 199348
 254290
 434618
 129675
 212875
 234379
 99697
 77031
 283676
 471354
 323716
 5477
 412233
 250392
 355523
 477720
 371644
 171260
 98104
 347157
 315811
 304573
 291259
 234241
 172861
 310763
 402946
 63194
 220300
 330097
 84358
 262672
 71193
 54916
 358756
 487794
 189442
 216364
 55034
 69950
 168316
 414025
 459933
 441652
 192021
 102270
 137494
 87370
 403614
 163767
 201617
 140008
 59726
 341624
 235212
 444373
 313597
 48910
 255852
 421472
 301096
 416512
 381909
 207317
 316424
 395082
 188650
 380945
 106306
 160031
 331398
 227764
 213397
 85442
 208147
 420811
 425782
 164486
 378950
 156141
 13932
 114182
 370735
 224056
 386277
 284891
 207410
 40508
 381133
 262729
 371498
 473859
 494091
 329555
 171632
 23510
 148675
 101391
 79404
 131528
 445471
 259919
 362627
 104628
 461538
 363608
 314831
 58335
 276864
 29709
 440448
 460624
 188036
 138120
 133237
 405635
 261316
 344745
 238738
 276591
 218961
 302457
 435684
 124747
 229619
 401876
 329130
 286323
 307571
 102339
 317104
 1019
 129439
 343271
 182060
 369637
 35903
 396766
 442999
 156933
 206005
 357722
 148989
 363723
 92864
 210690
 345258
 179857
 457922
 105594
 271141
 487461
 411027
 105443
 203792
 66701
 5415
 398679
 391935
 357469
 499741
 63614
 423471
 106553
 473567
 494692
 351837
 339616
 45122
 344666
 207558
 37675
 395770
 410341
 69768
 12607
 429848
 282112
 415855
 450109
 46714
 270788
 21950
 97119
 367570
 231980
 389963
 396657
 125268
 460675
 148742
 81291
 261778
 275381
 162046
 173437
 188465
 307405
 124467
 308222
 79630
 200308
 141975
 315948
 49958
 135617
 200059
 319033
 217629
 291626
 491266
 19703
 15557
 429196
 497994
 374837
 368268
 432437
 336609
 61824
 255215
 135219
 146343
 172906
 256678
 43437
 187122
 132644
 130341
 387573
 85092
 50909
 370455
 185097
 122497
 248391
 19399
 109375
 356795
 155362
 347962
 15133
 275919
 432770
 464353
 253699
 31922
 162442
 225305
 412479
 425163
 29137
 383610
 242812
 413783
 289071
 468974
 452697
 407524
 427724
 304408
 112123
 102933
 33511
 358585
 411358
 73956
 392238
 81410
 392850
 190476
 264652
 21917
 111905
 285548
 34254
 429640
 66243
 259401
 369699
 166666
 132358
 196631
 189020
 313987
 42418
 325545
 288461
 293351
 213454
 263814
 279289
 298914
 162162
 262758
 459308
 161004
 425789
 69651
 12672
 329071
 426131
 478298
 217897
 231372
 106738
 236353
 279069
 325602
 473053
 307990
 276248
 183850
 336310
 44684
 387799
 249252
 421313
 173283
 42567
 153846
 57757
 346025
 412237
 373805
 104037
 108705
 183049
 347727
 461773
 336801
 415584
 196750
 459494
 319964
 366899
 31879
 358816
 489038
 71017
 249648
 297438
 109890
 65762
 423999
 113258
 231723
 23161
 359578
 249744
 57157
 118658
 84299
 149053
 267604
 268157
 304095
 299384
 490082
 368261
 18292
 251892
 328495
 385076
 223072
 110469
 237261
 240143
 371396
 323207
 163968
 368905
 226227
 417837
 193752
 497536
 408258
 214652
 66019
 26134
 288959
 73256
 37915
 44383
 110830
 469261
 292320
 309898
 96385
 52483
 299307
 335784
 299475
 309374
 30905
 346987
 173637
 482582
 58976
 64592
 332265
 23835
 239849
 440974
 326357
 462499
 481248
 253577
 76144
 174581
 229049
 191932
 163213
 223649
 478642
 55478
 489996
 174880
 191437
 102521
 443337
 41878
 215254
 242555
 471567
 250524
 371444
 415909
 444083
 142494
 420383
 286089
 217981
 179837
 368687
 409768
 319040
 199148
 402480
 62671
 90375
 305888
 243966
 169037
 98598
 282503
 360442
 243644
 168991
 170207
 355707
 162262
 499958
 38100
 323627
 263382
 423744
 400730
 190137
 309368
 218026
 395600
 65543
 128379
 85744
 142201
 96255
 382281
 129812
 89289
 278692
 413095
 139103
 50935
 120398
 296841
 153790
 15138
 16624
 114275
 70666
 202881
 433456
 9829
 325367
 377153
 261033
 244958
 155784
 66726
 378878
 225735
 288993
 169435
 138461
 53921
 405341
 454458
 226311
 63198
 492531
 41188
 106377
 42117
 299443
 276171
 469335
 150758
 233976
 153333
 369278
 301557
 171216
 98690
 93505
 34077
 349861
 4712
 388896
 379562
 174060
 302730
 284116
 337257
 81941
 145056
 105116
 182654
 16887
 424833
 287814
 218267
 182083
 110742
 494467
 77430
 399405
 24827
 468367
 477442
 248079
 303548
 493185
 345493
 16630
 176347
 140205
 202566
 261820
 448979
 93168
 467527
 225664
 214612
 94755
 118482
 467121
 322493
 241118
 381330
 340718
 417999
 253542
 228398
 418699
 114886
 234530
 84027
 52293
 56210
 281170
 489565
 197860
 484188
 333976
 230039
 15357
 139312
 393795
 174676
 377073
 331292
 483110
 84461
 207426
 214228
 422468
 164170
 286659
 321714
 197096
 44776
 82685
 343034
 492890
 12386
 127397
 367506
 236509
 268070
 138241
 383075
 254592
 296464
 85892
 244150
 50447
 146735
 216226
 329943
 137599
 370512
 40268
 422083
 30576
 256907
 312319
 354374
 441667
 124733
 291744
 283784
 207350
 362640
 163934
 252803
 201942
 125984
 1654
 124019
 2583
 216233
 328874
 229595
 493839
 401224
 350550
 385975
 450542
 73568
 32060
 127983
 63479
 278688
 417814
 109019
 103040
 472167
 210816
 7630
 101684
 310124
 398461
 129267
 326172
 297193
 1270
 442025
 62171
 19883
 330108
 63106
 381419
 364588
 483870
 413047
 333333
 26831
 317629
 318451
 114728
 287965
 202342
 264758
 115181
 460216
 133288
 314131
 205100
 148925
 174274
 475336
 54655
 183211
 306034
 358315
 494158
 59546
 344945
 468277
 256880
 272577
 240115
 202985
 115655
 110664
 272325
 176436
 196495
 28875
 96273
 363926
 231736
 180157
 117309
 22344
 85417
 147058
 305483
 460568
 448485
 266329
 209882
 270230
 338729
 483304
 179676
 476896
 165821
 303642
 348938
 125640
 82730
 37906
 426428
 156577
 408150
 279978
 332549
 123845
 336257
 44935
 148291
 189765
 25692
 492805
 379423
 148720
 128979
 460646
 116005
 24828
 336182
 409888
 187043
 486142
 190037
 133995
 288082
 239526
 130306
 74976
 415662
 231496
 481563
 407984
 115295
 214078
 315418
 165374
 420989
 458643
 449311
 345248
 98870
 114106
 136096
 215191
 434704
 208045
 239130
 461905
 298925
 479376
 78799
 250034
 92868
 82254
 215458
 79327
 341881
 112265
 232113
 186087
 41243
 492313
 492279
 462241
 356499
 314440
 109973
 322926
 279475
 65064
 415069
 351300
 239252
 97340
 327898
 101587
 40914
 305374
 386036
 425011
 419918
 456206
 58135
 88637
 174233
 451452
 375326
 402192
 473675
 127258
 13804
 57497
 110437
 24774
 118227
 146513
 58615
 431969
 139782
 13666
 353683
 482896
 413831
 117348
 163187
 234597
 175213
 170376
 143872
 47784
 344108
 483265
 328338
 81238
 80960
 353385
 111298
 52451
 433396
 123729
 155540
 387164
 248260
 161471
 450168
 206929
 424367
 80790
 11955
 191796
 44683
 273527
 153888
 26096
 198124
 319004
 499192
 316509
 101796
 451230
 200875
 400029
 70490
 399427
 300507
 293945
 494854
 253479
 497755
 351276
 140144
 117806
 143792
 401714
 460774
 209094
 123466
 207001
 498353
 145448
 104596
 491015
 165241
 74277
 415887
 218505
 363115
 266120
 309909
 470107
 427394
 490561
 312000
 185093
 308853
 75790
 255846
 343967
 239590
 425944
 105567
 323259
 412334
 283626
 305050
 381569
 229064
 265580
 289716
 208883
 406705
 194183
 142857
 15012
 285911
 19499
 383701
 22883
 193766
 224815
 323988
 116743
 5716
 112699
 426515
 497016
 406954
 402606
 98622
 194948
 207696
 283733
 390450
 126590
 308293
 401459
 51750
 438651
 409772
 184422
 451886
 297115
 476989
 307456
 41980
 388888
 484033
 449312
 103448
 67150
 249773
 153748
 333382
 42958
 15392
 61759
 124990
 81590
 140354
 484935
 164070
 175895
 135828
 219504
 311694
 249199
 44467
 498682
 435572
 246716
 154956
 231598
 455163
 337325
 405230
 456545
 476190
 487009
 401463
 372119
 496599
 273431
 212405
 94070
 116717
 100389
 408401
 448362
 165913
 270364
 454320
 329290
 408020
 140492
 192117
 121747
 240961
 16708
 242362
 249867
 138793
 302663
 276906
 165374
 428139
 317870
 54964
 158348
 174061
 129484
 20608
 2667
 38201
 152704
 166623
 487876
 282253
 136486
 407439
 258224
 279472
 454372
 497862
 155968
 360932
 272673
 191824
 49953
 161947
 177958
 405554
 210526
 41902
 378745
 396470
 150496
 258597
 6141
 266167
 265114
 49477
 126096
 402163
 396982
 286547
 180765
 166379
 175557
 40498
 320813
 423848
 114615
 3649
 8747
 219424
 140427
 4250
 326686
 66141
 118545
 289681
 240815
 259109
 134604
 92464
 361251
 76203
 478908
 390547
 97831
 57206
 225260
 136484
 177482
 26604
 408942
 303627
 191825
 444438
 189219
 146121
 30630
 187705
 206484
 364317
 152263
 314546
 292726
 335780
 430737
 31029
 334928
 175459
 334995
 153292
 366791
 236968
 241020
 72695
 142739
 156810
 177486
 299656
 284448
 293226
 153783
 135558
 83268
 104617
 296699
 345106
 232625
 444444
 469114
 46130
 345224
 160237
 455626
 67496
 454477
 60703
 129883
 166601
 241515
 386381
 323803
 365990
 346102
 295475
 262161
 333648
 297297
 137192
 236975
 188126
 270872
 422314
 414120
 248424
 430419
 397640
 264461
 123318
 396728
 200587
 490521
 104581
 486355
 112965
 35908
 228420
 380292
 211373
 367455
 153875
 335604
 407237
 477221
 407426
 326507
 416820
 70434
 24306
 435352
 210597
 325443
 249343
 216513
 18585
 257142
 318298
 111132
 295729
 232996
 437491
 398343
 249449
 435064
 304938
 153084
 111154
 191593
 482340
 416314
 488034
 456504
 472034
 481280
 163265
 141077
 308888
 320747
 332840
 309654
 362211
 136287
 319812
 452908
 350022
 82287
 250198
 118107
 165803
 13597
 139896
 76997
 427107
 116032
 178976
 32151
 109445
 237541
 120856
 415718
 154437
 2252
 130825
 25250
 348607
 100399
 419049
 306019
 64787
 251721
 150497
 77161
 490154
 302939
 262216
 320437
 462441
 426398
 321493
 462835
 277045
 337560
 123949
 389413
 408385
 137386
 231377
 150607
 193387
 303633
 121758
 182293
 454396
 85480
 83887
 37557
 318902
 209093
 487331
 421496
 331685
 461018
 351596
 461132
 479030
 422798
 66844
 162553
 442516
 304569
 45750
 337018
 335981
 370566
 55642
 334321
 285547
 253061
 334701
 206457
 413338
 85256
 430933
 49452
 275759
 47104
 263450
 294308
 257534
 146160
 222272
 493340
 29319
 27786
 145263
 489974
 271271
 218326
 333723
 237531
 134482
 52419
 112072
 27242
 42778
 282020
 65041
 236663
 403800
 256916
 493481
 334344
 205518
 336609
 454207
 310377
 296367
 61041
 436696
 148975
 452465
 392675
 52846
 437072
 209939
 292528
 270404
 118843
 248356
 238780
 239953
 206593
 431479
 34886
 81422
 175988
 479234
 149319
 17367
 73468
 284963
 267710
 85892
 288093
 57746
 494530
 233054
 428601
 206939
 294480
 489762
 29340
 276625
 299152
 79749
 426371
 340565
 86109
 233575
 481001
 17595
 420194
 254479
 96068
 307106
 274088
 216529
 296670
 242857
 307057
 127541
 219396
 109241
 475460
 186772
 91531
 201110
 289119
 158846
 421713
 72077
 497750
 87406
 220992
 16206
 29411
 353375
 206571
 177894
 469002
 237808
 343642
 109403
 205084
 358758
 393123
 332094
 262512
 402508
 260499
 451122
 444258
 129044
 494849
 332359
 160487
 66252
 43296
 158031
 209123
 260449
 467336
 471063
 472940
 194124
 490044
 79119
 380421
 204025
 260570
 220477
 231818
 54895
 285714
 213916
 317277
 192919
 26962
 114897
 497413
 333333
 367957
 324213
 349702
 40337
 217490
 188855
 149959
 205592
 141755
 292246
 387548
 276329
 81015
 73001
 126654
 470675
 130457
 231030
 319391
 73015
 392096
 375872
 167388
 477861
 135198
 332002
 499677
 299669
 204624
 217337
 113889
 192630
 68485
 204359
 465218
 159972
 429958
 25273
 53930
 49415
 117910
 254782
 288072
 302231
 149181
 323255
 336978
 315237
 144897
 254466
 261867
 92729
 120804
 273077
 36066
 181217
 188306
 248315
 257339
 108244
 264991
 405080
 255734
 158055
 1762
 47338
 96709
 62873
 35748
 223598
 289175
 225422
 492232
 169144
 483959
 202368
 112262
 171762
 209179
 362492
 403988
 97286
 283971
 366148
 44329
 118698
 251915
 60080
 346207
 349706
 490811
 85550
 207656
 436035
 286528
 75493
 26538
 434188
 299835
 350576
 68284
 13019
 344784
 74128
 296498
 395007
 251540
 332670
 430846
 445572
 254880
 415789
 416933
 473200
 219754
 165117
 369412
 44517
 459375
 466520
 331506
 491422
 195761
 359502
 494991
 207024
 169771
 149473
 26871
 2756
 40748
 395103
 62821
 31185
 448691
 384879
 249275
 253089
 241415
 131905
 385968
 179004
 360308
 397737
 346392
 421100
 136279
 5110
 416893
 191730
 97842
 12658
 360661
 280784
 422238
 155685
 95846
 74020
 351916
 35143
 405425
 192423
 430841
 434331
 365460
 477821
 148876
 349830
 203793
 431339
 246111
 11339
 410872
 30517
 387513
 404761
 149333
 225978
 13471
 400158
 286283
 416988
 417541
 154339
 144665
 306659
 206407
 146583
 356715
 290680
 404862
 379965
 82743
 144117
 458241
 95510
 497202
 178621
 401706
 211211
 299782
 283066
 437357
 362244
 86961
 461790
 190134
 223022
 378181
 152041
 274820
 495963
 168464
 18216
 436757
 228911
 325444
 487531
 252515
 103550
 348839
 356379
 364322
 390835
 339793
 493470
 156432
 273241
 288193
 121092
 26220
 486729
 397138
 374724
 257061
 145053
 124509
 179615
 394921
 306485
 406234
 256109
 368601
 465492
 110619
 196754
 168674
 48554
 264413
 366795
 462385
 163902
 48453
 274879
 403741
 285641
 450226
 56203
 370568
 366225
 65766
 339207
 348274
 70083
 131914
 382352
 355149
 49849
 141370
 245681
 110182
 353345
 340279
 306255
 162488
 64447
 0
 176138
 360129
 209302
 211241
 463636
 338257
 323193
 288856
 114449
 455041
 359537
 441752
 174283
 281478
 135977
 330990
 114428
 195402
 486277
 140045
 120086
 321461
 444308
 148234
 140350
 257033
 28508
 286881
 368012
 37197
 168150
 87114
 17834
 265983
 132022
 342052
 201645
 400900
 161912
 197135
 336846
 368434
 208882
 263250
 348096
 63953
 407956
 299704
 480362
 293094
 293873
 19433
 468964
 94844
 332776
 14988
 425203
 168297
 118729
 295076
 280317
 1699
 476439
 287313
 487800
 364893
 431229
 333797
 41371
 454955
 70935
 216028
 260130
 284145
 3044
 230462
 379254
 147323
 434150
 387693
 399491
 340929
 286089
 293985
 15722
 253584
 487882
 53813
 293739
 213790
 412128
 59580
 181788
 337566
 287118
 402190
 59730
 394010
 22981
 216101
 150988
 86790
 468568
 105676
 486178
 351799
 172321
 339297
 336126
 383817
 259154
 105504
 323652
 457278
 411604
 203572
 237780
 357321
 238865
 489636
 208245
 118801
 287970
 36742
 466904
 89728
 436113
 485844
 53865
 105081
 309171
 63959
 235849
 118638
 115820
 468873
 239550
 416879
 385440
 281933
 118
 327032
 361768
 483802
 78362
 227708
 363230
 214095
 294851
 148835
 34726
 18325
 161752
 121122
 210386
 410070
 490834
 449688
 234261
 11904
 463249
 384345
 313220
 241733
 253361
 247876
 311768
 1834
 482976
 68390
 197193
 377779
 435136
 16473
 436918
 173897
 24852
 246160
 44106
 345443
 9126
 306605
 478604
 412155
 323775
 301083
 196617
 29496
 110327
 111284
 475377
 397726
 18518
 113131
 158666
 81138
 51399
 21871
 50897
 176973
 286704
 193838
 219566
 114942
 402102
 463027
 60787
 131377
 364614
 315440
 185303
 438557
 188328
 295292
 100844
 343298
 215554
 468161
 358226
 246984
 240925
 260377
 32922
 13493
 282301
 348727
 186829
 362307
 325767
 115023
 225493
 180644
 371108
 289357
 81305
 149056
 123508
 262682
 182429
 246081
 477308
 312447
 330042
 21178
 218646
 57894
 169682
 195856
 461225
 245811
 374642
 18873
 479721
 115287
 478721
 32572
 165045
 140345
 81972
 149171
 148708
 393388
 318826
 471648
 290884
 159598
 203389
 199899
 69990
 245091
 32230
 48145
 325589
 310215
 457978
 369267
 344193
 149993
 211041
 328839
 131948
 8070
 304112
 149260
 180109
 109096
 439329
 305785
 40322
 277203
 243741
 25606
 270428
 78713
 160794
 240926
 498864
 65341
 322280
 407187
 396412
 52442
 400421
 86647
 13368
 82471
 401021
 108152
 4050
 84188
 427669
 496097
 411159
 292306
 162163
 108269
 265716
 61543
 31630
 23600
 433681
 216779
 184829
 309342
 381235
 251388
 390408
 125158
 374130
 328559
 338485
 270978
 473636
 116704
 340864
 367799
 56473
 352944
 264417
 69506
 211850
 469696
 334179
 218493
 356814
 109119
 119344
 314177
 202485
 393507
 109839
 39152
 435472
 373399
 359694
 282604
 166605
 493686
 216316
 146575
 135983
 357959
 439937
 367533
 122222
 111634
 346212
 244390
 409708
 354824
 316814
 98130
 35167
 204643
 135435
 430379
 489013
 313217
 473559
 67021
 105034
 204385
 92204
 380390
 202465
 361507
 338838
 401676
 40891
 47413
 241661
 86983
 497952
 268705
 394466
 108713
 453496
 277678
 138676
 13779
 377796
 478168
 341639
 13144
 160105
 418912
 440522
 62648
 465486
 464891
 499861
 14129
 188073
 67579
 397978
 41725
 94587
 205825
 142496
 274040
 372931
 356473
 356902
 309002
 67107
 84817
 298062
 212258
 36113
 178968
 57770
 246756
 19011
 89877
 183331
 167640
 57241
 163470
 130678
 224177
 202474
 439822
 198754
 144588
 419853
 180851
 287981
 260643
 435747
 367346
 304347
 372915
 64479
 386608
 185714
 153335
 371254
 477809
 328145
 256410
 407261
 78074
 452176
 317191
 65272
 110600
 309889
 204927
 421613
 143177
 413569
 239542
 94726
 55533
 490658
 337363
 173466
 164260
 274791
 326859
 299113
 328742
 63775
 490933
 186307
 477661
 166523
 495990
 481784
 172693
 386036
 110648
 359297
 477633
 19726
 102303
 261553
 99266
 438560
 435573
 145795
 288712
 355016
 55986
 146800
 154981
 100006
 116634
 42685
 417368
 424133
 96192
 63867
 279562
 275286
 424586
 39338
 111260
 490411
 447338
 294918
 142070
 59231
 428745
 262432
 451670
 211472
 449452
 352515
 276530
 73979
 222227
 173474
 295975
 406698
 34104
 419183
 29485
 425804
 63254
 69732
 449942
 351562
 324047
 426013
 91958
 202772
 306269
 422384
 165883
 209081
 264496
 491150
 314840
 382161
 167013
 117540
 321568
 265990
 361623
 86890
 467565
 50407
 244998
 153266
 16669
 259654
 6187
 254026
 318891
 206280
 494185
 320776
 301121
 298917
 191351
 469906
 85414
 235501
 93610
 133713
 356010
 245984
 166666
 401161
 85410
 416173
 395886
 240261
 339181
 150851
 425105
 178831
 36212
 295564
 159591
 102181
 300489
 370147
 95753
 202700
 36798
 239742
 259524
 171003
 379907
 111009
 493562
 250633
 124928
 43037
 385788
 197194
 424005
 309221
 310157
 124936
 62453
 170448
 93333
 328697
 182940
 388530
 356860
 259247
 14184
 43268
 488534
 144330
 98700
 456601
 415208
 361592
 291845
 314095
 256142
 360491
 65921
 7778
 415522
 456780
 250000
 350951
 143386
 323090
 355737
 158434
 59590
 103781
 369931
 136915
 144670
 491697
 44393
 109449
 298184
 133779
 104566
 86772
 227933
 261622
 144372
 110816
 187809
 87180
 74087
 456378
 471590
 229747
 173266
 129141
 170096
 382120
 309530
 167069
 417034
 153465
 422842
 423076
 104712
 115577
 227318
 457000
 355287
 368505
 424892
 11639
 130511
 32319
 257880
 255056
 350491
 88193
 134889
 101219
 324812
 65105
 396116
 293782
 496283
 457622
 440509
 486183
 369594
 66624
 460206
 432713
 422981
 275916
 51359
 379397
 109738
 181998
 59539
 10674
 380065
 359627
 21497
 424124
 397721
 62740
 178518
 405633
 66706
 135391
 47018
 252598
 174911
 447896
 18224
 25053
 348951
 471447
 326062
 115479
 165161
 491755
 338218
 341196
 207477
 197204
 175133
 434515
 445035
 100913
 303810
 9363
 118975
 436367
 449212
 211500
 154082
 153239
 59638
 431805
 469920
 416329
 245566
 327392
 301009
 44008
 50400
 191667
 33318
 210926
 2913
 148048
 296101
 232068
 473143
 413603
 11043
 414243
 453146
 396880
 308532
 221781
 426519
 429643
 315689
 110203
 290322
 276536
 391866
 142719
 383806
 81830
 231366
 275015
 477650
 395155
 103998
 41311
 353316
 223124
 132098
 308768
 306741
 358231
 75522
 174613
 85403
 300801
 254770
 315293
 388675
 142857
 400252
 380151
 344189
 430570
 140420
 168161
 142458
 398560
 66062
 255132
 200000
 429241
 121648
 241287
 224821
 103705
 57930
 31706
 42410
 220452
 473593
 215295
 311787
 394402
 357921
 360655
 163590
 450664
 302275
 157715
 1901
 162426
 140657
 217632
 68956
 59479
 371481
 139586
 490322
 55077
 335787
 218957
 6652
 208530
 0
 17115
 447082
 45129
 32381
 143031
 360768
 477760
 117758
 288981
 50434
 302973
 442752
 399055
 127226
 3686
 347304
 143574
 300438
 193402
 262484
 261004
 126188
 403252
 370698
 461450
 26271
 287873
 11388
 62818
 125754
 281370
 333636
 427362
 348443
 267860
 425863
 75899
 462636
 397763
 336640
 43934
 184471
 229081
 205687
 313042
 230013
 303703
 287589
 397361
 341363
 398663
 124472
 33201
 281143
 405421
 28652
 89285
 219875
 83904
 432595
 377286
 38225
 194989
 285281
 465913
 352586
 322285
 83552
 49884
 284523
 293258
 413498
 454748
 354314
 107420
 400997
 108941
 437770
 122485
 488888
 360143
 485029
 376044
 178958
 122441
 83820
 392064
 29107
 98760
 296099
 363592
 136363
 320973
 496005
 403807
 83050
 103325
 148614
 49140
 77088
 471525
 103650
 58614
 492101
 302455
 389775
 346880
 379352
 367773
 244598
 149114
 10566
 265334
 387123
 76427
 344769
 329898
 70599
 112904
 47088
 2525
 319948
 271543
 66871
 81138
 145190
 80885
 76190
 103952
 485799
 35926
 110737
 26356
 416952
 234700
 486984
 57385
 267762
 162425
 468489
 485391
 473838
 278063
 85704
 421568
 314516
 457831
 58172
 325605
 29363
 76081
 245636
 262911
 445661
 232820
 282821
 253310
 465269
 314151
 154895
 262610
 207246
 498803
 328741
 49195
 277398
 409378
 482672
 79310
 487520
 364787
 3123
 288204
 258938
 346376
 276970
 460251
 495361
 131953
 365753
 71054
 381115
 469644
 197150
 336546
 172679
 356159
 51457
 384160
 97877
 433925
 154798
 225818
 485938
 245515
 215191
 284122
 164605
 281996
 22765
 440188
 380427
 476486
 6931
 0
 70541
 385984
 254188
 240641
 92292
 9200
 269629
 12674
 439906
 127053
 101774
 44721
 185872
 400610
 359688
 303273
 386912
 152138
 21303
 385526
 279260
 164388
 30890
 301796
 357670
 68994
 210526
 56258
 107556
 185893
 352941
 276572
 392042
 435021
 200773
 372453
 43008
 370015
 466930
 364081
 244807
 262379
 410431
 0
 233833
 188782
 164702
 432987
 56043
 273700
 263422
 110987
 113404
 483849
 230458
 28468
 441335
 251842
 255259
 448650
 422912
 330780
 141941
 334819
 287369
 127835
 223946
 486748
 342376
 263020
 285207
 83653
 3160
 146022
 409690
 132282
 392514
 447567
 451215
 329090
 88516
 303234
 40811
 134032
 403209
 5875
 23794
 239853
 86441
 142181
 59730
 83244
 195566
 430817
 59861
 194097
 276361
 493393
 167023
 423097
 402877
 99320
 31468
 253611
 495941
 122272
 93439
 465077
 380770
 44591
 169594
 336854
 223762
 126865
 383392
 460989
 403449
 305948
 374332
 251576
 472855
 248384
 29588
 240793
 246113
 102574
 232208
 455088
 82038
 155435
 363798
 378882
 16117
 412864
 245717
 329964
 365337
 263692
 436645
 205269
 487186
 428584
 351569
 172479
 41533
 11244
 210539
 289353
 254815
 99616
 34161
 408418
 166050
 324499
 291846
 71112
 386294
 447477
 68910
 238759
 388415
 497794
 375579
 210957
 92968
 266136
 299751
 450777
 251151
 394839
 419008
 141530
 349491
 439931
 49457
 111368
 335216
 389858
 209375
 286507
 142857
 57945
 21781
 234197
 6079
 212952
 84795
 286906
 428378
 442352
 328910
 49380
 391778
 208325
 117056
 140943
 128353
 78284
 254467
 26080
 200810
 93204
 140202
 428396
 68435
 148967
 196850
 56709
 13298
 261186
 94438
 222982
 357352
 51168
 293939
 32943
 375513
 23809
 427283
 36963
 228238
 15401
 71841
 94822
 84210
 246156
 355663
 250000
 95298
 491233
 134073
 260204
 231355
 313713
 155327
 318307
 257829
 205109
 91150
 315742
 424153
 97484
 147573
 174256
 432478
 383600
 460388
 50222
 112
 457500
 66699
 356523
 341185
 56665
 91052
 93377
 209825
 328977
 263451
 217087
 204199
 480009
 293139
 237424
 189040
 257343
 409522
 471399
 72298
 45944
 369187
 222532
 37142
 43415
 88722
 285215
 327526
 147953
 76379
 24479
 370515
 287915
 205259
 317784
 394449
 300294
 380952
 309871
 189753
 333094
 216849
 368048
 474928
 104746
 43761
 335880
 286915
 244774
 252269
 189864
 54065
 345359
 210453
 104074
 78644
 152939
 493492
 384026
 441295
 126905
 383679
 486039
 395590
 164096
 72728
 54353
 437304
 126036
 380442
 413160
 196341
 196929
 121049
 168359
 410331
 332155
 12615
 325773
 451926
 387513
 472158
 234731
 354995
 299881
 329764
 312462
 290148
 274505
 479864
 58534
 352290
 455202
 394812
 284764
 428946
 125730
 395195
 192607
 154295
 323054
 102036
 334509
 121265
 217819
 86419
 406036
 32252
 264850
 56013
 53533
 342835
 356226
 337308
 141440
 364110
 256804
 24476
 343094
 218750
 378334
 146341
 371395
 343790
 178681
 460538
 34824
 215035
 241806
 437271
 188248
 308562
 460047
 378733
 255403
 345369
 237022
 460957
 291415
 360879
 132596
 3155
 52566
 17372
 368910
 153500
 280569
 336522
 19478
 251357
 92808
 220733
 160000
 334588
 144890
 433245
 428345
 417802
 199229
 274931
 328267
 376390
 437417
 295038
 489665
 409782
 362976
 272457
 83368
 408437
 296830
 3964
 145015
 416851
 141381
 385997
 146643
 405204
 381579
 62821
 131707
 493501
 2217
 367339
 232064
 95996
 137932
 289404
 374529
 475027
 276516
 343412
 193714
 14994
 218250
 269725
 43478
 71545
 101905
 133778
 411392
 400062
 474458
 168444
 310666
 352401
 333333
 373419
 372195
 263736
 387875
 50695
 83815
 37898
 225407
 271477
 205712
 29729
 324907
 45740
 217421
 144571
 283539
 217990
 354768
 256483
 217250
 436411
 176882
 447622
 279983
 441432
 345427
 124373
 8862
 283907
 306329
 478652
 417732
 388682
 342200
 422130
 418814
 106709
 173551
 47628
 440528
 86874
 401179
 313696
 321877
 2685
 486212
 410953
 11445
 141887
 240539
 118645
 398591
 468860
 148304
 492815
 259232
 167539
 200558
 171089
 223853
 447617
 214249
 354545
 84193
 414449
 252521
 388864
 73869
 149309
 166666
 217588
 224884
 488071
 275568
 328729
 60754
 51976
 414077
 37924
 224513
 311651
 227529
 157332
 402719
 388742
 444310
 332528
 374374
 143332
 437420
 402112
 112925
 89161
 253938
 370663
 245378
 282034
 56823
 173367
 372442
 461355
 80943
 175058
 223192
 41569
 305966
 342752
 189377
 125610
 447137
 75320
 266005
 451961
 169339
 249240
 380362
 446888
 198927
 380538
 262523
 55768
 116007
 458544
 23234
 200000
 100421
 217962
 216162
 471534
 66038
 133126
 50377
 228512
 110473
 277617
 443606
 487804
 1179
 324318
 208824
 233081
 58124
 308645
 160772
 41151
 278947
 261879
 190403
 127075
 433183
 128894
 346970
 264573
 275243
 386603
 76415
 59011
 441690
 323327
 297074
 485010
 466456
 71338
 451757
 399490
 134216
 290210
 488003
 180786
 14484
 192729
 140
 377095
 21120
 371480
 264150
 478331
 301818
 293527
 53694
 410461
 441923
 289000
 260542
 326909
 371595
 96396
 113373
 433249
 425348
 350687
 262484
 16990
 128140
 467018
 440982
 167720
 56989
 164500
 25506
 165989
 9724
 5463
 42564
 460621
 395937
 410722
 317440
 394308
 344706
 277749
 91424
 137537
 245746
 472543
 497785
 492810
 407234
 267089
 283702
 331320
 352553
 171162
 224826
 468654
 325564
 65255
 315895
 297216
 279195
 386370
 230044
 35868
 254542
 493669
 77337
 142330
 0
 422239
 434586
 491698
 299999
 87306
 290448
 80604
 285085
 24790
 388993
 148560
 132106
 178094
 28829
 153846
 420881
 59347
 107592
 213697
 375289
 319618
 426575
 387218
 410719
 265614
 190698
 12848
 123593
 240599
 433281
 483271
 285755
 284679
 14637
 54399
 34041
 356542
 297073
 187608
 304279
 82557
 431544
 168047
 89167
 178076
 108053
 94446
 49917
 414881
 133763
 406234
 470157
 373837
 498743
 371980
 472612
 30628
 416467
 170293
 360666
 267497
 423903
 357681
 413907
 452627
 222744
 416461
 92592
 36585
 475026
 125332
 115161
 40756
 101295
 252713
 267804
 34270
 415203
 194310
 36707
 496674
 114830
 152690
 383060
 13130
 187111
 180891
 292944
 122254
 139518
 237738
 443392
 274358
 462641
 356939
 234206
 328469
 460234
 285324
 405301
 211847
 229596
 452973
 201853
 97868
 257592
 386323
 459817
 59664
 293568
 336519
 218120
 249374
 11955
 321849
 31987
 456037
 311995
 278859
 112337
 70527
 395662
 360813
 411764
 301607
 343047
 301233
 189726
 169209
 6112
 229821
 385391
 198445
 80542
 336073
 123641
 176320
 484653
 316875
 215860
 402195
 367039
 453144
 456896
 356962
 428835
 67664
 483048
 137739
 436646
 334005
 252436
 26462
 421259
 27016
 75553
 71729
 452916
 285075
 27182
 107154
 409966
 450352
 371819
 158026
 298624
 197542
 232394
 307162
 177927
 214595
 498841
 257011
 137741
 162748
 458646
 137302
 32604
 280851
 117072
 226376
 291650
 194763
 56034
 208237
 92917
 124459
 450429
 296477
 29860
 144553
 312403
 233739
 198569
 69833
 256097
 49321
 236569
 453347
 232817
 212265
 294275
 193746
 167676
 448492
 193773
 302105
 58060
 111150
 230323
 178150
 426546
 428072
 175027
 316842
 472478
 98462
 337387
 429149
 241075
 51913
 153374
 251053
 291343
 456226
 62856
 323854
 168416
 232369
 168115
 163120
 457234
 203424
 179538
 155145
 342110
 444444
 80380
 212013
 451500
 256544
 109000
 337779
 385179
 154181
 400577
 25101
 288772
 459810
 314636
 486852
 1348
 69773
 403197
 355903
 263643
 5905
 2576
 479915
 424305
 484377
 24054
 337876
 117029
 268455
 140596
 662
 115384
 347740
 127763
 478101
 458718
 142389
 198127
 345411
 43776
 286137
 298117
 31692
 297661
 137458
 35874
 216708
 447973
 107879
 199129
 263228
 470529
 214790
 241026
 387165
 401066
 165595
 358261
 312310
 370656
 91567
 89472
 234727
 354219
 106562
 320559
 434094
 239844
 47560
 457501
 430118
 25361
 146938
 203561
 184326
 469473
 402499
 136679
 363618
 481003
 104756
 434866
 301302
 420553
 496339
 403959
 444743
 106735
 185536
 49759
 4128
 297133
 62604
 488461
 34482
 350132
 421589
 162455
 324020
 338151
 157702
 493065
 104965
 469284
 92977
 184895
 226896
 369888
 227521
 55149
 393004
 179762
 135383
 352017
 280297
 