0
 0
 441
 681
 892
 1466
 2047
 2468
 2705
 2732
 2754
 2993
 3105
 3282
 3492
 3587
 3708
 3856
 4223
 4346
 4731
 5099
 5457
 5691
 6041
 6187
 6390
 6630
 6896
 7128
 7418
 7650
 8059
 8275
 8443
 8750
 9042
 9176
 9392
 9504
 9868
 9899
 10640
 10773
 10877
 11396
 11552
 11627
 11734
 12124
 12275
 12445
 12664
 13077
 13295
 13415
 13611
 13678
 13833
 14173
 14224
 14524
 14660
 14780
 15076
 15128
 15211
 15363
 15407
 15440
 15558
 15702
 15901
 16083
 16283
 16356
 16630
 16820
 17026
 17715
 17879
 18110
 18176
 18470
 19086
 19655
 19756
 20038
 20242
 20400
 20654
 20738
 20821
 20906
 21044
 21168
 21367
 21492
 21616
 21746
 21812
 22117
 22195
 22319
 22422
 22576
 22856
 23172
 23364
 23402
 23730
 23917
 24175
 24297
 24795
 25142
 25473
 25621
 25832
 25907
 25963
 26299
 26593
 27008
 27250
 27368
 27533
 27695
 27903
 27993
 28288
 28532
 28824
 29032
 29302
 29455
 29606
 29697
 29763
 30060
 30152
 30393
 30481
 30888
 32035
 32411
 32755
 32822
 32981
 33671
 33800
 34002
 34185
 34344
 34347
 34506
 34860
 35013
 35483
 35626
 35705
 35744
 35898
 36065
 36334
 36412
 36494
 36618
 36779
 36828
 37154
 38221
 38597
 38679
 38861
 38890
 39226
 39279
 39297
 39458
 39657
 39775
 40035
 40173
 40684
 41034
 41324
 41529
 41608
 41760
 41797
 42128
 42245
 42335
 42484
 42553
 42584
 42855
 43019
 43130
 43252
 43343
 43478
 43630
 43695
 44052
 44292
 44384
 44473
 44545
 44651
 44832
 44937
 45019
 45154
 45587
 46090
 46235
 46365
 46638
 46845
 47059
 47511
 47519
 47611
 48067
 48315
 48532
 48628
 48866
 49102
 49455
 49770
 49861
 49985
 50138
 50305
 50648
 50893
 51577
 51979
 52063
 52136
 52443
 52571
 52829
 52955
 53102
 53324
 53459
 53597
 54024
 54253
 54307
 54445
 54606
 54764
 55080
 55271
 55411
 55605
 55662
 55932
 56325
 56377
 56488
 56994
 57391
 57584
 57692
 57731
 58022
 58213
 58523
 58670
 58700
 59045
 59300
 59392
 59421
 59523
 59544
 59683
 59745
 59884
 60162
 60216
 60263
 60404
 60478
 60523
 60578
 60663
 60784
 61094
 61260
 61406
 61462
 61506
 61572
 61761
 62070
 62168
 62210
 62312
 62345
 62561
 62610
 62810
 63037
 63063
 63224
 63280
 63398
 63721
 63940
 64071
 64210
 64650
 64980
 65217
 65471
 65771
 65869
 65970
 66111
 66148
 66565
 66607
 66871
 67065
 67176
 67474
 67529
 67741
 68158
 68418
 68472
 68834
 69231
 69402
 69713
 69936
 70247
 70422
 70769
 71167
 71300
 71484
 71646
 71662
 71984
 72182
 72453
 72936
 73097
 73659
 73758
 74007
 74301
 74571
 74743
 74925
 75117
 75215
 75421
 75897
 76007
 76156
 76294
 76400
 76426
 76666
 76857
 77047
 77346
 77532
 77557
 77654
 77837
 78104
 78223
 78271
 78545
 78905
 79119
 79152
 79425
 79626
 79676
 79981
 80441
 80639
 80919
 81087
 81280
 81625
 81938
 82156
 82298
 82751
 82811
 82980
 83177
 83240
 83286
 83724
 83843
 84011
 84060
 84164
 84181
 84448
 84493
 84700
 84867
 84942
 85078
 85119
 85298
 85395
 85587
 85888
 86060
 86566
 86632
 86722
 86750
 86994
 87193
 87280
 87401
 87446
 87537
 87606
 87773
 87813
 87890
 88128
 88242
 88475
 88656
 88705
 88953
 89063
 89201
 89392
 89668
 89810
 89970
 90079
 90215
 90568
 90901
 90909
 91119
 91656
 91764
 91962
 92132
 92180
 92303
 92387
 92903
 93225
 93447
 93495
 93623
 93811
 93902
 94021
 94445
 94763
 94992
 95252
 95466
 95963
 96035
 96544
 96725
 96780
 96867
 96948
 97194
 97560
 97839
 97899
 98183
 98426
 98588
 98846
 99217
 99296
 99413
 99894
 100178
 100437
 100502
 100601
 100669
 100836
 100946
 101017
 101029
 101091
 101162
 101485
 101623
 101756
 101917
 102247
 102528
 102618
 102684
 102810
 103321
 103370
 103451
 103500
 103644
 103934
 104015
 104119
 104354
 104695
 104797
 104845
 104975
 105362
 105883
 106010
 106092
 106262
 106494
 106557
 106699
 106974
 107272
 107377
 107598
 107727
 107906
 107962
 108005
 108031
 108539
 108891
 108930
 109109
 109369
 109667
 109716
 110032
 110256
 110379
 110516
 110539
 110628
 110764
 110845
 111276
 111500
 111675
 111861
 112021
 112187
 112242
 112646
 112756
 113149
 113475
 113718
 114004
 114116
 114135
 114360
 114487
 114499
 114762
 115003
 115211
 115529
 115722
 116019
 116084
 116279
 116424
 116712
 117280
 117401
 118095
 118244
 118365
 118508
 118635
 118811
 118953
 119217
 119270
 119847
 120036
 120192
 120353
 120703
 120946
 121111
 121163
 121364
 121971
 122046
 122291
 122302
 122341
 122585
 122627
 122683
 122914
 123003
 123484
 123819
 123858
 124067
 124131
 124417
 124566
 124777
 125035
 125427
 125494
 125899
 126024
 126509
 126765
 127125
 127295
 127315
 127562
 127610
 127737
 128357
 128522
 128645
 128658
 128818
 128847
 128918
 128940
 129607
 129882
 130299
 130389
 130613
 130710
 131040
 131259
 131309
 131522
 131697
 131919
 132064
 132231
 132548
 132630
 132780
 132852
 133050
 133282
 133517
 133799
 133862
 133955
 134101
 134297
 134334
 134552
 134793
 134819
 134931
 135104
 135339
 135559
 136125
 136341
 136375
 136573
 136660
 136961
 137065
 137130
 137299
 137484
 137592
 137784
 138081
 138143
 138366
 138427
 138748
 139038
 139063
 139136
 139305
 139610
 139683
 139936
 140171
 140497
 140649
 140665
 140805
 141032
 141183
 141538
 141600
 141893
 141990
 142132
 142239
 142412
 142570
 142752
 142831
 143242
 143571
 143692
 144354
 144758
 145183
 145195
 145431
 145497
 145561
 145588
 145662
 146086
 146140
 146269
 146855
 147074
 147218
 147291
 147739
 148047
 148283
 148511
 148730
 148908
 149272
 149431
 149482
 149666
 149979
 150105
 150305
 150452
 150475
 150573
 150718
 151016
 151356
 151456
 151522
 151727
 152076
 152317
 152747
 152792
 152950
 153061
 153123
 153434
 153767
 153846
 154115
 154194
 154380
 154531
 154823
 155219
 155373
 156028
 156348
 156862
 156884
 157187
 157352
 157403
 157727
 157781
 157992
 158074
 158300
 158430
 158462
 158906
 159221
 159492
 159769
 159825
 159932
 160269
 160327
 160441
 160760
 160817
 160881
 160903
 161038
 161426
 161553
 161684
 161891
 162162
 162501
 162696
 162866
 163387
 163558
 163690
 163824
 163999
 164321
 164621
 164690
 164853
 164973
 164997
 165216
 165682
 165750
 165757
 165904
 166429
 166666
 166666
 166739
 167085
 167152
 167193
 167324
 167487
 167612
 167860
 167915
 168160
 168291
 168706
 169333
 169421
 169669
 169855
 169932
 170116
 170431
 170588
 170699
 170825
 170938
 170970
 171139
 171235
 171549
 171674
 171740
 171924
 172210
 172273
 172454
 172562
 172612
 172929
 173113
 173267
 173410
 173649
 174135
 174351
 174698
 174749
 174766
 174843
 175060
 175405
 175622
 175951
 176075
 176232
 176353
 176529
 176662
 176839
 176972
 177389
 177411
 177898
 178008
 178168
 178208
 178224
 178638
 178711
 178954
 179142
 179324
 179402
 179472
 179811
 179929
 180045
 180212
 180410
 180451
 180515
 180554
 180722
 181049
 181282
 181531
 181646
 181883
 182074
 182259
 182294
 182582
 182681
 182931
 183563
 183745
 184277
 184381
 184488
 184558
 184667
 184807
 185214
 185385
 185711
 185819
 186143
 186333
 186643
 186710
 186727
 186817
 186899
 187022
 187170
 187287
 187463
 187783
 187963
 188268
 188344
 188482
 188602
 188722
 188932
 189273
 189290
 189385
 189582
 190297
 190488
 190850
 190991
 191192
 191263
 191339
 191529
 191695
 191783
 191842
 191931
 192004
 192234
 192307
 192307
 192424
 192608
 192965
 193042
 193244
 193304
 193487
 193548
 193806
 193870
 194074
 194341
 194515
 194613
 194732
 195161
 195252
 195425
 195511
 195759
 195772
 196199
 196346
 196509
 196573
 196795
 196921
 197003
 197054
 197068
 197423
 197508
 197595
 197775
 197847
 198064
 198195
 198251
 198338
 198382
 198563
 198588
 198799
 198878
 199190
 199594
 199839
 200037
 200176
 200466
 200682
 200758
 200929
 200992
 201057
 201315
 201547
 201809
 201890
 202019
 202223
 202390
 202573
 202738
 203130
 203450
 203531
 203840
 204278
 204949
 205012
 205195
 205421
 205892
 206119
 206302
 206629
 206755
 206849
 207266
 207500
 207676
 207982
 208232
 208385
 209046
 209124
 209203
 209273
 209412
 209462
 209511
 209545
 209748
 210158
 210228
 210322
 210762
 210900
 211010
 211105
 211170
 211494
 211519
 211594
 211640
 211800
 211854
 211965
 212328
 212396
 212659
 212808
 213168
 213555
 213807
 214015
 214540
 214662
 214738
 214784
 214820
 214877
 214949
 215064
 215388
 215573
 215632
 215699
 215828
 215896
 216017
 216503
 216577
 216785
 217110
 217769
 217938
 218438
 218588
 218744
 218871
 219359
 219409
 219750
 219847
 220054
 220235
 220454
 220533
 220690
 220968
 221099
 221279
 221374
 221594
 221720
 221784
 221917
 221937
 222287
 222535
 222544
 222966
 223285
 223360
 223586
 223767
 223931
 224081
 224246
 224297
 224590
 224688
 224733
 224995
 225151
 225343
 225464
 225586
 225939
 226190
 226423
 226639
 227012
 227272
 227735
 227942
 228130
 228432
 228539
 228551
 228646
 228735
 228841
 228994
 229191
 229353
 229645
 229937
 230055
 230286
 230433
 230458
 230542
 230849
 231151
 231237
 231468
 231545
 231810
 232027
 232211
 232314
 232419
 232565
 232854
 233017
 233206
 233439
 233752
 233832
 233992
 234075
 234342
 234384
 234505
 234753
 234886
 235042
 235241
 235452
 235769
 235897
 236273
 236439
 236712
 236735
 237113
 237226
 237366
 237403
 237508
 237793
 237916
 238095
 238109
 238230
 238551
 238645
 238936
 239179
 239308
 239434
 239923
 240078
 240488
 240509
 240950
 241014
 241571
 241741
 241847
 242334
 242526
 242789
 242833
 242933
 243038
 243220
 243325
 243593
 243787
 243871
 243952
 244068
 244248
 244332
 244642
 245169
 245282
 245723
 245896
 245995
 246307
 246515
 246731
 246981
 247017
 247276
 247488
 247568
 247826
 247974
 248085
 248130
 248343
 248678
 249106
 249197
 249386
 249914
 250081
 250549
 250752
 251000
 251323
 251373
 251588
 251928
 251958
 252032
 252391
 252653
 252703
 252848
 252901
 253186
 253338
 253568
 254314
 254497
 254673
 254782
 255304
 255359
 255520
 256140
 256228
 256763
 256777
 257203
 257265
 257436
 257572
 257825
 257940
 258098
 258228
 258392
 258963
 259000
 259142
 259298
 259459
 259564
 259623
 259734
 259978
 260177
 260370
 260422
 260854
 260935
 261194
 261385
 261672
 261791
 262109
 262367
 262560
 262699
 263157
 263159
 263556
 263801
 263907
 264018
 264167
 264450
 264854
 264915
 265117
 265161
 265215
 265391
 265469
 265617
 265917
 265991
 266307
 266383
 266474
 266603
 266933
 267134
 267203
 267389
 267445
 267545
 268131
 268359
 268417
 268664
 268814
 268958
 269031
 269167
 269443
 269513
 269628
 269747
 269895
 269964
 270384
 270679
 270823
 270933
 271282
 271446
 271470
 271734
 272189
 272251
 272619
 272939
 273140
 273645
 273977
 274116
 274145
 274279
 274703
 274921
 275002
 275165
 275429
 275542
 275813
 276018
 276302
 276397
 276595
 276884
 277105
 277480
 277749
 277986
 278413
 278631
 278744
 279013
 279316
 279463
 279632
 279672
 279767
 280016
 280311
 280542
 280771
 280983
 281084
 281110
 281609
 281629
 281847
 282047
 282510
 282586
 282985
 283291
 283531
 283868
 284103
 284379
 284513
 284587
 284712
 284808
 285031
 285245
 285376
 285384
 285424
 285488
 285567
 285714
 285908
 286017
 286177
 286656
 287105
 287149
 287230
 287671
 287884
 287988
 288034
 288261
 288390
 288594
 288689
 289024
 289257
 289365
 289469
 289775
 289941
 290043
 290138
 290369
 290813
 291146
 291368
 291861
 292006
 292245
 292370
 292508
 292857
 293189
 293365
 293650
 293964
 294140
 294281
 294416
 294935
 295313
 295755
 295939
 296133
 296629
 296738
 296865
 297416
 298110
 298228
 298824
 298941
 299217
 299479
 299637
 299725
 299921
 300044
 300417
 300539
 300650
 300745
 300886
 301112
 301203
 301433
 301444
 301459
 301717
 301791
 302117
 302186
 302214
 302265
 302593
 302905
 302970
 303516
 303642
 303829
 304108
 304207
 304305
 304878
 305036
 305475
 305668
 305754
 305851
 306144
 306297
 306433
 306689
 306930
 307020
 307076
 307462
 307935
 308200
 308313
 308536
 308735
 308764
 309116
 309177
 309244
 309317
 309418
 309590
 309734
 309791
 310027
 310403
 310841
 311256
 311502
 311618
 311839
 312042
 312415
 312428
 312564
 312839
 312933
 313010
 313236
 313263
 313322
 313456
 313512
 313850
 313967
 314568
 314953
 314992
 315201
 315603
 315814
 316028
 316108
 316242
 316326
 316711
 316766
 317017
 317301
 317582
 317708
 317846
 318047
 318181
 318317
 318432
 318686
 318944
 319191
 319270
 319628
 319745
 320025
 320036
 320255
 320427
 320714
 321102
 321596
 321719
 321839
 321885
 322255
 322396
 322559
 322691
 322832
 322944
 323304
 323420
 323546
 323693
 324239
 324491
 324785
 324880
 324946
 325207
 325599
 326053
 326145
 326438
 326517
 326710
 326849
 327326
 327643
 327805
 327921
 328198
 328463
 328710
 329031
 329284
 329332
 329406
 329564
 329600
 329880
 329938
 330478
 330665
 330666
 330750
 330823
 330911
 331058
 331297
 331312
 331338
 331470
 331550
 331991
 332083
 332320
 332763
 333343
 333680
 334119
 334256
 334302
 334451
 334812
 334969
 335094
 335160
 335416
 335867
 336073
 336089
 336165
 336274
 336638
 336890
 337188
 337223
 337525
 337859
 337919
 338111
 338536
 338912
 339244
 339397
 339506
 339561
 339734
 339823
 339947
 340243
 340489
 340565
 340764
 340780
 341036
 341219
 341564
 341815
 341887
 341970
 342191
 342584
 342818
 343292
 343525
 343631
 343731
 343904
 344039
 344120
 344338
 344622
 344629
 344805
 345080
 345121
 345430
 345590
 345843
 346072
 346245
 346387
 346520
 346692
 346732
 347110
 347296
 347582
 347823
 347894
 347909
 347981
 348095
 348359
 348817
 349060
 349137
 349550
 349921
 350078
 350087
 350581
 350661
 350889
 351449
 351779
 351910
 352069
 352503
 352657
 352754
 353097
 353182
 353248
 353636
 353695
 353815
 353876
 353954
 354336
 354626
 354665
 354805
 355082
 355151
 355598
 356462
 356592
 356637
 356753
 357040
 357121
 357289
 357566
 357727
 357941
 358271
 358435
 358763
 359005
 359065
 359459
 359689
 359752
 359890
 360012
 360179
 360231
 360327
 360465
 360904
 361066
 361165
 361200
 361469
 361521
 361680
 361772
 361962
 362068
 362525
 362825
 362930
 363161
 363347
 363454
 363636
 363874
 363978
 364050
 364349
 364634
 364731
 364990
 365859
 366102
 366412
 366496
 366979
 367108
 367163
 367299
 367491
 367607
 367750
 368008
 368059
 368421
 368565
 368882
 369173
 369346
 369460
 369536
 369936
 370060
 370100
 370131
 370235
 370646
 370838
 370937
 371010
 371431
 371462
 371535
 371640
 372114
 372298
 372374
 372420
 372577
 372971
 373421
 374020
 374342
 374694
 374894
 374912
 375000
 375277
 375757
 375830
 376069
 376169
 376197
 376345
 376542
 376644
 376744
 376898
 377018
 377202
 377506
 377674
 377804
 377894
 378045
 378676
 378950
 379101
 379565
 379618
 379787
 380106
 380345
 380740
 380890
 380905
 381386
 381426
 381574
 381660
 381993
 382293
 382352
 382518
 382697
 382825
 383333
 383458
 383944
 384147
 384318
 384482
 384485
 384572
 384708
 385167
 385572
 385744
 385920
 386037
 386443
 386548
 386948
 387088
 387557
 387739
 388027
 388411
 388542
 388590
 388688
 388990
 389142
 389414
 389447
 389558
 389861
 390156
 390263
 390363
 390507
 390826
 391555
 392042
 392104
 392312
 392670
 392870
 393178
 393355
 393518
 393640
 393727
 393870
 393949
 394860
 394976
 395115
 395469
 395494
 395607
 395705
 395908
 396093
 396307
 396630
 396801
 396958
 396983
 397185
 397301
 397322
 397643
 397788
 398177
 398407
 398483
 398729
 398759
 398988
 399068
 399284
 399684
 400000
 400129
 400260
 400320
 400574
 400779
 400943
 401101
 401302
 401621
 401819
 402006
 402086
 402625
 402777
 403135
 403464
 403524
 403623
 404022
 404315
 404759
 405048
 405220
 405405
 405599
 405725
 405754
 405852
 405882
 406154
 406293
 406589
 406824
 406927
 407571
 407705
 407900
 408356
 408550
 408730
 408807
 408865
 409020
 409482
 409741
 409967
 410181
 410238
 410360
 410587
 411058
 411125
 411412
 411463
 411895
 412040
 412518
 412756
 412991
 413323
 413438
 413711
 414007
 414127
 414237
 414356
 414424
 414642
 414749
 414863
 415034
 415255
 415331
 415527
 415860
 415991
 416195
 416265
 416908
 417124
 417202
 417338
 417660
 417933
 418055
 418141
 418430
 418515
 418696
 419003
 419087
 419243
 419680
 419799
 420017
 420087
 420415
 420473
 420844
 421052
 421088
 421415
 421631
 421785
 421920
 422122
 422337
 422463
 422511
 422528
 422824
 423147
 423755
 423856
 424024
 424479
 424528
 424778
 424844
 425125
 425196
 425643
 425728
 425759
 425929
 426174
 426372
 426488
 426861
 426995
 427072
 427173
 427303
 427461
 427523
 427757
 427925
 428015
 428055
 428272
 428332
 428571
 428762
 428799
 429077
 429205
 429349
 429609
 429792
 429829
 429900
 430045
 430207
 430340
 430680
 430713
 430907
 431107
 431288
 431406
 431658
 431823
 431871
 431968
 432124
 432469
 432517
 432850
 433333
 433742
 433870
 434052
 434231
 434417
 434460
 434670
 435101
 435240
 435797
 436049
 436206
 436250
 436329
 436482
 436760
 436918
 437546
 437595
 437879
 438150
 438297
 438430
 438722
 438800
 438947
 439080
 439194
 439420
 439468
 439579
 439663
 439708
 439791
 440229
 440387
 440598
 440803
 441163
 441411
 441857
 442212
 442242
 442402
 442448
 442692
 443143
 443604
 443707
 443811
 443894
 444048
 444270
 444534
 444656
 444688
 444727
 444849
 445313
 445539
 445738
 446007
 446078
 446146
 446162
 446289
 446524
 446769
 446830
 447289
 447540
 447752
 447947
 448137
 448248
 448373
 448460
 449083
 449217
 449811
 449953
 450262
 450490
 450664
 450805
 451466
 451658
 451990
 452256
 452528
 452906
 452982
 453158
 453255
 453366
 453561
 453791
 454041
 454425
 454673
 455121
 455252
 455359
 455600
 455744
 455986
 456302
 456369
 456475
 456732
 456907
 457049
 457129
 457200
 458075
 458221
 458306
 458378
 458494
 458891
 458993
 459255
 459355
 459668
 459709
 459861
 459971
 460317
 460502
 461059
 461312
 461392
 461538
 461575
 461666
 461780
 461908
 462070
 462142
 462383
 462468
 462475
 462523
 462640
 463081
 463222
 463496
 463595
 463726
 463954
 464486
 464674
 464960
 465321
 465576
 465811
 466274
 466560
 466700
 466924
 467161
 467466
 467545
 467782
 467873
 467908
 468087
 468172
 468401
 468473
 468668
 468861
 468987
 469110
 469289
 469466
 469565
 469642
 469803
 469981
 470373
 470663
 470886
 470917
 471084
 471298
 471362
 471498
 471628
 471774
 471923
 472253
 472327
 472508
 472878
 472910
 473321
 473526
 473776
 473985
 474380
 474633
 474820
 474957
 475014
 475162
 475462
 475675
 475767
 475842
 476072
 476190
 476613
 477128
 477956
 478016
 478072
 478270
 478354
 478452
 478594
 478622
 478711
 478829
 479144
 479160
 479262
 479437
 479509
 479605
 479628
 479843
 479940
 480127
 480449
 480554
 481188
 481374
 481404
 481520
 481572
 481699
 481867
 482012
 482404
 482606
 482908
 483240
 483375
 483437
 483508
 483582
 483708
 484011
 484429
 484663
 484942
 485194
 485286
 485496
 485572
 485623
 485692
 485793
 485817
 485868
 485919
 486251
 486913
 487394
 487730
 487973
 488138
 488480
 488648
 488775
 488882
 488914
 489101
 489272
 489458
 489510
 489576
 489761
 490022
 490522
 490584
 490728
 490822
 490934
 491362
 491580
 491789
 491804
 492052
 492314
 492711
 492764
 492820
 492888
 492905
 493162
 493323
 493567
 493863
 494084
 494588
 494769
 494818
 495014
 495650
 495945
 496031
 496278
 496379
 496474
 496520
 496899
 497007
 497155
 497241
 497503
 497878
 497944
 498489
 499029
 499234
 499451
 499672
 499715
 499729
 499672
 499668
 499245
 499029
 499007
 498196
 497918
 497764
 497343
 497220
 497137
 496976
 496653
 496488
 496434
 496297
 496267
 495953
 495840
 495370
 494999
 494771
 494728
 494119
 493882
 493808
 493346
 493227
 492990
 492896
 492852
 492816
 492759
 492537
 492151
 491931
 491795
 491711
 491494
 491109
 490857
 490775
 490704
 490527
 490509
 489795
 489693
 489549
 489509
 489440
 489172
 489071
 488904
 488830
 488753
 488608
 488354
 488069
 487832
 487673
 487364
 486410
 485998
 485912
 485832
 485801
 485779
 485624
 485574
 485543
 485468
 485258
 485056
 484846
 484651
 484202
 483949
 483622
 483516
 483480
 483388
 483352
 482998
 482768
 482564
 482064
 481995
 481862
 481607
 481565
 481422
 481385
 481368
 480995
 480519
 480226
 480013
 479894
 479634
 479611
 479523
 479478
 479424
 479228
 479155
 479132
 478723
 478632
 478620
 478554
 478390
 478296
 478260
 478021
 477963
 477228
 476982
 476298
 476099
 476002
 475800
 475737
 475466
 475170
 475142
 474969
 474880
 474665
 474475
 474096
 473829
 473610
 473510
 473321
 472899
 472509
 472400
 472322
 472227
 471795
 471720
 471602
 471466
 471343
 471193
 470953
 470907
 470715
 470542
 470255
 469916
 469705
 469597
 469482
 469319
 469149
 469044
 468972
 468833
 468493
 468463
 468348
 468109
 468023
 467883
 467792
 467579
 467470
 467358
 467126
 466813
 466659
 466340
 465970
 465793
 465567
 465181
 464748
 464600
 464221
 463922
 463599
 463571
 463392
 463213
 462816
 462563
 462522
 462475
 462426
 462352
 462077
 461967
 461860
 461712
 461663
 461573
 461432
 461346
 461128
 460938
 460498
 460090
 459890
 459815
 459707
 459436
 459340
 459016
 458931
 458564
 458466
 458320
 458287
 458106
 457295
 457132
 457078
 456998
 456744
 456591
 456383
 456312
 456146
 455751
 455601
 455592
 455281
 455200
 454894
 454535
 454314
 453827
 453720
 453374
 453288
 453197
 453045
 452967
 452837
 452272
 452210
 451824
 451545
 451086
 450693
 450515
 450390
 450058
 449833
 449564
 449212
 448810
 448439
 448291
 448222
 447958
 447912
 447595
 447301
 447248
 446770
 446542
 446354
 446218
 446153
 446132
 446044
 445945
 445607
 445434
 445186
 444803
 444700
 444678
 444565
 444321
 444207
 443978
 443886
 443725
 443683
 443231
 442874
 442455
 442447
 442337
 442216
 441969
 441518
 441356
 440853
 440715
 440390
 440298
 440193
 439783
 439682
 439646
 439511
 439444
 439418
 439135
 439022
 438814
 438724
 438644
 438347
 438219
 438022
 437837
 437591
 437537
 436777
 436650
 436366
 436266
 436224
 436108
 435912
 435327
 435175
 434815
 434632
 434426
 434309
 434079
 433962
 433862
 433560
 432876
 432751
 432486
 432177
 432085
 431887
 431838
 431771
 431584
 431336
 431197
 431089
 430817
 430691
 430638
 430327
 430049
 430036
 429894
 429827
 429774
 429538
 429339
 429186
 429020
 428796
 428663
 428398
 428323
 428254
 428044
 428000
 427792
 427656
 427516
 427425
 427243
 427108
 427064
 426973
 426746
 426405
 426327
 425977
 425818
 425745
 425685
 425393
 425162
 425076
 424831
 424570
 424520
 424247
 423944
 423815
 423608
 423098
 422635
 422523
 422468
 422384
 422134
 422087
 421897
 421731
 421572
 421344
 421052
 420878
 420708
 420437
 420293
 420022
 419856
 419728
 419354
 419092
 419010
 418760
 418675
 418436
 418283
 418083
 418000
 417790
 417474
 417251
 417189
 417086
 416796
 416250
 416173
 415903
 415730
 415465
 415274
 415105
 415009
 414792
 414719
 414522
 414417
 414344
 414152
 414090
 413934
 413613
 413346
 413123
 412800
 412641
 412114
 412019
 411772
 411453
 411135
 411115
 410774
 410457
 410282
 410221
 410149
 409836
 409607
 409151
 408930
 408826
 408773
 408628
 408461
 408346
 407728
 407697
 407026
 406890
 406746
 406334
 406160
 405999
 405869
 405851
 405737
 405664
 405531
 405303
 405188
 404804
 404580
 404104
 403750
 403551
 403467
 403336
 403121
 402675
 402601
 402068
 401932
 401764
 401505
 401147
 400972
 400846
 400690
 400366
 400293
 400181
 400113
 399999
 399427
 399218
 399043
 398956
 398756
 398688
 398410
 398223
 397962
 397700
 397391
 397301
 397291
 397079
 396966
 396821
 396768
 396486
 396157
 396057
 395741
 395619
 395565
 395484
 395197
 395003
 394930
 394626
 393939
 393847
 393676
 393584
 393361
 393203
 392947
 392734
 392637
 392249
 392056
 391663
 391261
 390774
 390458
 390309
 390221
 389929
 389822
 389468
 389439
 389403
 389077
 388874
 388612
 388566
 388423
 388225
 387934
 387625
 387423
 386999
 386685
 386460
 386052
 386014
 385889
 385663
 385360
 384905
 384655
 384555
 384484
 384338
 384210
 384044
 383555
 383432
 383046
 382740
 382630
 382465
 382295
 382096
 381821
 381644
 381433
 381421
 380947
 380897
 380850
 380547
 380132
 380000
 379678
 379601
 379404
 378991
 378812
 378658
 377986
 377814
 377727
 377569
 377277
 377089
 377005
 376849
 376722
 376591
 376523
 376198
 376180
 376144
 375901
 375811
 375721
 375031
 374979
 374896
 374889
 374654
 374185
 373542
 373310
 372867
 372552
 372396
 372365
 372278
 372045
 371571
 371511
 371435
 371037
 370985
 370858
 370807
 370605
 370155
 370119
 370091
 369975
 369614
 369493
 369429
 369297
 369052
 368843
 368480
 368306
 368047
 367820
 367730
 367552
 367435
 367296
 367158
 367040
 366712
 366480
 366374
 365950
 365344
 364908
 364685
 364547
 364233
 364047
 363914
 363715
 363521
 363446
 363203
 363032
 362832
 362624
 362408
 362066
 361853
 361749
 361571
 361501
 361254
 361167
 361147
 360919
 360824
 360357
 360238
 360219
 360153
 359890
 359825
 359724
 359477
 359205
 359064
 359004
 358490
 358276
 358157
 357864
 357622
 357290
 357142
 357111
 357007
 356749
 356592
 356576
 356236
 355385
 355130
 355069
 354733
 354656
 354529
 354217
 353889
 353866
 353772
 353681
 353302
 353218
 353114
 352892
 352713
 352534
 352484
 351961
 351843
 351754
 350920
 350692
 350628
 350562
 350085
 349952
 349723
 349206
 349074
 348907
 348708
 348158
 348017
 347951
 347906
 347826
 347785
 347440
 347215
 346790
 346726
 346617
 346409
 346340
 346106
 345849
 345762
 345509
 345269
 345081
 344913
 344792
 344627
 344505
 344170
 344109
 343954
 343778
 343654
 343586
 343419
 343116
 342808
 342330
 342026
 341896
 341885
 341696
 341341
 341116
 340958
 340776
 340607
 340560
 340253
 340168
 339873
 339816
 339712
 339522
 339502
 339387
 338991
 338593
 338202
 338044
 337884
 337562
 337310
 337209
 337035
 336767
 336498
 336265
 336134
 336077
 336064
 335591
 335218
 335137
 335035
 334853
 334582
 334366
 334284
 334240
 333880
 333375
 332820
 332395
 332309
 332037
 331689
 331529
 331356
 331329
 331306
 331210
 330932
 330849
 330819
 330719
 330665
 330588
 330331
 329915
 329653
 329579
 329545
 329405
 329291
 329044
 328726
 328655
 328205
 328160
 327883
 327656
 327504
 326980
 326711
 326611
 326480
 326230
 326069
 325916
 325472
 324988
 324890
 324800
 324561
 324282
 324137
 323613
 323421
 323328
 323116
 322841
 322757
 322596
 322399
 322269
 321951
 321878
 321780
 321599
 321417
 320813
 320690
 320300
 320182
 320032
 319874
 319713
 319515
 319224
 318993
 318727
 318593
 318385
 318287
 318063
 317911
 317830
 317669
 317515
 317087
 316959
 316738
 316434
 316244
 316109
 316075
 315908
 315789
 315229
 315199
 314960
 314754
 314445
 313873
 313588
 313466
 313381
 313272
 313242
 313162
 312978
 312855
 312701
 312465
 312420
 312178
 311902
 311652
 311520
 311475
 310935
 310477
 310361
 309877
 309789
 309681
 309469
 309399
 309267
 309194
 309133
 308916
 308740
 308581
 308404
 308256
 308077
 307601
 307144
 307063
 307017
 306892
 306683
 306302
 306163
 306122
 305788
 305709
 305570
 305126
 304891
 304550
 304232
 304175
 303851
 303669
 303576
 303041
 302959
 302902
 302541
 302257
 302200
 302158
 301901
 301756
 301650
 301449
 301439
 301205
 301188
 301095
 300838
 300723
 300632
 300450
 300201
 300041
 299822
 299716
 299500
 299404
 299082
 298938
 298820
 298196
 297441
 296970
 296841
 296668
 296489
 296061
 295828
 295669
 294972
 294642
 294330
 294155
 294104
 293719
 293629
 293333
 292914
 292768
 292461
 292349
 292105
 291863
 291565
 291201
 291002
 290588
 290270
 290063
 289950
 289869
 289577
 289434
 289289
 289252
 288906
 288622
 288490
 288267
 288135
 288002
 287916
 287714
 287474
 287162
 287112
 286666
 286429
 286078
 285966
 285767
 285644
 285509
 285447
 285410
 285381
 285352
 285151
 284829
 284773
 284597
 284530
 284407
 284331
 284099
 283717
 283498
 283108
 282682
 282523
 282208
 281988
 281797
 281623
 281341
 281104
 281071
 280925
 280574
 280487
 280113
 279844
 279691
 279655
 279626
 279438
 279102
 279011
 278730
 278587
 278313
 277777
 277703
 277171
 276978
 276707
 276491
 276328
 276292
 275891
 275690
 275526
 275171
 275112
 274924
 274706
 274343
 274239
 274117
 274108
 273674
 273363
 273012
 272676
 272255
 272230
 271826
 271491
 271452
 271443
 271053
 270908
 270720
 270418
 270055
 269911
 269772
 269691
 269516
 269460
 269409
 269068
 268990
 268845
 268746
 268421
 268390
 268242
 267732
 267459
 267396
 267379
 267158
 267015
 266609
 266578
 266385
 266345
 266143
 265964
 265853
 265497
 265403
 265285
 265214
 265121
 265057
 264868
 264705
 264448
 264125
 263986
 263888
 263662
 263301
 263157
 262953
 262582
 262542
 262252
 261898
 261750
 261394
 261259
 261003
 260874
 260573
 260414
 260361
 260158
 259862
 259641
 259579
 259494
 259319
 259189
 259121
 258964
 258519
 258389
 258137
 258089
 257837
 257676
 257479
 257323
 257230
 257108
 256765
 256467
 256216
 255656
 255439
 255333
 254968
 254744
 254575
 254339
 254074
 253389
 253303
 253099
 252876
 252716
 252702
 252403
 252136
 251975
 251953
 251844
 251458
 251345
 251103
 250956
 250704
 250083
 250017
 249624
 249337
 249136
 248863
 248467
 248274
 248087
 247997
 247967
 247814
 247491
 247362
 247213
 246986
 246853
 246517
 246414
 246056
 245902
 245780
 245451
 245280
 244860
 244366
 244286
 244204
 244039
 243929
 243831
 243649
 243363
 243257
 243207
 242966
 242933
 242821
 242699
 242368
 242147
 241747
 241735
 241045
 241012
 240629
 240503
 240134
 240041
 239897
 239366
 239282
 239169
 238670
 238644
 238243
 238207
 238102
 238051
 237798
 237757
 237404
 237383
 237289
 237127
 237085
 236730
 236582
 236363
 235929
 235849
 235591
 235413
 235103
 234994
 234814
 234730
 234480
 234370
 234177
 234052
 233861
 233758
 233683
 233369
 233131
 232982
 232594
 232542
 232372
 232247
 232157
 231958
 231579
 231484
 231346
 231173
 230978
 230573
 230519
 230454
 230344
 230168
 229954
 229715
 229426
 229228
 229111
 228898
 228840
 228719
 228642
 228547
 228528
 228262
 227947
 227825
 227687
 227172
 226743
 226451
 226350
 226000
 225656
 225472
 225462
 225157
 225105
 224983
 224707
 224677
 224528
 224274
 224220
 223969
 223834
 223588
 223455
 223346
 223284
 222573
 222543
 222363
 222154
 221927
 221864
 221772
 221640
 221450
 221311
 221124
 221087
 220939
 220679
 220481
 220287
 220195
 219884
 219776
 219660
 219393
 219075
 218750
 218665
 218553
 218433
 217780
 217337
 217040
 216651
 216521
 216180
 215921
 215869
 215744
 215664
 215604
 215477
 215089
 215029
 214887
 214823
 214805
 214774
 214715
 214558
 214452
 213995
 213797
 213380
 212962
 212742
 212642
 212389
 212012
 211960
 211811
 211715
 211629
 211535
 211508
 211171
 211141
 211088
 210910
 210784
 210373
 210249
 210194
 210081
 209730
 209522
 209502
 209459
 209311
 209205
 209147
 209116
 208745
 208245
 208119
 207779
 207569
 207484
 207198
 206825
 206676
 206539
 206143
 206095
 205605
 205392
 205022
 204980
 204322
 203957
 203750
 203510
 203274
 203029
 202671
 202537
 202384
 202099
 201965
 201826
 201634
 201438
 201150
 201028
 200980
 200859
 200747
 200538
 200435
 200118
 199940
 199780
 199493
 199095
 198853
 198734
 198571
 198502
 198380
 198286
 198233
 198162
 197871
 197776
 197747
 197577
 197494
 197416
 197059
 197011
 196948
 196800
 196795
 196515
 196508
 196330
 195936
 195769
 195533
 195467
 195403
 195243
 194843
 194726
 194548
 194439
 194271
 193981
 193830
 193626
 193515
 193476
 193246
 193077
 192976
 192758
 192504
 192414
 192307
 192240
 192182
 191980
 191881
 191840
 191710
 191531
 191523
 191297
 191261
 191190
 190913
 190719
 190421
 189889
 189531
 189309
 189287
 188987
 188797
 188708
 188599
 188366
 188300
 188238
 187898
 187571
 187420
 187235
 187093
 186967
 186819
 186784
 186721
 186645
 186622
 186255
 186086
 185761
 185484
 185378
 185082
 184753
 184622
 184504
 184390
 184368
 184210
 183615
 183554
 182751
 182664
 182559
 182261
 182222
 182051
 181749
 181571
 181313
 181125
 181043
 180631
 180520
 180476
 180420
 180252
 180079
 179947
 179908
 179717
 179448
 179375
 179299
 179002
 178792
 178688
 178541
 178210
 178181
 178068
 177938
 177481
 177409
 177353
 176917
 176724
 176534
 176462
 176283
 176205
 176005
 175703
 175539
 175395
 174897
 174826
 174757
 174738
 174540
 174184
 173820
 173442
 173353
 173228
 173081
 172621
 172563
 172527
 172318
 172245
 172103
 171809
 171720
 171662
 171540
 171202
 170999
 170954
 170847
 170748
 170674
 170474
 170183
 170018
 169909
 169756
 169445
 169383
 169002
 168587
 168263
 168077
 167882
 167680
 167567
 167326
 167319
 167185
 167144
 166981
 166728
 166666
 166581
 166379
 165856
 165752
 165721
 165269
 165175
 164992
 164855
 164824
 164634
 164579
 164293
 163953
 163753
 163619
 163528
 163021
 162771
 162593
 162415
 162071
 161699
 161664
 161490
 161051
 160940
 160890
 160863
 160784
 160589
 160347
 160298
 159999
 159851
 159805
 159508
 159449
 159072
 158511
 158451
 158356
 158249
 158012
 157825
 157779
 157519
 157354
 157189
 157159
 156862
 156726
 156058
 156028
 155284
 154867
 154705
 154467
 154268
 154138
 154081
 153799
 153438
 153140
 153075
 152979
 152940
 152789
 152542
 152271
 151788
 151711
 151472
 151363
 151018
 150920
 150677
 150490
 150475
 150435
 150273
 150008
 149911
 149554
 149463
 149276
 149081
 148829
 148559
 148503
 148239
 147794
 147416
 147272
 147082
 146977
 146309
 146163
 146118
 146070
 145633
 145564
 145519
 145494
 145294
 145188
 144933
 144506
 144225
 143620
 143336
 142989
 142779
 142667
 142511
 142276
 142197
 142071
 141902
 141871
 141566
 141497
 141166
 140906
 140747
 140661
 140642
 140283
 139984
 139800
 139648
 139410
 139242
 139072
 139055
 138930
 138489
 138378
 138330
 138129
 137855
 137649
 137528
 137474
 137196
 137126
 137038
 136837
 136651
 136498
 136363
 136135
 136088
 135430
 135209
 135043
 134843
 134797
 134573
 134417
 134302
 134223
 134069
 133933
 133808
 133681
 133429
 133147
 132861
 132838
 132717
 132611
 132501
 132075
 131949
 131858
 131681
 131369
 131297
 131090
 130902
 130664
 130555
 130305
 130164
 129681
 129311
 128923
 128883
 128830
 128794
 128653
 128543
 128482
 127985
 127701
 127602
 127442
 127302
 127167
 126937
 126658
 126420
 126015
 125596
 125472
 125129
 125000
 124645
 124470
 124402
 124116
 123931
 123835
 123595
 123221
 122983
 122755
 122653
 122607
 122369
 122304
 122294
 122197
 121973
 121558
 121212
 121115
 120993
 120850
 120512
 120240
 120111
 119934
 119358
 119232
 119193
 118951
 118673
 118608
 118500
 118297
 118192
 117989
 117353
 117200
 116559
 116317
 116249
 116073
 115879
 115549
 115479
 115109
 114965
 114558
 114497
 114373
 114183
 114128
 114024
 113930
 113627
 113397
 112848
 112731
 112608
 112220
 112075
 112013
 111754
 111673
 111339
 111092
 110805
 110703
 110626
 110518
 110429
 110333
 110113
 109843
 109708
 109551
 109308
 109024
 108919
 108684
 108516
 108006
 107984
 107920
 107837
 107651
 107391
 107328
 107121
 106761
 106587
 106508
 106493
 106112
 106035
 105985
 105398
 105061
 104914
 104817
 104729
 104599
 104228
 104094
 103941
 103707
 103606
 103493
 103437
 103370
 103181
 102691
 102623
 102583
 102383
 102076
 101911
 101703
 101570
 101356
 101145
 101040
 101018
 101015
 100845
 100740
 100618
 100577
 100490
 100362
 99898
 99767
 99390
 99223
 98965
 98770
 98436
 98388
 97911
 97857
 97826
 97205
 97091
 96895
 96834
 96730
 96663
 96279
 96018
 95496
 95446
 95078
 94798
 94523
 94117
 93933
 93878
 93633
 93538
 93470
 93399
 93140
 92592
 92343
 92240
 92148
 92077
 91807
 91706
 91356
 91022
 90904
 90816
 90325
 90148
 89986
 89969
 89774
 89392
 89277
 89132
 89026
 88795
 88666
 88557
 88337
 88155
 88012
 87884
 87782
 87618
 87574
 87479
 87411
 87371
 87234
 87113
 86988
 86730
 86716
 86628
 86243
 85903
 85845
 85521
 85365
 85229
 85092
 85013
 84926
 84791
 84674
 84490
 84294
 84174
 84143
 84021
 83909
 83805
 83403
 83267
 83237
 83034
 82941
 82769
 82500
 82251
 82062
 81884
 81521
 81132
 81076
 80782
 80573
 80226
 79879
 79670
 79619
 79278
 79137
 79024
 78686
 78418
 78249
 78134
 77903
 77739
 77565
 77540
 77411
 77074
 76869
 76683
 76559
 76420
 76387
 76159
 76126
 75968
 75808
 75419
 75170
 75086
 74867
 74628
 74400
 74295
 73804
 73679
 73587
 73073
 72616
 72358
 72093
 71912
 71658
 71595
 71370
 71248
 70902
 70690
 70262
 70089
 69875
 69519
 69316
 68946
 68796
 68465
 68370
 67811
 67571
 67525
 67307
 67134
 66887
 66847
 66572
 66502
 66122
 66033
 65896
 65864
 65548
 65357
 65209
 64913
 64406
 64149
 64064
 63781
 63631
 63318
 63261
 63182
 63046
 63025
 62694
 62599
 62469
 62322
 62298
 62205
 62135
 61895
 61728
 61561
 61505
 61452
 61390
 61189
 61078
 60720
 60581
 60531
 60479
 60444
 60380
 60227
 60193
 59926
 59789
 59704
 59581
 59523
 59512
 59418
 59310
 59161
 58823
 58690
 58534
 58360
 58166
 57986
 57717
 57668
 57532
 57228
 56603
 56453
 56376
 56092
 55818
 55651
 55457
 55368
 55098
 54789
 54620
 54509
 54321
 54281
 54216
 53693
 53549
 53405
 53109
 53047
 52915
 52631
 52465
 52326
 52120
 51988
 51618
 51322
 50759
 50632
 50168
 50055
 49970
 49789
 49618
 49220
 48869
 48635
 48602
 48437
 48135
 47889
 47590
 47517
 47447
 47042
 46806
 46421
 46251
 46174
 45711
 45164
 45132
 45017
 44896
 44790
 44595
 44543
 44428
 44363
 44204
 43904
 43660
 43593
 43454
 43264
 43219
 43055
 42986
 42652
 42561
 42519
 42356
 42326
 42180
 41838
 41767
 41682
 41567
 41461
 41284
 40750
 40401
 40138
 40012
 39714
 39525
 39393
 39292
 39255
 39054
 38871
 38828
 38650
 38439
 37517
 36934
 36789
 36635
 36577
 36419
 36405
 36142
 36021
 35846
 35740
 35686
 35544
 35460
 34934
 34604
 34487
 34345
 34231
 34162
 33907
 33711
 33014
 32913
 32816
 32503
 32394
 31841
 30565
 30440
 30234
 30140
 29820
 29723
 29688
 29535
 29407
 29260
 28838
 28606
 28354
 28149
 27934
 27881
 27639
 27480
 27283
 27076
 26814
 26406
 26252
 25939
 25857
 25821
 25528
 25358
 24848
 24394
 24221
 24170
 23814
 23604
 23384
 23268
 23119
 22639
 22547
 22345
 22292
 22128
 22056
 21784
 21691
 21530
 21448
 21269
 21154
 20928
 20867
 20741
 20734
 20653
 20372
 20216
 19759
 19718
 19321
 18992
 18176
 18167
 18012
 17858
 17412
 16897
 16791
 16576
 16300
 16243
 15990
 15749
 15570
 15544
 15408
 15396
 15327
 15210
 15122
 15061
 14662
 14554
 14421
 14200
 14168
 13742
 13633
 13504
 13353
 13242
 12820
 12474
 12382
 12208
 11785
 11685
 11575
 11420
 10928
 10876
 10653
 10133
 9896
 9743
 9426
 9177
 9107
 8981
 8542
 8303
 8248
 7835
 7474
 7304
 7019
 6814
 6618
 6308
 6071
 6023
 5582
 5178
 4814
 4542
 4323
 4137
 3827
 3665
 3536
 3334
 3247
 3010
 2867
 2754
 2706
 2611
 2136
 1746
 1325
 821
 593
 422
 0
 0
 0
 