9
 22
 65
 103
 235
 253
 269
 380
 412
 471
 558
 650
 728
 753
 1243
 1348
 1545
 1549
 1551
 1667
 1750
 1754
 1791
 1794
 1951
 1989
 2193
 2279
 2298
 2358
 2380
 2439
 2440
 2487
 2687
 3039
 3047
 3085
 3152
 3205
 3208
 3400
 3404
 3405
 3425
 3431
 3530
 3621
 3750
 3812
 3820
 3953
 3968
 4122
 4200
 4221
 4392
 4444
 4522
 4875
 4994
 5201
 5263
 5594
 5843
 5901
 6000
 6021
 6286
 6474
 6486
 6629
 6674
 6887
 6954
 6961
 7052
 7186
 7254
 7309
 7449
 7463
 7587
 7688
 7832
 7876
 7931
 8251
 8333
 8362
 8384
 8591
 8692
 8829
 8888
 8935
 9060
 9091
 9339
 9356
 9358
 9620
 9677
 9824
 9855
 9990
 10381
 10619
 10622
 10992
 11268
 11362
 11484
 11719
 11814
 11835
 12109
 12206
 12209
 12351
 12628
 12676
 12944
 12965
 13008
 13032
 13096
 13107
 13256
 13499
 13548
 13595
 13597
 13609
 13840
 13985
 14032
 14083
 14103
 14176
 14332
 14669
 14700
 14800
 14966
 15124
 15184
 15197
 15299
 15387
 15444
 15469
 15553
 15749
 15816
 15865
 16003
 16022
 16107
 16310
 16420
 16502
 16605
 16864
 16880
 16910
 17057
 17190
 17406
 17414
 17428
 17565
 17585
 17642
 17712
 17777
 17864
 17948
 18072
 18230
 18250
 18262
 18304
 18548
 18556
 18586
 18621
 18647
 18818
 18991
 19154
 19188
 19281
 19419
 19483
 19562
 19879
 20015
 20141
 20266
 20351
 20417
 20604
 20708
 21351
 21454
 21469
 21824
 21918
 22147
 22236
 22243
 22259
 22517
 22619
 22640
 22688
 22887
 23027
 23042
 23194
 23368
 23379
 23430
 23483
 23597
 23618
 23685
 23765
 24077
 24099
 24137
 24185
 24297
 24325
 24399
 24795
 24903
 24936
 24988
 25130
 25287
 25522
 25552
 25665
 25710
 25739
 25749
 25763
 25863
 25893
 25992
 26040
 26044
 26090
 26154
 26222
 26225
 26277
 26371
 26806
 26879
 26925
 27025
 27090
 27111
 27117
 27191
 27220
 27361
 27627
 27659
 27664
 27762
 27772
 27904
 28229
 28261
 28348
 28447
 28555
 29103
 29136
 29740
 29769
 29828
 29889
 29893
 29999
 30055
 30081
 30196
 30361
 30448
 30570
 30749
 30973
 31000
 31009
 31076
 31185
 31380
 31403
 31552
 31731
 31883
 31905
 31907
 31973
 32086
 32269
 32531
 32543
 32553
 32598
 32632
 32673
 32757
 32936
 33057
 33207
 33333
 33387
 33620
 33648
 33679
 33715
 33852
 33962
 33966
 34039
 34121
 34160
 34185
 34203
 34258
 34287
 34310
 34478
 34495
 34504
 34618
 34694
 34760
 34775
 35047
 35080
 35115
 35140
 35150
 35301
 35355
 35359
 35470
 35507
 35514
 35565
 35590
 35774
 35865
 35881
 36056
 36195
 36361
 36617
 36642
 36645
 36915
 37015
 37234
 37305
 37314
 37385
 37448
 37599
 37704
 37749
 38137
 38235
 38321
 38335
 38451
 38477
 38597
 38604
 38732
 38774
 38802
 39265
 39530
 39628
 39655
 39710
 39713
 39772
 39934
 40102
 40219
 40295
 40315
 40590
 40592
 40603
 40646
 40750
 40789
 40909
 41043
 41147
 41271
 41276
 41485
 41487
 41516
 41540
 41559
 41712
 41718
 41807
 42011
 42044
 42073
 42073
 42272
 42409
 42762
 42835
 42873
 42906
 43068
 43312
 43446
 43498
 43532
 43582
 43617
 43823
 43863
 43863
 43880
 43902
 43954
 43986
 44037
 44075
 44131
 44141
 44252
 44271
 44372
 44394
 44431
 44526
 44590
 44783
 44831
 45180
 45267
 45379
 45389
 45604
 45655
 45709
 45928
 45954
 45991
 46006
 46024
 46037
 46042
 46149
 46374
 46557
 46569
 46742
 46763
 46815
 46851
 46875
 47185
 47326
 47338
 47587
 47720
 47773
 47833
 47989
 47997
 48220
 48258
 48498
 48501
 48732
 48795
 48807
 49443
 49523
 49530
 49623
 49809
 