43
 128
 239
 280
 282
 286
 388
 722
 965
 974
 984
 1208
 1209
 1232
 1239
 1355
 1456
 1501
 1962
 2046
 2138
 2193
 2209
 2304
 2312
 2383
 2522
 2657
 2713
 2836
 3009
 3204
 3307
 3344
 3633
 3684
 3706
 3725
 3770
 3831
 3883
 4075
 4180
 4257
 4266
 4412
 4612
 4807
 4823
 4882
 4895
 4910
 4998
 5005
 5502
 5617
 5743
 5789
 6005
 6096
 6319
 6426
 6577
 6593
 6635
 6686
 7033
 7049
 7373
 7399
 7429
 7431
 7479
 7505
 7524
 7819
 7956
 7962
 8012
 8151
 8155
 8228
 8261
 8445
 8590
 8623
 8813
 8990
 9002
 9108
 9123
 9349
 9421
 9533
 9677
 9698
 9711
 9842
 9875
 10045
 10059
 10168
 10252
 10345
 10524
 10538
 10580
 10590
 10621
 10728
 11339
 11387
 11472
 11502
 11627
 11811
 11815
 11844
 11855
 11904
 11998
 12144
 12192
 12268
 12384
 12546
 12636
 12740
 12759
 12820
 12838
 12857
 12946
 13134
 13247
 13273
 13313
 13368
 13406
 13555
 13695
 13696
 13898
 13956
 14029
 14125
 14205
 14327
 14393
 14450
 14642
 14683
 14791
 14991
 15030
 15081
 15150
 15201
 15394
 15437
 15560
 15825
 15917
 16219
 16444
 16489
 17156
 17331
 17371
 17389
 17563
 17595
 17693
 17741
 18070
 18467
 18543
 18644
 18671
 18678
 18776
 18918
 18947
 19222
 19244
 19429
 19491
 19576
 19667
 19676
 19739
 19926
 20230
 20243
 20420
 20420
 20457
 20659
 20858
 20966
 21316
 21428
 21529
 21538
 21556
 21681
 21685
 21728
 21743
 21855
 21907
 22005
 22075
 22119
 22170
 22504
 22620
 22639
 22769
 22805
 22954
 23214
 23263
 23273
 23308
 23571
 23599
 23801
 23928
 24025
 24052
 24154
 24202
 24262
 24291
 24333
 24446
 24769
 24784
 24879
 24891
 24911
 25000
 25047
 25120
 25139
 25681
 25697
 25951
 25968
 25975
 26122
 26139
 26149
 26153
 26926
 27027
 27252
 27409
 27442
 27480
 27724
 28031
 28283
 28486
 28547
 28568
 28662
 28675
 28732
 28786
 28812
 28818
 28943
 29103
 29120
 29203
 29236
 29247
 29382
 29408
 29481
 29617
 29653
 29679
 30045
 30109
 30149
 30196
 30334
 30409
 30448
 30700
 30735
 30795
 30862
 30977
 31033
 31100
 31224
 31452
 31463
 31680
 31708
 31737
 31826
 31857
 31912
 31999
 32058
 32125
 32520
 32582
 32587
 32834
 33003
 33036
 33188
 33206
 33238
 33414
 33468
 33496
 33504
 33559
 33751
 33930
 34003
 34015
 34200
 34329
 34377
 34430
 34440
 34509
 34546
 34725
 34727
 34732
 34873
 34884
 35014
 35206
 35340
 35435
 35483
 35516
 35594
 35601
 35705
 35714
 35734
 36034
 36093
 36175
 36229
 36247
 36290
 36301
 36304
 36309
 36349
 36422
 36507
 36550
 36585
 36603
 36624
 37099
 37107
 37176
 37189
 37340
 37354
 37389
 37515
 37525
 37737
 37764
 37786
 37829
 37961
 37976
 37994
 38102
 38223
 38448
 38484
 38540
 38561
 38609
 38701
 38797
 38846
 38851
 39075
 39087
 39380
 39497
 39510
 39537
 39711
 39955
 40158
 40389
 40419
 40434
 40825
 40846
 40985
 41007
 41251
 41274
 41379
 41607
 41637
 41639
 41639
 41758
 41774
 42013
 42163
 42173
 42468
 42524
 42570
 42844
 42949
 43046
 43167
 43212
 43213
 43228
 43233
 43478
 43519
 43555
 43562
 43889
 44111
 44167
 44274
 44285
 44346
 44419
 44635
 44739
 44843
 44863
 44917
 44934
 45042
 45098
 45114
 45192
 45324
 45486
 45519
 45815
 45865
 45931
 46063
 46066
 46281
 46291
 46391
 46500
 46527
 46545
 46776
 46849
 46909
 46986
 47043
 47077
 47223
 47325
 47339
 47470
 47702
 47736
 47799
 47925
 47991
 48116
 48571
 48648
 48671
 48939
 49129
 49135
 49143
 49243
 49289
 49325
 49395
 49694
 49714
 49898
 49953
 