25
 27
 41
 95
 158
 178
 199
 255
 316
 318
 417
 512
 512
 515
 518
 557
 721
 731
 879
 896
 945
 1094
 1135
 1235
 1290
 1304
 1344
 1659
 1670
 1916
 2013
 2066
 2161
 2175
 2234
 2236
 2278
 2345
 2564
 2577
 2639
 2902
 3021
 3237
 3508
 3511
 3578
 3604
 3691
 3723
 3755
 3838
 3966
 4229
 4291
 4322
 4413
 4426
 4565
 4620
 4723
 4829
 4920
 5016
 5102
 5232
 5275
 5383
 5388
 5489
 5556
 5833
 5882
 6033
 6282
 6466
 6499
 6862
 6968
 7035
 7271
 7317
 7469
 7543
 7899
 7905
 8296
 8360
 8417
 8475
 8478
 8657
 8729
 9018
 9167
 9221
 9364
 9435
 9440
 9451
 9482
 9611
 9619
 9804
 9973
 9986
 10014
 10034
 10114
 10146
 10147
 10194
 10203
 10291
 10427
 10605
 10930
 11175
 11357
 11402
 11589
 11871
 11913
 11913
 12114
 12256
 12291
 12327
 12384
 12423
 12554
 12643
 12659
 12663
 12735
 12949
 13126
 13170
 13250
 13397
 13439
 13887
 14043
 14068
 14203
 14355
 14616
 14669
 14682
 14705
 14898
 14931
 15081
 15154
 15158
 15315
 15339
 15562
 15695
 15841
 15921
 15965
 15999
 16096
 16202
 16357
 16384
 16384
 16385
 16396
 16488
 16610
 16808
 16814
 16825
 16829
 16835
 16926
 17125
 17216
 17223
 17386
 17598
 17624
 17712
 17822
 17987
 18061
 18074
 18148
 18208
 18253
 18316
 18328
 18689
 18758
 18785
 18817
 18977
 19192
 19222
 19247
 19263
 19267
 19406
 19421
 19430
 19596
 19613
 19637
 19696
 19812
 19999
 20083
 20096
 20131
 20139
 20140
 20614
 20661
 20700
 20739
 20835
 21072
 21163
 21175
 21279
 21585
 21670
 21712
 22444
 22842
 22972
 23030
 23056
 23086
 23372
 23444
 23485
 23489
 23529
 23541
 23545
 23621
 23694
 23768
 23888
 24051
 24202
 24245
 24301
 24341
 24451
 24461
 24596
 24600
 24634
 24774
 24851
 24851
 24907
 24930
 24947
 24983
 25021
 25132
 25262
 25378
 25413
 25414
 25593
 25670
 25863
 26013
 26150
 26339
 26454
 26470
 26479
 26488
 26620
 26666
 26717
 26868
 26909
 27042
 27474
 27525
 27645
 27918
 27959
 28005
 28098
 28112
 28177
 28205
 28349
 28523
 28914
 28930
 28978
 29033
 29384
 29415
 29569
 29584
 29740
 30041
 30107
 30470
 30643
 30803
 30866
 30940
 31007
 31101
 31264
 31318
 31456
 31539
 31638
 31699
 31768
 31885
 31986
 31990
 32171
 32180
 32204
 32234
 32326
 32569
 32608
 32617
 32880
 33001
 33066
 33113
 33521
 33637
 33784
 34032
 34513
 34528
 34588
 34646
 34792
 34822
 34857
 34934
 35097
 35120
 35132
 35319
 35524
 35607
 35657
 35699
 35714
 35736
 35791
 36122
 36164
 36329
 36427
 36479
 36493
 36556
 36577
 36850
 36996
 37006
 37163
 37170
 37209
 37320
 37460
 37531
 37626
 37759
 37928
 38104
 38231
 38572
 38654
 38662
 38698
 38910
 38933
 39074
 39128
 39195
 39224
 39240
 39357
 39504
 39650
 39773
 39787
 39822
 39893
 39954
 40014
 40062
 40183
 40268
 40311
 40433
 40508
 40672
 40863
 40922
 41151
 41217
 41368
 41452
 41543
 41562
 41812
 42118
 42153
 42240
 42323
 42360
 42436
 42454
 42461
 42469
 42475
 42484
 42703
 42798
 42878
 42896
 42946
 43103
 43164
 43185
 43301
 43360
 43500
 43511
 43655
 43790
 43854
 43909
 43957
 43960
 44071
 44169
 44319
 44589
 44727
 44915
 44975
 45137
 45165
 45203
 45328
 45333
 45432
 45511
 45525
 45714
 45811
 45831
 45853
 45974
 46121
 46170
 46238
 46453
 46521
 46554
 46664
 46800
 46853
 46933
 46935
 47313
 47414
 47578
 47815
 47819
 48233
 48462
 48503
 48552
 48621
 48684
 48687
 48783
 48873
 49412
 49588
 49618
 49728
 49782
 49805
 49859
 