0
 0
 54
 121
 161
 206
 244
 375
 477
 505
 521
 585
 645
 712
 773
 816
 830
 910
 979
 1011
 1014
 1075
 1394
 1482
 1537
 1646
 1716
 1755
 1824
 1838
 1851
 1866
 1874
 1929
 2168
 2220
 2306
 2468
 2514
 2678
 2721
 2793
 2803
 2828
 2944
 3158
 3415
 3580
 3650
 3666
 3692
 3696
 3729
 3810
 3889
 3976
 4051
 4341
 4473
 4488
 4548
 4700
 4846
 4964
 5002
 5010
 5140
 5150
 5248
 5308
 5376
 5394
 5507
 5727
 5846
 5943
 6082
 6256
 6264
 6399
 6796
 7000
 7083
 7142
 7247
 7378
 7465
 7488
 7582
 7805
 7821
 8029
 8172
 8177
 8347
 8440
 8460
 8544
 8571
 8594
 8771
 8872
 8972
 9260
 9427
 9526
 9605
 9734
 9783
 9848
 9901
 9905
 9937
 10045
 10070
 10154
 10207
 10237
 10283
 10379
 10551
 10579
 10657
 10741
 10804
 10885
 11008
 11013
 11017
 11032
 11649
 11843
 12183
 12558
 12602
 12653
 12842
 12870
 13047
 13064
 13208
 13208
 13258
 13339
 13345
 13443
 13560
 13566
 13680
 13855
 14007
 14177
 14230
 14368
 14505
 14605
 14710
 14741
 14778
 14784
 14814
 15168
 15265
 15451
 15489
 15563
 15621
 15665
 15749
 15814
 15958
 16022
 16082
 16222
 16279
 16459
 16583
 16688
 16735
 16873
 17022
 17064
 17222
 17421
 17479
 17654
 17891
 17926
 17928
 17985
 18146
 18204
 18381
 18489
 18518
 18533
 18770
 18825
 18842
 18902
 18970
 19030
 19058
 19094
 19390
 19415
 19551
 19634
 19676
 19732
 19746
 19929
 19997
 20425
 20426
 20496
 20533
 20534
 20547
 20583
 20815
 21025
 21048
 21094
 21137
 21183
 21205
 21219
 21280
 21467
 21525
 21531
 21828
 21857
 21937
 21954
 22090
 22180
 22360
 22659
 23016
 23021
 23073
 23111
 23154
 23379
 23457
 23459
 23487
 23576
 23651
 23677
 23687
 23841
 24008
 24325
 24385
 24489
 24739
 24786
 24854
 24910
 24922
 25185
 25236
 25296
 25525
 25549
 25565
 25637
 25684
 25845
 25856
 25912
 25920
 26029
 26036
 26157
 26206
 26468
 26474
 26576
 26608
 26654
 26752
 26809
 26836
 26840
 26869
 26976
 27175
 27237
 27290
 27360
 27367
 27418
 27516
 27583
 27684
 27793
 27843
 27848
 27919
 27937
 27947
 28120
 28122
 28472
 28495
 28563
 28645
 28793
 28829
 28865
 28919
 28973
 28981
 29001
 29018
 29217
 29631
 29700
 29848
 30335
 30504
 30583
 30677
 30700
 30703
 30782
 30825
 30935
 30964
 31034
 31060
 31146
 31247
 31442
 31483
 31493
 31698
 31760
 32027
 32117
 32155
 32318
 32347
 32851
 33066
 33125
 33129
 33152
 33168
 33280
 33498
 33517
 33707
 33785
 33805
 33849
 33888
 33913
 34155
 34304
 34348
 34486
 34549
 34553
 34555
 34847
 34882
 34994
 35189
 35364
 35542
 35630
 35718
 35718
 35780
 35793
 35800
 35839
 35892
 36000
 36011
 36036
 36248
 36256
 36479
 36551
 36653
 37061
 37165
 37325
 37417
 37609
 37615
 37872
 37874
 38338
 38345
 38361
 38481
 38501
 38546
 38730
 38849
 38910
 39175
 39392
 39415
 39485
 39524
 39601
 39736
 39766
 39868
 40008
 40022
 40038
 40136
 40141
 40187
 40375
 40392
 40561
 40881
 41023
 41041
 41150
 41229
 41241
 41253
 41619
 41710
 41758
 41821
 41855
 41885
 41969
 41990
 42001
 42068
 42362
 42465
 42689
 42786
 42855
 43102
 43112
 43498
 43644
 43915
 43944
 44003
 44448
 44727
 44759
 45006
 45022
 45047
 45308
 45459
 45487
 45967
 46029
 46068
 46082
 46303
 46669
 46811
 46979
 47225
 47234
 47701
 47812
 47908
 47931
 48089
 48103
 48125
 48437
 48451
 48559
 48579
 48765
 48823
 48837
 48920
 49065
 49193
 49205
 49263
 49396
 49439
 49635
 49690
 49710
 49741
 49961
 