0
 53
 446
 518
 590
 703
 767
 824
 1003
 1015
 1024
 1048
 1092
 1127
 1520
 1698
 2246
 2504
 2514
 2548
 3014
 3047
 3125
 3253
 3448
 3778
 3793
 3987
 4021
 4092
 4424
 4532
 4596
 4845
 4868
 4944
 5192
 5299
 5335
 5402
 5438
 5667
 5679
 5712
 5741
 5742
 5756
 6053
 6197
 6467
 6490
 6584
 6631
 6804
 6896
 7003
 7094
 7210
 7218
 7224
 7333
 7453
 7470
 7491
 7528
 7676
 7725
 7841
 7891
 7910
 8231
 8261
 8323
 8361
 8591
 8621
 8651
 8761
 8916
 9003
 9017
 9019
 9357
 9400
 9480
 9572
 9619
 9673
 9718
 9817
 9819
 9894
 10014
 10060
 10199
 10204
 10368
 10394
 10522
 10550
 10584
 10670
 10869
 11057
 11243
 11287
 11312
 11415
 11584
 11606
 11675
 11784
 12145
 12179
 12240
 12260
 12280
 12327
 12359
 12382
 12467
 12552
 12612
 12717
 12729
 12800
 12853
 12864
 12869
 12886
 13093
 13145
 13234
 13359
 13364
 13372
 13387
 13420
 13513
 13595
 13681
 13817
 13878
 13893
 13908
 13959
 13973
 14007
 14106
 14453
 14485
 14537
 14755
 14803
 14883
 14911
 15069
 15114
 15177
 15282
 15328
 15381
 15641
 15729
 15777
 15885
 15959
 16104
 16220
 16330
 16572
 16627
 16631
 16661
 16704
 16707
 16819
 16949
 17006
 17032
 17035
 17402
 17410
 17418
 17481
 17489
 17996
 18037
 18050
 18182
 18222
 18315
 18440
 18444
 18453
 18952
 19084
 19151
 19494
 19586
 19731
 19746
 19860
 20000
 20181
 20275
 20645
 20690
 20833
 20892
 21039
 21085
 21160
 21220
 21557
 21728
 21763
 21950
 22013
 22014
 22556
 22618
 22776
 22789
 22984
 23065
 23145
 23251
 23356
 23369
 23462
 23855
 24128
 24260
 24608
 24767
 25313
 25480
 25532
 25667
 25810
 25947
 25997
 26242
 26453
 26503
 26977
 27090
 27210
 27257
 27260
 27339
 27387
 27431
 27584
 27614
 27666
 27731
 27752
 27823
 27851
 27899
 27994
 28170
 28215
 28218
 28249
 28412
 28549
 28571
 28738
 28794
 28879
 28979
 28998
 29007
 29151
 29207
 29230
 29269
 29401
 29442
 29488
 29518
 29620
 29692
 29762
 29915
 30091
 30117
 30303
 30540
 30641
 30736
 30882
 30894
 30902
 31039
 31106
 31152
 31379
 31784
 31874
 31907
 31933
 32019
 32304
 32330
 32426
 32704
 32740
 32801
 32814
 32911
 32981
 33158
 33190
 33204
 33259
 33344
 33349
 33399
 33444
 33446
 33509
 33510
 33573
 33602
 33617
 33792
 33926
 34027
 34082
 34138
 34321
 34323
 34365
 34415
 34576
 34589
 34591
 34636
 34709
 34781
 34845
 34920
 35002
 35064
 35098
 35173
 35409
 35463
 35507
 35584
 35749
 35885
 36373
 36428
 36682
 36711
 36851
 36936
 36975
 36983
 36993
 36999
 37018
 37152
 37676
 37830
 37968
 37972
 37977
 37998
 38177
 38211
 38401
 38429
 38532
 39014
 39035
 39215
 39452
 39699
 39711
 39882
 39971
 40058
 40117
 40127
 40218
 40245
 40265
 40269
 40568
 40589
 40730
 41267
 41276
 41330
 41578
 41582
 41655
 41685
 41716
 41838
 41982
 42068
 42094
 42518
 42635
 42638
 42660
 42675
 42750
 42944
 43071
 43207
 43440
 43478
 43678
 43698
 43936
 43938
 44135
 44161
 44412
 44562
 44577
 44594
 44747
 44808
 44841
 45042
 45161
 45206
 45223
 45347
 45464
 45578
 45830
 46102
 46180
 46226
 46322
 46492
 46534
 46548
 46579
 46603
 46617
 46655
 46717
 46792
 46826
 46926
 47008
 47009
 47040
 47130
 47164
 47169
 47210
 47236
 47263
 47317
 47429
 47502
 47579
 47874
 47912
 47987
 48203
 48258
 48387
 48429
 48567
 48625
 48702
 48737
 48780
 48899
 49030
 49095
 49237
 49278
 49290
 49629
 49682
 50041
 50154
 50188
 50239
 50351
 50379
 50693
 50951
 51083
 51125
 51307
 51449
 51516
 51596
 51627
 51647
 51781
 52002
 52075
 52183
 52219
 52329
 52431
 52625
 52803
 53257
 53264
 53323
 53378
 53479
 53651
 53719
 53791
 53851
 53872
 53955
 54003
 54288
 54603
 54677
 54821
 54860
 54888
 54968
 55123
 55213
 55252
 55468
 55555
 55581
 55804
 55863
 55882
 55916
 55963
 56134
 56221
 56576
 56637
 56743
 56973
 57142
 57335
 57372
 57458
 57685
 57759
 57799
 57887
 58058
 58070
 58072
 58227
 58265
 58287
 58343
 58375
 58438
 58639
 58713
 58846
 58886
 58973
 58992
 59095
 59166
 59491
 59531
 59656
 59764
 59794
 59805
 59873
 60247
 60404
 60463
 60522
 60580
 60678
 60714
 60726
 60779
 60877
 60910
 60919
 60962
 61046
 61100
 61152
 61162
 61274
 61303
 61562
 61572
 61723
 61762
 61768
 61929
 61942
 61999
 62206
 62343
 62347
 62439
 62564
 62568
 62661
 62678
 62843
 62862
 62939
 63061
 63100
 63241
 63275
 63312
 63349
 63367
 63385
 63452
 63492
 63581
 63691
 63702
 63877
 63952
 64054
 64142
 64263
 64407
 64466
 64720
 65053
 65078
 65104
 65193
 65220
 65433
 65517
 65696
 65780
 65872
 65883
 65893
 65910
 65953
 66030
 66127
 66183
 66184
 66192
 66217
 66708
 66763
 66772
 66886
 67090
 67099
 67216
 67231
 67656
 67659
 67748
 67959
 68181
 68186
 68293
 68345
 68419
 68460
 68493
 68627
 68658
 68690
 68739
 68875
 68894
 68950
 68984
 69014
 69038
 69082
 69156
 69187
 69230
 69281
 69317
 69331
 69367
 69389
 69428
 69460
 69564
 69670
 69813
 69864
 70008
 70045
 70139
 70270
 70420
 71022
 71045
 71057
 71145
 71150
 71165
 71173
 71200
 71285
 71428
 71515
 71657
 71792
 71805
 71876
 71892
 72069
 72077
 72234
 72309
 72328
 72450
 72463
 72520
 72751
 72830
 72861
 72917
 73087
 73168
 73275
 73447
 73598
 73626
 73711
 73817
 73905
 74098
 74104
 74224
 74489
 74632
 74705
 74965
 75000
 75105
 75159
 75291
 75357
 75437
 75446
 75623
 75628
 75634
 75648
 75743
 75901
 76027
 76087
 76208
 76340
 76405
 76575
 76798
 76968
 76990
 77228
 77395
 77424
 77472
 77541
 77619
 77818
 78164
 78190
 78196
 78200
 78254
 78261
 78431
 78435
 78637
 78830
 78987
 79166
 79167
 79252
 79327
 79697
 79798
 79802
 79944
 80106
 80112
 80155
 80566
 80600
 80701
 80859
 80869
 80882
 80939
 81014
 81072
 81081
 81088
 81245
 81324
 81395
 81472
 81478
 81568
 81625
 81695
 81914
 81950
 81959
 82095
 82220
 82223
 82230
 82259
 82317
 82392
 82435
 82578
 82586
 82597
 82731
 82751
 82753
 82761
 83121
 83266
 83398
 83437
 83576
 83647
 83815
 83869
 83882
 83931
 84019
 84043
 84154
 84187
 84250
 84255
 84261
 84317
 84333
 84356
 84367
 84438
 84626
 84740
 84796
 84827
 84960
 85100
 85192
 85227
 85316
 85338
 85464
 85632
 85802
 85896
 86033
 86071
 86224
 86527
 86545
 86616
 86701
 86728
 86820
 86969
 87059
 87366
 87378
 87412
 87420
 87810
 87812
 87853
 87913
 87926
 88104
 88138
 88152
 88176
 88221
 88364
 88606
 88607
 88609
 88678
 88698
 88781
 88813
 88919
 89042
 89588
 89728
 89823
 90013
 90277
 90288
 90298
 90322
 90349
 90434
 90634
 90922
 91055
 91067
 91292
 91454
 91490
 91565
 91609
 91624
 91712
 91903
 91930
 92063
 92129
 92142
 92170
 92222
 92232
 92267
 92391
 92436
 92469
 92485
 92510
 92539
 92565
 92585
 92651
 92756
 92872
 92959
 92964
 93023
 93034
 93048
 93049
 93080
 93158
 93238
 93459
 93494
 93693
 93920
 93928
 93945
 93976
 94002
 94091
 94214
 94302
 94496
 94514
 94917
 94949
 94970
 95148
 95187
 95208
 95372
 95405
 95418
 95462
 95556
 95742
 95889
 95911
 95940
 95989
 95995
 96342
 96363
 96464
 96592
 96713
 96865
 97296
 97300
 97435
 97476
 97535
 97566
 97697
 97727
 97733
 97805
 97823
 97888
 98003
 98209
 98364
 98388
 98468
 98494
 98503
 98777
 99048
 99432
 99491
 99583
 99586
 99644
 99842
 99906
 99944
 99999
 100000
 100088
 100150
 100192
 100204
 100234
 100739
 100770
 100777
 101336
 101405
 101562
 101746
 101765
 102086
 102088
 102128
 102175
 102208
 102229
 102254
 102395
 102548
 102750
 102870
 102924
 103104
 103139
 103312
 103482
 103535
 103559
 103732
 103796
 103818
 103857
 103979
 104026
 104147
 104306
 104335
 104438
 104439
 104458
 104463
 104475
 104596
 104643
 104808
 105008
 105175
 105533
 105551
 105591
 105616
 105681
 105695
 106157
 106215
 106297
 106321
 106460
 106491
 106505
 106726
 106874
 107035
 107128
 107166
 107253
 107526
 107705
 107713
 107828
 107902
 107958
 107980
 108108
 108149
 108195
 108234
 108283
 108426
 108563
 108589
 108593
 108615
 108712
 108837
 108995
 109252
 109282
 109366
 109433
 109439
 109587
 109591
 109756
 109929
 110110
 110126
 110555
 110698
 110787
 110978
 111017
 111141
 111257
 111483
 111525
 111643
 111736
 111765
 111943
 111957
 112048
 112059
 112142
 112448
 112604
 112709
 112714
 112728
 112829
 112932
 113028
 113196
 113354
 113355
 113429
 113628
 113695
 113828
 114091
 114194
 114284
 114444
 114539
 114650
 114671
 114718
 114890
 114977
 114997
 115085
 115129
 115183
 115302
 115450
 115494
 115526
 115567
 115625
 115813
 115993
 116080
 116290
 116508
 116564
 116625
 116685
 116790
 116939
 117299
 117350
 117448
 117453
 117464
 117533
 117588
 117823
 117930
 117931
 117977
 117981
 118128
 118131
 118274
 118292
 118527
 118747
 118799
 119370
 119419
 119565
 119571
 119633
 119803
 119973
 120093
 120160
 120265
 120373
 120516
 120637
 120653
 120781
 121022
 121042
 121093
 121112
 121113
 121190
 121240
 121364
 121384
 121621
 121645
 121648
 121671
 121688
 121809
 121864
 121866
 121993
 122007
 122247
 122251
 122257
 122293
 122332
 122385
 122421
 122492
 122541
 122552
 122738
 122879
 123093
 123131
 123227
 123310
 123382
 123448
 123495
 123526
 123807
 123811
 123989
 124019
 124067
 124301
 124488
 124701
 125000
 125031
 125296
 125387
 125425
 125472
 125877
 125950
 126204
 126382
 126423
 126563
 126695
 126835
 126908
 126925
 127019
 127029
 127041
 127619
 127632
 127708
 127851
 127879
 127891
 127920
 127980
 128046
 128065
 128252
 128673
 128695
 128908
 128918
 128967
 129075
 129083
 129283
 129325
 129340
 129377
 129387
 129565
 129712
 129737
 129783
 129976
 130123
 130218
 130248
 130391
 130399
 130406
 130756
 130798
 130903
 130912
 131127
 131187
 131428
 131575
 131625
 131742
 131753
 131834
 132041
 132135
 132206
 132258
 132543
 132700
 132800
 132821
 132902
 133086
 133136
 133234
 133347
 133363
 133378
 133406
 133489
 133552
 133663
 133731
 134076
 134217
 134335
 134510
 134754
 135068
 135200
 135495
 135514
 135534
 135604
 135640
 135860
 136283
 136363
 136488
 136542
 136669
 136851
 137021
 137075
 137094
 137266
 137295
 137427
 137464
 137465
 137470
 137513
 137589
 137590
 137661
 137736
 137795
 137847
 137869
 138039
 138083
 138113
 138151
 138157
 138188
 138457
 138528
 138653
 138766
 138837
 138840
 139001
 139407
 139546
 139774
 139779
 139785
 139887
 139925
 140092
 140182
 140278
 140502
 140522
 140577
 140733
 140753
 140768
 140989
 141327
 141407
 141615
 141872
 142011
 142186
 142228
 142248
 142571
 142576
 142577
 142600
 142605
 142696
 142776
 142857
 142959
 142967
 143481
 143606
 143755
 143781
 144047
 144075
 144126
 144243
 144514
 144602
 144810
 144922
 145226
 145332
 145831
 145834
 145879
 145947
 146208
 146209
 146225
 146236
 146247
 146394
 146497
 146508
 146552
 146781
 146848
 147058
 147169
 147244
 147574
 147662
 147692
 147695
 147774
 147862
 147950
 148005
 148369
 148637
 148815
 148938
 148951
 149049
 149072
 149133
 149322
 149330
 149387
 149409
 149463
 149699
 149776
 149828
 149871
 149926
 150067
 150106
 150150
 150171
 150384
 150465
 150669
 150670
 150723
 150809
 151149
 151214
 151260
 151330
 151361
 151379
 151436
 151526
 151714
 151737
 151823
 151870
 151919
 151987
 152173
 152207
 152213
 152219
 152295
 152424
 152443
 152561
 152623
 152723
 152788
 152804
 152917
 152954
 153098
 153507
 153586
 153689
 153737
 153742
 153846
 154018
 154136
 154185
 154520
 154766
 154772
 155052
 155269
 155309
 155321
 155362
 155389
 155460
 155483
 155521
 155549
 155589
 155640
 155828
 156024
 156074
 156097
 156156
 156185
 156336
 156344
 156477
 156594
 156614
 156962
 157012
 157030
 157090
 157130
 157172
 157260
 157322
 157618
 157886
 157894
 158245
 158274
 158490
 158536
 158564
 158728
 158754
 158788
 158902
 158930
 158942
 159270
 159314
 159340
 159445
 159583
 159806
 159934
 160221
 160396
 160573
 160620
 160653
 160771
 160836
 160864
 160946
 161036
 161111
 161279
 161652
 161689
 161747
 161965
 162070
 162472
 162629
 162655
 162721
 162879
 162887
 162903
 163051
 163079
 163189
 163233
 163318
 163329
 163346
 163354
 163429
 163812
 163919
 163963
 164053
 164373
 164479
 164643
 165066
 165337
 165350
 165501
 165654
 165724
 165745
 165764
 165822
 165931
 166115
 166134
 166295
 166452
 166666
 167360
 167386
 167555
 167556
 167661
 167932
 168079
 168230
 168380
 168571
 168602
 168795
 168843
 168848
 168997
 169000
 169133
 169141
 169228
 169345
 169524
 169550
 169638
 169651
 169679
 169907
 169944
 169947
 170062
 170067
 170311
 170327
 170345
 170430
 170452
 170512
 170598
 170616
 170732
 170805
 170967
 171096
 171190
 171193
 171197
 171206
 171245
 171286
 171402
 171428
 171440
 171508
 171511
 171598
 171630
 171785
 171887
 172119
 172163
 172282
 172409
 172462
 172616
 172645
 172658
 172674
 172872
 173010
 173139
 173587
 173611
 173907
 174103
 174318
 174349
 174546
 174614
 174797
 174911
 174954
 174997
 175095
 175356
 175444
 175621
 175694
 175700
 175896
 175928
 175968
 176013
 176066
 176350
 176396
 176417
 176452
 176557
 176721
 176755
 176918
 176999
 177177
 177231
 177256
 177263
 177427
 177556
 177621
 177733
 177757
 177804
 177983
 178390
 178398
 178400
 178476
 178478
 178486
 178680
 178710
 178800
 178981
 179007
 179031
 179063
 179114
 179179
 179223
 179227
 179303
 179333
 179340
 179372
 179416
 179487
 179504
 179528
 179536
 179539
 179610
 179977
 180028
 180261
 180294
 180340
 180381
 180406
 180407
 180432
 180457
 180572
 180617
 180778
 180806
 180910
 181174
 181280
 181320
 181330
 181336
 181441
 181489
 181608
 181616
 181752
 181756
 181818
 181995
 182031
 182087
 182203
 182374
 182421
 182540
 182746
 182835
 183066
 183193
 183217
 183218
 183361
 183413
 183501
 183532
 183543
 183746
 183826
 183833
 183905
 184005
 184026
 184028
 184220
 184361
 184382
 184647
 184865
 185199
 185430
 185440
 185592
 185714
 185730
 185763
 185794
 185844
 185946
 186011
 186145
 186214
 186234
 186275
 186284
 186340
 186455
 186576
 186635
 186636
 186649
 186827
 187058
 187166
 187606
 187688
 187774
 187922
 187941
 187990
 188065
 188131
 188307
 188396
 188427
 188430
 188582
 188646
 188727
 188841
 188932
 189020
 189167
 189396
 189471
 189568
 189616
 189629
 189655
 189749
 189785
 189862
 189866
 189916
 190023
 190061
 190066
 190202
 190234
 190250
 190474
 190545
 190666
 190721
 190781
 190896
 190938
 191068
 191117
 191123
 191136
 191304
 191558
 191570
 191596
 191615
 191657
 191900
 191971
 191985
 192026
 192069
 192106
 192136
 192220
 192413
 192573
 192611
 192667
 192870
 192882
 193072
 193096
 193113
 193244
 193294
 193430
 193438
 193696
 193864
 193911
 193955
 194058
 194253
 194270
 194532
 194641
 194676
 194786
 194928
 194979
 195072
 195366
 195389
 195399
 195491
 195607
 195714
 195786
 195876
 195879
 195932
 196050
 196138
 196140
 196143
 196313
 196391
 196420
 196508
 196724
 196771
 196777
 196815
 196861
 197019
 197113
 197160
 197216
 197231
 197243
 197295
 197411
 197428
 197441
 197530
 197684
 197818
 197822
 197882
 198458
 198575
 198630
 198712
 198770
 198774
 198782
 198795
 199233
 199290
 199361
 199481
 199552
 199562
 199750
 199843
 200000
 200086
 200125
 200175
 200192
 200308
 200379
 200387
 200607
 200685
 200743
 200756
 201053
 201112
 201128
 201191
 201257
 201580
 201717
 201726
 201900
 201906
 202008
 202195
 202287
 202441
 202527
 202542
 202574
 202798
 202866
 202917
 203020
 203023
 203437
 203894
 203925
 203942
 204244
 204294
 204488
 204507
 204522
 204606
 204918
 205339
 205589
 205752
 205834
 205854
 205938
 206121
 206125
 206394
 206532
 206706
 206837
 206969
 206995
 207423
 207556
 207676
 207687
 207739
 207746
 207876
 207933
 208071
 208109
 208199
 208214
 208219
 208427
 208654
 208695
 208922
 208948
 209007
 209025
 209027
 209078
 209090
 209137
 209156
 209291
 209387
 209485
 209625
 209710
 209757
 209774
 210079
 210146
 210185
 210435
 210476
 210526
 210543
 210682
 210721
 210870
 211289
 211352
 211355
 211420
 211538
 211788
 211920
 212192
 212204
 212208
 212571
 212653
 212696
 212909
 213116
 213375
 213432
 213473
 213660
 213737
 213787
 213850
 213991
 214007
 214140
 214357
 214506
 214530
 214704
 214708
 214743
 215133
 215204
 215367
 215386
 215408
 215469
 216136
 216183
 216216
 216231
 216301
 216472
 216529
 216753
 216862
 216916
 216981
 216992
 217096
 217103
 217364
 217476
 217637
 217960
 218241
 218352
 218428
 218587
 218588
 218608
 218724
 218803
 218883
 219030
 219243
 219405
 219537
 219806
 220338
 220430
 220440
 220455
 220484
 220568
 220569
 220760
 220870
 221011
 221307
 221324
 221366
 221465
 221598
 221640
 221675
 221770
 221786
 221886
 221887
 222036
 222098
 222222
 222264
 222281
 222372
 222503
 222513
 222534
 222772
 222863
 222874
 222896
 223000
 223020
 223031
 223060
 223200
 223404
 224031
 224060
 224113
 224379
 224427
 224485
 224678
 224691
 224997
 225275
 225499
 225501
 225596
 225654
 225726
 225829
 225859
 225914
 226080
 226141
 226330
 226390
 226417
 226420
 226625
 226711
 226764
 226866
 227005
 227272
 227481
 227517
 227529
 227672
 227689
 227745
 228036
 228048
 228158
 228264
 228315
 228601
 228674
 229012
 229159
 229236
 229241
 229310
 229315
 229396
 229463
 229606
 229729
 229768
 229814
 230033
 230039
 230170
 230271
 230459
 230547
 230686
 230820
 231195
 231216
 231254
 231364
 231404
 231459
 231503
 231522
 231616
 231746
 231928
 231957
 232188
 232192
 232206
 232340
 232394
 232586
 232809
 232853
 232926
 232988
 233521
 233625
 233706
 233948
 233993
 234009
 234047
 234060
 234162
 234404
 234405
 234769
 234781
 234792
 234805
 235064
 235070
 235083
 235305
 235469
 235954
 236172
 236300
 236314
 236363
 236387
 236735
 236794
 236859
 236913
 236935
 237005
 237352
 237516
 237647
 237761
 237908
 237963
 237967
 238244
 238355
 238417
 238443
 238490
 238542
 238629
 238689
 238841
 238904
 238931
 238938
 238967
 238976
 239022
 239062
 239214
 239223
 239232
 239319
 239429
 239584
 239609
 239826
 239900
 240059
 240096
 240097
 240190
 240284
 240329
 240401
 240463
 240639
 240915
 240961
 241054
 241079
 241130
 241339
 241362
 241485
 241573
 241747
 241770
 241845
 242179
 242268
 242273
 242336
 242382
 242456
 242482
 242539
 242550
 242579
 242619
 242625
 242720
 242853
 243171
 243175
 243204
 243658
 243680
 243764
 243776
 243787
 243808
 243813
 243846
 243866
 243961
 244076
 244129
 244381
 244478
 244479
 244488
 244544
 244708
 244813
 245115
 245163
 245352
 245443
 245533
 245577
 245580
 245647
 245669
 245802
 245915
 246290
 246472
 246480
 246482
 246562
 246589
 246752
 246766
 246775
 246887
 246893
 246902
 246957
 247091
 247308
 247347
 247385
 247464
 247599
 247619
 247920
 248004
 248033
 248058
 248083
 248188
 248264
 248295
 248296
 248310
 248370
 248477
 248565
 248744
 249006
 249512
 249684
 250024
 250143
 250280
 250314
 250616
 250704
 250793
 250977
 251098
 251388
 251443
 251472
 251590
 251792
 251888
 252236
 252414
 252460
 252481
 252495
 252689
 252880
 252934
 253083
 253137
 253314
 253533
 253834
 253943
 254400
 254488
 254627
 254749
 254801
 254810
 254875
 254998
 255005
 255220
 255440
 255518
 255599
 255639
 255654
 255664
 255675
 255774
 255903
 256410
 256615
 256698
 256778
 256943
 256946
 257142
 257231
 257288
 257408
 257453
 257457
 257529
 257542
 257571
 257668
 257741
 257744
 257776
 257848
 257908
 257925
 257935
 257991
 258092
 258098
 258132
 258135
 258244
 258378
 258379
 258438
 258492
 258657
 258960
 259036
 259107
 259197
 259417
 259647
 259726
 259800
 259902
 259962
 260106
 260120
 260391
 260421
 260518
 260536
 260784
 260836
 261061
 261082
 261171
 261419
 261422
 261638
 261754
 261801
 261935
 262089
 262295
 262369
 262483
 262582
 262626
 262694
 262765
 262877
 262962
 262992
 263020
 263135
 263212
 263280
 263349
 263380
 263415
 263498
 263519
 263592
 263799
 263808
 263938
 263970
 263990
 264108
 264124
 264221
 264337
 264359
 264375
 264566
 264599
 264696
 264768
 265208
 265247
 265751
 265792
 266071
 266318
 266649
 266729
 266749
 266803
 266878
 267022
 267043
 267147
 267212
 267258
 267366
 267374
 267441
 267484
 267515
 267532
 267536
 267698
 267785
 267823
 267857
 267897
 268109
 268339
 268349
 268353
 268422
 268445
 268557
 268602
 268612
 268613
 268627
 268717
 268782
 268940
 268976
 269181
 269378
 269438
 269442
 269713
 269743
 269749
 269797
 269848
 269897
 269984
 270058
 270145
 270200
 270346
 270390
 270426
 270481
 270676
 270718
 270826
 270863
 270866
 270969
 271003
 271256
 271374
 271392
 271545
 271869
 272074
 272247
 272277
 272522
 272657
 272839
 272970
 272985
 273006
 273129
 273166
 273271
 273280
 273399
 273611
 273640
 273673
 273687
 273708
 273732
 273924
 274002
 274070
 274074
 274139
 274302
 274391
 274399
 274665
 274725
 274921
 275049
 275255
 275462
 275888
 275930
 276190
 276192
 276327
 276377
 276389
 276485
 276525
 276586
 276626
 276674
 276710
 277129
 277231
 277312
 277368
 277403
 277536
 277733
 277777
 278020
 278095
 278190
 278242
 278383
 278461
 278688
 278700
 278705
 278744
 278756
 278944
 278949
 278970
 279081
 279323
 279348
 279584
 279944
 280009
 280126
 280231
 280395
 280416
 280465
 280563
 280576
 280874
 280889
 280918
 280941
 280965
 281059
 281074
 281123
 281201
 281290
 281294
 281312
 281319
 281350
 281497
 281825
 281847
 281877
 282204
 282566
 282599
 282813
 282889
 283018
 283026
 283098
 283107
 283131
 283132
 283222
 283251
 283290
 283305
 283315
 283317
 283331
 283487
 283519
 283599
 283777
 283972
 284066
 284069
 284357
 284464
 284656
 284779
 284915
 284946
 285309
 285426
 285502
 285591
 285648
 285679
 285695
 285702
 285714
 285827
 285842
 285908
 286126
 286197
 286729
 286739
 286760
 286889
 287328
 287499
 287699
 287845
 287932
 287960
 288303
 288391
 288447
 288524
 288570
 288592
 288720
 288754
 288801
 288900
 288918
 289011
 289057
 289091
 289221
 289279
 289473
 289495
 289559
 289677
 289690
 289825
 290008
 290026
 290202
 290399
 290405
 290518
 290856
 290996
 291023
 291046
 291133
 291198
 291257
 291292
 291300
 291318
 291453
 291629
 291647
 291712
 291728
 291746
 292009
 292086
 292134
 292425
 292468
 292770
 292825
 292888
 292899
 293079
 293080
 293211
 293264
 293286
 293370
 293386
 293388
 293479
 293490
 293840
 293848
 293937
 294002
 294075
 294221
 294488
 294771
 294788
 294800
 294885
 295081
 295154
 295156
 295218
 295319
 295431
 295573
 295699
 295734
 295741
 295864
 295918
 295974
 296054
 296252
 296280
 296363
 296407
 296445
 296616
 296706
 296853
 296863
 296924
 296938
 296986
 297090
 297161
 297170
 297198
 297261
 297550
 297591
 297653
 297715
 297823
 298033
 298197
 298215
 298232
 298387
 298489
 298507
 298508
 298816
 298834
 298931
 299051
 299071
 299267
 299411
 299576
 299592
 299859
 299999
 300000
 300011
 300039
 300121
 300293
 300468
 300474
 300617
 300626
 300867
 300914
 300968
 300972
 301109
 301188
 301336
 301405
 301443
 301449
 301474
 301724
 301964
 302055
 302094
 302135
 302224
 302330
 302346
 302432
 302525
 302545
 302553
 302831
 302841
 302843
 302863
 302946
 303058
 303063
 303064
 303078
 303114
 303224
 303288
 303549
 303596
 303644
 303664
 303876
 303961
 303966
 304017
 304113
 304167
 304168
 304191
 304305
 304442
 304492
 304635
 304668
 304688
 304696
 304706
 304731
 304764
 304817
 304908
 305037
 305091
 305148
 305183
 305211
 305327
 305339
 305450
 305806
 306061
 306122
 306181
 306206
 306212
 306333
 306480
 306522
 306524
 306590
 306596
 306619
 306678
 306744
 307055
 307144
 307236
 307402
 307486
 307550
 307688
 307706
 307826
 307841
 307853
 307992
 308012
 308091
 308314
 308387
 308498
 308608
 308656
 308722
 308813
 308933
 308988
 309092
 309116
 309226
 309286
 309395
 309511
 309544
 309600
 309623
 309636
 309670
 309723
 309748
 309751
 309809
 309974
 310002
 310071
 310515
 310550
 310688
 310689
 310690
 310704
 310717
 310727
 310731
 310924
 310969
 311023
 311284
 311314
 311477
 311483
 311546
 311656
 311905
 312520
 313055
 313097
 313111
 313387
 313455
 313550
 313741
 314132
 314156
 314261
 314409
 314451
 314801
 315022
 315046
 315222
 315232
 315454
 315487
 315533
 315535
 315565
 315878
 316046
 316496
 316535
 316567
 317104
 317179
 317280
 317292
 317504
 317551
 317902
 317973
 318076
 318082
 318209
 318237
 318281
 318540
 318594
 318700
 318805
 319166
 319531
 319721
 319809
 319877
 319884
 319913
 320019
 320393
 320520
 320577
 320727
 320814
 321076
 321132
 321255
 321346
 321776
 321805
 322042
 322297
 322337
 322663
 322687
 322734
 322771
 323037
 323155
 323261
 323409
 323428
 323439
 323507
 323613
 323681
 323743
 323749
 323814
 323850
 324033
 324233
 324243
 324391
 324466
 324561
 324746
 324875
 324943
 324998
 325033
 325186
 325191
 325277
 325319
 325354
 325401
 325484
 325490
 325578
 325852
 326146
 326281
 326359
 326647
 326861
 326869
 327019
 327033
 327067
 327124
 327172
 327387
 327844
 327868
 327949
 328054
 328358
 328473
 328478
 328515
 328553
 328570
 328707
 328721
 328837
 328862
 329112
 329161
 329213
 329256
 329268
 329430
 329462
 329601
 329724
 329925
 329942
 330028
 330041
 330213
 330357
 330388
 330409
 330433
 330707
 330725
 330737
 330794
 330827
 330892
 331030
 331157
 331172
 331246
 331497
 331697
 331863
 331940
 331990
 332147
 332225
 332228
 332592
 332595
 332826
 332934
 332962
 332991
 333058
 333104
 333139
 333333
 333543
 333570
 333574
 333663
 333764
 333868
 333956
 334007
 334022
 334069
 334087
 334152
 334227
 334237
 334494
 334558
 334752
 334857
 334883
 334911
 334950
 334993
 335053
 335222
 335253
 335330
 335366
 335415
 335456
 335578
 335614
 335675
 335714
 336234
 336308
 336369
 336400
 336423
 336634
 336639
 336657
 336665
 336740
 336858
 336947
 336990
 337337
 337412
 337771
 337809
 337883
 338095
 338180
 338427
 338569
 338604
 338669
 338891
 339140
 339399
 339486
 339523
 339657
 339735
 339800
 339861
 339902
 339952
 340026
 340162
 340566
 340665
 340726
 340811
 340896
 341001
 341215
 341254
 341297
 341618
 341700
 341709
 341924
 341955
 342143
 342279
 342303
 342391
 342432
 342612
 342722
 342735
 342745
 342891
 343008
 343056
 343082
 343110
 343148
 343249
 343268
 343309
 343370
 343393
 343444
 343834
 343921
 343934
 343995
 344051
 344131
 344201
 344206
 344277
 344318
 344452
 344456
 344608
 344634
 345164
 345198
 345299
 345383
 345621
 345632
 345633
 345651
 345919
 345920
 345984
 345997
 346028
 346030
 346076
 346153
 346484
 346562
 346599
 346600
 346692
 346881
 346892
 347116
 347213
 347280
 347324
 347376
 347426
 347783
 348227
 348277
 348378
 348521
 348560
 348595
 348616
 348639
 348813
 348818
 348836
 349277
 349387
 349414
 349456
 349520
 349640
 349975
 350013
 350042
 350215
 350217
 350299
 350303
 350422
 350559
 350565
 350576
 350734
 350772
 350906
 351063
 351178
 351200
 351288
 351391
 351468
 351515
 351516
 351561
 351700
 351712
 351729
 351819
 352012
 352170
 352173
 352187
 352292
 352487
 352526
 352532
 352534
 352717
 352828
 352829
 352854
 352884
 352909
 352955
 353048
 353113
 353373
 353456
 353497
 353537
 353702
 353708
 353932
 353935
 353967
 354007
 354015
 354024
 354085
 354246
 354313
 354463
 354657
 354688
 354761
 354818
 354888
 354939
 355032
 355112
 355152
 355183
 355366
 355536
 355540
 355588
 355694
 356014
 356152
 356450
 356635
 356793
 356860
 357142
 357270
 357377
 357383
 357593
 358110
 358138
 358170
 358208
 358400
 358439
 358730
 358801
 358895
 359039
 359134
 359178
 359183
 359261
 359286
 359329
 359393
 359434
 359535
 359570
 359671
 359850
 359862
 359999
 360124
 360153
 360195
 360492
 360530
 360702
 360977
 361019
 361031
 361035
 361086
 361419
 361472
 361487
 361562
 361692
 361712
 362044
 362235
 362317
 362425
 362571
 362745
 362965
 363072
 363443
 363575
 363718
 363731
 364273
 364381
 364394
 364432
 364559
 364653
 364680
 364743
 364763
 365061
 365244
 365265
 365317
 365350
 365401
 365490
 365610
 365671
 365734
 365809
 365810
 365898
 365988
 366123
 366141
 366274
 366358
 366464
 366566
 366641
 366666
 366692
 366838
 366850
 366858
 367003
 367020
 367057
 367268
 367271
 367326
 367464
 367487
 367493
 367513
 367516
 367645
 367647
 367779
 367786
 367884
 367893
 367899
 367934
 368259
 368298
 368513
 368545
 368685
 368755
 369034
 369248
 369321
 369525
 369587
 369711
 369767
 369799
 369820
 370110
 370161
 370210
 370272
 370273
 370507
 370517
 370600
 371057
 371083
 371188
 371321
 371380
 371381
 372051
 372093
 372157
 372374
 372398
 372481
 372855
 372933
 372981
 373015
 373058
 373250
 373295
 373485
 373531
 373651
 373735
 373809
 373827
 373869
 373905
 373917
 374015
 374209
 374228
 374233
 374314
 374534
 374643
 375032
 375088
 375100
 375173
 375230
 375248
 375282
 375318
 375588
 375640
 375920
 375953
 376186
 376373
 376626
 376628
 376685
 376857
 376963
 377037
 377102
 377112
 377262
 377293
 377416
 377459
 377468
 377525
 377565
 377585
 377934
 377937
 377998
 378039
 378082
 378132
 378184
 378194
 378204
 378221
 378263
 378284
 378314
 378368
 378387
 378465
 378509
 378581
 378729
 378782
 379080
 379394
 379406
 379472
 379645
 379666
 379689
 379691
 379781
 379836
 379846
 379960
 379980
 380051
 380111
 380129
 380556
 380934
 381037
 381057
 381171
 381312
 381562
 381588
 381613
 381653
 381739
 381878
 382315
 382393
 382403
 382537
 382582
 382668
 382691
 382744
 382784
 382801
 382872
 383001
 383041
 383070
 383108
 383159
 383279
 383480
 383778
 383853
 383858
 383924
 384003
 384050
 384057
 384083
 384096
 384114
 384174
 384223
 384262
 384263
 384290
 384317
 384393
 384474
 384593
 384615
 384701
 384767
 384842
 384880
 384955
 385086
 385185
 385530
 385541
 385678
 385790
 385826
 385873
 385889
 385936
 386023
 386071
 386100
 386198
 386295
 386399
 386400
 386413
 386556
 386608
 386666
 386707
 386884
 386899
 386916
 387155
 387265
 387466
 387475
 387550
 387656
 387669
 387928
 388034
 388176
 388204
 388438
 388598
 388633
 388854
 388858
 388863
 388885
 389033
 389051
 389060
 389104
 389105
 389442
 389671
 389733
 389821
 389843
 390051
 390078
 390131
 390266
 390317
 390388
 390395
 390402
 390407
 390603
 390717
 390871
 390872
 390885
 390934
 391192
 391236
 391350
 391621
 391718
 391737
 391754
 391782
 392100
 392160
 392248
 392280
 392312
 392592
 392781
 392870
 392876
 393226
 393365
 393462
 393690
 393864
 393904
 394310
 394354
 394394
 394531
 394613
 394644
 394674
 394736
 395129
 395158
 395173
 395424
 395459
 395486
 395508
 395625
 395626
 395685
 395864
 396097
 396342
 396351
 396474
 396508
 396512
 396517
 396518
 396541
 397025
 397219
 397247
 397470
 397538
 397590
 397600
 397651
 397666
 397737
 397771
 397845
 397991
 398169
 398221
 398410
 398456
 398469
 398520
 398523
 398616
 398621
 398647
 398674
 398712
 398876
 399625
 399922
 399950
 400000
 400154
 400187
 400214
 400357
 400474
 400475
 400481
 400594
 400824
 400834
 400936
 400972
 401098
 401100
 401205
 401348
 401534
 401544
 401551
 401594
 401691
 401869
 402050
 402092
 402117
 402140
 402276
 402361
 402647
 402935
 402959
 403128
 403242
 403300
 403321
 403390
 403522
 403852
 403952
 404282
 404316
 404416
 404424
 404560
 404593
 404761
 404774
 404840
 404948
 405081
 405211
 405311
 405339
 405491
 405611
 405880
 405983
 406033
 406082
 406136
 406166
 406301
 406521
 406532
 406604
 406664
 406955
 407007
 407058
 407219
 407332
 407357
 407468
 407587
 407619
 407625
 407766
 408088
 408104
 408163
 408264
 408374
 408506
 408538
 408568
 408626
 409239
 409342
 409589
 409740
 409954
 409983
 410066
 410216
 410567
 410585
 410628
 410740
 410762
 410879
 410958
 411068
 411229
 411233
 411436
 411447
 411566
 411609
 411752
 411864
 411899
 411904
 412006
 412095
 412268
 412327
 412488
 412519
 412597
 412723
 412756
 412764
 412765
 412825
 413019
 413027
 413089
 413122
 413332
 413427
 413513
 413904
 413951
 413959
 414025
 414027
 414312
 414385
 414488
 414585
 414668
 414677
 414820
 414849
 414898
 414919
 415137
 415191
 415258
 415304
 415587
 415598
 415681
 415783
 415799
 415973
 415983
 416281
 416364
 416477
 416492
 416529
 416743
 416799
 416828
 417003
 417098
 417105
 417249
 417367
 417957
 417968
 417994
 418024
 418141
 418206
 418252
 418374
 418416
 418652
 419086
 419197
 419198
 419222
 419235
 419292
 419296
 419519
 419741
 419795
 419973
 419978
 420048
 420324
 420362
 420621
 420824
 420877
 420879
 421003
 421315
 421529
 421592
 421981
 422084
 422155
 422328
 422379
 422408
 422435
 422680
 422721
 423003
 423092
 423506
 423585
 423627
 423811
 423840
 423857
 423907
 423959
 424010
 424132
 424137
 424207
 424417
 424464
 424474
 424582
 424585
 424642
 424661
 424676
 424701
 424739
 424754
 424833
 424897
 425023
 425048
 425269
 425315
 425363
 425408
 425503
 425675
 425714
 425925
 425932
 425991
 426023
 426103
 426133
 426229
 426267
 426301
 426303
 426439
 426578
 426648
 426708
 426802
 426900
 426920
 427126
 427173
 427189
 427350
 427359
 427489
 427511
 427699
 427720
 427922
 428011
 428033
 428039
 428571
 428684
 428773
 428799
 428814
 428888
 428893
 429325
 429378
 429614
 429956
 429976
 430048
 430081
 430091
 430343
 430599
 430709
 430995
 431122
 431162
 431209
 431220
 431240
 431298
 431320
 431364
 431506
 431527
 431595
 432203
 432246
 432288
 432362
 432491
 432495
 432543
 432591
 432776
 432802
 432952
 432957
 433012
 433063
 433093
 433240
 433321
 433333
 433431
 433492
 433628
 433638
 433704
 433785
 433860
 433885
 433931
 434043
 434065
 434173
 434181
 434284
 434340
 434482
 434566
 434617
 434722
 434748
 434752
 434896
 434992
 435038
 435107
 435124
 435268
 435298
 435343
 435425
 435443
 435531
 435677
 435933
 436067
 436070
 436123
 436196
 436269
 436354
 436714
 436831
 436877
 436881
 436938
 437009
 437111
 437450
 437488
 437672
 438135
 438141
 438387
 438487
 438622
 438758
 438797
 438829
 438950
 439037
 439048
 439139
 439164
 439284
 439317
 439411
 439432
 439469
 439633
 439707
 439849
 439869
 439964
 439988
 440016
 440158
 440200
 440238
 440454
 440520
 440604
 440605
 440649
 440853
 441005
 441095
 441415
 441454
 441537
 441635
 441807
 441852
 441895
 442202
 442284
 442404
 442508
 442797
 442873
 442903
 443272
 443304
 443458
 443460
 443503
 443696
 444022
 444039
 444048
 444135
 444256
 444320
 444339
 444420
 444465
 444627
 444677
 444862
 444870
 444899
 445114
 445272
 445344
 445541
 445582
 445616
 445624
 445648
 445840
 445917
 446153
 446168
 446197
 446339
 446768
 446842
 446855
 446866
 446879
 446932
 446962
 447255
 447277
 447316
 447475
 447487
 447515
 447626
 447634
 447718
 447761
 447792
 447804
 447817
 447837
 447877
 448085
 448321
 448350
 448390
 448426
 448508
 448670
 448716
 448914
 448965
 449030
 449195
 449212
 449290
 449302
 449343
 449389
 449451
 449496
 449632
 449666
 449680
 449835
 450049
 450083
 450085
 450104
 450186
 450304
 450331
 450446
 450485
 450547
 450819
 450895
 450954
 451026
 451150
 451300
 451311
 451393
 451629
 451765
 451792
 451938
 452123
 452458
 452606
 452662
 452701
 452715
 452872
 453056
 453166
 453331
 453337
 453460
 453710
 453771
 453858
 453946
 454014
 454091
 454213
 454454
 454478
 454545
 454582
 454976
 455011
 455061
 455158
 455215
 455235
 455286
 455456
 455847
 455911
 455935
 456101
 456140
 456276
 456286
 456479
 456517
 456540
 456635
 456764
 457016
 457201
 457317
 457368
 457388
 457468
 457521
 457540
 457601
 457876
 457928
 458048
 458400
 458433
 458446
 458656
 458689
 458777
 458917
 458948
 459028
 459029
 459232
 459274
 459456
 459476
 459542
 459552
 459634
 459777
 459896
 459956
 459975
 460014
 460176
 460313
 460472
 460606
 460784
 460792
 460946
 461325
 461333
 461368
 461369
 461370
 461480
 461520
 461569
 461629
 461632
 461709
 461816
 461845
 461958
 461969
 461993
 462096
 462264
 462319
 462393
 462488
 462633
 462832
 462978
 463001
 463081
 463191
 463308
 463464
 463477
 463636
 463703
 463716
 463730
 463758
 463849
 463987
 464029
 464484
 464770
 464779
 464901
 464906
 465063
 465116
 465164
 465256
 465280
 465516
 465728
 465836
 465872
 466028
 466119
 466200
 466221
 466321
 466518
 466543
 466666
 466688
 466802
 467107
 467200
 467208
 467209
 467211
 467302
 467413
 467632
 467644
 467704
 467741
 467779
 467826
 467906
 468085
 468308
 468395
 468408
 468419
 468601
 469184
 469313
 469321
 469736
 469769
 469828
 470038
 470067
 470232
 470257
 470353
 470575
 470655
 470741
 470816
 470839
 471273
 471275
 471449
 471465
 471514
 471642
 472037
 472083
 472130
 472150
 472186
 472213
 472235
 472267
 472598
 472774
 472932
 473306
 473487
 473534
 473665
 473755
 473811
 473860
 473931
 474022
 474023
 474135
 474237
 474294
 474764
 475129
 475245
 475375
 475409
 475471
 475847
 475912
 476044
 476122
 476150
 476276
 476439
 476552
 476682
 476731
 476754
 476968
 477035
 477124
 477229
 477376
 477408
 477435
 477754
 477899
 477966
 477998
 478302
 478421
 478491
 478596
 478627
 478682
 478723
 478809
 478881
 478978
 479166
 479232
 479287
 479342
 479679
 479814
 479862
 479967
 479973
 480121
 480192
 480390
 480409
 480447
 480535
 480632
 480638
 480815
 480850
 480911
 481012
 481143
 481189
 481285
 481369
 481462
 481675
 481966
 482102
 482385
 482423
 482494
 482716
 482939
 483020
 483126
 483169
 483198
 483261
 483297
 483359
 483498
 483561
 483584
 483605
 483612
 483781
 483844
 483870
 484047
 484065
 484181
 484217
 484243
 484338
 484390
 484490
 484497
 484592
 484650
 484688
 484707
 484983
 485062
 485148
 485254
 485315
 485317
 485328
 485546
 485585
 485590
 485601
 485689
 485802
 486018
 486109
 486205
 486208
 486238
 486257
 486258
 486279
 486403
 486471
 486540
 486572
 486610
 486718
 487001
 487004
 487074
 487179
 487228
 487255
 487271
 487273
 487279
 487485
 487666
 487726
 487777
 487840
 487935
 488256
 488258
 488260
 488316
 488345
 488430
 488482
 488554
 488610
 488814
 489060
 489113
 489172
 489294
 489411
 489417
 489563
 489684
 489721
 489731
 489748
 489806
 489838
 489922
 490208
 490341
 490485
 490510
 490589
 490636
 490670
 490712
 490838
 491059
 491127
 491135
 491306
 491347
 491380
 491395
 491422
 491524
 491595
 491687
 491868
 491978
 492186
 492203
 492327
 492395
 492541
 492610
 492661
 492700
 492774
 492829
 492890
 493068
 493080
 493256
 493261
 493304
 493584
 493598
 493952
 494057
 494191
 494276
 494310
 494318
 494423
 494516
 494584
 494750
 494760
 494896
 495210
 495598
 495613
 495731
 495736
 495765
 495769
 495770
 496034
 496124
 496186
 496317
 496453
 496562
 496653
 496781
 497041
 497188
 497191
 497205
 497902
 498020
 498169
 498183
 498381
 498605
 498834
 498882
 498999
 499159
 499207
 499212
 499285
 499442
 499622
 499676
 499789
 499907
 499909
 