0
 155
 388
 390
 486
 791
 839
 888
 927
 947
 957
 972
 1070
 1111
 1187
 1391
 1398
 1746
 1938
 1969
 2050
 2099
 2226
 2432
 2450
 2495
 2502
 2759
 2763
 2785
 2829
 2844
 2963
 3057
 3075
 3158
 3193
 3284
 3380
 3431
 3532
 3840
 3958
 4032
 4065
 4159
 4196
 4211
 4252
 4268
 4532
 4576
 4731
 4733
 4828
 4846
 5059
 5108
 5142
 5268
 5295
 5457
 5779
 6148
 6349
 6604
 6700
 6783
 6931
 7006
 7018
 7022
 7060
 7098
 7101
 7266
 7372
 7456
 7484
 7501
 7764
 8085
 8173
 8185
 8468
 8702
 8822
 8927
 9018
 9033
 9111
 9154
 9234
 9269
 9742
 9747
 9803
 9827
 9941
 9955
 9971
 10025
 10070
 10248
 10543
 10568
 10700
 10755
 10771
 10855
 10967
 11002
 11016
 11111
 11122
 11137
 11217
 11342
 11431
 11625
 11813
 11854
 11949
 12006
 12044
 12069
 12204
 12284
 12403
 12430
 12544
 12642
 12738
 12818
 13090
 13678
 13862
 13908
 13923
 13949
 14252
 14928
 15142
 15171
 15368
 15396
 15576
 15587
 15669
 15742
 15908
 15980
 16064
 16143
 16145
 16211
 16380
 16554
 16618
 16776
 16868
 16878
 16955
 17047
 17080
 17115
 17275
 17405
 17471
 17488
 17649
 17780
 17966
 18110
 18127
 18154
 18249
 18304
 18367
 18402
 18458
 18476
 18492
 18608
 18618
 18738
 18767
 18787
 18823
 18827
 18965
 19134
 19311
 19379
 19508
 19613
 19689
 19747
 20134
 20137
 20155
 20186
 20191
 20277
 20296
 20340
 20346
 20408
 20439
 20453
 20555
 20588
 20701
 20729
 21047
 21145
 21252
 21266
 21365
 21669
 21685
 21735
 21775
 21938
 22082
 22267
 22376
 22394
 22522
 22611
 22619
 23013
 23079
 23220
 23316
 23404
 23440
 23461
 23525
 23664
 23716
 23802
 23910
 23998
 24091
 24116
 24134
 24153
 24321
 24437
 24497
 24555
 24598
 24617
 24659
 24673
 24763
 24814
 24971
 25069
 25085
 25510
 25512
 25517
 25533
 25641
 25896
 26103
 26128
 26342
 26392
 26400
 26407
 26467
 26504
 26623
 26625
 26832
 27390
 27456
 27613
 27856
 27906
 28015
 28265
 28569
 28621
 28894
 28998
 29021
 29023
 29087
 29127
 29147
 29172
 29173
 29348
 29408
 29411
 29523
 29658
 29699
 29775
 29834
 29850
 30096
 30120
 30285
 30304
 30361
 30509
 30536
 30702
 30789
 30798
 30850
 30869
 30930
 31009
 31307
 31463
 31596
 31598
 31632
 31700
 31819
 31859
 32160
 32253
 32564
 32586
 32766
 32791
 32800
 32808
 32815
 33107
 33168
 33332
 33396
 33472
 33488
 33490
 33541
 33574
 33720
 33749
 33774
 33783
 33926
 33961
 33970
 33980
 34042
 34312
 34353
 34430
 34731
 34740
 34981
 34991
 35099
 35266
 35269
 35477
 35571
 35662
 35682
 35692
 35800
 35806
 35828
 35832
 35885
 36098
 36114
 36459
 36496
 36509
 36685
 36729
 36774
 36822
 36865
 36897
 36912
 37020
 37084
 37890
 38047
 38058
 38323
 38729
 38858
 38862
 38942
 38947
 38967
 39145
 39162
 39203
 39298
 39417
 39587
 39724
 40065
 40119
 40155
 40609
 40951
 40957
 41102
 41168
 41249
 41295
 41352
 41381
 41445
 41674
 41923
 42038
 42223
 42253
 42551
 42560
 42578
 42688
 42844
 42996
 43116
 43268
 43478
 43546
 44198
 44230
 44319
 44340
 44408
 44474
 44494
 44670
 44716
 44771
 44901
 44952
 44979
 45009
 45025
 45150
 45161
 45219
 45707
 45816
 46010
 46068
 46302
 46326
 46384
 46540
 46585
 46728
 46814
 46816
 46854
 47038
 47066
 47150
 47156
 47282
 47317
 47418
 47693
 47704
 47763
 47918
 47943
 48018
 48102
 48148
 48192
 48198
 48314
 48397
 48473
 48502
 48590
 48711
 48733
 48757
 48882
 48903
 49180
 49191
 49360
 49377
 49555
 49715
 49813
 49954
 50082
 50113
 50130
 50298
 50461
 50482
 50531
 50555
 50601
 51044
 51075
 51301
 51327
 51474
 51515
 51536
 51584
 51617
 51710
 51904
 52240
 52443
 52484
 52517
 52543
 52554
 52631
 52710
 52721
 52751
 52832
 52856
 52983
 52987
 53011
 53048
 53051
 53191
 53271
 53524
 53932
 54047
 54181
 54208
 54257
 54347
 54818
 54836
 54863
 54937
 55044
 55349
 55591
 55659
 55718
 55879
 56193
 56266
 56485
 56500
 56547
 56848
 56908
 57021
 57157
 57195
 57203
 57204
 57262
 57389
 57444
 57506
 57833
 57872
 57886
 57981
 58282
 58320
 58363
 58388
 58411
 58489
 58558
 58598
 58677
 58689
 58968
 59011
 59037
 59053
 59056
 59119
 59233
 59308
 59369
 59400
 59405
 59417
 59432
 59486
 59551
 59582
 59751
 59823
 59977
 60040
 60180
 60473
 60483
 60703
 60731
 60826
 60886
 60955
 60979
 60991
 61049
 61783
 61976
 62200
 62506
 62592
 62715
 62896
 62983
 63015
 63118
 63439
 63440
 63478
 63540
 63636
 63783
 63832
 64039
 64102
 64148
 64224
 64255
 64354
 64425
 64575
 64651
 64754
 64755
 64763
 64767
 64794
 64826
 64841
 64880
 64918
 65188
 65222
 65277
 65352
 65687
 65765
 65923
 65982
 65989
 66005
 66079
 66125
 66232
 66247
 66283
 66569
 66577
 66832
 66914
 66938
 67151
 67207
 67209
 67385
 67470
 67490
 67571
 68146
 68237
 68304
 68467
 68470
 68535
 68568
 68617
 68656
 68742
 68749
 68938
 69069
 69123
 69249
 69260
 69271
 69346
 69358
 69429
 69564
 69615
 69634
 69669
 69676
 69744
 70037
 70297
 70309
 70498
 70555
 70566
 70698
 70783
 70887
 70910
 71005
 71227
 71331
 71469
 71534
 71542
 71545
 71695
 71853
 71868
 72073
 72097
 72237
 72279
 72423
 72485
 72490
 72529
 72538
 72622
 72624
 72727
 72897
 72928
 72982
 73080
 73184
 73201
 73320
 73378
 73464
 73634
 73638
 73684
 73736
 73742
 73763
 73826
 73964
 74132
 74165
 74322
 74495
 74593
 74656
 74740
 74773
 74969
 74991
 75000
 75022
 75194
 75211
 75391
 75434
 75513
 75537
 75555
 75568
 75824
 75835
 76130
 76561
 76799
 76923
 77088
 77162
 77207
 77277
 77492
 77507
 77611
 77693
 77717
 77815
 77833
 77936
 77978
 78050
 78059
 78125
 78196
 78256
 78369
 78561
 78655
 78786
 78891
 78928
 78984
 79067
 79131
 79147
 79157
 79243
 79327
 79669
 79821
 79854
 79940
 80007
 80030
 80056
 80735
 80739
 80814
 81123
 81180
 81289
 81342
 81411
 81555
 81832
 81868
 81912
 82013
 82172
 82278
 82314
 82381
 82406
 82439
 82508
 82543
 82550
 82679
 82733
 82978
 83018
 83080
 83149
 83251
 83279
 83323
 83333
 83492
 83569
 83573
 83630
 83635
 83696
 83722
 83770
 83784
 83882
 83939
 84052
 84076
 84115
 84145
 84167
 84199
 84201
 84426
 84581
 84602
 84659
 84735
 85014
 85018
 85333
 85453
 85621
 85623
 85670
 85795
 85836
 85867
 85917
 85949
 86049
 86186
 86231
 86262
 86280
 86327
 86473
 86616
 86676
 86718
 86813
 86822
 86954
 86999
 87085
 87119
 87126
 87242
 87353
 87365
 87370
 87536
 88103
 88157
 88186
 88406
 88646
 88724
 88774
 88857
 88859
 88899
 88911
 89080
 89293
 89332
 89361
 89598
 89602
 89655
 89874
 90080
 90159
 90372
 90393
 90612
 90644
 90767
 91051
 91188
 91211
 91214
 91283
 91296
 91324
 91344
 91512
 91693
 91749
 91822
 91833
 92054
 92146
 92163
 92208
 92211
 92370
 92471
 92475
 92492
 92745
 92850
 93041
 93055
 93292
 93859
 93883
 94029
 94117
 94320
 94327
 94387
 94500
 94557
 94672
 94832
 94871
 94882
 94909
 95021
 95075
 95105
 95138
 95166
 95415
 95584
 95642
 95693
 95711
 95850
 95994
 96235
 96323
 96429
 96451
 96453
 96638
 96701
 96703
 97257
 97334
 97485
 97556
 97636
 97699
 97701
 97826
 97833
 97881
 98039
 98090
 98099
 98155
 98391
 98412
 98624
 98665
 98687
 98729
 98733
 98945
 99090
 99169
 99279
 99417
 99485
 99706
 99999
 100114
 100146
 100291
 100533
 100574
 100872
 100975
 101145
 101359
 101392
 101430
 101496
 101514
 101631
 101762
 101918
 101953
 101964
 102002
 102441
 102635
 102680
 102758
 102803
 102818
 102857
 102931
 103048
 103063
 103261
 103536
 103799
 104145
 104150
 104410
 104534
 104619
 104805
 104851
 104959
 105027
 105050
 105079
 105160
 105249
 105252
 105303
 105646
 105746
 105907
 105911
 106005
 106097
 106276
 106354
 106371
 106472
 106512
 106553
 106593
 106769
 106815
 107232
 107239
 107246
 107309
 107317
 107425
 107573
 107605
 107704
 107748
 107931
 107978
 107994
 108259
 108275
 108280
 108333
 108382
 108504
 108608
 108685
 108704
 108718
 108850
 109090
 109266
 109641
 110056
 110120
 110169
 110320
 110398
 110416
 110539
 110573
 110614
 110671
 110682
 110705
 110914
 110933
 111082
 111091
 111163
 111284
 111447
 111544
 111592
 111684
 111712
 111859
 111898
 112007
 112011
 112050
 112191
 112204
 112321
 112322
 112736
 112765
 112766
 112791
 112969
 112985
 112987
 113055
 113084
 113101
 113170
 113264
 113273
 113282
 113290
 113491
 113518
 113553
 113580
 113884
 113945
 114025
 114143
 114215
 114406
 114425
 114487
 114550
 114792
 115116
 115145
 115319
 115342
 115429
 115491
 115598
 115829
 116130
 116143
 116214
 116376
 116429
 116483
 116492
 116583
 116677
 116707
 116715
 116855
 116901
 116996
 117248
 117278
 117293
 117377
 117418
 117541
 117647
 117673
 117854
 118062
 118156
 118226
 118397
 118439
 118608
 118721
 118781
 118786
 119041
 119057
 119192
 119255
 119425
 119439
 119440
 119530
 119586
 119602
 119916
 119999
 120023
 120038
 120307
 120375
 120575
 120587
 120622
 120689
 120733
 120755
 120850
 120947
 121131
 121277
 121319
 121514
 121529
 121615
 121872
 122065
 122331
 122404
 122461
 122523
 122528
 122576
 122661
 122669
 122766
 122848
 122850
 123035
 123345
 123364
 123525
 123595
 123606
 123718
 123764
 123783
 123790
 123861
 123973
 124113
 124160
 124325
 124358
 124404
 124570
 124605
 124702
 124870
 124903
 124991
 125036
 125065
 125131
 125267
 125335
 125440
 125592
 125670
 125733
 125973
 125989
 126017
 126059
 126060
 126200
 126284
 126314
 126368
 126546
 126598
 126657
 126865
 127039
 127050
 127432
 127527
 127544
 127604
 127691
 127713
 127965
 128023
 128097
 128155
 128351
 128525
 128600
 128664
 128674
 128724
 128726
 128840
 128919
 128943
 128952
 128983
 129271
 129711
 129824
 129902
 130018
 130048
 130053
 130373
 130595
 130669
 130719
 130996
 131030
 131054
 131115
 131335
 131558
 131753
 131791
 131868
 132039
 132376
 132484
 132662
 132741
 132795
 132870
 132901
 132968
 133048
 133082
 133158
 133200
 133260
 133325
 133333
 133340
 133631
 133660
 133669
 133688
 134069
 134235
 134254
 134288
 134289
 134387
 134854
 134926
 134959
 134969
 135167
 135205
 135346
 135367
 135389
 135443
 135523
 135592
 135712
 135727
 136031
 136065
 136254
 136302
 136316
 136432
 136442
 136780
 136901
 136993
 137011
 137042
 137120
 137155
 137168
 137232
 137248
 137308
 137387
 137506
 137535
 137738
 137768
 137831
 137834
 138013
 138087
 138152
 138198
 138225
 138497
 138539
 138555
 138578
 138695
 138724
 138750
 138763
 139298
 139344
 139363
 139458
 139557
 139775
 139799
 139838
 139972
 139976
 139999
 140000
 140042
 140069
 140161
 140165
 140384
 140667
 140668
 141150
 141210
 141242
 141398
 141461
 141496
 141547
 141584
 141747
 141757
 141774
 142094
 142117
 142174
 142176
 142188
 142239
 142331
 142646
 142701
 142822
 142857
 142902
 142920
 142924
 143048
 143051
 143109
 143169
 143213
 143227
 143263
 143304
 143478
 143580
 143670
 143782
 143837
 143910
 144032
 144146
 144180
 144320
 144520
 144577
 144673
 144779
 144805
 144844
 144998
 145106
 145107
 145153
 145207
 145259
 145325
 145460
 145465
 145569
 145644
 145760
 146324
 146325
 146492
 146592
 146627
 146776
 146849
 147197
 147443
 147585
 147632
 147949
 148044
 148072
 148093
 148275
 148331
 148338
 148405
 148495
 148531
 148595
 148683
 148730
 148746
 148874
 148883
 148890
 148990
 149014
 149033
 149072
 149171
 149450
 149607
 149667
 149724
 149856
 149978
 150150
 150236
 150282
 150298
 150517
 150591
 150717
 150793
 150928
 150934
 151145
 151322
 151383
 151468
 151533
 151542
 151587
 151809
 152097
 152178
 152255
 152369
 152481
 152542
 152595
 152658
 152671
 152708
 152719
 152788
 152893
 153052
 153157
 153727
 153806
 153812
 153846
 154047
 154054
 154104
 154230
 154242
 154332
 154350
 154466
 154897
 154923
 155120
 155270
 155280
 155359
 155476
 155591
 155607
 155682
 155888
 156137
 156198
 156242
 156257
 156274
 156362
 156599
 156669
 156675
 156932
 157102
 157144
 157917
 157978
 158002
 158067
 158087
 158474
 158504
 158608
 158682
 158836
 159277
 159285
 159330
 159453
 159574
 159589
 159606
 159684
 160077
 160094
 160328
 160651
 160730
 161043
 161097
 161101
 161266
 161290
 161350
 161580
 161882
 161932
 162125
 162217
 162236
 162404
 162585
 162644
 162662
 162673
 162866
 162994
 163028
 163179
 163297
 163324
 163401
 163518
 163590
 163829
 164258
 164305
 164320
 164437
 164713
 164715
 164761
 164816
 164817
 164901
 164948
 165279
 165418
 165448
 165722
 165736
 165759
 165769
 165847
 165875
 165968
 166035
 166105
 166239
 166566
 166666
 167292
 167483
 167688
 167722
 167790
 167860
 167861
 167981
 168364
 168443
 168483
 168654
 168672
 168914
 169099
 169300
 169371
 169455
 169630
 169756
 170039
 170087
 170203
 170410
 170546
 170562
 170633
 170682
 170759
 170967
 170981
 171043
 171094
 171545
 171659
 171779
 171837
 171885
 172032
 172087
 172089
 172115
 172132
 172608
 172897
 172898
 173045
 173199
 173253
 173322
 173489
 173508
 173622
 173644
 173677
 173698
 173737
 174035
 174055
 174086
 174183
 174248
 174309
 174377
 174496
 174531
 174540
 174560
 174598
 174705
 174745
 174932
 175000
 175058
 175294
 175408
 175434
 175477
 175518
 175582
 175592
 175593
 175654
 175784
 175948
 175952
 175960
 176076
 176091
 176190
 176201
 176481
 176495
 176499
 176607
 176637
 176722
 176725
 176786
 177276
 177279
 177293
 177333
 177379
 177396
 177412
 177443
 177487
 177525
 177935
 178089
 178091
 178395
 178402
 178410
 178761
 178873
 178984
 179194
 179487
 179495
 179711
 179808
 179818
 179923
 180170
 180510
 180512
 180526
 180808
 181224
 181268
 181297
 181379
 181394
 181406
 181764
 181815
 181831
 182064
 182151
 182589
 182666
 182795
 182820
 182839
 182867
 182966
 183057
 183060
 183160
 183193
 183360
 183363
 183427
 183429
 183520
 183562
 183633
 183797
 183994
 184134
 184149
 184219
 184285
 184302
 184391
 184466
 184597
 184605
 184615
 184654
 184792
 184931
 185214
 185230
 185421
 185763
 185823
 185952
 185961
 186139
 186156
 186227
 186236
 186349
 186463
 186502
 186772
 186840
 186853
 186908
 186933
 187042
 187191
 187256
 187377
 187598
 187634
 187639
 187720
 187739
 187801
 187850
 187971
 188027
 188090
 188191
 188249
 188310
 188378
 188519
 188552
 188822
 188849
 189189
 189219
 189280
 189285
 189362
 189390
 189701
 189713
 189920
 189936
 190032
 190043
 190193
 190229
 190435
 190446
 190463
 190581
 190607
 190624
 190673
 190795
 190839
 190865
 191427
 191621
 191626
 191767
 191852
 191878
 192005
 192031
 192282
 192581
 192950
 192962
 193136
 193548
 193701
 193877
 193949
 193959
 194037
 194043
 194127
 194255
 194352
 194829
 195134
 195519
 195524
 195585
 195598
 196109
 196280
 196291
 196329
 196642
 196747
 196847
 196935
 197033
 197311
 197364
 197398
 197475
 197522
 197562
 197594
 197772
 197866
 197944
 198102
 198203
 198392
 198452
 198453
 198609
 198627
 198714
 198776
 198865
 199004
 199036
 199069
 199123
 199348
 199578
 199627
 199651
 199751
 199767
 199836
 200147
 200189
 200239
 200267
 200290
 200373
 200500
 200744
 200968
 200994
 201006
 201024
 201039
 201065
 201072
 201090
 201159
 201251
 201547
 201592
 201641
 201731
 201954
 202080
 202127
 202141
 202174
 202212
 202238
 202388
 202569
 202637
 202749
 202761
 202829
 202971
 203143
 203166
 203272
 203352
 203400
 203425
 203452
 203557
 203594
 203654
 203659
 203661
 203786
 203826
 203913
 204099
 204163
 204237
 204272
 204298
 204392
 204525
 204627
 204700
 204752
 204786
 205045
 205093
 205098
 205187
 205197
 205241
 205247
 205402
 205521
 205628
 205823
 206123
 206165
 206266
 206349
 206407
 206502
 206526
 206615
 206719
 206896
 206945
 206948
 207186
 207192
 207245
 207271
 207392
 207529
 207591
 207756
 207886
 207889
 207950
 208001
 208014
 208032
 208142
 208180
 208307
 208481
 208893
 208920
 208994
 209003
 209020
 209150
 209225
 209319
 209402
 209447
 209634
 209698
 209726
 209753
 210037
 210064
 210090
 210454
 211063
 211081
 211359
 211422
 211586
 211988
 212382
 212436
 212459
 212463
 212562
 212652
 212723
 212872
 212944
 213025
 213080
 213122
 213353
 213359
 213404
 213574
 213693
 213928
 214141
 214280
 214285
 214413
 214422
 214486
 214650
 214912
 215199
 215336
 215378
 215468
 216072
 216075
 216198
 216269
 216321
 216480
 216494
 216542
 216583
 216599
 216703
 216786
 216874
 216963
 216989
 217031
 217111
 217228
 217255
 217274
 217339
 217388
 217694
 217946
 217965
 218021
 218342
 218395
 218410
 218532
 218534
 218584
 218594
 218599
 218635
 218637
 218674
 218684
 218693
 218725
 218806
 218919
 218939
 218952
 218954
 219052
 219172
 219191
 219363
 219396
 219589
 219656
 219691
 220070
 220101
 220139
 220243
 220424
 220441
 220456
 220524
 220605
 220661
 220696
 220836
 220930
 220967
 221113
 221245
 221375
 221380
 221419
 221439
 221523
 221806
 221827
 221972
 222246
 222278
 222284
 222304
 222360
 222728
 222862
 222975
 223044
 223091
 223234
 223239
 223263
 223336
 223500
 223505
 223541
 223559
 223601
 223649
 223776
 223797
 223817
 223829
 223974
 223988
 224014
 224040
 224155
 224255
 224504
 224528
 224536
 224574
 224757
 224910
 224947
 224958
 224959
 225136
 225207
 225409
 225463
 225466
 225615
 225628
 225846
 225957
 226086
 226117
 226228
 226392
 226415
 226474
 226569
 226621
 226687
 226817
 227194
 227272
 227317
 227594
 227799
 227940
 227956
 228033
 228497
 228593
 228597
 228614
 228622
 228679
 228726
 228922
 229024
 229064
 229210
 229297
 229321
 229356
 229448
 229490
 229691
 229737
 229754
 229784
 229899
 229964
 230006
 230015
 230049
 230079
 230131
 230133
 230662
 230730
 231000
 231021
 231360
 231529
 231732
 231739
 231799
 232077
 232080
 232123
 232344
 232360
 232572
 232639
 232906
 233052
 233057
 233122
 233173
 233238
 233257
 233354
 233398
 233521
 233657
 233823
 234098
 234103
 234205
 234233
 234389
 234529
 234557
 234632
 234718
 234786
 234820
 234926
 235021
 235373
 235498
 235508
 235577
 235648
 235787
 235887
 236018
 236096
 236171
 236203
 236336
 236440
 236465
 236733
 236742
 236754
 236821
 236996
 237054
 237172
 237240
 237370
 237393
 237406
 237465
 237491
 237612
 237724
 237937
 237981
 238062
 238231
 238359
 238474
 238604
 238635
 238763
 238824
 239102
 239190
 239344
 239360
 239497
 239569
 239834
 240158
 240267
 240320
 240365
 240538
 240597
 240616
 240772
 240865
 240956
 241057
 241166
 241274
 241350
 241555
 241733
 241816
 241821
 241885
 241918
 241935
 241963
 241986
 242000
 242021
 242152
 242373
 242397
 242406
 242455
 242654
 242762
 242846
 242923
 243100
 243112
 243243
 243272
 243288
 243295
 243355
 243421
 243444
 243550
 243698
 243879
 244033
 244190
 244206
 244229
 244239
 244695
 244731
 244744
 244790
 244900
 245283
 245317
 245469
 245534
 245645
 245698
 245882
 246017
 246124
 246294
 246702
 246893
 246929
 247060
 247061
 247326
 247384
 247494
 247526
 247664
 247734
 247744
 247756
 247862
 247924
 247946
 247981
 248071
 248125
 248219
 248325
 248380
 248504
 248820
 248892
 248910
 249080
 249086
 249090
 249129
 249154
 249212
 249261
 249290
 249361
 249545
 249736
 249793
 249893
 249915
 250188
 250289
 250327
 250423
 250513
 250515
 250544
 250885
 250939
 251022
 251091
 251139
 251173
 251269
 251292
 251394
 251728
 251805
 251946
 252087
 252366
 252628
 252675
 252850
 252910
 252941
 252951
 252991
 253013
 253089
 253093
 253202
 253327
 253348
 253353
 253393
 253478
 253481
 253663
 253665
 254035
 254061
 254098
 254137
 254390
 254519
 254551
 254558
 254733
 254985
 255190
 255344
 255478
 255572
 255614
 255644
 255707
 255776
 255800
 255878
 256070
 256240
 256273
 256283
 256344
 256410
 256434
 256505
 256607
 256673
 257122
 257166
 257180
 257374
 257396
 257400
 257734
 257847
 258237
 258240
 258279
 258408
 258753
 258882
 259088
 259168
 259193
 259207
 259265
 259292
 259386
 259390
 259588
 259619
 259644
 259704
 259775
 259786
 259830
 259831
 260117
 260244
 260270
 260505
 260614
 260677
 260736
 260787
 260917
 260933
 260956
 260966
 261270
 261680
 261814
 261845
 261874
 261982
 262074
 262097
 262103
 262105
 262188
 262334
 262429
 262501
 262683
 262737
 263246
 263274
 263313
 263322
 263327
 263396
 263455
 263551
 263609
 263686
 263840
 263888
 264113
 264207
 264248
 264323
 264348
 264369
 264415
 264471
 264479
 264618
 264655
 264668
 264705
 264891
 265088
 265128
 265154
 265203
 265312
 265321
 265383
 265550
 265725
 265774
 265884
 265928
 266066
 266130
 266150
 266191
 266324
 266358
 266382
 266461
 266562
 266762
 266815
 266864
 267036
 267198
 267293
 267328
 267446
 267643
 267665
 267737
 267813
 267844
 268290
 268489
 268583
 268598
 268701
 268727
 268773
 269134
 269230
 269387
 269439
 269494
 269871
 269921
 269965
 270069
 270095
 270114
 270511
 270723
 270900
 270918
 271179
 271181
 271344
 271349
 271359
 271565
 271589
 272030
 272053
 272156
 272183
 272264
 272454
 272576
 272614
 272788
 272809
 272931
 272957
 272973
 273039
 273140
 273143
 273179
 273302
 273325
 273581
 273772
 273966
 274010
 274029
 274078
 274285
 274511
 274703
 274965
 274994
 275017
 275067
 275111
 275318
 275458
 275564
 275692
 275700
 275757
 275816
 275862
 276181
 276224
 276443
 276509
 276670
 276736
 276836
 276921
 276927
 277049
 277062
 277084
 277168
 277330
 277352
 277495
 277520
 277528
 277614
 277924
 278024
 278525
 278572
 278590
 278819
 278829
 278849
 278936
 278937
 279037
 279069
 279077
 279174
 279177
 279365
 279372
 279489
 279493
 279586
 279661
 279831
 279871
 279962
 280082
 280118
 280175
 280214
 280220
 280596
 280936
 281102
 281298
 281337
 281345
 281497
 281639
 281924
 281943
 281954
 281970
 281996
 282007
 282333
 282438
 282509
 282553
 282667
 282683
 282725
 282811
 282906
 283007
 283039
 283068
 283307
 283346
 283382
 283424
 283546
 283664
 283679
 283686
 283711
 283740
 283793
 283857
 283955
 284095
 284135
 284254
 284371
 284382
 284490
 284702
 285020
 285115
 285184
 285341
 285444
 285575
 285648
 285699
 285714
 285811
 286013
 286049
 286050
 286226
 286431
 286742
 286816
 286877
 286992
 287241
 287409
 287464
 287480
 287680
 287691
 287782
 287819
 287925
 287942
 287998
 288017
 288080
 288190
 288381
 288402
 288445
 288751
 288962
 289045
 289267
 289697
 289844
 289887
 289994
 290069
 290269
 290272
 290286
 290517
 290572
 290620
 290703
 290716
 290743
 290847
 290879
 291011
 291127
 291274
 291276
 291338
 291371
 291552
 291574
 291602
 291651
 291752
 291761
 291900
 292181
 292191
 292341
 292365
 292702
 292826
 293112
 293209
 293210
 293327
 293357
 293488
 293490
 293502
 293924
 294049
 294073
 294128
 294401
 294441
 294674
 294714
 294827
 295054
 295083
 295347
 295458
 295641
 295705
 295777
 295980
 296161
 296489
 296515
 296518
 296610
 296633
 296729
 296821
 297008
 297133
 297360
 297405
 297410
 297601
 297704
 297841
 297856
 297946
 298203
 298245
 298478
 298585
 298617
 298917
 298983
 299000
 299026
 299047
 299143
 299239
 299293
 299393
 299608
 299619
 299638
 299657
 299712
 299821
 299859
 300012
 300177
 300240
 300255
 300458
 300547
 300800
 300860
 301157
 301217
 301573
 301784
 301801
 301841
 301843
 301855
 301886
 302095
 302153
 302333
 302348
 302400
 302659
 302760
 302968
 303046
 303261
 303275
 303360
 303394
 303616
 303690
 303717
 303811
 303822
 303927
 304078
 304222
 304269
 304305
 304347
 304510
 304577
 304694
 304790
 304813
 304929
 304988
 305110
 305142
 305243
 305307
 305328
 305462
 305464
 305599
 305777
 305800
 305823
 305866
 306070
 306183
 306311
 306331
 306341
 306364
 306396
 306451
 306546
 306742
 306855
 306898
 307011
 307024
 307118
 307145
 307147
 307302
 307463
 307550
 307755
 307816
 307943
 308206
 308257
 308677
 308856
 308930
 308986
 309429
 309460
 309461
 309489
 309499
 309560
 309590
 309603
 309734
 309884
 309890
 309917
 309918
 310015
 310126
 310259
 310413
 310419
 310423
 310484
 310512
 310663
 310718
 310723
 310876
 310891
 311104
 311131
 311341
 311392
 311404
 311498
 311870
 312077
 312101
 312306
 312350
 312358
 312377
 312556
 312578
 312592
 312606
 312672
 313084
 313096
 313184
 313258
 313524
 313750
 313861
 313889
 313926
 313941
 313973
 314541
 314601
 314698
 314708
 314716
 314735
 314803
 314888
 315084
 315132
 315560
 315577
 315623
 315677
 315766
 315882
 316085
 316087
 316443
 316655
 316733
 316831
 316984
 317029
 317135
 317395
 317490
 317507
 317509
 317593
 317952
 318073
 318126
 318131
 318267
 318540
 318558
 318751
 318758
 318829
 318858
 318944
 318947
 319092
 319428
 319492
 319509
 319529
 319595
 319662
 319756
 319773
 319802
 319858
 319928
 320067
 320160
 320165
 320311
 320424
 320499
 320579
 320622
 320775
 320890
 320951
 321091
 321185
 321201
 321280
 321313
 321439
 321477
 321553
 321592
 321693
 321758
 321982
 322048
 322095
 322096
 322188
 322222
 322226
 322245
 322255
 322299
 322359
 322376
 322551
 322563
 322621
 322871
 322895
 322925
 322970
 323056
 323172
 323182
 323349
 323662
 323728
 323796
 323816
 323899
 324020
 324112
 324183
 324207
 324232
 324258
 324668
 324766
 324773
 324895
 324931
 324976
 325008
 325173
 325345
 325610
 325725
 325883
 325984
 326155
 326188
 326558
 326580
 326874
 326882
 326892
 326997
 327225
 327255
 327279
 327311
 327320
 327496
 327605
 327748
 327843
 327891
 328021
 328099
 328343
 328443
 328498
 328514
 328545
 328547
 328675
 328907
 328917
 328965
 329030
 329094
 329148
 329162
 329202
 329239
 329287
 329353
 329605
 329652
 329658
 329816
 329833
 329852
 329867
 329875
 329912
 329981
 330141
 330183
 330194
 330224
 330316
 330345
 330595
 330711
 330840
 330977
 331081
 331175
 331273
 331552
 331702
 331728
 331890
 331898
 331980
 332095
 332149
 332216
 332487
 332576
 332600
 332733
 332744
 333091
 333117
 333149
 333223
 333333
 333413
 333530
 333607
 333628
 333638
 333655
 333688
 333704
 333817
 333905
 333914
 334390
 334561
 334718
 334892
 334967
 334999
 335239
 335260
 335340
 335479
 335570
 335785
 335792
 335844
 336066
 336072
 336092
 336161
 336205
 336250
 336422
 336433
 336757
 336790
 336832
 337003
 337066
 337069
 337162
 337212
 337231
 337239
 337487
 337489
 337695
 337799
 337961
 338049
 338203
 338211
 338339
 338921
 338926
 338929
 338956
 339158
 339194
 339461
 339594
 339622
 339645
 339649
 339667
 339672
 339805
 339821
 339907
 340050
 340126
 340230
 340248
 340287
 340358
 340373
 340399
 340600
 340764
 340804
 340805
 340934
 340957
 340968
 340995
 341219
 341437
 341500
 341516
 341554
 341658
 341738
 341775
 341929
 342134
 342151
 342155
 342254
 342383
 342425
 342599
 342726
 342857
 342921
 343053
 343110
 343147
 343161
 343228
 343503
 343514
 343683
 343747
 343786
 343801
 343806
 343828
 343934
 344043
 344044
 344066
 344146
 344171
 344246
 344410
 344430
 344673
 344685
 344720
 344734
 344841
 344915
 345038
 345153
 345237
 345408
 345528
 345545
 345552
 345566
 345685
 346033
 346131
 346153
 346377
 346438
 346559
 346735
 346913
 346932
 347121
 347261
 347501
 347750
 347826
 347962
 348134
 348262
 348385
 348397
 348472
 348500
 348572
 348675
 348721
 348960
 349024
 349083
 349183
 349356
 349365
 349403
 349434
 349480
 349516
 349571
 349678
 349799
 349972
 350170
 350183
 350305
 350328
 350420
 350492
 350599
 350634
 350777
 351032
 351039
 351067
 351109
 351112
 351118
 351447
 351500
 351607
 352340
 352363
 352367
 352412
 352456
 352502
 352638
 352694
 352725
 352795
 352809
 352941
 353046
 353086
 353116
 353117
 353154
 353268
 353493
 353564
 353592
 353699
 353775
 353954
 354176
 354214
 354382
 354435
 354700
 354773
 354946
 355213
 355272
 355351
 355439
 355569
 355732
 355836
 355975
 356214
 356341
 356424
 356502
 356526
 356590
 356599
 356619
 356645
 356772
 356935
 357027
 357057
 357112
 357243
 357336
 357385
 357451
 357494
 357531
 357584
 357654
 357702
 357723
 357993
 358036
 358115
 358156
 358231
 358343
 358426
 358505
 358670
 358802
 358880
 358910
 359129
 359277
 359313
 359429
 359436
 359484
 359499
 359631
 359697
 359711
 359743
 359925
 360166
 360191
 360258
 360474
 360531
 360569
 360582
 361181
 361292
 361953
 361994
 362056
 362413
 362807
 363114
 363287
 363422
 363451
 363509
 363790
 363925
 364013
 364130
 364200
 364209
 364516
 364556
 364679
 364702
 364791
 364965
 365033
 365075
 365122
 365398
 365401
 365560
 365781
 365802
 366009
 366194
 366339
 366503
 366515
 366606
 366683
 366728
 366944
 367210
 367285
 367314
 367339
 367816
 367973
 368175
 368248
 368261
 368338
 368464
 368485
 368753
 368853
 368881
 368890
 368998
 369025
 369165
 369313
 369462
 369520
 369810
 369822
 370067
 370292
 370449
 370451
 370682
 370732
 370803
 370897
 370902
 370929
 371345
 371414
 371428
 371456
 371475
 371507
 371654
 371730
 371737
 372026
 372078
 372093
 372110
 372366
 372657
 372687
 372744
 372789
 372825
 372870
 373011
 373027
 373428
 373459
 373464
 373470
 373587
 373605
 373626
 373666
 373768
 374074
 374165
 374265
 374387
 374391
 374422
 374694
 374696
 374786
 374819
 374838
 374921
 375130
 375259
 375304
 375379
 375444
 375651
 375815
 375844
 375928
 375970
 376091
 376140
 376176
 376354
 376414
 376431
 376434
 376484
 376770
 376854
 376859
 376897
 376898
 377056
 377192
 377300
 377401
 377545
 377608
 377693
 377695
 377783
 377797
 377827
 377918
 378056
 378379
 378427
 378470
 378479
 378515
 378710
 378870
 378916
 379087
 379229
 379374
 379427
 379581
 379824
 379896
 379929
 379940
 379949
 380039
 380098
 380205
 380207
 380599
 380716
 380753
 380857
 380865
 381196
 381205
 381233
 381350
 381413
 381446
 381483
 381638
 381729
 382070
 382088
 382206
 382368
 382439
 382577
 382952
 383005
 383208
 383283
 383372
 383695
 383718
 383803
 383851
 383946
 383992
 384052
 384463
 384562
 384615
 384626
 384666
 384764
 384942
 385090
 385109
 385154
 385207
 385405
 385694
 385704
 385959
 386386
 386747
 386884
 386887
 386946
 386952
 387145
 387151
 387251
 387253
 387360
 387563
 387681
 387828
 387856
 387908
 387978
 387980
 388178
 388228
 388244
 388311
 388464
 388507
 388526
 388704
 388733
 388766
 388870
 388936
 388986
 389183
 389233
 389363
 389380
 389508
 389784
 389821
 389862
 389888
 389907
 390097
 390195
 390211
 390224
 390407
 390443
 390467
 390531
 390543
 390686
 390750
 390758
 390869
 390933
 390996
 391149
 391182
 391183
 391448
 391553
 391556
 391621
 391626
 391722
 391741
 391879
 392006
 392058
 392413
 392728
 392793
 392934
 392978
 393030
 393062
 393257
 393339
 393379
 393380
 393480
 393617
 393668
 393703
 393709
 393747
 393749
 393961
 394000
 394206
 394273
 394287
 394340
 394421
 394423
 394445
 394446
 394569
 394578
 394699
 394736
 394800
 394997
 395096
 395114
 395271
 395311
 395392
 395513
 395721
 395765
 395836
 395840
 396021
 396057
 396153
 396279
 396431
 396498
 396612
 396822
 396928
 397014
 397127
 397249
 397349
 397547
 397602
 397659
 397783
 398123
 398169
 398212
 398267
 398458
 398543
 398553
 398737
 398750
 398786
 398919
 399043
 399061
 399228
 399296
 399564
 399684
 399843
 399999
 400388
 400430
 400495
 400551
 400669
 400685
 400755
 400756
 400763
 400817
 400868
 400893
 401236
 401287
 401299
 401343
 401598
 401601
 401712
 401812
 401834
 402011
 402144
 402271
 402463
 402470
 402527
 402660
 402661
 402704
 402710
 402777
 402842
 402895
 403141
 403186
 403362
 403377
 403416
 403540
 403634
 403991
 404268
 404293
 404638
 404682
 404744
 404761
 404803
 404861
 404881
 404915
 404946
 404963
 405007
 405193
 405205
 405376
 405392
 405458
 405464
 405659
 405724
 405813
 405833
 406132
 406198
 406256
 406379
 406589
 406633
 406779
 406826
 406915
 407065
 407117
 407234
 407246
 407311
 407487
 407525
 407565
 407634
 407991
 408491
 408576
 408683
 408840
 409090
 409172
 409203
 409661
 409850
 409881
 410032
 410043
 410093
 410256
 410335
 410423
 410447
 410803
 410858
 411016
 411111
 411136
 411152
 411182
 411424
 411477
 411514
 411584
 411758
 411835
 411927
 411982
 412379
 412436
 412490
 412545
 412626
 412725
 412776
 412820
 412902
 413131
 413185
 413242
 413315
 413475
 413489
 413508
 413704
 413856
 413859
 413954
 413959
 414028
 414093
 414095
 414192
 414257
 414354
 414419
 414469
 414572
 414631
 414973
 415172
 415238
 415297
 415418
 415525
 415694
 415871
 415873
 415965
 416227
 416513
 416560
 416624
 416725
 416774
 416886
 417152
 417176
 417280
 417299
 417349
 417423
 417452
 417741
 418171
 418272
 418512
 418575
 418594
 418620
 418667
 418955
 418981
 419153
 419593
 419972
 420260
 420320
 420368
 420394
 420496
 420626
 420674
 420722
 420967
 421037
 421050
 421074
 421088
 421105
 421280
 421489
 421641
 421682
 421701
 421707
 421894
 421935
 422072
 422103
 422109
 422199
 422351
 422359
 422490
 422762
 422839
 422844
 422868
 422941
 423221
 423493
 423503
 423537
 423558
 423564
 423733
 423982
 423997
 424048
 424103
 424198
 424461
 424481
 424704
 424845
 425086
 425241
 425304
 425430
 425465
 425475
 425557
 425580
 425590
 425613
 425741
 425969
 426034
 426142
 426658
 426803
 426875
 426968
 427210
 427278
 427294
 427336
 427471
 427939
 428067
 428203
 428382
 428405
 428425
 428472
 428571
 428688
 428837
 428933
 428960
 429007
 429012
 429097
 429177
 429378
 429480
 429623
 430021
 430104
 430228
 430234
 430241
 430307
 430491
 430530
 430539
 430542
 430586
 430588
 430669
 430699
 430739
 430780
 430812
 431034
 431223
 431300
 431352
 431413
 431790
 431902
 431938
 431990
 432074
 432146
 432168
 432218
 432364
 432412
 432682
 432785
 432880
 432886
 433049
 433244
 433265
 433383
 433454
 433465
 433624
 433690
 433749
 433809
 434017
 434071
 434107
 434199
 434259
 434363
 434434
 434435
 434725
 434827
 434860
 435128
 435225
 435296
 435382
 435446
 435451
 435483
 435822
 435865
 435933
 435956
 436094
 436108
 436110
 436208
 436229
 436295
 436489
 436592
 436667
 436676
 436685
 436697
 436710
 436743
 436847
 437067
 437081
 437139
 437458
 437509
 437799
 437814
 437961
 438150
 438243
 438356
 438405
 438444
 438534
 438535
 438596
 438639
 438645
 438720
 438867
 438881
 438899
 438947
 438958
 439011
 439089
 439282
 439356
 439431
 439588
 439664
 439757
 439926
 439972
 440085
 440149
 440204
 440324
 440404
 440421
 440646
 440773
 440814
 440882
 440902
 441038
 441365
 441528
 441847
 441849
 441851
 441866
 441885
 442036
 442075
 442375
 442400
 442482
 442675
 442723
 442789
 442900
 442953
 443078
 443106
 443176
 443221
 443279
 443282
 443495
 443500
 443659
 444132
 444193
 444208
 444277
 444371
 444691
 444825
 445245
 445304
 445345
 445346
 445426
 445432
 445448
 445484
 445518
 445898
 445960
 445974
 446157
 446168
 446428
 446664
 446901
 446988
 447438
 447537
 447602
 447706
 447795
 448108
 448162
 448190
 448241
 448322
 448396
 448437
 448460
 448469
 448822
 448896
 448922
 448963
 449030
 449304
 449416
 449575
 449618
 449656
 449681
 449724
 449788
 449868
 450015
 450094
 450111
 450276
 450291
 450352
 450523
 450646
 450668
 450755
 450770
 451079
 451137
 451256
 451264
 451272
 451355
 451536
 451612
 451652
 451752
 451917
 452008
 452080
 452189
 452410
 452447
 452462
 452465
 452483
 452575
 452589
 452609
 452618
 452841
 452846
 452899
 452941
 453098
 453157
 453183
 453318
 453362
 453363
 453419
 453432
 453647
 453833
 454189
 454200
 454247
 454313
 454484
 454486
 454511
 454637
 454666
 454738
 454913
 454926
 454984
 454989
 455019
 455150
 455411
 455421
 455696
 455758
 455861
 455934
 455968
 456030
 456061
 456064
 456094
 456170
 456257
 456299
 456333
 456400
 456585
 456766
 456964
 457048
 457074
 457087
 457146
 457302
 457363
 457456
 457482
 457599
 457617
 457653
 457916
 458106
 458115
 458154
 458229
 458289
 458414
 458569
 458722
 458746
 458802
 459251
 459828
 459861
 459903
 460118
 460204
 460328
 460450
 460695
 460740
 460787
 460793
 460820
 461082
 461284
 461492
 461538
 461692
 461749
 461824
 461855
 462098
 462209
 462212
 462237
 462264
 462331
 462341
 462477
 462483
 462486
 462555
 462556
 462582
 462589
 462678
 462841
 463069
 463178
 463373
 463521
 463548
 463589
 463703
 463827
 463833
 463844
 463890
 464095
 464196
 464213
 464278
 464342
 464481
 464629
 464650
 464716
 464798
 464853
 464911
 465000
 465181
 465251
 465300
 465303
 465351
 465454
 465635
 465693
 465826
 465949
 465986
 466074
 466275
 466282
 466485
 466632
 466920
 467087
 467121
 467231
 467336
 467442
 467601
 467641
 467675
 467896
 468096
 468131
 468253
 468385
 468560
 468769
 468852
 468965
 469025
 469124
 469425
 469494
 469738
 469750
 469817
 470002
 470074
 470084
 470588
 470701
 470882
 470948
 470979
 471024
 471312
 471341
 471380
 471510
 471575
 471638
 471670
 471677
 471744
 471765
 471799
 471868
 471924
 472032
 472099
 472115
 472128
 472254
 472309
 472556
 472618
 472636
 472687
 472693
 473291
 473296
 473298
 473398
 473411
 473600
 473631
 473647
 473720
 473754
 474115
 474125
 474276
 474450
 474605
 474699
 474776
 474794
 474822
 474833
 474907
 474938
 475037
 475178
 475259
 475448
 475728
 475913
 475979
 476030
 476116
 476189
 476380
 476615
 476735
 477057
 477154
 477200
 477359
 477411
 477745
 477872
 477970
 478077
 478165
 478179
 478193
 478245
 478271
 478352
 478358
 478384
 478396
 478437
 478461
 478552
 478593
 478692
 478731
 478812
 478831
 478875
 478905
 479151
 479341
 479631
 479699
 479707
 479767
 479827
 479846
 480005
 480095
 480118
 480192
 480237
 480620
 480637
 480652
 480686
 480716
 480772
 480773
 480809
 480862
 481029
 481075
 481166
 481231
 481326
 481632
 481722
 481728
 481757
 481831
 481856
 481916
 481926
 482436
 482446
 482456
 482511
 482641
 482668
 482867
 482999
 483011
 483027
 483031
 483081
 483112
 483415
 483755
 483795
 484195
 484196
 484276
 484481
 484697
 484745
 484799
 484865
 484917
 485108
 485397
 485601
 485707
 485987
 486028
 486308
 486486
 486616
 486632
 486668
 486749
 486883
 486938
 486955
 487034
 487096
 487119
 487157
 487234
 487303
 487366
 487397
 487421
 487509
 487590
 487610
 487646
 487755
 487879
 488169
 488243
 488245
 488360
 488425
 488515
 488538
 488549
 488571
 488600
 488607
 488717
 488762
 488935
 488991
 489088
 489212
 489260
 489385
 489436
 489614
 489821
 489909
 490117
 490380
 490640
 490651
 490718
 490823
 491041
 491149
 491440
 491449
 491462
 491507
 491634
 491702
 491740
 491786
 491909
 491949
 491967
 492070
 492117
 492386
 492537
 492734
 492776
 493089
 493234
 493400
 493734
 493998
 494288
 494610
 494773
 494871
 495410
 495534
 495642
 495753
 495826
 495884
 495889
 496233
 496260
 496268
 496311
 496615
 496767
 496835
 496936
 496937
 496940
 497183
 497307
 497495
 497557
 497573
 497608
 497650
 497651
 497907
 497965
 498002
 498157
 498200
 498256
 498397
 498564
 498607
 498612
 498691
 498712
 498852
 499000
 499091
 499309
 499364
 499466
 499642
 499678
 499720
 499738
 499781
 499923
 499967
 