0
 202
 259
 368
 377
 390
 462
 470
 521
 652
 807
 822
 918
 943
 955
 1046
 1091
 1290
 1453
 1461
 1544
 1595
 1647
 1653
 1663
 1985
 2085
 2154
 2168
 2355
 2620
 2844
 2873
 3005
 3049
 3088
 3367
 3414
 3445
 3449
 3557
 3701
 3882
 3895
 3932
 4101
 4244
 4312
 4377
 4382
 4407
 4414
 4548
 4816
 4826
 4841
 4867
 4926
 5012
 5045
 5141
 5146
 5157
 5225
 5246
 5262
 5268
 5334
 5396
 5557
 5632
 5681
 5685
 5762
 5799
 6352
 6499
 6577
 6801
 6948
 6962
 7175
 7195
 7277
 7363
 7481
 7619
 7620
 7682
 7751
 7850
 8248
 8453
 8456
 8574
 8716
 8824
 8836
 8925
 8942
 8944
 9103
 9158
 9214
 9225
 9296
 9319
 9496
 9505
 9661
 9721
 9771
 9854
 9891
 9947
 10112
 10204
 10367
 10398
 10596
 10890
 10948
 11002
 11050
 11061
 11111
 11158
 11259
 11491
 11547
 11548
 11587
 11610
 11629
 11722
 11725
 11932
 12377
 12436
 12531
 12549
 12602
 12760
 12976
 12979
 13284
 13353
 13360
 13550
 13566
 13848
 13856
 13902
 13910
 13926
 14050
 14128
 14173
 14197
 14245
 14362
 14410
 14471
 14780
 14814
 14838
 14925
 15047
 15082
 15151
 15246
 15294
 15481
 15517
 15519
 15593
 15625
 15994
 16049
 16192
 16195
 16242
 16251
 16330
 16353
 16371
 16421
 16636
 16649
 16666
 16719
 16949
 17016
 17045
 17105
 17116
 17158
 17206
 17355
 17544
 17611
 18501
 18511
 18518
 18639
 18733
 18884
 18938
 19336
 19400
 19446
 19476
 19551
 19582
 19721
 19787
 19804
 19970
 20030
 20162
 20460
 20523
 21188
 21212
 21222
 21227
 21304
 21375
 21473
 21487
 21660
 21739
 21800
 21920
 22248
 22550
 22556
 22628
 22699
 22845
 22961
 23042
 23611
 23619
 23636
 23703
 23790
 23940
 24118
 24119
 24350
 24391
 24392
 24501
 24531
 24788
 24929
 25003
 25071
 25164
 25274
 25453
 25481
 25482
 25636
 25641
 25689
 25816
 25839
 25860
 25894
 25921
 25933
 26011
 26045
 26052
 26174
 26185
 26552
 26739
 26826
 26902
 26963
 26989
 27166
 27256
 27375
 27438
 27443
 27717
 27982
 27996
 28150
 28241
 28319
 28599
 28940
 29050
 29126
 29254
 29330
 29363
 29420
 29918
 29942
 30240
 30303
 30386
 30487
 30506
 30612
 30634
 30721
 30773
 30937
 30985
 31201
 31326
 31415
 31543
 31571
 31747
 31817
 31994
 32000
 32108
 32111
 32180
 32290
 32306
 32381
 32500
 32735
 32793
 32874
 32907
 32915
 32942
 33012
 33071
 33307
 33379
 33442
 33466
 33550
 33717
 33727
 33937
 33942
 34159
 34209
 34578
 35078
 35098
 35133
 35186
 35227
 35242
 35260
 35262
 35469
 35475
 35581
 35608
 35653
 35676
 35745
 35814
 35930
 36054
 36174
 36278
 36767
 36817
 36935
 36987
 37037
 37144
 37360
 37376
 37529
 37597
 37604
 37627
 37819
 38128
 38312
 38441
 38466
 38473
 38484
 38549
 38614
 38646
 38657
 38786
 39141
 39203
 39254
 39328
 39356
 39509
 39622
 39623
 39853
 39855
 39857
 39932
 39936
 40201
 40375
 40391
 40563
 40666
 40792
 40863
 40896
 41004
 41026
 41043
 41298
 41490
 41564
 41584
 41796
 41800
 41828
 41956
 42011
 42013
 42038
 42153
 42558
 42686
 42813
 42816
 42879
 42951
 42991
 43366
 43371
 43510
 43645
 43708
 43786
 43906
 43944
 43964
 44431
 44573
 44724
 44729
 44867
 44978
 44994
 45105
 45162
 45305
 45331
 45350
 45417
 45478
 45492
 45524
 45549
 45722
 45827
 45874
 46053
 46195
 46247
 46264
 46371
 46400
 46415
 46475
 46482
 46485
 46732
 46864
 46870
 46956
 47123
 47125
 47338
 47513
 47654
 47808
 48192
 48484
 48513
 48915
 48917
 49157
 49191
 49241
 49278
 49434
 49486
 49625
 49803
 49865
 49942
 49951
 50209
 50269
 50352
 50401
 50409
 50433
 50501
 50672
 50673
 50761
 50830
 50949
 50951
 51028
 51152
 51158
 51177
 51242
 51309
 51312
 51430
 51452
 51470
 51505
 51576
 51587
 51674
 51795
 51868
 51876
 51954
 51982
 51991
 52071
 52147
 52237
 52378
 52393
 52767
 52811
 52833
 53072
 53088
 53107
 53108
 53178
 53264
 53330
 53338
 53537
 53550
 53628
 53709
 53903
 53939
 53952
 54042
 54054
 54064
 54083
 54140
 54344
 54374
 54416
 54650
 54671
 54903
 55327
 55488
 55515
 55555
 55646
 56097
 56164
 56291
 56332
 56560
 56666
 56678
 56713
 56747
 56770
 56820
 56886
 56930
 57014
 57197
 57263
 57274
 57386
 57444
 57485
 57506
 57712
 57777
 57874
 57880
 57911
 57928
 58244
 58265
 58332
 58372
 58744
 58757
 58883
 59001
 59055
 59106
 59303
 59331
 59391
 59692
 59856
 59976
 59999
 60101
 60259
 60377
 60386
 60615
 60654
 60747
 60757
 60924
 61047
 61072
 61091
 61166
 61198
 61259
 61272
 61335
 61458
 61605
 61626
 61656
 61708
 61752
 61877
 61949
 62132
 62224
 62234
 62338
 62360
 62500
 62784
 62794
 62841
 62952
 63095
 63108
 63417
 63693
 63873
 64074
 64110
 64112
 64182
 64196
 64542
 64637
 64726
 64731
 64755
 64828
 64844
 65024
 65124
 65140
 65450
 65457
 65470
 65608
 65612
 65711
 65800
 65918
 66070
 66106
 66207
 66525
 66574
 66756
 66823
 66835
 66877
 67019
 67235
 67278
 67307
 67399
 67539
 67567
 67951
 68077
 68208
 68238
 68317
 68462
 68584
 68679
 68688
 68692
 68792
 68798
 69012
 69083
 69110
 69147
 69149
 69224
 69281
 69326
 69366
 69760
 69822
 69877
 69941
 70019
 70040
 70194
 70227
 70235
 70253
 70291
 70307
 70370
 70518
 70583
 70906
 70918
 71033
 71195
 71326
 71428
 71548
 71600
 71694
 71724
 71778
 71852
 71865
 71870
 71893
 72237
 72347
 72506
 72610
 72677
 72707
 72886
 73090
 73155
 73170
 73561
 73812
 73869
 74060
 74074
 74104
 74193
 74308
 74358
 74359
 74429
 74798
 74827
 74916
 74939
 74968
 74974
 74985
 75024
 75029
 75049
 75077
 75185
 75251
 75332
 75459
 75460
 75498
 75678
 75847
 75977
 76039
 76110
 76257
 76290
 76300
 76821
 76998
 77259
 77625
 77657
 77658
 77663
 77767
 78081
 78145
 78162
 78305
 78432
 78446
 78546
 78547
 78651
 78811
 78947
 78965
 79051
 79092
 79150
 79362
 79407
 79623
 79706
 79748
 79881
 79933
 80303
 80398
 80444
 80520
 80622
 80669
 80698
 80717
 80828
 80994
 81042
 81050
 81054
 81094
 81461
 81500
 81529
 81566
 81630
 81770
 81884
 81912
 82039
 82061
 82160
 82300
 82368
 82421
 82455
 82602
 82794
 82808
 82816
 82922
 82995
 83193
 83433
 83438
 83445
 83554
 83610
 83638
 83845
 83923
 83925
 83959
 83968
 84030
 84045
 84346
 84429
 84472
 84484
 84832
 85020
 85164
 85398
 85545
 85574
 85582
 85713
 85782
 85803
 85962
 86206
 86387
 86584
 86586
 86775
 86897
 86929
 86937
 87085
 87112
 87119
 87130
 87140
 87210
 87250
 87521
 87542
 87561
 87651
 87668
 87780
 87890
 88053
 88062
 88181
 88314
 88316
 88333
 88435
 88445
 88493
 88512
 88565
 88606
 88629
 88732
 88746
 88771
 88935
 88963
 89147
 89163
 89456
 89490
 89519
 89530
 89539
 89548
 89700
 89914
 89928
 90082
 90349
 90401
 90436
 90538
 90546
 90554
 90572
 90615
 90742
 91038
 91092
 91178
 91232
 91429
 91743
 91760
 91839
 91930
 91952
 91985
 92161
 92261
 92327
 92371
 92478
 92498
 92643
 92660
 92702
 92763
 92777
 92825
 92871
 92914
 92934
 92946
 93088
 93130
 93200
 93211
 93225
 93264
 93319
 93332
 93561
 93571
 93843
 93948
 94008
 94466
 94517
 94524
 94547
 94559
 94571
 94606
 94639
 94661
 94664
 94704
 94752
 94773
 94783
 94817
 94876
 94896
 95005
 95112
 95303
 95339
 95368
 95457
 95639
 95657
 95867
 95890
 95971
 95980
 96061
 96136
 96220
 96303
 96425
 96622
 96629
 96638
 96971
 97049
 97160
 97177
 97207
 97226
 97280
 97314
 97396
 97583
 97834
 97871
 98021
 98095
 98478
 98491
 98562
 98566
 98804
 98904
 99086
 99385
 99407
 99502
 99630
 99849
 99866
 99923
 99999
 100064
 100193
 100213
 100325
 100456
 100460
 100555
 100578
 100619
 100626
 100631
 100776
 100832
 101152
 101230
 101679
 101730
 101752
 101847
 101902
 102187
 102247
 102311
 102397
 102508
 102619
 102638
 102646
 102762
 102816
 102899
 102900
 102935
 102948
 102988
 103104
 103208
 103439
 103441
 103557
 103801
 103827
 104006
 104151
 104271
 104293
 104360
 104409
 104420
 105079
 105100
 105187
 105354
 105418
 105569
 105601
 105695
 105716
 105780
 105877
 106053
 106060
 106130
 106255
 106441
 106575
 106666
 106716
 106718
 106791
 106798
 106841
 107111
 107164
 107227
 107372
 107516
 107620
 107678
 107867
 107901
 108096
 108108
 108138
 108154
 108271
 108476
 108538
 108543
 108623
 108665
 108695
 108755
 108897
 109182
 109236
 109274
 109495
 109601
 109662
 109716
 109810
 109842
 109888
 110000
 110110
 110136
 110173
 110557
 110638
 110639
 110680
 110798
 110845
 111138
 111159
 111202
 111386
 111440
 111456
 111480
 111482
 111495
 111608
 111625
 111793
 111834
 112274
 112305
 112511
 112561
 112642
 112644
 112683
 112862
 112995
 112999
 113156
 113271
 113368
 113507
 113613
 113617
 113784
 113869
 113888
 114099
 114322
 114810
 114817
 114867
 114908
 114920
 115310
 115347
 115611
 115765
 115852
 115929
 115979
 116010
 116045
 116102
 116218
 116795
 116968
 116991
 117134
 117145
 117203
 117378
 117459
 117642
 117668
 117801
 117827
 117856
 117925
 117964
 117981
 118045
 118069
 118168
 118218
 118262
 118344
 118407
 118419
 118493
 118578
 118607
 118695
 118740
 118888
 119022
 119096
 119097
 119308
 119384
 119456
 119651
 119827
 119832
 119848
 119957
 119995
 120008
 120084
 120184
 120206
 120268
 120306
 120474
 120710
 120820
 120993
 120996
 121056
 121155
 121231
 121234
 121331
 121417
 121648
 121932
 121968
 121977
 122204
 122254
 122333
 122366
 122509
 122641
 122684
 122896
 123028
 123117
 123119
 123237
 123569
 123601
 123686
 123691
 123753
 123762
 123823
 124054
 124174
 124244
 124291
 124488
 124497
 124593
 124647
 124735
 124753
 124816
 124823
 124856
 124871
 124954
 124972
 125139
 125216
 125217
 125226
 125319
 125365
 125473
 125495
 125581
 125612
 125650
 125788
 125821
 125840
 125912
 125944
 126036
 126050
 126124
 126188
 126209
 126262
 126441
 126529
 126592
 126680
 126797
 126925
 126999
 127030
 127041
 127087
 127145
 127187
 127379
 127493
 127508
 127537
 127547
 127964
 128058
 128081
 128104
 128189
 128191
 128234
 128237
 128249
 128263
 128291
 128361
 128486
 128514
 128515
 128668
 128782
 128904
 129014
 129266
 129343
 129496
 129532
 129580
 129751
 129762
 130017
 130062
 130075
 130087
 130133
 130277
 130440
 130614
 130698
 130711
 130849
 131098
 131528
 131558
 131674
 131856
 131919
 131940
 132001
 132024
 132234
 132258
 132372
 132432
 132575
 132604
 132879
 132986
 133061
 133096
 133529
 133754
 133829
 133957
 134039
 134494
 134559
 134680
 134788
 134858
 135159
 135251
 135355
 135577
 135637
 135767
 135773
 135804
 135934
 135965
 136030
 136258
 136280
 136560
 136685
 136855
 136950
 136983
 137044
 137144
 137298
 137342
 137931
 137936
 138196
 138494
 138643
 138696
 138946
 139112
 139132
 139424
 139436
 139724
 139771
 139840
 139896
 139908
 140000
 140010
 140016
 140127
 140131
 140195
 140318
 140412
 140457
 140485
 140529
 140772
 140829
 141002
 141117
 141139
 141176
 141207
 141296
 141359
 141382
 141452
 141645
 141701
 141739
 141814
 141822
 141873
 141895
 142062
 142431
 142506
 142546
 142589
 142608
 142825
 142857
 142907
 143030
 143130
 143186
 143341
 143410
 143436
 143450
 143517
 143565
 143574
 143640
 143679
 143888
 143952
 143957
 143975
 143992
 144300
 144329
 144867
 144904
 144957
 145054
 145073
 145202
 145236
 145569
 145577
 145617
 145709
 146179
 146288
 146441
 146462
 146514
 146565
 147439
 147458
 147509
 147551
 147686
 147718
 147850
 147969
 148015
 148041
 148125
 148282
 148403
 148727
 148913
 148976
 148992
 149034
 149044
 149076
 149242
 149243
 149252
 149350
 149370
 149448
 149632
 149719
 149793
 149812
 149827
 149941
 150031
 150204
 150235
 150259
 150289
 150571
 150838
 150896
 150920
 150941
 150952
 151012
 151025
 151153
 151216
 151226
 151392
 151414
 151482
 151541
 151565
 151776
 151835
 152084
 152107
 152132
 152176
 152249
 152468
 152498
 152568
 152587
 152622
 152630
 152668
 152681
 152874
 152911
 153021
 153085
 153197
 153209
 153390
 153423
 153515
 153634
 153685
 153712
 153803
 153846
 153999
 154079
 154110
 154145
 154203
 154275
 154320
 154621
 154676
 155017
 155074
 155099
 155108
 155134
 155280
 155305
 155354
 155474
 155518
 155775
 155830
 156004
 156358
 156390
 156416
 156509
 156606
 156636
 156963
 156982
 157387
 157389
 157534
 157816
 157894
 158224
 158320
 158470
 158520
 158575
 158656
 158789
 158834
 159420
 159493
 159545
 159591
 160130
 160390
 160580
 160673
 160712
 160754
 160782
 160893
 160935
 160987
 161120
 161169
 161238
 161302
 161370
 161451
 161712
 161798
 161914
 162028
 162202
 162252
 162365
 162425
 162477
 162531
 162561
 162774
 162856
 162909
 163157
 163181
 163297
 163457
 163478
 163673
 163701
 163736
 163987
 164000
 164319
 164326
 164524
 164551
 164565
 164661
 164825
 164835
 165149
 165165
 165255
 165266
 165343
 165379
 165715
 165853
 165955
 165959
 166248
 166324
 166442
 166715
 166785
 167359
 167374
 167394
 167398
 167449
 167459
 167460
 167467
 167729
 167731
 167850
 167988
 168069
 168281
 168357
 168394
 168659
 168834
 168863
 168913
 168925
 168992
 169110
 169187
 169314
 169319
 169566
 169582
 169661
 169712
 169753
 169910
 169975
 170006
 170023
 170170
 170188
 170204
 170252
 170357
 170388
 170877
 170919
 171137
 171256
 171310
 171376
 171389
 171461
 171477
 171545
 171579
 171801
 171912
 171971
 172135
 172260
 172688
 172777
 172802
 172876
 172968
 173018
 173099
 173241
 173292
 173364
 173567
 173658
 173723
 173782
 173802
 173826
 173827
 173956
 173983
 174127
 174528
 174544
 174806
 174887
 174921
 174975
 175142
 175199
 175271
 175647
 175662
 175744
 175862
 176032
 176096
 176287
 176349
 176439
 176506
 176563
 176673
 176763
 176830
 176905
 176938
 176956
 177115
 177199
 177204
 177220
 177299
 177402
 177481
 177563
 177608
 177662
 177910
 177914
 177932
 177943
 178108
 178112
 178122
 178183
 178451
 178655
 178663
 178774
 178904
 179068
 179188
 179271
 179359
 179487
 179568
 179593
 179654
 179799
 179968
 180288
 180500
 180528
 180679
 180893
 181065
 181184
 181185
 181228
 181259
 181300
 181325
 181560
 181665
 181784
 181796
 181818
 182055
 182079
 182148
 182318
 182523
 182670
 182782
 182796
 182802
 182839
 183116
 183157
 183162
 183166
 183182
 183239
 183349
 183366
 183597
 183611
 183647
 183658
 183763
 183781
 183797
 183952
 184170
 184198
 184312
 184475
 184639
 184672
 184749
 184975
 184979
 185010
 185153
 185316
 185437
 185529
 185533
 185608
 185778
 186110
 186327
 186393
 186634
 186746
 186752
 186864
 186892
 187119
 187125
 187184
 187303
 187382
 187492
 187500
 187558
 187598
 187773
 187798
 187939
 188080
 188179
 188446
 188622
 188731
 189125
 189316
 189465
 189531
 189729
 189759
 189794
 189887
 190136
 190350
 190353
 190451
 190476
 190477
 190553
 190602
 190645
 190997
 191006
 191176
 191181
 191302
 191313
 191510
 191562
 191579
 191580
 191884
 191929
 192045
 192204
 192231
 192307
 192370
 192371
 192389
 192554
 192571
 192743
 192806
 192878
 192893
 192913
 193069
 193134
 193152
 193333
 193437
 193530
 193577
 193680
 193705
 193740
 193901
 194051
 194135
 194155
 194274
 194276
 194557
 194580
 194638
 194746
 194758
 195088
 195350
 195666
 195667
 195756
 195969
 196007
 196128
 196184
 196200
 196354
 196416
 196590
 196705
 197050
 197102
 197155
 197251
 197295
 197456
 197502
 197541
 197628
 197744
 197755
 197959
 197999
 198184
 198290
 198325
 198473
 198506
 198658
 198800
 198937
 199040
 199231
 199601
 199666
 199698
 199859
 199927
 199996
 199999
 200222
 200477
 200554
 200850
 201200
 201284
 201366
 201371
 201503
 201635
 201665
 201743
 201803
 201880
 201896
 201954
 202006
 202022
 202038
 202087
 202094
 202252
 202315
 202452
 202493
 202550
 202617
 202625
 202930
 202948
 203052
 203078
 203289
 203428
 203460
 203737
 203910
 203912
 204036
 204046
 204068
 204182
 204191
 204278
 204351
 204458
 204583
 204747
 204780
 204872
 204971
 205050
 205128
 205154
 205231
 205299
 205376
 205421
 205454
 205523
 205575
 205618
 205678
 205761
 206190
 206209
 206373
 206382
 206435
 206465
 206502
 206693
 206711
 206896
 206929
 206979
 206999
 207022
 207186
 207297
 207331
 207352
 207746
 208077
 208224
 208677
 208871
 209300
 209395
 209399
 209550
 209572
 209713
 209797
 209907
 209919
 210193
 210204
 210418
 210627
 210645
 210736
 210820
 210869
 210937
 210948
 211070
 211232
 211269
 211301
 211369
 211492
 211550
 211567
 211585
 211892
 211930
 212019
 212095
 212171
 212507
 212556
 212585
 212603
 212632
 212716
 212730
 212838
 212982
 213160
 213255
 213278
 213397
 213465
 213530
 213662
 213681
 213809
 213911
 214176
 214233
 214237
 214265
 214272
 214594
 214617
 214658
 214725
 214768
 215185
 215193
 215226
 215514
 215710
 215932
 216000
 216080
 216165
 216223
 216240
 216248
 216309
 216756
 216875
 216890
 216906
 216975
 216982
 217087
 217244
 217257
 217311
 217416
 217816
 217842
 217890
 217942
 218038
 218154
 218281
 218466
 218542
 218574
 218597
 218613
 218739
 218868
 218870
 218936
 218967
 219009
 219154
 219164
 219429
 219491
 219535
 219606
 219658
 219751
 219822
 219861
 219959
 219977
 220081
 220202
 220251
 220333
 220486
 220646
 220694
 220792
 220841
 220905
 220930
 220940
 221085
 221279
 221375
 221606
 221706
 221806
 221928
 222011
 222072
 222102
 222105
 222168
 222210
 222433
 222515
 222531
 222748
 223067
 223146
 223157
 223363
 223391
 223404
 223592
 223870
 223908
 224093
 224119
 224137
 224153
 224283
 224345
 224412
 224421
 224481
 224854
 224936
 225030
 225142
 225235
 225243
 225255
 225335
 225573
 225645
 225784
 225992
 226033
 226123
 226169
 226192
 226523
 226619
 226850
 226931
 227244
 227272
 227298
 227310
 227729
 227762
 227879
 228005
 228028
 228054
 228490
 228587
 228782
 228840
 228841
 229005
 229006
 229007
 229039
 229073
 229286
 229383
 229475
 229492
 229536
 229545
 229559
 229657
 229678
 229690
 229703
 229801
 229910
 230047
 230133
 230332
 230421
 230565
 230713
 230718
 230759
 230769
 230813
 230853
 230989
 231230
 231307
 231482
 231802
 231947
 231986
 232101
 232173
 232175
 232187
 232263
 232299
 232301
 232361
 232727
 232755
 232966
 233026
 233065
 233201
 233282
 233380
 233557
 233568
 233586
 233650
 233676
 233739
 233743
 233801
 233802
 233847
 233933
 234024
 234140
 234159
 234617
 234695
 234697
 234839
 235159
 235504
 235691
 235863
 235903
 236028
 236047
 236087
 236158
 236281
 236456
 236571
 236593
 236683
 236789
 236881
 237005
 237184
 237392
 237523
 237563
 237667
 237704
 237827
 237868
 237873
 237912
 237968
 238168
 238351
 238417
 238466
 238533
 238640
 238735
 238881
 239003
 239247
 239296
 239311
 239342
 239380
 239485
 239526
 239536
 239561
 239665
 239685
 239726
 239874
 239939
 240009
 240177
 240533
 240569
 240601
 240866
 240890
 240969
 240970
 240980
 241073
 241235
 241348
 241401
 241408
 241444
 241544
 241634
 241700
 241722
 241757
 241863
 241875
 242270
 242315
 242393
 242901
 242976
 242977
 242986
 243188
 243209
 243238
 243404
 243437
 243446
 243477
 243671
 243837
 243853
 243917
 243936
 243953
 244027
 244092
 244389
 244768
 244827
 244833
 244839
 245083
 245190
 245236
 245324
 245356
 245549
 245655
 245670
 245851
 245927
 246180
 246218
 246310
 246402
 246412
 246417
 246458
 246476
 246489
 246508
 246511
 246551
 246669
 246710
 246825
 246959
 246971
 247018
 247080
 247236
 247544
 247739
 247804
 247870
 247970
 248055
 248153
 248159
 248202
 248284
 248414
 248452
 248529
 248624
 248663
 248718
 248736
 249024
 249050
 249097
 249393
 249430
 249437
 249538
 249591
 249827
 249890
 250000
 250086
 250140
 250143
 250269
 250432
 250437
 250448
 250523
 250547
 250598
 250670
 250685
 250721
 250796
 251060
 251084
 251100
 251125
 251349
 251412
 251434
 251453
 251459
 251811
 251937
 252015
 252035
 252175
 252234
 252341
 252411
 252488
 252763
 252771
 252975
 252981
 252997
 253067
 253159
 253216
 253249
 253267
 253290
 253296
 253318
 253361
 253478
 253603
 253662
 253683
 253715
 253775
 253812
 253846
 253902
 254051
 254058
 254145
 254269
 254322
 254483
 254508
 254682
 254683
 254689
 254701
 254812
 255017
 255203
 255232
 255280
 255352
 255409
 255451
 255600
 255631
 255796
 256035
 256051
 256196
 256429
 256447
 256455
 256462
 256487
 256680
 256817
 256957
 257118
 257297
 257325
 257367
 257431
 257453
 257652
 257796
 258078
 258258
 258278
 258364
 258408
 258465
 258503
 258506
 258566
 258569
 258612
 258651
 258710
 258975
 259101
 259217
 259236
 259337
 259380
 259423
 259427
 259493
 259624
 259768
 259775
 259822
 259915
 260000
 260126
 260203
 260221
 260222
 260273
 260353
 260368
 260370
 260442
 260523
 260846
 260869
 261201
 261350
 261428
 261434
 261606
 261737
 261904
 262037
 262044
 262079
 262129
 262180
 262340
 262392
 262395
 262405
 262525
 262561
 262615
 262962
 262967
 262992
 263120
 263348
 263370
 263452
 263460
 263819
 264076
 264275
 264306
 264428
 264705
 264744
 264799
 264864
 265128
 265198
 265468
 265479
 265499
 265661
 265729
 265834
 266134
 266354
 266355
 266442
 266611
 266615
 266655
 266703
 266741
 266763
 266795
 266870
 266964
 267030
 267162
 267172
 267341
 267361
 267480
 267527
 267544
 267576
 267577
 267741
 267759
 267782
 267948
 267964
 268039
 268163
 268386
 268394
 268687
 268763
 268860
 269087
 269202
 269345
 269404
 269488
 269662
 270227
 270270
 270683
 270951
 270962
 271056
 271092
 271103
 271120
 271247
 271375
 271386
 271443
 271723
 271739
 271857
 271862
 271896
 272013
 272160
 272533
 272556
 272727
 272861
 272929
 273051
 273356
 273450
 273546
 273601
 273610
 273641
 273793
 274220
 274275
 274463
 274553
 274569
 274880
 275168
 275176
 275204
 275245
 275309
 275382
 275394
 275401
 275471
 275646
 276029
 276207
 276660
 276679
 276760
 276808
 276814
 277063
 277264
 277452
 277602
 277777
 278239
 278351
 278507
 278541
 278687
 278717
 278838
 278918
 279291
 279396
 279454
 279458
 279597
 279686
 279699
 279707
 279711
 279718
 279747
 279775
 279818
 279890
 279907
 280384
 280437
 280537
 280771
 280864
 280925
 280940
 281040
 281059
 281170
 281353
 281376
 281528
 281574
 281619
 281903
 281931
 281959
 282276
 282316
 282463
 282489
 282503
 282698
 282801
 282803
 282940
 282953
 283038
 283204
 283207
 283262
 283279
 283333
 283446
 283571
 283687
 283832
 283864
 283869
 283903
 283934
 284121
 284338
 284459
 284476
 284523
 284575
 284672
 284683
 284707
 284722
 284815
 284990
 285278
 285290
 285437
 285681
 285919
 285926
 285979
 286052
 286118
 286202
 286344
 286452
 286469
 286484
 286512
 286551
 286628
 286679
 286701
 286873
 287079
 287235
 287245
 287262
 287282
 287417
 287573
 287610
 287620
 287833
 288057
 288154
 288193
 288209
 288268
 288367
 288434
 288628
 288659
 288904
 289220
 289323
 289407
 289563
 289727
 289810
 289878
 289904
 289929
 289961
 290126
 290482
 290532
 290604
 290748
 291005
 291067
 291106
 291218
 291417
 291559
 291666
 291770
 291970
 292054
 292079
 292095
 292185
 292204
 292280
 292353
 292492
 292713
 292865
 292973
 293029
 293162
 293315
 293389
 293422
 293557
 293597
 293831
 294009
 294095
 294134
 294283
 294368
 294454
 294701
 294746
 294951
 294952
 295219
 295393
 295410
 295497
 295633
 295716
 295760
 295784
 295837
 295865
 295898
 295908
 296162
 296307
 296616
 296655
 296689
 296758
 297082
 297113
 297252
 297273
 297312
 297447
 297520
 297659
 297697
 297762
 297826
 297909
 297950
 297951
 298056
 298131
 298170
 298211
 298274
 298437
 298438
 298801
 298804
 298878
 299021
 299066
 299075
 299263
 299363
 299364
 299413
 299457
 299578
 299700
 300048
 300132
 300345
 300383
 300683
 300845
 300891
 301004
 301691
 301749
 301919
 302282
 302457
 302567
 302774
 302826
 302931
 303048
 303063
 303129
 303201
 303225
 303228
 303256
 303583
 303639
 303847
 303882
 303914
 304114
 304375
 304540
 304650
 304655
 304680
 305034
 305084
 305186
 305267
 305295
 305495
 305652
 305694
 305812
 305833
 305936
 306038
 306087
 306122
 306181
 306346
 306380
 306619
 306818
 306906
 307119
 307285
 307689
 307757
 307794
 307872
 307971
 308046
 308058
 308122
 308123
 308240
 308320
 308474
 308510
 308518
 308531
 308562
 308604
 308678
 308851
 308970
 309009
 309048
 309133
 309146
 309191
 309493
 309545
 310115
 310404
 310450
 310612
 310657
 310663
 310719
 310938
 311344
 311522
 311557
 311644
 311755
 311808
 311822
 311840
 312051
 312053
 312216
 312378
 312544
 312560
 312753
 312805
 312822
 313082
 313107
 313139
 313191
 313197
 313393
 313511
 313617
 313671
 313727
 313878
 314060
 314338
 314408
 314424
 314576
 314707
 314744
 315012
 315165
 315177
 315256
 315373
 315403
 315475
 315592
 315669
 315680
 315845
 315866
 315993
 316176
 316213
 316241
 316300
 316331
 316616
 316699
 316873
 316893
 316983
 317131
 317603
 317629
 317860
 317869
 317930
 317994
 318008
 318376
 318632
 318728
 318968
 319063
 319146
 319321
 319337
 319387
 319422
 319446
 319544
 319610
 319850
 319858
 319925
 319999
 320091
 320239
 320455
 320473
 320684
 320835
 320931
 320957
 321362
 321371
 321411
 321505
 321803
 321903
 321994
 322073
 322136
 322273
 322299
 322557
 322561
 322675
 322682
 322737
 322751
 322847
 323004
 323059
 323292
 323308
 323442
 323568
 323893
 324172
 324201
 324257
 324464
 324469
 324579
 324919
 324970
 325054
 325091
 325196
 325712
 325836
 326058
 326086
 326172
 326187
 326227
 326335
 326516
 326555
 326657
 326745
 326780
 326855
 327074
 327179
 327341
 327410
 327424
 327483
 327597
 327639
 327658
 327764
 327773
 327965
 328042
 328068
 328167
 328252
 328288
 328292
 328534
 328566
 328697
 328760
 328809
 329154
 329241
 329248
 329268
 329376
 329454
 329474
 329492
 329646
 329798
 330039
 330236
 330404
 330451
 330476
 330535
 330645
 330646
 330957
 331170
 331230
 331347
 331353
 331484
 331560
 331649
 331688
 331789
 331894
 331920
 331932
 332040
 332181
 332254
 332276
 332281
 332292
 332342
 332438
 332623
 332834
 332835
 332875
 332972
 332992
 333131
 333193
 333292
 333297
 333333
 333349
 333393
 333559
 333582
 333749
 333763
 333849
 333865
 333871
 333947
 334140
 334602
 334625
 334713
 334737
 334742
 334937
 335005
 335091
 335157
 335159
 335164
 335353
 335567
 335640
 335919
 336000
 336065
 336169
 336252
 336488
 336842
 336987
 336993
 337009
 337020
 337104
 337110
 337427
 337510
 337533
 337570
 337662
 337669
 337751
 337808
 337864
 337958
 338363
 338434
 338469
 338480
 338766
 338781
 338811
 338873
 339340
 339447
 339561
 339708
 339805
 339811
 339951
 339997
 340058
 340148
 340223
 340234
 340288
 340416
 340508
 340547
 340592
 340597
 340721
 340783
 340799
 340804
 340817
 340971
 341089
 341304
 341330
 341397
 341429
 341512
 341713
 341954
 342032
 342197
 342299
 342387
 342475
 342622
 342642
 342677
 342690
 342716
 342754
 342845
 342864
 342873
 342945
 343075
 343165
 343360
 343528
 343686
 343881
 343989
 344057
 344064
 344255
 344338
 344347
 344644
 344649
 344809
 344829
 344913
 344917
 344969
 344977
 345063
 345078
 345086
 345627
 345724
 345759
 345920
 345937
 346458
 346598
 346663
 346753
 346755
 346913
 346952
 347226
 347233
 347632
 347637
 347667
 347731
 347877
 347889
 348070
 348081
 348117
 348159
 348165
 348179
 348319
 348335
 348369
 348595
 348650
 348727
 348912
 348945
 349001
 349095
 349116
 349227
 349247
 349297
 349542
 349614
 349718
 349742
 349825
 349940
 349999
 350364
 350649
 351032
 351066
 351086
 351270
 351272
 351443
 351667
 351711
 351980
 351998
 352162
 352324
 352390
 352407
 352479
 352572
 352585
 352640
 352685
 352705
 352861
 352895
 352911
 352970
 353271
 353393
 353461
 353623
 353815
 353820
 354019
 354114
 354147
 354203
 354222
 354248
 354280
 354321
 354368
 354392
 354599
 355045
 355082
 355164
 355204
 355215
 355348
 355478
 355482
 355501
 355572
 355611
 355633
 355708
 355733
 355771
 355802
 355975
 356034
 356038
 356168
 356571
 356692
 356858
 356979
 357018
 357059
 357076
 357101
 357206
 357226
 357274
 357345
 357410
 357554
 357730
 357984
 358024
 358165
 358185
 358226
 358241
 358407
 358490
 358545
 358870
 358963
 359167
 359269
 359281
 359284
 359607
 359714
 359731
 359793
 359813
 359880
 359897
 360147
 360326
 360344
 360349
 360366
 360453
 360510
 360664
 360851
 360965
 360978
 361077
 361139
 361152
 361213
 361483
 361516
 361596
 361633
 361707
 361877
 362105
 362116
 362499
 362538
 362570
 362635
 362723
 362829
 362834
 362993
 363012
 363184
 363201
 363619
 363636
 363865
 364048
 364136
 364236
 364295
 364678
 365030
 365154
 365169
 365616
 365797
 365832
 365976
 365986
 366056
 366391
 366485
 366486
 366726
 366972
 366999
 367003
 367092
 367150
 367306
 367415
 367677
 367784
 367852
 367940
 368029
 368209
 368378
 368427
 368444
 368475
 368486
 368493
 368659
 368819
 368829
 368852
 368902
 369208
 369237
 369255
 369257
 369338
 369402
 369464
 369485
 369490
 369609
 369682
 369708
 369741
 369757
 369776
 369778
 369938
 369979
 370448
 370449
 370560
 370700
 370905
 371124
 371415
 371417
 371498
 371552
 371554
 371556
 371579
 371715
 371804
 371964
 372151
 372588
 372637
 372707
 372734
 372755
 372805
 372809
 372831
 372954
 373053
 373218
 373272
 373399
 373405
 373471
 373578
 373728
 373737
 373849
 373866
 374027
 374082
 374381
 374538
 374669
 374757
 374794
 374855
 375000
 375108
 375229
 375387
 375444
 375535
 375554
 375655
 375809
 376093
 376131
 376273
 376474
 376698
 376760
 376776
 376945
 377018
 377035
 377038
 377049
 377148
 377171
 377209
 377384
 377552
 377563
 377643
 377839
 378020
 378145
 378239
 378250
 378499
 378726
 378977
 379132
 379146
 379152
 379182
 379188
 379605
 379900
 379971
 380087
 380108
 380161
 380180
 380234
 380273
 380341
 380348
 380463
 380467
 380486
 380497
 380614
 380791
 380929
 380962
 381366
 381443
 381583
 381598
 381714
 381831
 382098
 382182
 382235
 382324
 382352
 382525
 382613
 382693
 382716
 383030
 383178
 383593
 383758
 383773
 383777
 383782
 383916
 384001
 384065
 384093
 384111
 384484
 384513
 384652
 385087
 385355
 385388
 385426
 385603
 385656
 385756
 385765
 385776
 385866
 385919
 385929
 386140
 386240
 386243
 386278
 386297
 386493
 386581
 386772
 386838
 386868
 386881
 387011
 387229
 387236
 387261
 387320
 387378
 387438
 387441
 387655
 387825
 387835
 387892
 387941
 388054
 388119
 388172
 388237
 388261
 388385
 388590
 388790
 388959
 389241
 389242
 389415
 390032
 390474
 390529
 390641
 390727
 390818
 390823
 390946
 391052
 391103
 391273
 391304
 391349
 391356
 391399
 391655
 391692
 392086
 392254
 392294
 392520
 392647
 392710
 392970
 392992
 393003
 393309
 393420
 393505
 393591
 393689
 393719
 393725
 393840
 393864
 393977
 393996
 394021
 394167
 394509
 394740
 394838
 395077
 395083
 395109
 395233
 395281
 395314
 395422
 395522
 395564
 395728
 396017
 396058
 396067
 396166
 396195
 396274
 396356
 396496
 396527
 396626
 396945
 397052
 397222
 397260
 397534
 397552
 397635
 397637
 397672
 397702
 397727
 397746
 398168
 398190
 398269
 398427
 398479
 398541
 398570
 398590
 398904
 398987
 399070
 399147
 399183
 399278
 399311
 399377
 399684
 399849
 399936
 399999
 400000
 400108
 400530
 400680
 400773
 400790
 401126
 401503
 401994
 402010
 402078
 402097
 402141
 402142
 402193
 402209
 402288
 402315
 402447
 402531
 402560
 402612
 402631
 402690
 402702
 402728
 402866
 402898
 402922
 403022
 403026
 403285
 403636
 403654
 403803
 403826
 403830
 403917
 404046
 404307
 404374
 404501
 404700
 404740
 404982
 405022
 405033
 405081
 405086
 405109
 405393
 405405
 405470
 405698
 405699
 405750
 406123
 406128
 406200
 406530
 406607
 406730
 406832
 406985
 407001
 407193
 407243
 407378
 407470
 407571
 407600
 407641
 407798
 408060
 408068
 408086
 408115
 408196
 408282
 408409
 408497
 408811
 408827
 408838
 408863
 408978
 409090
 409275
 409299
 409448
 409453
 409573
 409738
 409748
 409859
 409952
 410258
 410306
 410399
 410455
 410473
 410497
 410637
 410755
 410777
 410844
 411083
 411144
 411167
 411234
 411262
 411292
 411297
 411307
 411310
 411378
 411435
 411443
 411458
 411484
 411595
 411600
 411609
 411654
 411685
 411695
 411756
 411972
 412011
 412036
 412290
 412331
 412350
 412380
 412624
 412698
 412710
 412762
 412772
 412774
 412825
 412895
 413172
 413270
 413506
 413583
 413700
 413726
 413776
 413789
 413793
 413985
 414095
 414207
 414232
 414236
 414375
 414469
 414640
 414655
 414704
 414723
 414834
 414906
 414938
 414940
 415026
 415328
 415340
 415372
 415395
 415634
 415704
 415730
 415752
 415841
 415901
 415995
 416231
 416232
 416297
 416305
 416481
 416504
 416573
 416690
 416740
 416870
 417711
 417733
 417898
 418002
 418151
 418206
 418311
 418448
 418461
 418801
 418898
 419007
 419028
 419060
 419088
 419157
 419223
 419339
 419448
 419699
 419766
 419787
 419884
 419910
 420000
 420141
 420317
 420320
 420382
 420673
 420772
 420835
 420899
 420917
 421052
 421105
 421388
 421724
 421737
 422279
 422303
 422312
 422345
 422424
 422434
 422451
 422637
 422945
 423129
 423280
 423305
 423337
 423368
 423413
 423444
 423498
 423710
 423856
 423923
 424291
 424504
 424570
 424654
 424789
 424971
 425068
 425252
 425264
 425408
 425453
 425670
 425748
 425764
 425823
 425954
 426201
 426203
 426524
 426549
 426580
 426794
 426991
 427037
 427094
 427134
 427173
 427211
 427222
 427240
 427456
 427748
 427765
 427899
 427976
 427978
 427990
 428008
 428057
 428136
 428327
 428499
 428522
 428571
 428600
 428693
 428699
 428768
 429067
 429168
 429266
 429269
 429388
 429503
 429647
 429700
 429807
 429858
 429943
 430008
 430030
 430148
 430167
 430287
 430798
 430864
 431031
 431157
 431186
 431382
 431578
 431724
 431867
 431991
 432293
 432324
 432339
 432548
 432634
 432650
 432835
 432868
 432944
 433182
 433220
 433235
 433240
 433445
 433667
 433753
 433808
 433877
 433893
 434004
 434100
 434117
 434242
 434294
 434530
 434607
 434608
 435025
 435065
 435076
 435189
 435198
 435228
 435229
 435338
 435489
 435575
 435702
 435814
 436170
 436203
 436265
 436324
 436347
 436363
 436580
 436656
 436693
 436854
 436863
 436882
 437072
 437129
 437182
 437523
 437552
 437592
 437717
 437718
 437857
 437963
 437976
 438010
 438337
 438496
 438614
 438744
 438782
 438816
 438823
 438848
 438962
 439091
 439102
 439658
 439675
 439742
 439836
 439928
 440154
 440248
 440258
 440430
 440568
 440576
 440583
 440676
 440892
 440932
 441042
 441090
 441274
 441341
 441364
 441586
 441753
 441792
 442049
 442071
 442152
 442176
 442211
 442265
 442286
 442724
 442857
 443114
 443195
 443396
 443482
 443617
 443783
 443947
 443975
 444099
 444327
 444383
 444438
 444444
 444452
 444471
 444551
 444804
 444857
 444939
 445145
 445359
 445385
 445474
 445497
 445515
 445526
 445561
 445827
 445884
 445954
 445959
 445966
 446254
 446269
 446287
 446380
 446479
 446568
 446752
 447328
 447336
 447378
 447402
 448103
 448183
 448210
 448514
 448605
 448747
 448851
 448876
 448905
 448964
 449034
 449246
 449327
 449590
 449738
 449776
 449972
 450049
 450331
 450487
 450513
 450517
 450865
 450920
 450939
 451022
 451101
 451129
 451167
 451219
 451337
 451383
 451583
 451612
 451747
 451765
 452080
 452184
 452247
 452284
 452401
 452484
 452524
 452768
 452810
 452820
 452884
 453220
 453314
 453592
 453717
 453764
 453773
 453825
 453960
 453989
 454022
 454065
 454228
 454232
 454282
 454341
 454368
 454480
 454570
 454608
 454699
 454864
 454870
 455040
 455066
 455114
 455163
 455330
 455550
 455572
 455660
 455752
 455902
 456097
 456322
 456363
 456442
 456491
 456664
 456721
 456791
 456869
 456953
 456962
 456989
 457661
 457797
 457825
 457851
 458202
 458481
 458578
 458889
 458901
 458948
 459002
 459011
 459054
 459128
 459420
 459458
 459502
 459613
 459835
 459858
 460100
 460264
 460392
 460410
 460510
 460895
 460924
 460937
 461149
 461179
 461380
 461479
 461561
 461649
 461708
 461951
 462151
 462291
 462403
 462430
 462459
 462504
 462579
 462580
 462627
 462790
 463069
 463158
 463763
 464100
 464125
 464147
 464225
 464301
 464359
 464563
 464595
 464815
 465123
 465270
 465301
 465347
 465579
 465612
 465639
 465657
 465708
 465951
 465988
 466010
 466101
 466133
 466141
 466178
 466199
 466237
 466277
 466507
 466524
 466570
 466769
 466813
 466928
 467180
 467306
 467364
 467382
 467387
 467532
 467737
 467758
 468018
 468222
 468599
 468609
 468678
 468710
 468763
 469000
 469194
 469250
 469357
 469393
 469432
 469678
 469924
 469996
 470048
 470071
 470123
 470234
 470362
 470425
 470571
 470828
 471019
 471109
 471175
 471235
 471358
 471403
 471472
 471570
 471611
 471679
 471988
 472078
 472216
 472377
 472588
 472649
 472838
 472895
 472982
 473052
 473055
 473119
 473130
 473218
 473349
 473569
 473606
 473666
 473788
 473945
 474051
 474172
 474235
 474261
 474281
 474367
 474388
 474411
 474525
 474939
 475043
 475145
 475278
 475336
 475342
 475456
 475547
 475726
 475864
 475946
 476078
 476104
 476294
 476406
 476435
 476491
 476632
 476744
 477136
 477177
 477180
 477337
 477342
 477345
 477364
 477491
 477693
 477836
 477970
 477972
 478043
 478107
 478203
 478420
 478467
 478790
 478927
 479013
 479022
 479085
 479166
 479415
 479428
 479491
 479538
 479640
 479952
 480055
 480221
 480459
 480465
 480555
 480825
 480934
 480952
 481027
 481174
 481176
 481195
 481229
 481433
 481467
 481716
 481820
 482118
 482177
 482209
 482268
 482293
 482371
 482517
 482583
 482623
 482632
 482683
 482889
 483072
 483122
 483266
 483369
 483610
 483617
 483679
 483928
 484019
 484074
 484076
 484184
 484204
 484238
 484280
 484407
 484702
 484752
 484793
 484813
 484848
 484938
 485088
 485179
 485306
 485368
 485416
 485481
 485530
 485564
 485611
 485714
 485924
 485944
 486168
 486172
 486420
 486622
 486722
 487047
 487055
 487157
 487186
 487473
 487477
 487576
 487655
 487736
 487744
 487771
 488113
 488256
 488301
 488378
 488513
 488727
 488788
 488870
 488918
 489187
 489327
 489371
 489388
 489392
 489409
 489551
 489554
 489820
 490125
 490398
 490529
 490754
 490877
 490905
 490926
 491032
 491045
 491051
 491092
 491203
 491292
 491319
 491321
 491351
 491355
 491520
 491883
 491896
 492208
 492212
 492267
 492273
 492346
 492456
 492463
 492466
 492482
 492533
 492615
 492641
 492675
 492706
 492748
 492822
 492909
 492929
 493000
 493094
 493103
 493260
 493284
 493536
 493564
 493642
 493720
 493899
 494104
 494150
 494173
 494427
 494431
 494441
 494449
 494557
 494793
 494871
 494872
 495034
 495081
 495299
 495345
 495459
 495515
 495531
 495663
 495665
 495877
 495944
 495987
 496020
 496238
 496266
 496280
 496367
 496475
 496657
 496691
 497002
 497070
 497355
 497406
 497505
 497517
 497539
 497593
 497608
 497764
 497840
 497869
 497913
 498111
 498119
 498155
 498264
 498353
 498354
 498580
 498591
 498625
 498890
 499107
 499121
 499180
 499393
 499513
 499557
 499775
 499780
 499789
 499936
 