0
 90
 239
 273
 589
 590
 748
 1040
 1235
 1371
 1444
 1549
 1560
 1701
 1860
 2016
 2200
 2267
 2381
 2584
 2617
 2784
 2916
 2923
 2967
 3220
 3367
 3381
 3430
 3519
 3525
 3778
 3931
 3959
 4028
 4145
 4202
 4241
 4259
 4433
 4566
 4706
 4776
 4822
 5174
 5214
 5255
 5260
 5323
 5358
 5424
 5540
 5613
 5703
 5867
 5893
 5903
 6122
 6160
 6206
 6333
 6355
 6369
 6378
 6398
 6628
 6629
 6642
 6744
 6912
 6971
 6987
 7042
 7451
 7536
 7547
 7595
 7746
 7819
 7841
 7973
 8010
 8022
 8067
 8179
 8297
 8310
 8418
 8477
 8553
 8564
 8816
 8921
 9367
 9389
 9586
 9594
 9688
 9811
 9880
 10048
 10057
 10132
 10169
 10224
 10244
 10483
 10511
 10548
 10653
 10793
 10939
 10941
 10949
 11032
 11284
 11322
 11499
 11537
 11703
 11714
 11755
 12166
 12219
 12350
 12454
 12488
 12620
 12671
 12829
 12864
 12915
 13043
 13100
 13105
 13243
 13272
 13333
 13344
 13379
 13495
 13609
 14246
 14287
 14347
 14462
 14749
 14808
 14875
 14885
 15017
 15242
 15247
 15497
 15549
 15554
 15604
 15622
 15626
 15736
 16328
 16405
 16452
 16524
 16557
 16571
 16820
 16862
 16906
 16918
 17041
 17122
 17163
 17520
 17527
 17683
 17707
 17866
 17991
 18056
 18077
 18201
 18518
 18532
 18666
 18961
 19069
 19119
 19345
 19419
 19425
 19444
 19495
 19512
 19560
 19692
 19854
 19960
 20043
 20159
 20445
 20448
 20537
 20559
 20656
 20728
 20801
 21194
 21196
 21314
 21319
 21322
 21552
 21643
 21726
 21739
 21754
 21905
 22029
 22046
 22140
 22260
 22302
 22381
 22593
 22716
 22736
 22905
 22953
 23180
 23202
 23411
 23788
 23808
 23836
 23877
 23997
 24013
 24022
 24096
 24150
 24419
 24447
 24479
 24481
 24527
 24591
 24769
 24848
 24922
 24939
 24990
 25051
 25301
 25578
 25698
 25725
 25728
 25761
 25791
 25850
 26026
 26085
 26217
 26218
 26266
 26295
 26311
 26340
 26438
 26455
 26513
 26712
 27040
 27057
 27082
 27400
 27472
 27478
 27515
 27721
 27750
 27979
 28087
 28119
 28196
 28338
 28435
 28589
 28750
 28849
 28877
 29117
 29170
 29265
 29397
 29414
 29474
 29493
 29568
 29748
 29765
 29769
 29805
 29906
 30074
 30085
 30197
 30256
 30465
 30564
 30793
 30880
 30919
 30927
 30944
 31140
 31181
 31237
 31472
 31570
 31571
 31578
 31652
 31692
 31781
 31914
 31998
 32199
 32209
 32291
 32352
 32449
 32467
 32481
 32531
 32534
 32555
 32657
 32786
 32947
 33050
 33052
 33637
 33639
 33649
 33707
 33866
 33880
 33936
 33951
 34128
 34129
 34149
 34179
 34246
 34368
 34409
 34416
 34469
 34506
 34532
 34591
 34638
 34643
 34851
 34856
 35311
 35485
 35746
 35801
 36140
 36364
 36365
 36813
 36943
 37238
 37322
 37353
 37585
 37654
 37665
 37698
 37964
 37995
 38106
 38237
 38517
 38559
 38621
 38635
 38725
 38784
 38997
 39145
 39170
 39192
 39281
 39349
 39417
 39486
 39592
 39682
 39724
 39848
 39903
 40071
 40072
 40093
 40124
 40167
 40189
 40197
 40317
 40525
 40615
 40636
 40744
 40994
 41008
 41070
 41237
 41244
 41282
 41355
 41458
 41841
 41885
 41935
 41981
 41990
 42310
 42443
 42526
 42619
 42780
 42849
 42851
 42997
 43110
 43143
 43277
 43283
 43291
 43382
 43549
 43664
 43670
 43702
 43914
 44038
 44112
 44164
 44212
 44271
 44360
 44567
 44626
 44672
 44752
 44774
 44964
 45080
 45255
 45288
 45454
 45507
 45523
 45682
 45828
 45842
 45873
 45986
 46012
 46105
 46352
 46451
 46454
 46620
 46640
 46984
 47009
 47252
 47280
 47500
 47518
 47643
 47710
 47830
 48163
 48232
 48243
 48303
 48391
 48489
 48698
 48827
 48927
 48980
 48995
 49000
 49026
 49095
 49162
 49165
 49363
 49378
 49389
 49508
 49561
 49825
 49930
 50035
 50376
 50790
 50795
 50838
 50847
 50895
 51020
 51067
 51329
 51371
 51443
 51469
 51489
 51842
 51912
 52011
 52044
 52357
 52411
 52539
 52620
 52702
 52771
 52786
 52793
 52926
 53072
 53117
 53169
 53171
 53497
 53524
 53543
 53560
 53816
 53918
 53937
 54018
 54134
 54194
 54219
 54646
 54723
 54836
 54912
 54924
 54972
 55248
 55550
 55632
 55649
 55966
 56044
 56109
 56138
 56177
 56417
 56601
 56656
 56830
 56914
 57077
 57424
 57449
 57529
 57667
 57829
 58010
 58013
 58042
 58341
 58457
 58554
 58826
 58883
 58984
 59113
 59177
 59308
 59333
 59345
 59421
 59475
 59520
 59656
 59690
 59824
 60069
 60146
 60219
 60525
 60534
 60711
 60858
 60910
 61030
 61220
 61506
 61556
 61645
 61708
 61747
 61760
 61869
 61955
 62067
 62229
 62357
 62453
 62702
 62836
 62920
 62989
 63051
 63227
 63299
 63336
 63376
 63389
 63525
 63652
 63681
 63829
 63953
 63958
 64032
 64042
 64248
 64621
 64827
 64828
 65009
 65016
 65095
 65118
 65132
 65218
 65228
 65341
 65384
 65385
 65443
 65468
 65585
 65633
 65635
 65650
 65789
 65808
 66115
 66199
 66228
 66318
 66448
 66472
 66666
 66731
 66806
 67010
 67214
 67305
 67487
 67605
 67656
 67841
 67880
 68060
 68125
 68255
 68268
 68269
 68272
 68327
 68376
 68476
 68499
 68640
 68825
 69311
 69390
 69450
 69565
 69612
 69757
 69935
 70004
 70038
 70068
 70082
 70164
 70197
 70234
 70506
 70534
 70557
 70611
 70745
 70868
 70897
 70911
 71108
 71158
 71183
 71220
 71280
 71308
 71399
 71453
 71620
 71643
 71741
 71792
 71840
 71940
 72141
 72179
 72289
 72382
 72642
 72718
 72774
 72864
 72881
 72958
 72965
 73145
 73200
 73301
 73429
 73446
 73507
 73522
 73622
 73684
 73727
 74057
 74128
 74185
 74348
 74361
 74427
 74465
 74587
 74626
 74699
 74719
 74742
 74873
 75201
 75208
 75306
 75505
 75581
 75724
 75735
 75781
 75976
 75986
 76020
 76219
 76352
 76393
 76575
 76642
 76797
 76923
 76990
 77024
 77184
 77192
 77404
 77503
 77555
 77617
 77690
 77878
 77891
 78221
 78247
 78304
 78313
 78337
 78492
 78521
 78761
 78831
 79127
 79366
 79382
 79934
 79945
 80130
 80373
 80580
 80603
 80727
 80885
 80959
 81040
 81250
 81258
 81351
 81539
 81579
 81585
 81724
 81993
 82029
 82036
 82086
 82159
 82228
 82295
 82377
 82712
 83273
 83362
 83481
 83491
 83684
 83738
 83836
 83951
 83964
 83982
 84000
 84019
 84040
 84142
 84143
 84239
 84244
 84400
 84591
 84725
 84797
 84823
 84874
 85001
 85254
 85326
 85499
 85510
 85587
 85615
 85753
 85808
 85810
 85895
 85981
 86164
 86349
 86363
 86540
 86600
 86774
 86783
 86950
 86952
 86954
 86956
 87077
 87104
 87351
 87397
 87401
 87424
 87496
 87534
 87565
 87613
 87627
 87770
 87888
 88476
 88882
 88914
 89022
 89110
 89179
 89184
 89348
 89355
 89466
 89619
 89775
 89796
 89811
 89968
 90042
 90231
 90275
 90398
 90424
 90427
 90444
 90549
 90585
 90661
 90828
 90961
 91016
 91024
 91117
 91120
 91169
 91254
 91304
 91411
 91645
 91646
 91856
 91953
 92049
 92213
 92305
 92308
 92326
 92350
 92460
 92465
 92599
 92625
 92693
 92972
 93161
 93166
 93206
 93350
 93904
 93951
 94002
 94078
 94140
 94174
 94245
 94373
 94569
 94860
 95065
 95080
 95088
 95119
 95148
 95265
 95508
 96074
 96117
 96134
 96148
 96210
 96269
 96320
 96650
 96733
 96771
 96865
 97011
 97099
 97117
 97186
 97232
 97251
 97489
 97730
 97952
 97964
 98000
 98113
 98119
 98391
 98733
 98783
 98944
 99248
 99324
 99347
 99451
 99630
 99690
 99696
 99715
 99972
 100000
 100044
 100086
 100218
 100354
 100373
 100434
 100636
 100659
 100681
 100709
 100759
 100784
 100815
 100838
 100851
 100856
 101060
 101432
 101650
 101792
 101821
 102026
 102060
 102065
 102099
 102149
 102564
 102575
 102585
 102600
 102690
 102937
 102948
 102978
 103020
 103061
 103276
 103433
 103627
 103940
 103950
 103979
 103987
 103999
 104091
 104092
 104175
 104214
 104343
 104608
 104655
 104721
 104730
 104767
 104776
 104938
 104946
 105040
 105126
 105458
 105476
 105622
 105677
 105688
 105726
 105751
 105908
 105923
 106060
 106159
 106319
 106345
 106382
 106619
 106663
 106716
 106749
 106759
 106829
 107196
 107198
 107273
 107293
 107314
 107361
 107474
 107476
 107594
 107628
 107686
 107702
 107711
 107764
 107789
 107897
 107951
 108209
 108258
 108290
 108437
 108534
 108542
 108548
 108613
 108779
 108898
 108952
 109116
 109446
 109463
 109500
 109521
 109609
 109640
 109739
 109981
 110007
 110245
 110554
 110624
 110664
 110851
 110932
 111093
 111137
 111203
 111204
 111310
 111465
 111535
 111544
 111599
 111860
 111938
 112041
 112240
 112333
 112341
 112504
 112520
 112535
 112752
 112837
 112862
 112872
 112975
 113031
 113109
 113304
 113381
 113426
 113428
 113547
 113549
 113608
 113856
 113916
 114081
 114119
 114272
 114418
 114569
 114675
 114705
 114740
 114979
 115202
 115240
 115251
 115264
 115280
 115429
 115464
 115522
 115621
 115854
 115924
 116131
 116159
 116231
 116279
 116317
 116459
 116587
 116645
 116684
 116730
 116822
 116850
 116914
 116933
 117048
 117424
 117820
 117909
 118010
 118033
 118200
 118221
 118668
 118744
 118857
 118860
 118888
 118945
 118989
 119028
 119047
 119077
 119098
 119151
 119172
 119184
 119243
 119263
 119354
 119410
 119603
 119752
 119912
 119941
 120013
 120026
 120073
 120318
 120343
 120378
 120506
 120564
 120812
 120883
 121013
 121201
 121291
 121409
 121568
 121739
 121741
 121755
 121831
 122047
 122086
 122276
 122609
 122691
 122790
 122844
 122959
 123036
 123081
 123388
 123514
 123573
 123669
 123699
 123838
 123840
 123873
 123887
 124080
 124444
 124511
 124599
 124604
 124648
 124796
 124865
 124930
 125074
 125252
 125502
 125630
 125652
 125657
 125673
 126016
 126086
 126411
 126426
 126443
 126459
 126711
 126742
 126900
 126924
 126927
 127020
 127024
 127281
 127668
 127975
 128055
 128174
 128389
 128502
 128610
 128688
 128829
 128918
 128935
 128949
 129032
 129164
 129247
 129455
 129491
 129498
 129513
 129523
 129629
 129888
 129973
 130019
 130069
 130123
 130179
 130213
 130492
 130573
 130778
 130780
 130931
 131135
 131147
 131153
 131185
 131229
 131346
 131389
 131454
 131524
 131769
 131809
 132075
 132293
 132313
 132353
 132462
 132478
 132506
 132710
 132766
 133034
 133268
 133347
 133418
 133427
 133433
 133474
 133619
 133647
 133705
 133762
 133770
 133788
 134028
 134037
 134080
 134084
 134096
 134154
 134268
 134285
 134628
 134717
 134888
 135035
 135159
 135619
 135623
 135933
 135951
 135963
 135986
 135999
 136029
 136192
 136288
 136303
 136322
 136399
 136414
 136537
 136541
 136585
 136604
 136764
 136860
 136891
 137002
 137241
 137313
 137360
 137477
 137561
 137697
 137715
 138012
 138445
 138693
 138767
 138857
 138967
 139172
 139431
 139501
 139580
 139610
 139638
 139664
 139704
 139725
 139843
 139846
 139936
 139959
 140027
 140055
 140159
 140429
 140566
 140598
 140629
 140640
 140661
 140668
 140674
 140834
 140962
 141073
 141092
 141114
 141226
 141324
 141702
 141819
 141880
 142014
 142443
 142459
 142466
 142560
 142750
 142857
 143039
 143468
 143474
 143563
 143820
 143835
 143933
 143947
 144112
 144141
 144230
 144270
 144320
 144555
 144702
 144824
 144882
 144883
 145009
 145113
 145124
 145531
 145590
 145650
 145863
 145923
 145929
 145950
 146147
 146508
 146560
 146743
 146759
 146772
 147212
 147227
 147235
 147309
 147337
 147438
 147461
 147512
 147550
 147619
 147652
 147847
 148020
 148122
 148166
 148291
 148308
 148713
 148729
 148818
 148891
 148993
 149002
 149294
 149366
 149369
 149507
 149712
 149783
 149904
 149941
 150000
 150041
 150045
 150226
 150309
 150373
 150425
 150695
 150759
 150827
 150884
 150960
 151101
 151162
 151249
 151301
 151336
 151443
 151535
 151549
 151578
 151724
 152046
 152158
 152607
 152648
 152651
 152898
 153132
 153455
 153531
 153728
 153761
 153858
 154048
 154091
 154144
 154174
 154182
 154223
 154368
 154397
 154464
 154478
 154485
 154516
 154598
 154614
 154631
 154765
 154769
 154799
 155264
 155622
 155676
 155938
 156033
 156525
 156651
 156680
 156736
 156855
 156934
 157040
 157217
 157218
 157231
 157254
 157295
 157515
 157556
 157640
 157695
 157795
 157878
 158118
 158170
 158174
 158222
 158536
 158553
 158765
 159137
 159291
 159295
 159340
 159462
 159568
 159574
 159814
 159834
 159921
 159937
 159949
 160006
 160014
 160093
 160141
 160259
 160270
 160336
 160337
 160346
 160371
 160375
 160423
 160478
 160621
 160949
 161004
 161137
 161212
 161333
 161421
 161578
 161656
 161657
 161702
 161764
 161847
 162025
 162129
 162163
 162223
 162231
 162268
 162349
 162363
 162382
 162496
 162548
 162718
 162790
 162793
 162868
 162946
 163062
 163110
 163121
 163151
 163201
 163369
 163568
 163686
 163770
 163915
 163938
 163981
 164028
 164106
 164209
 164332
 164499
 164588
 165316
 165324
 165335
 165462
 165562
 165829
 165857
 165888
 166093
 166219
 166394
 166429
 166436
 166610
 166666
 166793
 167262
 167359
 167371
 167391
 167400
 167444
 167499
 167603
 167605
 167760
 167779
 167839
 167944
 167999
 168213
 168287
 168391
 168394
 168430
 168486
 168621
 168647
 168699
 168717
 168873
 168915
 168935
 169015
 169090
 169102
 169381
 169398
 169938
 169945
 170073
 170221
 170232
 170239
 170249
 170502
 170687
 170751
 170778
 170969
 171100
 171128
 171243
 171321
 171346
 171373
 171659
 171766
 171793
 171821
 171899
 171901
 171974
 171988
 172056
 172076
 172097
 172293
 172421
 172597
 172625
 172748
 172782
 172876
 172893
 173162
 173206
 173408
 173521
 173847
 174041
 174062
 174213
 174287
 174350
 174451
 174463
 174471
 174591
 174593
 174749
 174791
 175019
 175328
 175947
 176055
 176141
 176237
 176356
 176563
 176712
 176768
 176838
 176844
 176861
 176889
 177036
 177070
 177234
 177242
 177372
 177671
 177751
 177871
 177921
 178010
 178106
 178122
 178128
 178365
 178391
 178398
 178729
 178898
 178899
 178902
 179008
 179078
 179144
 179241
 179343
 179454
 179463
 179494
 179611
 179699
 180001
 180284
 180307
 180388
 180470
 180551
 180578
 180662
 181002
 181081
 181207
 181731
 181818
 181827
 182042
 182310
 182359
 182438
 182689
 182706
 182938
 182972
 183043
 183090
 183122
 183249
 183373
 183442
 183660
 183760
 183922
 184140
 184363
 184378
 184442
 184444
 184455
 184480
 184547
 184563
 184721
 184734
 184809
 184826
 184938
 185133
 185172
 185185
 185419
 185552
 185731
 185733
 185739
 186007
 186142
 186199
 186246
 186433
 186472
 186493
 186641
 186931
 187107
 187341
 187413
 187513
 187589
 187607
 187625
 187656
 187832
 187867
 187968
 188073
 188197
 188235
 188442
 188490
 188535
 188593
 188636
 188645
 188741
 188842
 188958
 189087
 189164
 189296
 189315
 189323
 189331
 189379
 189628
 189644
 189802
 189848
 189965
 190051
 190243
 190470
 190508
 190530
 190605
 190655
 190965
 191150
 191207
 191210
 191238
 191313
 191578
 191610
 191691
 191738
 191834
 191913
 192027
 192075
 192117
 192227
 192349
 192382
 192447
 192715
 192806
 192898
 192900
 192928
 193045
 193058
 193068
 193100
 193160
 193255
 193415
 193515
 193522
 193734
 193769
 194047
 194439
 194647
 194679
 194736
 194803
 195187
 195442
 195461
 195499
 195655
 195853
 196125
 196261
 196287
 196295
 196398
 196705
 196904
 196940
 197037
 197214
 197281
 197449
 197545
 197563
 197646
 197790
 197867
 198046
 198073
 198099
 198130
 198181
 198203
 198204
 198223
 198843
 198922
 199042
 199212
 199250
 199462
 199701
 199707
 199729
 199740
 199832
 199915
 199978
 200069
 200195
 200273
 200472
 200484
 200497
 200605
 200811
 201115
 201258
 201282
 201310
 201325
 201431
 201543
 201568
 201657
 201857
 201968
 202091
 202160
 202211
 202256
 202259
 202306
 202562
 202597
 202602
 202812
 202889
 202957
 203019
 203025
 203179
 203249
 203477
 203481
 203691
 203738
 203795
 204231
 204249
 204665
 204738
 205182
 205262
 205313
 205343
 205477
 205688
 205726
 205882
 205934
 206183
 206298
 206301
 206358
 206373
 206383
 206488
 206566
 206641
 206785
 206813
 206867
 206992
 207020
 207025
 207121
 207329
 207362
 207605
 207682
 207683
 207706
 207723
 207875
 207878
 207931
 207963
 208056
 208171
 208214
 208409
 208633
 208807
 208826
 208836
 208888
 209001
 209030
 209192
 209337
 209408
 209428
 209554
 209748
 209786
 209819
 209984
 210029
 210232
 210287
 210343
 210526
 210611
 210617
 210891
 211046
 211071
 211111
 211255
 211277
 211536
 211564
 211679
 211829
 211946
 211987
 212311
 212867
 213001
 213075
 213139
 213147
 213174
 213291
 213311
 213476
 214152
 214285
 214466
 214631
 214704
 214745
 214802
 214832
 214925
 215004
 215015
 215159
 215268
 215303
 215360
 215403
 215486
 215537
 215628
 215698
 215764
 215809
 216034
 216129
 216152
 216159
 216450
 216592
 216708
 216816
 216828
 216887
 216948
 216958
 217058
 217115
 217184
 217301
 217367
 217490
 217712
 217789
 217845
 217876
 217910
 218023
 218086
 218145
 218290
 218396
 218413
 218687
 218727
 218784
 218877
 219135
 219210
 219252
 219301
 219367
 219454
 219504
 219512
 219653
 219838
 219990
 220166
 220369
 220372
 220731
 220894
 220979
 221003
 221025
 221076
 221084
 221098
 221117
 221155
 221407
 221450
 221476
 221540
 221570
 221660
 221685
 221852
 222023
 222167
 222173
 222204
 222222
 222242
 222266
 222337
 222448
 222596
 222631
 222728
 222965
 223076
 223270
 223298
 223361
 223597
 223602
 223740
 223741
 223851
 223882
 223975
 223976
 223981
 224109
 224176
 224205
 224638
 224756
 224795
 225329
 225355
 225490
 225963
 225973
 226339
 226405
 226459
 226586
 226769
 227183
 227330
 227335
 227402
 227752
 227979
 228118
 228264
 228455
 228476
 228553
 228747
 228812
 228917
 228982
 229076
 229113
 229128
 229271
 229455
 229475
 229759
 229874
 230063
 230315
 230342
 230366
 230372
 230618
 230626
 230690
 230709
 230769
 230772
 230832
 230877
 230902
 231083
 231106
 231277
 231322
 231351
 231361
 231404
 231595
 231670
 231732
 231937
 232125
 232268
 232310
 232383
 232508
 232558
 232652
 232852
 233030
 233047
 233149
 233177
 233189
 233240
 233333
 233460
 233491
 233666
 233760
 233879
 233944
 234298
 234407
 234503
 234520
 234567
 234801
 234871
 235043
 235125
 235196
 235492
 235532
 235537
 235703
 235771
 235802
 235821
 235999
 236173
 236318
 236417
 236520
 236560
 236653
 236855
 236869
 236944
 237081
 237100
 237277
 237410
 237581
 237621
 237654
 237963
 237966
 238059
 238317
 238412
 238448
 238584
 238630
 238643
 238754
 238769
 238794
 238971
 239062
 239175
 239198
 239220
 239301
 239303
 239348
 239444
 239494
 239794
 239953
 240094
 240176
 240249
 240307
 240402
 240523
 240686
 240694
 240735
 240737
 240902
 241130
 241218
 241639
 242096
 242299
 242444
 242454
 242503
 243147
 243180
 243336
 243338
 243423
 243657
 243767
 243778
 243801
 243883
 243938
 244058
 244097
 244142
 244291
 244438
 244505
 244524
 244532
 244540
 244553
 244565
 244711
 244934
 245056
 245175
 245201
 245285
 245334
 245379
 245407
 245436
 245441
 245685
 245800
 245806
 245880
 246003
 246111
 246145
 246227
 246297
 246540
 246682
 246743
 246945
 247001
 247035
 247058
 247102
 247237
 247353
 247394
 247837
 247889
 247953
 247957
 248056
 248062
 248087
 248095
 248145
 248233
 248556
 248559
 248571
 248830
 248971
 249086
 249240
 249299
 249331
 249332
 249469
 249668
 249671
 249763
 249774
 249785
 250043
 250136
 250153
 250180
 250193
 250215
 250424
 250427
 250444
 250544
 250649
 250726
 250773
 250795
 250826
 251068
 251300
 251346
 251428
 251438
 251586
 251600
 251645
 251679
 251681
 251683
 251800
 251960
 252029
 252102
 252173
 252258
 252294
 252320
 252922
 252982
 252985
 252991
 253007
 253078
 253103
 253161
 253188
 253257
 253340
 253478
 253636
 253819
 253876
 254045
 254140
 254242
 254298
 254333
 254545
 254750
 254794
 254825
 254866
 254868
 254908
 254970
 255038
 255050
 255102
 255246
 255406
 255497
 255577
 255770
 255800
 255969
 256144
 256228
 256298
 256316
 256375
 256532
 256563
 256575
 256752
 256929
 257091
 257247
 257264
 257340
 257341
 257559
 257693
 257950
 257972
 258030
 258174
 258208
 258212
 258213
 258230
 258252
 258272
 258389
 258528
 258620
 258693
 258741
 258754
 258871
 259090
 259174
 259298
 259480
 259508
 259638
 259776
 259874
 260080
 260390
 260451
 260499
 260791
 260825
 261039
 261065
 261266
 261449
 261654
 261737
 261784
 261851
 261852
 261944
 262134
 262207
 262281
 262423
 262580
 262626
 262628
 262763
 262765
 262794
 262926
 262976
 263106
 263125
 263129
 263157
 263162
 263205
 263215
 263232
 263358
 263464
 263636
 263711
 263723
 263735
 263774
 263818
 263939
 263966
 263989
 264030
 264044
 264059
 264264
 264458
 264598
 264624
 264705
 264824
 264895
 264941
 265022
 265100
 265195
 265273
 265374
 265382
 265455
 265480
 265486
 265498
 265560
 265729
 265915
 265968
 266080
 266499
 266505
 266607
 266651
 266666
 266723
 266784
 266840
 266953
 267143
 267205
 267243
 267283
 267398
 267577
 267620
 267623
 267634
 267638
 267934
 268074
 268146
 268237
 268311
 268372
 268412
 268645
 268729
 268806
 268815
 268831
 268951
 268953
 268981
 269029
 269540
 269605
 269729
 269789
 269818
 270046
 270175
 270348
 270455
 270456
 270463
 270485
 270571
 270691
 270913
 270927
 270971
 270972
 271238
 271324
 271549
 271624
 272011
 272596
 272622
 272727
 272753
 272860
 272862
 273051
 273060
 273070
 273197
 273216
 273345
 273423
 273555
 273600
 273703
 273721
 273851
 273963
 274206
 274220
 274398
 274549
 274576
 274699
 274711
 274723
 274760
 274811
 274929
 275003
 275102
 275326
 275462
 275490
 275501
 275534
 275594
 275613
 275656
 275900
 275929
 276099
 276245
 276270
 276311
 276413
 276474
 276641
 276642
 276741
 276902
 277091
 277108
 277164
 277615
 277628
 277777
 277842
 277981
 277996
 278119
 278299
 278313
 278465
 278502
 278675
 278962
 279045
 279100
 279138
 279279
 279367
 279628
 279651
 279678
 279784
 279835
 279949
 280000
 280157
 280184
 280254
 280456
 280525
 280687
 280712
 280745
 280790
 281038
 281045
 281074
 281162
 281227
 281682
 281706
 281881
 282062
 282081
 282141
 282195
 282332
 282384
 282477
 282821
 282828
 282975
 283142
 283383
 283582
 283686
 283739
 283783
 284061
 284203
 284253
 284263
 284321
 284348
 284352
 284497
 284513
 284660
 284836
 284897
 284902
 285037
 285185
 285256
 285456
 285486
 285665
 285714
 285843
 286108
 286154
 286165
 286361
 286379
 286454
 286530
 286589
 286806
 286926
 286953
 286982
 287006
 287109
 287253
 287258
 287261
 287314
 287369
 287469
 287505
 287560
 287610
 287755
 287844
 287926
 288197
 288371
 288390
 288584
 288707
 288931
 288970
 288995
 289009
 289194
 289368
 289553
 289778
 289790
 289895
 290192
 290222
 290253
 290281
 290390
 290707
 290959
 291034
 291044
 291093
 291240
 291296
 291386
 291738
 291800
 292072
 292144
 292417
 292649
 292956
 292993
 293102
 293131
 293140
 293192
 293326
 293438
 293454
 293496
 293988
 294016
 294117
 294167
 294212
 294455
 294478
 294611
 294740
 294918
 294979
 295064
 295109
 295126
 295353
 295361
 295377
 295379
 295460
 295475
 295759
 295774
 295816
 295975
 296045
 296088
 296090
 296149
 296447
 296470
 296507
 296527
 296607
 296612
 296715
 296763
 296800
 296837
 296920
 297062
 297113
 297189
 297201
 297278
 297468
 297554
 297570
 297687
 297728
 297869
 297973
 297986
 298057
 298103
 298178
 298284
 298334
 298342
 298355
 298356
 298362
 298392
 298447
 298592
 298619
 298679
 298921
 299093
 299152
 299246
 299380
 299394
 299557
 299595
 299640
 299781
 299846
 299961
 300036
 300128
 300520
 300542
 300597
 300678
 301210
 301237
 301569
 301955
 302036
 302184
 302267
 302333
 302342
 302749
 302755
 302898
 302924
 303327
 303360
 303466
 303537
 303638
 303664
 303711
 303837
 304196
 304251
 304360
 304479
 304524
 304528
 304637
 304779
 304939
 305025
 305059
 305200
 305352
 305385
 305894
 305951
 306038
 306051
 306266
 306367
 306387
 306395
 306475
 306821
 306985
 307060
 307181
 307208
 307308
 307354
 307453
 307548
 307611
 307692
 307720
 307784
 307835
 307855
 307982
 308012
 308087
 308266
 308362
 308521
 308714
 308722
 309106
 309272
 309304
 309320
 309401
 309446
 309617
 309748
 309888
 310122
 310249
 310286
 310426
 310482
 310560
 310638
 310695
 310907
 310924
 310951
 311127
 311202
 311288
 311493
 311665
 311688
 311808
 311909
 311923
 311968
 312063
 312292
 312314
 312384
 312429
 312500
 312576
 312718
 312754
 312820
 312854
 313029
 313164
 313200
 313203
 313342
 313467
 313572
 313600
 313613
 313810
 313874
 314009
 314038
 314039
 314043
 314321
 314345
 314360
 314506
 314561
 314611
 314946
 315123
 315219
 315279
 315590
 315730
 315850
 315976
 316099
 316183
 316370
 316411
 316422
 316466
 316513
 316527
 316580
 316630
 316698
 316731
 316997
 317083
 317254
 317423
 317508
 317718
 317860
 317918
 317947
 318020
 318095
 318129
 318181
 318227
 318249
 318253
 318282
 318418
 318535
 318567
 318604
 318675
 318796
 318832
 319196
 319272
 319296
 319309
 319457
 319523
 319645
 319672
 319690
 319744
 319931
 319948
 320164
 320177
 320426
 320428
 320458
 320520
 320701
 320718
 320831
 320939
 321411
 321414
 321514
 321526
 321568
 321584
 321748
 321752
 321782
 322073
 322085
 322109
 322147
 322455
 322477
 322536
 322768
 322810
 322879
 322908
 322936
 323239
 323240
 323251
 323329
 323529
 323554
 323733
 324022
 324034
 324055
 324139
 324268
 324327
 324359
 324425
 324441
 324505
 324600
 324773
 324804
 324920
 325119
 325121
 325141
 325346
 325428
 325453
 325775
 325852
 325853
 326035
 326155
 326216
 326375
 326530
 326544
 326667
 326759
 326849
 326910
 326995
 327223
 327303
 327357
 327402
 327459
 327509
 327520
 327577
 327586
 327709
 327712
 327764
 328089
 328109
 328301
 328303
 328304
 328437
 328530
 328655
 328861
 328869
 328982
 329103
 329185
 329566
 329641
 329671
 329859
 330076
 330098
 330164
 330296
 330530
 330546
 330581
 330587
 330593
 330698
 330809
 331162
 331253
 331375
 331408
 331421
 331457
 331636
 331741
 331879
 332043
 332125
 332247
 332271
 332355
 332440
 332451
 332519
 332706
 332773
 332810
 333016
 333030
 333217
 333219
 333325
 333333
 333364
 333441
 333491
 333525
 333576
 333587
 333595
 333628
 333689
 333741
 333750
 333971
 334111
 334270
 334304
 334373
 334493
 334567
 334639
 334649
 334756
 334778
 334782
 334923
 335007
 335086
 335163
 335405
 335472
 335544
 335588
 335677
 335727
 335739
 335793
 335924
 335951
 336020
 336063
 336176
 336209
 336341
 336394
 336476
 336791
 337252
 337378
 337447
 337543
 337597
 337637
 337770
 338129
 338148
 338259
 338335
 338366
 338447
 338461
 338552
 338691
 338807
 338841
 338934
 338983
 339032
 339235
 339322
 339504
 339543
 339559
 339712
 339762
 339792
 339898
 339900
 340001
 340160
 340303
 340304
 340318
 340387
 340404
 340406
 340449
 340590
 340760
 340925
 340950
 340994
 341127
 341160
 341173
 341176
 341241
 341296
 341421
 341463
 341531
 341704
 341731
 341761
 341833
 342105
 342380
 342620
 342653
 342851
 343036
 343100
 343129
 343161
 343188
 343544
 343572
 343678
 343721
 343763
 343862
 343925
 344030
 344062
 344332
 344338
 344629
 344765
 344784
 344832
 345165
 345372
 345716
 345837
 346031
 346357
 346444
 346563
 346730
 346747
 346775
 346876
 346913
 346914
 346941
 347176
 347319
 347394
 347667
 347711
 347853
 347864
 347918
 348139
 348199
 348208
 348426
 348495
 348515
 348668
 348677
 348760
 348816
 348837
 348894
 349002
 349158
 349191
 349345
 349579
 349637
 349949
 349970
 350082
 350121
 350260
 350446
 350462
 350728
 350763
 350800
 350929
 350939
 351316
 351329
 351405
 351485
 351607
 351777
 351910
 352060
 352237
 352397
 352477
 352525
 352533
 352660
 352882
 353301
 353382
 353542
 354092
 354097
 354293
 354297
 354310
 354321
 354343
 354596
 354735
 354991
 355015
 355167
 355442
 355464
 355635
 355645
 355651
 355696
 355764
 355945
 355972
 356038
 356063
 356210
 356256
 356400
 356639
 356643
 356647
 357043
 357142
 357188
 357246
 357368
 357381
 357396
 357580
 357593
 357644
 357747
 357858
 357869
 357910
 358083
 358245
 358395
 358476
 358953
 359094
 359151
 359190
 359351
 359413
 359596
 359622
 359660
 359781
 359837
 359968
 360080
 360166
 360421
 360477
 360694
 360708
 360905
 360913
 361052
 361055
 361179
 361202
 361248
 361485
 361744
 361978
 362155
 362476
 362614
 362685
 362704
 362743
 362871
 362917
 362944
 362973
 363216
 363254
 363296
 363314
 363320
 363388
 363497
 363574
 363597
 363636
 363898
 363902
 364048
 364085
 364250
 364269
 364280
 364362
 364406
 364415
 364485
 364638
 364720
 364772
 364846
 364864
 364982
 364985
 365035
 365126
 365220
 365314
 365553
 365627
 365965
 365986
 365988
 365999
 366200
 366230
 366292
 366369
 366451
 366473
 366477
 366666
 367010
 367273
 367305
 367381
 367433
 367576
 367609
 367657
 367673
 367847
 367869
 368100
 368191
 368268
 368272
 368391
 368432
 368656
 368756
 368824
 368873
 369016
 369019
 369165
 369166
 369277
 369291
 369706
 369719
 369860
 369863
 369957
 370067
 370093
 370105
 370152
 370305
 370336
 370386
 370635
 370709
 371163
 371295
 371302
 371316
 371446
 371456
 371511
 371594
 371623
 371839
 372083
 372265
 372463
 372497
 372502
 372545
 372590
 372756
 372800
 372809
 372924
 372925
 373034
 373111
 373266
 373285
 373428
 373520
 373656
 373668
 373670
 373702
 373794
 373961
 374080
 374372
 374410
 374447
 374454
 374470
 374550
 374633
 374703
 374731
 374814
 375095
 375149
 375232
 375406
 375570
 375725
 376018
 376154
 376223
 376538
 376645
 376731
 376851
 376980
 377100
 377116
 377146
 377168
 377245
 377251
 377471
 377620
 377941
 378000
 378155
 378172
 378187
 378243
 378275
 378281
 378446
 378507
 378591
 378668
 378841
 378931
 379095
 379140
 379542
 379686
 379701
 379710
 379720
 379733
 379772
 379822
 379826
 379874
 380047
 380090
 380100
 380107
 380398
 380418
 380420
 380508
 380534
 380811
 380993
 381321
 381334
 381338
 381422
 381485
 381518
 381528
 381580
 381630
 381646
 381758
 381790
 381791
 381802
 381938
 382165
 382293
 382448
 382607
 382786
 383141
 383279
 383313
 383314
 383336
 383364
 383391
 383422
 383438
 383469
 383540
 383554
 383561
 383933
 383969
 383977
 384083
 384141
 384181
 384216
 384468
 384615
 384712
 384726
 384735
 384772
 385022
 385292
 385439
 385509
 385539
 385588
 385605
 385784
 385797
 385892
 386167
 386540
 386723
 387183
 387311
 387563
 388157
 388410
 388458
 388492
 388503
 388530
 388545
 388687
 388720
 388802
 388879
 388888
 388969
 389041
 389170
 389455
 389497
 389528
 389670
 389739
 389780
 389809
 389823
 389918
 389953
 390219
 390238
 390272
 390311
 390330
 390495
 390551
 390626
 390627
 390765
 390928
 391006
 391111
 391134
 391150
 391228
 391461
 391534
 391586
 391791
 391963
 391984
 392009
 392024
 392128
 392200
 392717
 393011
 393054
 393068
 393304
 393637
 393722
 393734
 393936
 394012
 394017
 394039
 394080
 394088
 394133
 394274
 394454
 394488
 394668
 394685
 394820
 394902
 394992
 395069
 395157
 395269
 395278
 395299
 395371
 395380
 395493
 395522
 395562
 395860
 395970
 396164
 396184
 396374
 396580
 396713
 396721
 396784
 396797
 396879
 396953
 396975
 396984
 397109
 397457
 397779
 397806
 397954
 398076
 398148
 398253
 398296
 398355
 398477
 398712
 398843
 398941
 398959
 398987
 399017
 399299
 399440
 399496
 399624
 399818
 399847
 399853
 399999
 400077
 400282
 400365
 400398
 400414
 400461
 400479
 400576
 400585
 400692
 400726
 400774
 400818
 400865
 400950
 401114
 401301
 401308
 401526
 401696
 401734
 401993
 402029
 402105
 402195
 402304
 402511
 402542
 402842
 402976
 403025
 403122
 403154
 403231
 403427
 403755
 403807
 403832
 403883
 403892
 403965
 404066
 404339
 404390
 404564
 404585
 404745
 404928
 404949
 404954
 405135
 405186
 405227
 405390
 405629
 405664
 405865
 405957
 405959
 406119
 406245
 406417
 406536
 406640
 406779
 406823
 406944
 406976
 407059
 407183
 407402
 407592
 407692
 407770
 407782
 407884
 407926
 408036
 408327
 408333
 408397
 408437
 408484
 408652
 408678
 408693
 408813
 409062
 409199
 409339
 409363
 409408
 409613
 409635
 409713
 409739
 409785
 409914
 409924
 409927
 409931
 410216
 410278
 410476
 410526
 410591
 410786
 410898
 411023
 411074
 411347
 411430
 411431
 411483
 411651
 411837
 411948
 411957
 411968
 411975
 412040
 412325
 412411
 412675
 412801
 412802
 412895
 412923
 412931
 412935
 413003
 413031
 413216
 413294
 413310
 413332
 413538
 413578
 413593
 413652
 413700
 413781
 413793
 413871
 413921
 414006
 414024
 414181
 414259
 414415
 414429
 414468
 414566
 414713
 414884
 414893
 414914
 415008
 415013
 415090
 415105
 415159
 415248
 415254
 415294
 415298
 415315
 415401
 415471
 415525
 415893
 415895
 415926
 416064
 416096
 416106
 416119
 416451
 416470
 416489
 416574
 416754
 416762
 416800
 417111
 417117
 417124
 417444
 417557
 417633
 417641
 417652
 417784
 417850
 417900
 418141
 418418
 418786
 419005
 419009
 419018
 419111
 419266
 419406
 419413
 419478
 419901
 420115
 420197
 420277
 420327
 420382
 420624
 420727
 421238
 421408
 421646
 421778
 421782
 422163
 422264
 422292
 422341
 422346
 422410
 422871
 422924
 423149
 423164
 423236
 423440
 423562
 423640
 423739
 423745
 423979
 424122
 424229
 424255
 424400
 424538
 424671
 424726
 424766
 424804
 424842
 424926
 424945
 425035
 425068
 425446
 425579
 425713
 425829
 425899
 426037
 426197
 426220
 426295
 426327
 426394
 426427
 426452
 426506
 426598
 426605
 426714
 426738
 426759
 426829
 427071
 427195
 427323
 427594
 427609
 427715
 428009
 428033
 428244
 428423
 428465
 428472
 428540
 428571
 428742
 428907
 429108
 429285
 429303
 429752
 429753
 429875
 429913
 429973
 429989
 430053
 430092
 430182
 430356
 430385
 430668
 430834
 430863
 430905
 430977
 430985
 431177
 431437
 431516
 431572
 431759
 431882
 431941
 432106
 432213
 432283
 432295
 432303
 432351
 432421
 432560
 432686
 432793
 432900
 432931
 433126
 433247
 433261
 433624
 433787
 433816
 433914
 434124
 434177
 434249
 434261
 434713
 434760
 435016
 435115
 435133
 435141
 435181
 435650
 435709
 435779
 435813
 435840
 436005
 436069
 436120
 436170
 436448
 436502
 436599
 436640
 436661
 436674
 436801
 436850
 436869
 436949
 437254
 437429
 437566
 437669
 437712
 437794
 437802
 437893
 438070
 438141
 438319
 438325
 438454
 438602
 438711
 438719
 438848
 439195
 439252
 439265
 439393
 439594
 439625
 439784
 439828
 439924
 439980
 439997
 440028
 440052
 440084
 440154
 440253
 440589
 440604
 440634
 440692
 440788
 440793
 441139
 441145
 441286
 441404
 441476
 441496
 441593
 441610
 441790
 441795
 441807
 441860
 441931
 441950
 442004
 442028
 442040
 442074
 442080
 442130
 442214
 442275
 442295
 442700
 442773
 443037
 443149
 443385
 443417
 443428
 443629
 443668
 443754
 443825
 443995
 444069
 444251
 444280
 444319
 444333
 444355
 444384
 444417
 444469
 444476
 444502
 444626
 444790
 444795
 444966
 444981
 445218
 445246
 445252
 445302
 445358
 445454
 445906
 445938
 446159
 446313
 446396
 446528
 446561
 446606
 446637
 446981
 447088
 447146
 447232
 447488
 447505
 447526
 447547
 447619
 447696
 447776
 447830
 447831
 448106
 448173
 448257
 448323
 448408
 448432
 448757
 448789
 448938
 449144
 449357
 449541
 449793
 449924
 450052
 450061
 450335
 450485
 450570
 450885
 450962
 451000
 451114
 451301
 451383
 451487
 451534
 451570
 451843
 451888
 452045
 452098
 452247
 452548
 452554
 452594
 452618
 452765
 452816
 453168
 453214
 453418
 453424
 453513
 453606
 453714
 453738
 454175
 454183
 454208
 454238
 454672
 454764
 454833
 455011
 455136
 455199
 455397
 455558
 455578
 455757
 455918
 456151
 456194
 456250
 456297
 456298
 456319
 456350
 456527
 456595
 456646
 456946
 457142
 457279
 457312
 457361
 457415
 457631
 457696
 457773
 457787
 457815
 458002
 458038
 458079
 458142
 458165
 458274
 458280
 458289
 458376
 458446
 458447
 458458
 458488
 458499
 458566
 458595
 458646
 458670
 458676
 458737
 458794
 458909
 459032
 459037
 459234
 459256
 459325
 459332
 459447
 459667
 459898
 460199
 460288
 460404
 460426
 460478
 460697
 460894
 461170
 461174
 461229
 461238
 461279
 461287
 461399
 461700
 461741
 461824
 461864
 461921
 462033
 462066
 462407
 462593
 462761
 463014
 463174
 463211
 463350
 463519
 463629
 463872
 463922
 463963
 464185
 464251
 464399
 464417
 464433
 464491
 464536
 464642
 464645
 464646
 464824
 465009
 465014
 465116
 465199
 465204
 465231
 465438
 465765
 465777
 465790
 465798
 465813
 465818
 465909
 465944
 465952
 466043
 466181
 466205
 466317
 466369
 466629
 466634
 466650
 466701
 466803
 466949
 467105
 467158
 467209
 467536
 467590
 467625
 467800
 467954
 468131
 468132
 468161
 468313
 468339
 468398
 468546
 468787
 468812
 469026
 469054
 469065
 469257
 469387
 469977
 470017
 470124
 470168
 470490
 471264
 471363
 471461
 471527
 471528
 471711
 471840
 472052
 472076
 472236
 472254
 472318
 472380
 472514
 472579
 472638
 473110
 473244
 473440
 473636
 473661
 473777
 473850
 474006
 474219
 474573
 474576
 474626
 474941
 474968
 475044
 475105
 475199
 475293
 475334
 475357
 475555
 475647
 475728
 475811
 475916
 475947
 476005
 476029
 476032
 476072
 476076
 476128
 476177
 476428
 476485
 476559
 476734
 476747
 477173
 477177
 477334
 477360
 477435
 477528
 477549
 477599
 477702
 477737
 477740
 477832
 477885
 477964
 478102
 478128
 478260
 478321
 478389
 478519
 478606
 478733
 478903
 478907
 478992
 479082
 479193
 479214
 479250
 479278
 479417
 479444
 479465
 479661
 479821
 479990
 480038
 480250
 480741
 480877
 481071
 481136
 481152
 481286
 481431
 481434
 481526
 481530
 481613
 481652
 481748
 481783
 481799
 481830
 481865
 481914
 481926
 481975
 482259
 482352
 482383
 482443
 482480
 482536
 482608
 482756
 482771
 482880
 482933
 482963
 483108
 483125
 483193
 483224
 483231
 483333
 483356
 483560
 483648
 483797
 483843
 484065
 484102
 484123
 484251
 484388
 484674
 484699
 484751
 484996
 485125
 485289
 485340
 485366
 485402
 485588
 485616
 485645
 485686
 485810
 485964
 486045
 486390
 486460
 486517
 486567
 486651
 486683
 486723
 486910
 486926
 487007
 487070
 487141
 487167
 487251
 487293
 487309
 487502
 487602
 487635
 487698
 487828
 488122
 488123
 488151
 488161
 488224
 488242
 488306
 488314
 488548
 488588
 488725
 488764
 488793
 488813
 488893
 488971
 489358
 489414
 489422
 489544
 489778
 489795
 489934
 490135
 490239
 490275
 490339
 490374
 490400
 490521
 491259
 491350
 491370
 491376
 491422
 491539
 491589
 491655
 491700
 491744
 491803
 491940
 492113
 492141
 492440
 492443
 492576
 492583
 492662
 492692
 492796
 492861
 492970
 493110
 493127
 493243
 493248
 493352
 493362
 493415
 493423
 493490
 494168
 494173
 494519
 494594
 494643
 494684
 494782
 495021
 495313
 495314
 495337
 495391
 495505
 495520
 495546
 495740
 495762
 495777
 495788
 495820
 495827
 495853
 495896
 496061
 496129
 496245
 496270
 496369
 496396
 496402
 496472
 496551
 496667
 496688
 496743
 496801
 496895
 496974
 497112
 497142
 497153
 497258
 497320
 497321
 497473
 497693
 497729
 497794
 497813
 497828
 497907
 497918
 498035
 498050
 498138
 498253
 498643
 498760
 498988
 499034
 499206
 499233
 499235
 499237
 499294
 499601
 499616
 499629
 499668
 499715
 499723
 499745
 499875
 499887
 499962
 