0
 46
 210
 303
 368
 456
 487
 600
 820
 834
 930
 1037
 1063
 1366
 1383
 1384
 1421
 1450
 1677
 1816
 1941
 1977
 1986
 1997
 2214
 2230
 2541
 2546
 2606
 2638
 2682
 2738
 2827
 2971
 3070
 3072
 3178
 3389
 3410
 3583
 3596
 3635
 3740
 3955
 4039
 4055
 4131
 4143
 4147
 4208
 4301
 4310
 4314
 4379
 4471
 4530
 4570
 4615
 4672
 4979
 4998
 5005
 5168
 5288
 5290
 5546
 5724
 5916
 6170
 6241
 6255
 6477
 6531
 6609
 6660
 6769
 7022
 7075
 7113
 7119
 7501
 7594
 7619
 7623
 7779
 7780
 7791
 7965
 8014
 8056
 8069
 8128
 8150
 8269
 8459
 8632
 8950
 8982
 9070
 9234
 9497
 9504
 9539
 9582
 9623
 9692
 9804
 9867
 9941
 10121
 10171
 10494
 10540
 11198
 11201
 11419
 11423
 11450
 11458
 11472
 11585
 11624
 11728
 11737
 11980
 12022
 12096
 12144
 12459
 12544
 12753
 12813
 12895
 12947
 13123
 13137
 13184
 13410
 13550
 13576
 13603
 13696
 13702
 13821
 13932
 13959
 14320
 14329
 14431
 14487
 14600
 14719
 14956
 14997
 15042
 15060
 15274
 15350
 15405
 15557
 15626
 15676
 15734
 15769
 15843
 16088
 16158
 16218
 16353
 16467
 16483
 16614
 16725
 16765
 16775
 16812
 16935
 16977
 17073
 17098
 17122
 17138
 17142
 17313
 17336
 17362
 17449
 17705
 17823
 17849
 17884
 18056
 18154
 18278
 18691
 18871
 19173
 19174
 19263
 19370
 19415
 19483
 19495
 19507
 19522
 19630
 19740
 19815
 19896
 19999
 20217
 20317
 20440
 20467
 20538
 20751
 20881
 20907
 21008
 21047
 21051
 21082
 21324
 21369
 21420
 21463
 21541
 21640
 21963
 22006
 22023
 22123
 22207
 22442
 22679
 22906
 23054
 23192
 23424
 23569
 23845
 24176
 24408
 24595
 24628
 24702
 24755
 24834
 25147
 25180
 25230
 25267
 25490
 25495
 25654
 25686
 25728
 26048
 26097
 26139
 26156
 26239
 26315
 26330
 26359
 26400
 26429
 27081
 27084
 27324
 27511
 27721
 27839
 27899
 27934
 27978
 28254
 28288
 28320
 28323
 28440
 28625
 28671
 28703
 28933
 29116
 29187
 29215
 29242
 29397
 29563
 29796
 30103
 30217
 30256
 30297
 30303
 30351
 30399
 30561
 30597
 30809
 31014
 31155
 31169
 31226
 31299
 31838
 31893
 31999
 32059
 32567
 32729
 32883
 32884
 32923
 32947
 33472
 33585
 33679
 33788
 33807
 34026
 34246
 34339
 34373
 34399
 34409
 34499
 34591
 34670
 34676
 34883
 34921
 34970
 35008
 35039
 35325
 35509
 35558
 35624
 35690
 35714
 35737
 35797
 35814
 35837
 35886
 35898
 36007
 36171
 36302
 36340
 36665
 36702
 36842
 36881
 37000
 37015
 37112
 37188
 37289
 37450
 37603
 37632
 37634
 37662
 37738
 37776
 37963
 37987
 38166
 38194
 38263
 38339
 38461
 38807
 38841
 38917
 38945
 38970
 39027
 39089
 39137
 39448
 39548
 39581
 39660
 39764
 39840
 39883
 39941
 39975
 40233
 40250
 40272
 40312
 40342
 40462
 40557
 40655
 40682
 40723
 40756
 40999
 41062
 41322
 41326
 41484
 41529
 41535
 41755
 41812
 41870
 41983
 42180
 42253
 42264
 42326
 42360
 42459
 42578
 42580
 42599
 42621
 42745
 42841
 42991
 43394
 43438
 43497
 43506
 43739
 43745
 43893
 43929
 43936
 44069
 44083
 44110
 44122
 44222
 44318
 44427
 44450
 44493
 44766
 45021
 45081
 45204
 45393
 45448
 45465
 45466
 45551
 45646
 45668
 45804
 45919
 46297
 46301
 46304
 46335
 46394
 46395
 46436
 46526
 46576
 46700
 46895
 46957
 47031
 47038
 47205
 47380
 47494
 47630
 47738
 47757
 47883
 47904
 47980
 48038
 48148
 48487
 48567
 48622
 48681
 48812
 48814
 48898
 49023
 49128
 49173
 49250
 49426
 49433
 49451
 49471
 49509
 49552
 49586
 49839
 50000
 50488
 50492
 50549
 50600
 50748
 50862
 50941
 51020
 51079
 51432
 51598
 51642
 51812
 51864
 51873
 51900
 51964
 52278
 52445
 52486
 52494
 52763
 52815
 52837
 52886
 52989
 52993
 53060
 53062
 53088
 53398
 53479
 53534
 53573
 53731
 53858
 53883
 53939
 54099
 54196
 54315
 54349
 54399
 54437
 54524
 54694
 55114
 55142
 55270
 55281
 55339
 55844
 55939
 55954
 56267
 56386
 56557
 56561
 56698
 56737
 56973
 57030
 57056
 57243
 57417
 57485
 57548
 57601
 57773
 57798
 57902
 57956
 57962
 58062
 58066
 58070
 58099
 58143
 58317
 58338
 58378
 58540
 58611
 58707
 58752
 58782
 58899
 58991
 58997
 59026
 59030
 59125
 59128
 59135
 59200
 59227
 59483
 59495
 59678
 59715
 59753
 59880
 59885
 60092
 60238
 60359
 60506
 60725
 60774
 60869
 60975
 61023
 61097
 61103
 61105
 61196
 61301
 61549
 61797
 61876
 62025
 62189
 62222
 62430
 62671
 62753
 62869
 62915
 62939
 62993
 63045
 63218
 63269
 63364
 63463
 63706
 63752
 63833
 63859
 64017
 64210
 64405
 64466
 64551
 64619
 64668
 64697
 64729
 64800
 64836
 64856
 64955
 65003
 65200
 65302
 65335
 65341
 65655
 65739
 65824
 66115
 66210
 66231
 66424
 66460
 66527
 66666
 66869
 66925
 67004
 67406
 67412
 67468
 67528
 67543
 67685
 67878
 67897
 67898
 67903
 67947
 68039
 68079
 68187
 68257
 68523
 68669
 68793
 68865
 68923
 69138
 69139
 69196
 69601
 69720
 69785
 69790
 69814
 69976
 70276
 70312
 70321
 70416
 70431
 70738
 71146
 71428
 71519
 71790
 71794
 71858
 72017
 72072
 72181
 72207
 72269
 72273
 72407
 72507
 72661
 72852
 73411
 73480
 73515
 73612
 73654
 73840
 73903
 73929
 73959
 74014
 74189
 74334
 74902
 75028
 75132
 75462
 75632
 75695
 75730
 75932
 76238
 76442
 76477
 76568
 76779
 77098
 77099
 77221
 77265
 77295
 77359
 77476
 77536
 77739
 77821
 77851
 77904
 77972
 78055
 78522
 78564
 78831
 78867
 78913
 79072
 79135
 79194
 79205
 79379
 79421
 79471
 79619
 79657
 79751
 79821
 79958
 80127
 80282
 80390
 80393
 80420
 80664
 80683
 81009
 81188
 81214
 81218
 81226
 81289
 81325
 81432
 81517
 81670
 81677
 82092
 82112
 82201
 82405
 82608
 82655
 82780
 82810
 82828
 82931
 82940
 82948
 83005
 83018
 83314
 83522
 83598
 83915
 83963
 84139
 84145
 84238
 84294
 84395
 84566
 84600
 84719
 84847
 84966
 85060
 85191
 85233
 85248
 85255
 85358
 85384
 85424
 85520
 85616
 85629
 85741
 85841
 85877
 85955
 85965
 85971
 86117
 86164
 86659
 86705
 86730
 86807
 86847
 86864
 86887
 87026
 87150
 87154
 87155
 87175
 87278
 87440
 87479
 87684
 87756
 87819
 87916
 88100
 88272
 88456
 88616
 88622
 88694
 88915
 89053
 89054
 89129
 89282
 89285
 89390
 89416
 89456
 89473
 89477
 89599
 89700
 89770
 89800
 89844
 89905
 89974
 89976
 89999
 90013
 90111
 90203
 90228
 90254
 90435
 90466
 90672
 90903
 91110
 91155
 91156
 91279
 91358
 91376
 91413
 91518
 92045
 92067
 92088
 92178
 92229
 92274
 92683
 92692
 92710
 92774
 93086
 93184
 93256
 93406
 93516
 93674
 93681
 93694
 93711
 93714
 93782
 93789
 93838
 93901
 94047
 94117
 94250
 94347
 94448
 94458
 94475
 94494
 94511
 94512
 94600
 94601
 94730
 94786
 94799
 94856
 94942
 95113
 95173
 95212
 95230
 95428
 95500
 95505
 95663
 95683
 95692
 95696
 95865
 95918
 95921
 96210
 96240
 96279
 96304
 96371
 96422
 96443
 96487
 96491
 96541
 96636
 96774
 96907
 97051
 97114
 97134
 97143
 97168
 97232
 97257
 97361
 97383
 97431
 97478
 97611
 97695
 97800
 98017
 98129
 98208
 98211
 98292
 98357
 98474
 98578
 98765
 98780
 98784
 99067
 99499
 99645
 99886
 99894
 99955
 99983
 100143
 100208
 100316
 100361
 100386
 100463
 100564
 100578
 100736
 100737
 100832
 100852
 100943
 101114
 101255
 101416
 101475
 101511
 101560
 101704
 101844
 101851
 101926
 101946
 102048
 102292
 102332
 102344
 102441
 102538
 102965
 102989
 103114
 103202
 103253
 103384
 103425
 103494
 103722
 103734
 103800
 103910
 104158
 104263
 104602
 104626
 104652
 104728
 104781
 105042
 105245
 105258
 105442
 105752
 105939
 105982
 105997
 106025
 106109
 106159
 106196
 106370
 106391
 106628
 106651
 106860
 106891
 106944
 106958
 107050
 107103
 107148
 107397
 107402
 107458
 107522
 107588
 107814
 107981
 108002
 108061
 108147
 108441
 108444
 108537
 108607
 108695
 108771
 108859
 109016
 109040
 109139
 109150
 109311
 109399
 109790
 109801
 109914
 109961
 110026
 110402
 110531
 110543
 110598
 110731
 110751
 110755
 110781
 110878
 110891
 111459
 111549
 111787
 111834
 111878
 111955
 111964
 112100
 112125
 112183
 112223
 112258
 112478
 112494
 112561
 112651
 112882
 112981
 113053
 113079
 113128
 113207
 113233
 113310
 113479
 113874
 113998
 114188
 114191
 114325
 114333
 114334
 114342
 114525
 114539
 114586
 114597
 114793
 114882
 114897
 115109
 115125
 115226
 115384
 115393
 115468
 115598
 115775
 116000
 116126
 116183
 116239
 116363
 116754
 116764
 116798
 116916
 116921
 117112
 117136
 117155
 117262
 117342
 117505
 117647
 117651
 117683
 117721
 117803
 117824
 117895
 117954
 118181
 118234
 118320
 118330
 118334
 118403
 118479
 118509
 118782
 118932
 119011
 119034
 119178
 119266
 119284
 119331
 119474
 119495
 119616
 119696
 119731
 119747
 120023
 120134
 120286
 120291
 120598
 120681
 120791
 120794
 120822
 120857
 120896
 120945
 121090
 121102
 121212
 121404
 121742
 121827
 121852
 121966
 121972
 122076
 122132
 122137
 122156
 122181
 122336
 122368
 122513
 122621
 122715
 122745
 122753
 122907
 122935
 122984
 122988
 123011
 123230
 123287
 123407
 123640
 123833
 123886
 123966
 124397
 124521
 124640
 124708
 124725
 124726
 125000
 125171
 125197
 125252
 125284
 125329
 125408
 125481
 125599
 125603
 125820
 125871
 125963
 125974
 125975
 125985
 126120
 126195
 126278
 126737
 126778
 126839
 127069
 127334
 127476
 127577
 127627
 127712
 127757
 127800
 127912
 127944
 128034
 128106
 128185
 128307
 128346
 128695
 128747
 128791
 128836
 128947
 129052
 129097
 129286
 129293
 129434
 129641
 129642
 129822
 129851
 129887
 129928
 130098
 130444
 130532
 130554
 130722
 130986
 131130
 131372
 131412
 131538
 131744
 131879
 131976
 132039
 132137
 132251
 132283
 132299
 132348
 132350
 132352
 132432
 132524
 132665
 132707
 132782
 132785
 132853
 133212
 133305
 133362
 133515
 133701
 133747
 133921
 133923
 134159
 134171
 134339
 134350
 134389
 134398
 134505
 134736
 134751
 134777
 134874
 135062
 135169
 135280
 135293
 135471
 135728
 135830
 136371
 136462
 136649
 136829
 136953
 137022
 137226
 137285
 137378
 137546
 137588
 137591
 138041
 138099
 138112
 138150
 138188
 138225
 138236
 138330
 138461
 138664
 138686
 138889
 138950
 138960
 139015
 139124
 139285
 139307
 139352
 139393
 139584
 139860
 139951
 139956
 140042
 140315
 140350
 140372
 140397
 140459
 140583
 140651
 140747
 140926
 141082
 141149
 141200
 141275
 141294
 141587
 141591
 141693
 141743
 141752
 141811
 141988
 142097
 142140
 142284
 142287
 142341
 142720
 143045
 143067
 143076
 143161
 143220
 143222
 143336
 143355
 143433
 143505
 143708
 143725
 143746
 143818
 143885
 144016
 144067
 144144
 144175
 144214
 144344
 144437
 144839
 144984
 145039
 145067
 145074
 145082
 145169
 145299
 145411
 145535
 145785
 145819
 145859
 145981
 146060
 146108
 146206
 146246
 146321
 146350
 146473
 146564
 146609
 146658
 146694
 146788
 146919
 147002
 147213
 147214
 147248
 147297
 147340
 147346
 147431
 147660
 147957
 148260
 148288
 148396
 148439
 148514
 148769
 148856
 148893
 149135
 149144
 149342
 149531
 149533
 149629
 149791
 150048
 150126
 150170
 150179
 150340
 150433
 150531
 150568
 150578
 150621
 150627
 150808
 150996
 151004
 151181
 151587
 151717
 151737
 151738
 151798
 151808
 151848
 151850
 152048
 152217
 152325
 152343
 152412
 152450
 152492
 152580
 152612
 152805
 153062
 153091
 153093
 153288
 153293
 153551
 153561
 153595
 153616
 153758
 153781
 154063
 154173
 154275
 154343
 154411
 154414
 154450
 154460
 154493
 154513
 154570
 154652
 154681
 154742
 154855
 155116
 155153
 155242
 155354
 155538
 155888
 156088
 156095
 156498
 156505
 156514
 156626
 156692
 156698
 156812
 156885
 157057
 157245
 157334
 157372
 157403
 157452
 157491
 157554
 157615
 157666
 157733
 157864
 157948
 157964
 158109
 158303
 158316
 158536
 158560
 158610
 158682
 158800
 158925
 158979
 159136
 159276
 159437
 159629
 159767
 159814
 159955
 160007
 160013
 160021
 160064
 160248
 160317
 160377
 160456
 160552
 160583
 160609
 160767
 160988
 161070
 161202
 161277
 161352
 161613
 161762
 161773
 161780
 161797
 161904
 162065
 162197
 162208
 162339
 162351
 162417
 162435
 162602
 162673
 162706
 162974
 163127
 163141
 163454
 163501
 163607
 163648
 163678
 163796
 163855
 164042
 164056
 164203
 164259
 164290
 164626
 164705
 164779
 165171
 165177
 165348
 165419
 165441
 165442
 165454
 165574
 165577
 165594
 165733
 165815
 165834
 165873
 166036
 166306
 166324
 166335
 166352
 166458
 166589
 166617
 166666
 166768
 166797
 166846
 167071
 167191
 167534
 167580
 167852
 167865
 167866
 167879
 167898
 167982
 168447
 168691
 168730
 169014
 169218
 169331
 169424
 169427
 169594
 169662
 169765
 169868
 170133
 170174
 170340
 170599
 170609
 170710
 170912
 171103
 171120
 171150
 171167
 171178
 171182
 171253
 171395
 171497
 171505
 171753
 171779
 171880
 171895
 172036
 172160
 172203
 172267
 172303
 172349
 172397
 172413
 172561
 172669
 172679
 172726
 172940
 173003
 173148
 173164
 173236
 173244
 173348
 173353
 173488
 173605
 173674
 173823
 173863
 173904
 173971
 174020
 174048
 174460
 174552
 174612
 174629
 174723
 174786
 174931
 174974
 175138
 175310
 175355
 175386
 175451
 175464
 175528
 176135
 176165
 176189
 176234
 176242
 176255
 176270
 176301
 176356
 176438
 176551
 176656
 176808
 176843
 176981
 177115
 177199
 177366
 177544
 177545
 178004
 178331
 178404
 178558
 178570
 178598
 178660
 178878
 178947
 178954
 179124
 179295
 179442
 179487
 179748
 179750
 180019
 180178
 180269
 180534
 180567
 180574
 180613
 180638
 180761
 180992
 181028
 181044
 181269
 181599
 181711
 181712
 181749
 181948
 182077
 182367
 182378
 182622
 182652
 182653
 182687
 182765
 183034
 183106
 183602
 183607
 183844
 183883
 183894
 183990
 184009
 184113
 184230
 184278
 184397
 184682
 184805
 184834
 184925
 185032
 185038
 185064
 185142
 185317
 185476
 185618
 185818
 185863
 186042
 186131
 186343
 186596
 186669
 186831
 186832
 187027
 187117
 187132
 187137
 187307
 187552
 187565
 187629
 187736
 187760
 187985
 188021
 188358
 188379
 188405
 188468
 188546
 188570
 188750
 188821
 188868
 188887
 188910
 189006
 189078
 189189
 189207
 189284
 189356
 189379
 189388
 189442
 189461
 189573
 189581
 189609
 189652
 189696
 189783
 189840
 189873
 189923
 190035
 190047
 190075
 190196
 190442
 190473
 190506
 190509
 190536
 190683
 190733
 190754
 190774
 191140
 191213
 191388
 191485
 191615
 191718
 191752
 191813
 191823
 191825
 191923
 192011
 192152
 192185
 192255
 192393
 192424
 192451
 192569
 192723
 192771
 192809
 193260
 193266
 193315
 193544
 193687
 193699
 194033
 194036
 194075
 194349
 194363
 194407
 194662
 194782
 194957
 195097
 195219
 195344
 195652
 195681
 195905
 195964
 196048
 196096
 196160
 196169
 196293
 196303
 196370
 196396
 196470
 196490
 196691
 196709
 196714
 196907
 196935
 196969
 196977
 197106
 197398
 197854
 197942
 198017
 198223
 198290
 198359
 198384
 198403
 198448
 198552
 199169
 199366
 199784
 199857
 200034
 200246
 200547
 200597
 200627
 200664
 200671
 200726
 200808
 200849
 201064
 201099
 201148
 201338
 201400
 201612
 201673
 201853
 201931
 201970
 202089
 202364
 202416
 202708
 202797
 202817
 203550
 203636
 203893
 203903
 203931
 203971
 203981
 204291
 204347
 204442
 204462
 204545
 204695
 204784
 204847
 204883
 204903
 205169
 205531
 205561
 205666
 205682
 205994
 206115
 206240
 206306
 206309
 206434
 206513
 206657
 206875
 206919
 206963
 207207
 207235
 207306
 207344
 207350
 207387
 207468
 207539
 207915
 208017
 208080
 208136
 208149
 208175
 208243
 208357
 208468
 208499
 208604
 208929
 209057
 209528
 209531
 209606
 209676
 209733
 210163
 210187
 210331
 210342
 210435
 210601
 210748
 210811
 210873
 210876
 211153
 211340
 211409
 211448
 211625
 211639
 211711
 211934
 211937
 212076
 212093
 212097
 212121
 212276
 212280
 212358
 212453
 212661
 212775
 213106
 213416
 213436
 213477
 213511
 213526
 213738
 213755
 213872
 213893
 213896
 213924
 213967
 214049
 214157
 214516
 214625
 214679
 214703
 214769
 214892
 215703
 215809
 215971
 215991
 216000
 216080
 216147
 216328
 216429
 216447
 216579
 216639
 216642
 216666
 216919
 217046
 217056
 217130
 217137
 217213
 217252
 217306
 217334
 217551
 217564
 217586
 217698
 217703
 217734
 217779
 217804
 217842
 217948
 218082
 218182
 218235
 218296
 218465
 218716
 218717
 218720
 218778
 219001
 219031
 219076
 219253
 219276
 219312
 219457
 219721
 220007
 220014
 220090
 220404
 220432
 220457
 220476
 220692
 220761
 220779
 220804
 220830
 221000
 221158
 221194
 221240
 221416
 221611
 221621
 221650
 221750
 221833
 221992
 222132
 222362
 222664
 222778
 222908
 222985
 223076
 223125
 223236
 223393
 223441
 223649
 223670
 223844
 223882
 224030
 224058
 224091
 224266
 224641
 224697
 224738
 224772
 224832
 224924
 225013
 225060
 225150
 225231
 225275
 225543
 225555
 225700
 225788
 225827
 225905
 226022
 226200
 226415
 226423
 226429
 226446
 226486
 226527
 226662
 226748
 226868
 226888
 227023
 227118
 227136
 227146
 227482
 227504
 227636
 227773
 227836
 227923
 228138
 228145
 228153
 228201
 228292
 228389
 228423
 228485
 228487
 228736
 228981
 229102
 229128
 229354
 229535
 229630
 229772
 229824
 229919
 229964
 230187
 230208
 230216
 230240
 230243
 230384
 230600
 230605
 230617
 230662
 230676
 230795
 230811
 230813
 230832
 230987
 231100
 231150
 231198
 231395
 231422
 231441
 231487
 231698
 231825
 231954
 232108
 232167
 232328
 232388
 232519
 232663
 232857
 232899
 233044
 233095
 233118
 233216
 233305
 233580
 233628
 233771
 233992
 234204
 234301
 234318
 234492
 234693
 234811
 234894
 234954
 235037
 235077
 235105
 235142
 235199
 235265
 235429
 235545
 235573
 235588
 235672
 235714
 235747
 235773
 235911
 235940
 235967
 235987
 236053
 236079
 236167
 236492
 236521
 236717
 236819
 236842
 236953
 236969
 236996
 237003
 237012
 237132
 237242
 237328
 237497
 237568
 237642
 237886
 237956
 238002
 238027
 238048
 238161
 238291
 238320
 238349
 238467
 238486
 238625
 238645
 238672
 238683
 238688
 238727
 238842
 239061
 239282
 239477
 239490
 239528
 239530
 239534
 239615
 239659
 239734
 239873
 239886
 239998
 240008
 240091
 240170
 240265
 240394
 240410
 240480
 240571
 240627
 240761
 240858
 241006
 241209
 241411
 241634
 241650
 241692
 241723
 241767
 241976
 242045
 242124
 242211
 242335
 242354
 242366
 242571
 242990
 243144
 243205
 243277
 243382
 243424
 243462
 243552
 243589
 243622
 243656
 243929
 244115
 244208
 244432
 244516
 244645
 244655
 244813
 244863
 244889
 244934
 244958
 245010
 245046
 245109
 245136
 245156
 245177
 245441
 245495
 245962
 246025
 246067
 246165
 246243
 246287
 246314
 246376
 246378
 246381
 246426
 246469
 246533
 246944
 247095
 247161
 247252
 247334
 247368
 247413
 247584
 247586
 247599
 247725
 247739
 247800
 247836
 248019
 248020
 248023
 248071
 248452
 248478
 248498
 248540
 248595
 248610
 248723
 248983
 249052
 249075
 249443
 249452
 249468
 249484
 249726
 249762
 249931
 250386
 250533
 250613
 250637
 250655
 250996
 251228
 251259
 251303
 251378
 251429
 251516
 251702
 251829
 251892
 252032
 252053
 252163
 252269
 252302
 252334
 252424
 252766
 252818
 252936
 252983
 253112
 253295
 253355
 253572
 254162
 254182
 254300
 254687
 254688
 254710
 254745
 254748
 254985
 254989
 255045
 255147
 255170
 255206
 255302
 255328
 255513
 255602
 255769
 255852
 256112
 256218
 256327
 256396
 256549
 257060
 257169
 257180
 257320
 257412
 257423
 257430
 257453
 257456
 257620
 257890
 258094
 258418
 258501
 258571
 258673
 258698
 258784
 258806
 258810
 258849
 259051
 259104
 259136
 259173
 259318
 259485
 259609
 259629
 259687
 259951
 260034
 260073
 260120
 260238
 260311
 260319
 260368
 260459
 260542
 260629
 260719
 260807
 260857
 260908
 261094
 261102
 261207
 261222
 261339
 261472
 261629
 261758
 261996
 262231
 262265
 262267
 262333
 262551
 262681
 262980
 263008
 263191
 263263
 263275
 263361
 263366
 263421
 263515
 263807
 263819
 264033
 264150
 264207
 264499
 264665
 264683
 264721
 264737
 264769
 264988
 265196
 265202
 265223
 265229
 265432
 265479
 265717
 265783
 265957
 266090
 266184
 266352
 266365
 266378
 266532
 266852
 266910
 266949
 266968
 267043
 267047
 267088
 267175
 267201
 267253
 267634
 267676
 267732
 267764
 267956
 268222
 268227
 268228
 268260
 268294
 268466
 268556
 268575
 268576
 268580
 268594
 268633
 268653
 268798
 268800
 268839
 268923
 268951
 269052
 269102
 269473
 269525
 269573
 269667
 269720
 269772
 269843
 270019
 270059
 270106
 270366
 270381
 270518
 270650
 270813
 271005
 271044
 271116
 271188
 271250
 271377
 271410
 271600
 271635
 271896
 271978
 272053
 272184
 272270
 272352
 272811
 272845
 272917
 272922
 272941
 273121
 273131
 273163
 273275
 273416
 273457
 273504
 273556
 273609
 273629
 273722
 273726
 273750
 273797
 273835
 274059
 274066
 274169
 274186
 274494
 274642
 274888
 274999
 275263
 275332
 275345
 275522
 275593
 275701
 275733
 275795
 275862
 275904
 275974
 276004
 276073
 276087
 276126
 276134
 276137
 276159
 276353
 276389
 276414
 276536
 276641
 276769
 276928
 276973
 277037
 277106
 277215
 277293
 277344
 277414
 277503
 277504
 277563
 277628
 277712
 277732
 277733
 277777
 277797
 277929
 277938
 277969
 278151
 278570
 278635
 278716
 278737
 278904
 279002
 279099
 279149
 279220
 279312
 279726
 279753
 279792
 280055
 280077
 280168
 280214
 280310
 280329
 280429
 280544
 280579
 280741
 280770
 280776
 280780
 280817
 281250
 281267
 281591
 281759
 281772
 281874
 282078
 282150
 282338
 282401
 282564
 282567
 282583
 282738
 282758
 282833
 282861
 282882
 283068
 283113
 283157
 283164
 283419
 283422
 283424
 283520
 283577
 284009
 284060
 284149
 284230
 284250
 284264
 284401
 284475
 284497
 284501
 284662
 284809
 284815
 284868
 285007
 285174
 285223
 285541
 285746
 285825
 285894
 285942
 286022
 286189
 286256
 286446
 286543
 286783
 286909
 286939
 287166
 287340
 287371
 287874
 287901
 287977
 288183
 288199
 288261
 288411
 288558
 288644
 288666
 288729
 288854
 288868
 288907
 288974
 289159
 289231
 289247
 289315
 289489
 289505
 289506
 289602
 289635
 289672
 289848
 289927
 290487
 290619
 290644
 290646
 290653
 290798
 290827
 290981
 291262
 291410
 291586
 291705
 291889
 292282
 292302
 292469
 292682
 293088
 293301
 293390
 293461
 293696
 293705
 293728
 293821
 293861
 293916
 293965
 294016
 294035
 294117
 294332
 294400
 294409
 294532
 294549
 294561
 294653
 294809
 294867
 294916
 295254
 295294
 295361
 295544
 295746
 295758
 295775
 295804
 295949
 296031
 296223
 296386
 296458
 296491
 296629
 296727
 296803
 296845
 296863
 297180
 297201
 297310
 297379
 297455
 297463
 297475
 297525
 297569
 297716
 297796
 298101
 298158
 298422
 298503
 298599
 298689
 298734
 298740
 298874
 298993
 299089
 299124
 299157
 299426
 299441
 299475
 299622
 299646
 299791
 299794
 299877
 300059
 300157
 300161
 300219
 300289
 300306
 300411
 300458
 300514
 300588
 300759
 300884
 300953
 301199
 301219
 301235
 301245
 301342
 301625
 301627
 301774
 301854
 301861
 301971
 302020
 302143
 302252
 302310
 302458
 302603
 302730
 302759
 302863
 302919
 302989
 303112
 303222
 303264
 303352
 303374
 303377
 303428
 303437
 303451
 303494
 303576
 303615
 303868
 303945
 304135
 304231
 304268
 304398
 304476
 304511
 304751
 304763
 304822
 304881
 305029
 305031
 305304
 305423
 305462
 305527
 305702
 305755
 305858
 306062
 306182
 306234
 306338
 306470
 306696
 306705
 306737
 306933
 307066
 307098
 307107
 307214
 307264
 307308
 307626
 307627
 307694
 307874
 307962
 307969
 308016
 308038
 308118
 308191
 308223
 308360
 308363
 308406
 308554
 308560
 308830
 308927
 308995
 309120
 309205
 309270
 309429
 309517
 309659
 309682
 309799
 309867
 310712
 310842
 311040
 311083
 311085
 311157
 311163
 311179
 311286
 311581
 311594
 311666
 311713
 311793
 312054
 312231
 312348
 312443
 312506
 312727
 312744
 312760
 312820
 312821
 312904
 312920
 313265
 313428
 313646
 313662
 313774
 313788
 313815
 313836
 313919
 313946
 314159
 314285
 314327
 314535
 314536
 314595
 314814
 314960
 315018
 315121
 315145
 315151
 315196
 315230
 315254
 315343
 315619
 315753
 315758
 315821
 315845
 315877
 315964
 315984
 316067
 316215
 316326
 316362
 316642
 316797
 316851
 316891
 316968
 317116
 317356
 317539
 317547
 317597
 317683
 317810
 317827
 317907
 317921
 317922
 317953
 318167
 318385
 318772
 318845
 318856
 318983
 319066
 319192
 319236
 319347
 319450
 319469
 319569
 319989
 320238
 320377
 320445
 320560
 320634
 320731
 321003
 321082
 321232
 321335
 321475
 321757
 321859
 321982
 321997
 322004
 322083
 322265
 322564
 322593
 322784
 322835
 322844
 322970
 323001
 323209
 323275
 323281
 323511
 323529
 323756
 323851
 323906
 323936
 323954
 323979
 324001
 324040
 324051
 324053
 324104
 324177
 324260
 324349
 324365
 324385
 324516
 324616
 324626
 324631
 324675
 324790
 324978
 325067
 325092
 325234
 325274
 325275
 325454
 325457
 325482
 325493
 325687
 325807
 325970
 325994
 326188
 326365
 326374
 326417
 326476
 326518
 326686
 326714
 326923
 326984
 327018
 327022
 327065
 327166
 327403
 327440
 327586
 327637
 327689
 327713
 327806
 327868
 327947
 328022
 328081
 328227
 328312
 328341
 328519
 328571
 328767
 329034
 329111
 329294
 329411
 329452
 329581
 329843
 329873
 330007
 330083
 330215
 330218
 330238
 330293
 330471
 330655
 330657
 330786
 330939
 330979
 331010
 331160
 331224
 331326
 331327
 331364
 331432
 331695
 331879
 331961
 331963
 331999
 332211
 332256
 332258
 332320
 332378
 332383
 332400
 332437
 332488
 332500
 332512
 332589
 332777
 332804
 332904
 333029
 333075
 333186
 333222
 333272
 333636
 333807
 333813
 333878
 334025
 334058
 334193
 334493
 334497
 334536
 334584
 334594
 334898
 335097
 335200
 335496
 335658
 335677
 335728
 336036
 336295
 336382
 336565
 336576
 336612
 336717
 336721
 336746
 336879
 336887
 337078
 337103
 337107
 337147
 337216
 337244
 337275
 337349
 337367
 337508
 337662
 337803
 337961
 337980
 338006
 338308
 338427
 338651
 338669
 338797
 338881
 339056
 339117
 339144
 339231
 339371
 339543
 339712
 339739
 340091
 340253
 340303
 340416
 340487
 340500
 340590
 340842
 341040
 341156
 341217
 341245
 341312
 341353
 341467
 341560
 341615
 341729
 341959
 341973
 342027
 342048
 342172
 342364
 342496
 342578
 342615
 342645
 342746
 342823
 343096
 343140
 343144
 343182
 343323
 343335
 343642
 343652
 343667
 343727
 343809
 344001
 344049
 344083
 344160
 344226
 344236
 344461
 344621
 344670
 345013
 345120
 345374
 345452
 345463
 345489
 345540
 345688
 345820
 345917
 345990
 346153
 346251
 346289
 346459
 346514
 346550
 346568
 346608
 346960
 346966
 347064
 347083
 347143
 347214
 347226
 347243
 347308
 347340
 347752
 347956
 347967
 348010
 348030
 348194
 348266
 348269
 348291
 348314
 348428
 348502
 348634
 348701
 348771
 348791
 348912
 349016
 349078
 349304
 349320
 349433
 349572
 349689
 349704
 349720
 349732
 349910
 350000
 350020
 350138
 350195
 350255
 350288
 350337
 350438
 350485
 350534
 350606
 350708
 350767
 350844
 350862
 351106
 351297
 351334
 351376
 351439
 351553
 351590
 351606
 351615
 352107
 352111
 352241
 352414
 352426
 352526
 352566
 352941
 352974
 353000
 353166
 353513
 353622
 353683
 353743
 353996
 354073
 354139
 354545
 354835
 354962
 355092
 355138
 355182
 355253
 355263
 355324
 355365
 355476
 355555
 355563
 355579
 355963
 356048
 356284
 356390
 356557
 356603
 357085
 357139
 357179
 357239
 357320
 357664
 357726
 357753
 357988
 358453
 358554
 358611
 358626
 358662
 358678
 358892
 358916
 358950
 359143
 359349
 359370
 359506
 359655
 359658
 359757
 359821
 359950
 359974
 360034
 360191
 360404
 360427
 360522
 360557
 360568
 360628
 360869
 360911
 360990
 361003
 361020
 361061
 361106
 361194
 361272
 361322
 361468
 361470
 361472
 361562
 361825
 362036
 362068
 362127
 362203
 362226
 362231
 362307
 362355
 362360
 362378
 362487
 362772
 362884
 362911
 362915
 363142
 363268
 363311
 363354
 363388
 363401
 363513
 363589
 363937
 364164
 364238
 364248
 364256
 364271
 364297
 364454
 364492
 364497
 364585
 364919
 364989
 364995
 364997
 365048
 365066
 365172
 365223
 365378
 365460
 365470
 365547
 365787
 365906
 365966
 366016
 366161
 366168
 366252
 366310
 366349
 366533
 366628
 366652
 366666
 366671
 366911
 367065
 367206
 367308
 367446
 367469
 367512
 367537
 367627
 367651
 367714
 367779
 368049
 368209
 368295
 368421
 368460
 368548
 368774
 368817
 368911
 369220
 369315
 369364
 369418
 369512
 370068
 370083
 370110
 370277
 370384
 370395
 370427
 370449
 370716
 370793
 371000
 371052
 371056
 371088
 371165
 371361
 371584
 371606
 371969
 372141
 372184
 372355
 372365
 372558
 372746
 372753
 372791
 372863
 373217
 373249
 373260
 373315
 373331
 373502
 373546
 374071
 374175
 374244
 374255
 374259
 374488
 374580
 375065
 375090
 375161
 375205
 375258
 375407
 375485
 375533
 375579
 375598
 375712
 375867
 375896
 375989
 376064
 376079
 376269
 376294
 376469
 376496
 376525
 376549
 376716
 376789
 377319
 377403
 377924
 377926
 377976
 377995
 378000
 378032
 378116
 378314
 378480
 378494
 378597
 378640
 379152
 379177
 379205
 379239
 379264
 379356
 379370
 379475
 379553
 379602
 379608
 379712
 379734
 379763
 379802
 379887
 379896
 379944
 379959
 380128
 380260
 380326
 380332
 380444
 380487
 380533
 380540
 380631
 380681
 381074
 381190
 381272
 381437
 381736
 381778
 382379
 382581
 382612
 382698
 382706
 382876
 382947
 383121
 383176
 383316
 383355
 383517
 383575
 383617
 383813
 383817
 383951
 384125
 384240
 384369
 384487
 384525
 384562
 384662
 384831
 384937
 385159
 385172
 385275
 385663
 385667
 385688
 385716
 385756
 385908
 385956
 386058
 386131
 386141
 386185
 386209
 386405
 386571
 386815
 386965
 386972
 387161
 387207
 387247
 387267
 387272
 387331
 387490
 387717
 387755
 387793
 387817
 387819
 387961
 388061
 388437
 388582
 388725
 388777
 388790
 388912
 388914
 389102
 389108
 389243
 389329
 389380
 389391
 389507
 389555
 389564
 389957
 389987
 390036
 390102
 390156
 390222
 390260
 390653
 390656
 390715
 390793
 390811
 391023
 391089
 391265
 391279
 391351
 391634
 391692
 391891
 392025
 392196
 392298
 392315
 392370
 392441
 392482
 392605
 392623
 392632
 392783
 393005
 393078
 393171
 393197
 393213
 393459
 393493
 393535
 393605
 393891
 393898
 394261
 394285
 394308
 394379
 394505
 394538
 394652
 394663
 394999
 395000
 395040
 395134
 395285
 395488
 395683
 395696
 395743
 395830
 395968
 396118
 396166
 396192
 396197
 396268
 396412
 396414
 396430
 396470
 396586
 396858
 396951
 397032
 397459
 397482
 397854
 398023
 398043
 398058
 398067
 398106
 398215
 398230
 398634
 398718
 398823
 398825
 399023
 399070
 399130
 399243
 399543
 399550
 399588
 399837
 399849
 399914
 399935
 399980
 399999
 400051
 400063
 400321
 400327
 400353
 400469
 400676
 400818
 400866
 400870
 400876
 400900
 401196
 401308
 401319
 401418
 401457
 401733
 401960
 402108
 402191
 402258
 402266
 402376
 402379
 402422
 402499
 402550
 402591
 402618
 402797
 402974
 403064
 403183
 403200
 403208
 403268
 403504
 403624
 403756
 403814
 403866
 404003
 404199
 404300
 404362
 404723
 404862
 404976
 405140
 405144
 405210
 405248
 405346
 405535
 405573
 405845
 405867
 405927
 405953
 405988
 406261
 406426
 406520
 406698
 406853
 406878
 406927
 407188
 407422
 407560
 407724
 407746
 407983
 408069
 408323
 408399
 408402
 408450
 408501
 408588
 408626
 408796
 408852
 409090
 409218
 409395
 409456
 409478
 409534
 409639
 409691
 409826
 409841
 410256
 410666
 410743
 410902
 410993
 411038
 411558
 411592
 411660
 411876
 412071
 412085
 412139
 412163
 412213
 412280
 412765
 412843
 412861
 412888
 412965
 412982
 412983
 413048
 413135
 413139
 413310
 413522
 413569
 413645
 413664
 413740
 413818
 413890
 413909
 414052
 414174
 414184
 414268
 414528
 414536
 414571
 414704
 414738
 414817
 414941
 415184
 415286
 415354
 415407
 415539
 415558
 415722
 415743
 415945
 415973
 416210
 416225
 416319
 416357
 416447
 416549
 416604
 416745
 416774
 417054
 417149
 417251
 417315
 417364
 417393
 417438
 417611
 417615
 417684
 417865
 418304
 418367
 418509
 418571
 418595
 418805
 418864
 418875
 418877
 418997
 419078
 419165
 419496
 419681
 419735
 419888
 420113
 420337
 420613
 420653
 420874
 421052
 421089
 421093
 421220
 421229
 421467
 421468
 421561
 421608
 421630
 421685
 421709
 422064
 422142
 422295
 422297
 422333
 422473
 422481
 422584
 422787
 423150
 423367
 423391
 423447
 423589
 423603
 423607
 423664
 423712
 423723
 423771
 423835
 423849
 424004
 424034
 424088
 424098
 424158
 424268
 424281
 424456
 424952
 425009
 425045
 425237
 425349
 425527
 425528
 425685
 425710
 425731
 425925
 425938
 426109
 426130
 426138
 426177
 426366
 426524
 426653
 426680
 426760
 426801
 426877
 427155
 427265
 427406
 427536
 428027
 428112
 428191
 428244
 428253
 428486
 428941
 429120
 429404
 429577
 429639
 429686
 429724
 429855
 430179
 430232
 430387
 430437
 430451
 430458
 430554
 430628
 430730
 430775
 430785
 430824
 430843
 431137
 431410
 431522
 431581
 431626
 431730
 431884
 431964
 432058
 432091
 432095
 432194
 432242
 432256
 432614
 432644
 432773
 433065
 433073
 433092
 433179
 433203
 433234
 433269
 433274
 433311
 433366
 433422
 433427
 433466
 433621
 433665
 433730
 433735
 433741
 433866
 433867
 434023
 434106
 434214
 434237
 434265
 434312
 434510
 434599
 434710
 434718
 434780
 434948
 434958
 435030
 435202
 435287
 435414
 435444
 435487
 435536
 435689
 435754
 435779
 435905
 436069
 436297
 436356
 436363
 436421
 436563
 436610
 436646
 436714
 437236
 437294
 437299
 437348
 437351
 437352
 437367
 437716
 437729
 437769
 437873
 437882
 438045
 438125
 438169
 438195
 438249
 438681
 438712
 438778
 438797
 438799
 438909
 438927
 438976
 439057
 439274
 439505
 439608
 439612
 439624
 439692
 439718
 440122
 440326
 440517
 440758
 440860
 441125
 441261
 441369
 441371
 441434
 441529
 441573
 441690
 441720
 441752
 441809
 441869
 441871
 441903
 442086
 442097
 442395
 442535
 442626
 442819
 443084
 443179
 443295
 443298
 443366
 443445
 443470
 443641
 443647
 443934
 444083
 444268
 444346
 444562
 444659
 444812
 444815
 444894
 444950
 444960
 445164
 445165
 445238
 445379
 445415
 445615
 445700
 445922
 445930
 445985
 446099
 446129
 446192
 446233
 446234
 446394
 446408
 446466
 446562
 446684
 446862
 447219
 447245
 447399
 447418
 447438
 447473
 447876
 447941
 448008
 448097
 448237
 448257
 448338
 448392
 448445
 448669
 448742
 448767
 448950
 449115
 449215
 449376
 449466
 449616
 449777
 449801
 449845
 449937
 450006
 450013
 450048
 450226
 450458
 450768
 450909
 451010
 451069
 451096
 451111
 451126
 451514
 451565
 451612
 451778
 451936
 452022
 452090
 452177
 452388
 452402
 452404
 452437
 452444
 452513
 452622
 452707
 452867
 453208
 453312
 453321
 453331
 453420
 453477
 453504
 453697
 453797
 454027
 454042
 454108
 454643
 454655
 454708
 454875
 454930
 454960
 455014
 455163
 455302
 455341
 455359
 455386
 455729
 455756
 455760
 455765
 455822
 455895
 455982
 456013
 456069
 456129
 456260
 456382
 456428
 456492
 456609
 456666
 456688
 456884
 457101
 457459
 457477
 457606
 457807
 457831
 457942
 458236
 458786
 459212
 459334
 459373
 459383
 459571
 459624
 459643
 459687
 459689
 459735
 459809
 459936
 460048
 460151
 460205
 460225
 460277
 460280
 460299
 460336
 460446
 460526
 460689
 460818
 460838
 460908
 461005
 461092
 461181
 461201
 461315
 461481
 461538
 461550
 461614
 461674
 461675
 461789
 461832
 461871
 461919
 461995
 462053
 462223
 462298
 462311
 462383
 462392
 462470
 462522
 462670
 462689
 462887
 462997
 463071
 463165
 463221
 463275
 463288
 463328
 463676
 463824
 464096
 464159
 464289
 464351
 464421
 464426
 464429
 464485
 464494
 464528
 464574
 464662
 464816
 464944
 465256
 465433
 465478
 465559
 465753
 465822
 465834
 466098
 466099
 466259
 466468
 466556
 466691
 466709
 467046
 467102
 467213
 467268
 467340
 467495
 467497
 467554
 467614
 467684
 467914
 468024
 468124
 468197
 468659
 468685
 468740
 468769
 468874
 469083
 469343
 469418
 469501
 469575
 469692
 469814
 469825
 470062
 470152
 470218
 470293
 470407
 470447
 470512
 470568
 470717
 470996
 471014
 471089
 471125
 471331
 471383
 471428
 471504
 471515
 471660
 471727
 471737
 471774
 472109
 472383
 472434
 472438
 472568
 472666
 472732
 472907
 472930
 472941
 473222
 473354
 473373
 473602
 473613
 473684
 473703
 473718
 473833
 474044
 474114
 474174
 474358
 474429
 474599
 474683
 474798
 474828
 474877
 475118
 475185
 475227
 475247
 475306
 475355
 475360
 475543
 475573
 475661
 475979
 476119
 476131
 476138
 476194
 476278
 476347
 476350
 476515
 476557
 476607
 476841
 476886
 476970
 477238
 477584
 477588
 477591
 477678
 477748
 477802
 477928
 478010
 478018
 478073
 478087
 478312
 478496
 479113
 479327
 479621
 479686
 479807
 479950
 479999
 480073
 480086
 480207
 480432
 480597
 480643
 480792
 480794
 480937
 481012
 481068
 481203
 481250
 481426
 481504
 481542
 481569
 481672
 481836
 481971
 482069
 482252
 482258
 482294
 482297
 482389
 482403
 482442
 482619
 482847
 482857
 482935
 483138
 483266
 483364
 483605
 483856
 484060
 484109
 484199
 484277
 484375
 484454
 484571
 484689
 484720
 484916
 484982
 485287
 485307
 485422
 485546
 485782
 485880
 486144
 486232
 486258
 486262
 486272
 486336
 486365
 486425
 486553
 486625
 486663
 486687
 486705
 486725
 486775
 486987
 487012
 487301
 487497
 487555
 487745
 487766
 487784
 487934
 488318
 488456
 488471
 488676
 488688
 488721
 488762
 488888
 488914
 489224
 489247
 489490
 489510
 489665
 489687
 489813
 489833
 490012
 490015
 490017
 490069
 490137
 490173
 490289
 490354
 490442
 490513
 490566
 490738
 490752
 490788
 490797
 490823
 490868
 491012
 491139
 491151
 491172
 491212
 491233
 491283
 491348
 491624
 491882
 491982
 492024
 492096
 492104
 492235
 492307
 492321
 492360
 492365
 492451
 492463
 492713
 492920
 492964
 493056
 493223
 493233
 493333
 493429
 493627
 493759
 493844
 494043
 494529
 494601
 494793
 494808
 494921
 495121
 495356
 495437
 495468
 495471
 495525
 495750
 495783
 495986
 496049
 496143
 496243
 496263
 496285
 496315
 496420
 496547
 496818
 496991
 497010
 497115
 497194
 497421
 497477
 497601
 497722
 497898
 498212
 498313
 498655
 498707
 498739
 498879
 498993
 499006
 499152
 499242
 499260
 499365
 499506
 499507
 499627
 499638
 499786
 499807
 499838
 499848
 499883
 499915
 