49917
 49716
 49715
 49713
 49636
 49441
 49059
 48928
 48702
 48314
 48285
 48227
 48114
 48111
 47979
 47918
 47813
 47649
 47575
 47410
 47359
 47355
 47146
 47141
 46955
 46937
 46807
 46801
 46680
 46661
 46551
 46490
 46475
 46325
 46252
 46243
 46215
 46104
 46052
 45934
 45914
 45881
 45775
 45767
 45625
 45621
 45482
 45431
 45299
 45279
 45193
 45166
 45159
 45096
 44799
 44706
 44579
 44576
 44574
 44410
 44397
 44358
 44320
 43999
 43939
 43714
 43673
 43593
 43558
 43370
 43265
 43189
 43081
 42852
 42722
 42456
 42440
 42323
 42290
 42211
 42190
 42101
 41969
 41794
 41774
 41685
 41475
 41377
 41291
 41258
 41033
 40895
 40752
 40704
 40448
 40419
 40412
 40337
 40327
 40221
 40216
 40174
 39945
 39748
 39705
 39602
 39541
 39502
 39473
 39461
 39446
 39220
 39054
 38958
 38853
 38725
 38540
 38374
 38319
 38070
 38041
 37838
 37757
 37419
 37345
 37300
 37250
 37184
 37050
 36537
 36516
 36482
 36463
 36460
 36449
 36395
 36343
 36276
 36160
 36004
 35985
 35964
 35939
 35639
 35624
 35575
 35421
 35127
 35050
 35016
 34993
 34967
 34949
 34880
 34867
 34812
 34691
 34404
 34398
 34392
 33985
 33948
 33941
 33851
 33846
 33788
 33654
 33586
 33493
 33363
 33306
 33215
 33151
 32938
 32906
 32905
 32785
 32686
 32657
 32653
 32577
 32524
 32455
 32404
 32274
 31960
 31865
 31458
 31392
 30946
 30925
 30866
 30677
 30574
 30412
 30335
 30272
 30182
 29952
 29862
 29806
 29729
 29718
 29315
 29313
 29209
 29137
 29040
 29037
 28959
 28922
 28789
 28770
 28762
 28710
 28600
 28408
 28376
 28367
 28302
 28227
 28179
 28155
 28125
 28108
 27971
 27799
 27764
 27756
 27618
 27561
 27457
 27409
 27335
 27315
 27269
 27173
 27126
 26980
 26937
 26774
 26651
 26549
 26399
 26010
 25979
 25893
 25818
 25798
 25771
 25555
 25509
 25496
 25485
 25395
 25355
 25344
 25297
 25181
 25042
 25036
 24862
 24667
 24475
 24423
 24406
 24291
 24243
 24078
 24057
 23950
 23882
 23720
 23660
 23604
 23550
 23491
 23476
 23465
 23399
 23283
 23142
 23029
 23024
 22962
 22775
 22757
 22649
 22623
 22607
 22605
 22555
 22425
 22206
 22128
 22110
 21922
 21844
 21592
 21321
 21147
 20850
 20768
 20636
 20616
 20399
 20399
 20271
 20270
 20155
 19899
 19870
 19686
 19680
 19620
 19505
 19454
 19246
 19226
 19152
 18593
 18503
 18414
 18386
 18367
 18348
 18286
 18219
 18124
 18080
 18067
 18041
 17929
 17876
 17645
 17625
 17609
 17496
 17493
 17416
 17402
 17383
 17227
 16717
 16688
 16588
 16369
 16261
 16229
 16048
 16029
 15993
 15950
 15866
 15826
 15590
 15585
 15078
 15004
 14982
 14783
 14440
 14351
 14330
 14101
 13984
 13933
 13729
 13550
 13412
 13407
 13333
 13009
 12899
 12790
 12735
 12636
 12566
 12385
 12263
 12249
 12187
 12128
 12001
 11999
 11972
 11783
 11739
 11678
 11664
 11618
 11455
 10936
 10879
 10788
 10782
 10745
 10734
 10730
 10728
 10650
 10278
 10026
 9895
 9705
 9665
 9632
 9561
 9411
 9405
 9288
 9116
 8788
 8752
 8509
 8507
 8323
 8186
 8063
 8013
 8000
 7998
 7977
 7741
 7642
 7615
 7600
 7592
 7569
 7567
 7527
 7526
 7515
 7483
 7269
 6971
 6860
 6813
 6784
 6744
 6714
 6704
 6418
 6396
 6276
 6275
 6262
 6250
 6031
 5935
 5899
 5757
 5686
 5524
 5516
 5390
 5331
 5297
 5113
 4969
 4814
 4740
 4525
 4230
 4188
 4103
 4024
 3984
 3980
 3925
 3776
 3655
 3613
 3280
 3142
 3128
 3010
 2981
 2838
 2392
 2303
 2172
 2151
 2100
 2096
 1887
 1882
 1716
 1651
 1179
 940
 766
 709
 701
 634
 478
 356
 261
 107
 41
 