49953
 49898
 49714
 49694
 49395
 49325
 49289
 49243
 49143
 49135
 49129
 48939
 48671
 48648
 48571
 48116
 47991
 47925
 47799
 47736
 47702
 47470
 47339
 47325
 47223
 47077
 47043
 46986
 46909
 46849
 46776
 46545
 46527
 46500
 46391
 46291
 46281
 46066
 46063
 45931
 45865
 45815
 45519
 45486
 45324
 45192
 45114
 45098
 45042
 44934
 44917
 44863
 44843
 44739
 44635
 44419
 44346
 44285
 44274
 44167
 44111
 43889
 43562
 43555
 43519
 43478
 43233
 43228
 43213
 43212
 43167
 43046
 42949
 42844
 42570
 42524
 42468
 42173
 42163
 42013
 41774
 41758
 41639
 41639
 41637
 41607
 41379
 41274
 41251
 41007
 40985
 40846
 40825
 40434
 40419
 40389
 40158
 39955
 39711
 39537
 39510
 39497
 39380
 39087
 39075
 38851
 38846
 38797
 38701
 38609
 38561
 38540
 38484
 38448
 38223
 38102
 37994
 37976
 37961
 37829
 37786
 37764
 37737
 37525
 37515
 37389
 37354
 37340
 37189
 37176
 37107
 37099
 36624
 36603
 36585
 36550
 36507
 36422
 36349
 36309
 36304
 36301
 36290
 36247
 36229
 36175
 36093
 36034
 35734
 35714
 35705
 35601
 35594
 35516
 35483
 35435
 35340
 35206
 35014
 34884
 34873
 34732
 34727
 34725
 34546
 34509
 34440
 34430
 34377
 34329
 34200
 34015
 34003
 33930
 33751
 33559
 33504
 33496
 33468
 33414
 33238
 33206
 33188
 33036
 33003
 32834
 32587
 32582
 32520
 32125
 32058
 31999
 31912
 31857
 31826
 31737
 31708
 31680
 31463
 31452
 31224
 31100
 31033
 30977
 30862
 30795
 30735
 30700
 30448
 30409
 30334
 30196
 30149
 30109
 30045
 29679
 29653
 29617
 29481
 29408
 29382
 29247
 29236
 29203
 29120
 29103
 28943
 28818
 28812
 28786
 28732
 28675
 28662
 28568
 28547
 28486
 28283
 28031
 27724
 27480
 27442
 27409
 27252
 27027
 26926
 26153
 26149
 26139
 26122
 25975
 25968
 25951
 25697
 25681
 25139
 25120
 25047
 25000
 24911
 24891
 24879
 24784
 24769
 24446
 24333
 24291
 24262
 24202
 24154
 24052
 24025
 23928
 23801
 23599
 23571
 23308
 23273
 23263
 23214
 22954
 22805
 22769
 22639
 22620
 22504
 22170
 22119
 22075
 22005
 21907
 21855
 21743
 21728
 21685
 21681
 21556
 21538
 21529
 21428
 21316
 20966
 20858
 20659
 20457
 20420
 20420
 20243
 20230
 19926
 19739
 19676
 19667
 19576
 19491
 19429
 19244
 19222
 18947
 18918
 18776
 18678
 18671
 18644
 18543
 18467
 18070
 17741
 17693
 17595
 17563
 17389
 17371
 17331
 17156
 16489
 16444
 16219
 15917
 15825
 15560
 15437
 15394
 15201
 15150
 15081
 15030
 14991
 14791
 14683
 14642
 14450
 14393
 14327
 14205
 14125
 14029
 13956
 13898
 13696
 13695
 13555
 13406
 13368
 13313
 13273
 13247
 13134
 12946
 12857
 12838
 12820
 12759
 12740
 12636
 12546
 12384
 12268
 12192
 12144
 11998
 11904
 11855
 11844
 11815
 11811
 11627
 11502
 11472
 11387
 11339
 10728
 10621
 10590
 10580
 10538
 10524
 10345
 10252
 10168
 10059
 10045
 9875
 9842
 9711
 9698
 9677
 9533
 9421
 9349
 9123
 9108
 9002
 8990
 8813
 8623
 8590
 8445
 8261
 8228
 8155
 8151
 8012
 7962
 7956
 7819
 7524
 7505
 7479
 7431
 7429
 7399
 7373
 7049
 7033
 6686
 6635
 6593
 6577
 6426
 6319
 6096
 6005
 5789
 5743
 5617
 5502
 5005
 4998
 4910
 4895
 4882
 4823
 4807
 4612
 4412
 4266
 4257
 4180
 4075
 3883
 3831
 3770
 3725
 3706
 3684
 3633
 3344
 3307
 3204
 3009
 2836
 2713
 2657
 2522
 2383
 2312
 2304
 2209
 2193
 2138
 2046
 1962
 1501
 1456
 1355
 1239
 1232
 1209
 1208
 984
 974
 965
 722
 388
 286
 282
 280
 239
 128
 43
 