49937
 49807
 49777
 49715
 49609
 49544
 49514
 49495
 49451
 49276
 49269
 49240
 49076
 48898
 48764
 48723
 48685
 48605
 48579
 48173
 48101
 48058
 47930
 47762
 47466
 47442
 47357
 47158
 47030
 46930
 46810
 46664
 46664
 46501
 46330
 46225
 46119
 45987
 45878
 45794
 45781
 45626
 45567
 45523
 45519
 45309
 45022
 45012
 44976
 44883
 44480
 44451
 44398
 44383
 44330
 44292
 44166
 44099
 44047
 43863
 43658
 43497
 43438
 43371
 43253
 43202
 43191
 43166
 43094
 42961
 42862
 42651
 42578
 42452
 42435
 42335
 42321
 42297
 42222
 42125
 42000
 41944
 41763
 41679
 41546
 41518
 41419
 41400
 41278
 41073
 41064
 40884
 40840
 40819
 40707
 40618
 40600
 40569
 40517
 40476
 40394
 40323
 40140
 40067
 39922
 39878
 39783
 39752
 39683
 39416
 39371
 39335
 39312
 39097
 38915
 38912
 38710
 38681
 38599
 38403
 38346
 38272
 38262
 38177
 38138
 38101
 37932
 37812
 37804
 37727
 37508
 37472
 37447
 37352
 37230
 37208
 36958
 36888
 36849
 36749
 36704
 36523
 36449
 36320
 36206
 36178
 36124
 36000
 35979
 35918
 35871
 35620
 35554
 35527
 35403
 35352
 35120
 34832
 34685
 34674
 34671
 34644
 34536
 34509
 34423
 34326
 34214
 34195
 33857
 33625
 33510
 33333
 32886
 32758
 32624
 32380
 32374
 32283
 32246
 32214
 32137
 32083
 31963
 31890
 31884
 31674
 31653
 31426
 31423
 31391
 31379
 31312
 31256
 31209
 31122
 31021
 30927
 30852
 30507
 30437
 30407
 30321
 30304
 30091
 30033
 29972
 29859
 29822
 29674
 29663
 29555
 29516
 29481
 29266
 29230
 29085
 29060
 29054
 28949
 28873
 28862
 28755
 28744
 28674
 28631
 28589
 28526
 28477
 28405
 28368
 28256
 28242
 28107
 28065
 27956
 27852
 27824
 27743
 27655
 27576
 27506
 27452
 27223
 27156
 27042
 26995
 26964
 26942
 26838
 26714
 26691
 26665
 26451
 26362
 26281
 26256
 26254
 26111
 25874
 25810
 25738
 25737
 25707
 25492
 25424
 25378
 24886
 24875
 24761
 24752
 24579
 24526
 24339
 24169
 24068
 24064
 24035
 23994
 23977
 23959
 23955
 23837
 23639
 23514
 23474
 23463
 23119
 23037
 22954
 22869
 22862
 22793
 22575
 22571
 22487
 22365
 22279
 22241
 22211
 22195
 22031
 21818
 21807
 21800
 21703
 21640
 21640
 21600
 21599
 21525
 21523
 21423
 21239
 21049
 21025
 20894
 20825
 20787
 20683
 20614
 20586
 20557
 20469
 20204
 20120
 20007
 19250
 19124
 18751
 18561
 18439
 18406
 18228
 18201
 18155
 17935
 17587
 17556
 17436
 17417
 17364
 17349
 17281
 17261
 17209
 17195
 16906
 16812
 16730
 16724
 16666
 16471
 16282
 15956
 15823
 15823
 15797
 15668
 15522
 15497
 15324
 15248
 15227
 14883
 14396
 14126
 14114
 13798
 13687
 13646
 13617
 13577
 13511
 13425
 13413
 13349
 13346
 13328
 13278
 13227
 13116
 12694
 12623
 12539
 12489
 12434
 12388
 12188
 12154
 12141
 12082
 11958
 11885
 11859
 11533
 11519
 11458
 11193
 11118
 11110
 11046
 10984
 10850
 10789
 10767
 10755
 10595
 10548
 10520
 10414
 10401
 10331
 10090
 9876
 9842
 9826
 9778
 9766
 9608
 9373
 9241
 9088
 8956
 8859
 8809
 8803
 8762
 8612
 8474
 8326
 8289
 8098
 7994
 7976
 7955
 7953
 7458
 7292
 7007
 6971
 6728
 6301
 6296
 6229
 6136
 6118
 6112
 5907
 5878
 5844
 5755
 5453
 5353
 5075
 5038
 5025
 5005
 4930
 4917
 4866
 4780
 4722
 4544
 4500
 4232
 4121
 4111
 4056
 4052
 3994
 3963
 3829
 3701
 3686
 3270
 2856
 2834
 2769
 2651
 2458
 2320
 2300
 2220
 2094
 2035
 1986
 1550
 1382
 1156
 1113
 1108
 975
 974
 955
 710
 488
 447
 416
 52
 14
 