49850
 49827
 49817
 49797
 49625
 49554
 49380
 49274
 49207
 48973
 48627
 48592
 48587
 48527
 48472
 48346
 48141
 48077
 48065
 48048
 48043
 48027
 47977
 47765
 47564
 47541
 47518
 47484
 47354
 47323
 47317
 46969
 46910
 46893
 46874
 46866
 46599
 46464
 46403
 46190
 46040
 45819
 45627
 45574
 45501
 44892
 44331
 44331
 44254
 44193
 44035
 44022
 44015
 44002
 43986
 43911
 43766
 43730
 43683
 43251
 43203
 43181
 42959
 42857
 42849
 42814
 42721
 42667
 42660
 42595
 42471
 42435
 42195
 42185
 42168
 42163
 42024
 42006
 41980
 41885
 41877
 41807
 41739
 41670
 41586
 41342
 41207
 41107
 40977
 40912
 40805
 40804
 40707
 40684
 40563
 40548
 40406
 40292
 40171
 40164
 40019
 39889
 39752
 39634
 39589
 39573
 39558
 39381
 39200
 39190
 39181
 38990
 38974
 38879
 38509
 37924
 37866
 37801
 37674
 37491
 37468
 37464
 37457
 37443
 37365
 37345
 37311
 37310
 37220
 37179
 37170
 37029
 36978
 36830
 36823
 36632
 36559
 36542
 36288
 36249
 36141
 36100
 35950
 35819
 35745
 35454
 35416
 34697
 34660
 34627
 34603
 34501
 34088
 34061
 33871
 33684
 33626
 33624
 33587
 33469
 33428
 33270
 33227
 33198
 33150
 32925
 32621
 32619
 32448
 32418
 32410
 32405
 32123
 31970
 31924
 31856
 31852
 31846
 31827
 31807
 31765
 31676
 31670
 31571
 31496
 31386
 31209
 31148
 30923
 30706
 30532
 30301
 30217
 30216
 29917
 29876
 29853
 29449
 29131
 28963
 28847
 28735
 28611
 28560
 28467
 28401
 28237
 28229
 28102
 27906
 27905
 27819
 27813
 27740
 27674
 27614
 27545
 27375
 27373
 27372
 27255
 27128
 26957
 26604
 26559
 26536
 26428
 26394
 26339
 26237
 26145
 26058
 26019
 25917
 25795
 25730
 25705
 25658
 25626
 25486
 25420
 25277
 25248
 25111
 24671
 24467
 24460
 24069
 23955
 23854
 23851
 23835
 23807
 23666
 23652
 23568
 23536
 23501
 23476
 23430
 23395
 23332
 23244
 23235
 23222
 23178
 23155
 23137
 22934
 22520
 22483
 22450
 22394
 22281
 22196
 22174
 22153
 22143
 21933
 21887
 21872
 21772
 21699
 21570
 21517
 21510
 21354
 21316
 21264
 20833
 20833
 20804
 20738
 20637
 20478
 20354
 20062
 20061
 20060
 20020
 19682
 19553
 19468
 19465
 19402
 19396
 19367
 19299
 19293
 19278
 19274
 19200
 19199
 19172
 19026
 19021
 18988
 18860
 18855
 18853
 18752
 18672
 18651
 18554
 18441
 18233
 18181
 17976
 17971
 17839
 17833
 17723
 17580
 17347
 17179
 17061
 17057
 17003
 16975
 16962
 16938
 16935
 16841
 16788
 16675
 16666
 16554
 16463
 16402
 16047
 16045
 15898
 15854
 15517
 15499
 15460
 15436
 14934
 14877
 14813
 14774
 14645
 14617
 14563
 14549
 14314
 14013
 13679
 13580
 13555
 13552
 13449
 13437
 13393
 13228
 13113
 13086
 13007
 12919
 12887
 12837
 12642
 12567
 12435
 12397
 12380
 12208
 12190
 12187
 11926
 11788
 11768
 11740
 11614
 11232
 11076
 11055
 11007
 10957
 10811
 10781
 10710
 10670
 10640
 10494
 10435
 10431
 10162
 10050
 9789
 9745
 9643
 9639
 9445
 9337
 9199
 9094
 9039
 8938
 8901
 8889
 8701
 8446
 8378
 8337
 8230
 8218
 8136
 7884
 7874
 7832
 7822
 7777
 7710
 7462
 7417
 7415
 7279
 7119
 6835
 6475
 6101
 5983
 5757
 5629
 5506
 5478
 5475
 5404
 5307
 5189
 5168
 5095
 4790
 4616
 4382
 3981
 3898
 3657
 3612
 3576
 3443
 3366
 3359
 3299
 3090
 3048
 3034
 2896
 2815
 2799
 2752
 2743
 2590
 2192
 2023
 1979
 1673
 1626
 1612
 1574
 1530
 1523
 1505
 1359
 1243
 1203
 1003
 914
 815
 789
 672
 656
 647
 481
 424
 294
 286
 129
 0
 