9501
 9433
 9380
 9258
 9076
 8614
 8092
 7892
 7522
 7292
 7200
 7172
 7115
 6938
 6841
 6698
 6554
 6185
 5799
 5747
 5499
 5221
 5112
 4822
 4608
 4342
 4123
 3928
 3746
 3726
 3652
 3536
 3442
 3350
 2904
 2721
 2491
 2304
 2213
 1882
 1871
 1710
 1421
 1101
 853
 663
 502
 394
 120
 24
 184
 470
 510
 799
 901
 1282
 1544
 1776
 1877
 1944
 2215
 2452
 2499
 2732
 2927
 3365
 3469
 3549
 3703
 3744
 3858
 3984
 4327
 4347
 4659
 5044
 5174
 5275
 5642
 5777
 5873
 6252
 6648
 6706
 6936
 7005
 7119
 7175
 7245
 7420
 7574
 8016
 8532
 8715
 9180
 9290
 9403
 9489
 9838
 9855
 