9840
 9468
 9094
 8432
 8177
 7886
 7211
 6746
 6537
 6445
 6130
 6029
 5823
 5775
 5443
 5189
 4949
 4851
 4467
 4261
 4022
 3746
 3737
 3436
 3349
 3293
 3146
 3047
 2829
 2784
 2568
 2504
 2275
 2102
 2030
 1582
 1528
 1290
 1212
 1158
 1098
 1025
 920
 873
 429
 401
 295
 184
 133
 31
 156
 252
 302
 413
 637
 909
 961
 1097
 1117
 1193
 1278
 1405
 1559
 1622
 2040
 2156
 2299
 2553
 2647
 2810
 2885
 3140
 3172
 3301
 3377
 3691
 3744
 3900
 4185
 4378
 4486
 4940
 5064
 5304
 5690
 5808
 5846
 6047
 6155
 6498
 6611
 6913
 7327
 7973
 8406
 8752
 9325
 9487
 9853
 9996
 