99940
 99716
 99640
 99628
 99482
 99436
 99272
 99219
 99194
 99182
 99151
 99089
 98989
 98947
 98928
 98921
 98872
 98790
 98708
 98656
 98601
 98500
 98479
 98435
 98420
 98419
 98328
 98304
 98288
 98271
 98137
 97812
 97680
 97560
 97503
 97324
 97083
 97076
 96800
 96753
 96334
 96275
 96269
 95908
 95758
 95688
 95664
 95608
 95605
 95565
 95383
 95314
 95197
 95192
 94826
 94701
 94464
 94279
 94183
 94161
 94045
 94004
 93950
 93903
 93896
 93404
 93097
 93035
 92903
 92867
 92866
 92807
 92798
 92625
 92564
 92415
 92408
 92404
 92354
 92200
 92124
 91903
 91901
 91839
 91518
 91398
 91267
 91253
 91232
 91092
 90959
 90889
 90861
 90763
 90611
 90598
 90558
 90476
 90303
 90268
 89843
 89813
 89762
 89531
 89501
 89481
 89395
 89336
 89211
 89079
 88994
 88651
 88596
 88486
 88471
 88275
 88236
 88093
 87864
 87861
 87782
 87537
 87340
 87301
 87148
 87012
 86995
 86935
 86659
 86587
 86551
 86489
 86385
 86310
 86189
 85985
 85878
 85826
 85810
 85731
 85714
 85434
 85417
 85374
 85324
 85114
 85060
 84795
 84733
 84629
 84367
 84340
 84257
 84210
 84167
 84045
 83981
 83713
 83551
 83447
 83377
 83164
 82795
 82633
 82593
 82500
 82357
 82329
 82094
 82092
 81998
 81968
 81939
 81860
 81757
 81665
 81640
 81630
 81620
 81603
 81590
 81210
 80968
 80783
 80756
 80401
 80190
 80162
 79985
 79960
 79761
 79749
 79734
 79702
 79596
 79590
 79445
 79392
 79361
 79283
 79146
 79043
 78972
 78881
 78849
 78778
 78688
 78307
 78082
 77916
 77914
 77766
 77726
 77677
 77674
 77671
 77518
 77490
 77372
 77361
 77340
 77267
 77248
 77127
 76870
 76855
 76653
 76575
 76440
 76365
 76264
 76226
 76054
 75907
 75720
 75606
 75471
 75401
 75335
 75214
 75213
 75124
 74956
 74938
 74893
 74632
 74542
 74509
 74467
 74323
 74266
 74063
 73744
 73698
 73692
 73623
 73594
 73485
 73243
 73209
 73187
 73089
 72968
 72967
 72879
 72677
 72603
 72484
 72306
 72265
 72028
 71885
 71782
 71621
 71559
 71475
 71444
 71428
 71366
 71251
 71250
 70970
 70807
 70780
 70577
 70520
 70451
 70324
 70304
 70277
 70250
 70198
 70153
 70079
 69981
 69973
 69864
 69827
 69794
 69743
 69690
 69537
 69477
 69387
 69379
 69313
 69149
 69147
 69146
 69021
 68913
 68795
 68704
 68568
 68529
 68321
 68229
 68200
 68110
 68019
 67973
 67949
 67791
 67716
 67517
 67496
 67360
 67158
 67080
 66946
 66901
 66824
 66781
 66752
 66478
 66461
 66210
 65701
 65641
 65632
 65568
 65534
 65501
 65428
 65318
 65254
 65219
 64734
 64719
 64640
 64594
 64577
 64429
 64417
 64180
 64067
 64026
 63927
 63888
 63796
 63745
 63631
 63441
 63430
 63429
 63405
 63214
 62952
 62795
 62521
 62504
 62485
 62466
 62456
 62435
 62431
 62425
 62378
 62085
 62022
 61951
 61873
 61818
 61779
 61728
 61702
 61492
 61363
 61338
 61290
 61222
 60969
 60919
 60912
 60842
 60720
 60590
 60514
 60278
 60167
 59965
 59942
 59910
 59903
 59675
 59465
 59437
 59399
 59055
 59036
 58966
 58961
 58926
 58808
 58800
 58785
 58782
 58736
 58248
 58242
 58199
 58053
 57848
 57847
 57738
 57589
 57565
 57546
 57379
 57102
 57001
 56957
 56946
 56716
 56542
 56520
 56419
 56110
 56051
 56011
 55979
 55972
 55960
 55942
 55874
 55812
 55640
 55619
 55610
 55142
 54823
 54780
 54662
 54585
 54559
 54443
 54426
 54291
 54254
 54148
 54120
 54053
 54048
 53782
 53576
 53521
 53460
 53230
 53175
 53102
 53091
 53011
 52919
 52852
 52727
 52455
 52153
 52054
 51982
 51583
 51557
 51547
 51494
 51392
 51364
 51216
 51187
 50933
 50740
 50431
 50398
 50173
 50100
 50000
 49802
 49753
 49601
 49563
 49522
 49521
 49407
 49253
 49191
 49172
 49100
 49023
 49011
 48800
 48608
 48532
 48498
 48438
 48247
 48074
 47611
 47596
 47369
 47260
 47128
 46930
 46898
 46767
 46760
 46663
 46543
 46524
 46440
 46431
 46357
 46315
 46153
 46146
 46027
 45996
 45985
 45983
 45690
 45632
 45383
 45343
 45182
 45168
 45137
 45110
 45082
 44898
 44880
 44743
 44650
 44535
 44116
 44031
 43987
 43844
 43799
 43519
 43163
 43149
 43143
 42925
 42829
 42816
 42699
 42669
 42612
 42608
 42370
 42180
 41736
 41620
 41584
 41473
 41399
 41354
 41334
 41080
 40978
 40938
 40638
 40636
 40562
 40505
 40411
 40396
 40036
 39970
 39952
 39936
 39619
 39390
 39346
 39177
 39145
 39092
 38876
 38827
 38648
 38617
 38496
 38489
 38436
 38294
 38114
 38010
 37743
 37600
 37482
 37459
 37440
 37352
 37268
 37173
 37146
 37005
 36990
 36947
 36931
 36880
 36685
 36682
 36620
 36575
 36407
 36401
 36388
 36350
 36318
 36035
 35862
 35735
 35679
 35659
 35491
 35389
 35234
 35209
 35161
 35151
 35119
 34898
 34882
 34674
 34644
 34621
 34461
 34398
 34373
 34253
 34234
 34181
 34159
 33937
 33892
 33861
 33812
 33790
 33767
 33600
 33583
 33550
 33041
 33026
 32859
 32817
 32733
 32705
 32686
 32621
 32555
 32038
 31791
 31775
 31716
 31698
 31650
 31594
 31546
 31521
 31494
 31461
 31432
 31415
 31185
 31106
 30853
 30741
 30724
 30609
 30597
 30316
 30232
 30134
 30038
 29905
 29891
 29831
 29761
 29490
 29162
 29110
 28993
 28877
 28872
 28653
 28613
 28446
 28444
 28431
 28398
 28372
 28363
 28341
 28255
 28237
 28234
 27967
 27947
 27824
 27770
 27755
 27619
 27491
 27483
 27450
 27276
 27253
 27074
 27014
 26815
 26714
 26629
 26557
 26534
 26510
 26435
 26416
 26292
 26235
 26188
 26108
 25973
 25902
 25825
 25762
 25746
 25502
 25358
 25287
 25217
 25141
 25105
 25046
 25028
 24985
 24720
 24481
 24335
 24334
 24202
 24200
 23870
 23856
 23788
 23742
 23648
 23645
 23406
 23351
 23140
 23017
 23002
 22949
 22932
 22707
 22667
 22645
 22326
 21861
 21800
 21729
 21702
 21552
 21524
 21489
 21435
 21130
 20933
 20840
 20452
 20446
 20279
 20267
 20200
 20159
 20136
 20000
 19785
 19750
 19734
 19567
 19475
 19330
 19106
 19099
 19090
 18646
 18507
 18432
 18244
 18221
 18075
 17921
 17873
 17787
 17719
 17679
 17677
 17473
 17419
 17388
 17357
 17257
 17246
 17223
 17183
 17018
 16712
 16631
 16589
 16584
 16577
 16546
 16518
 16475
 16441
 16326
 16258
 16218
 16172
 15946
 15901
 15787
 15700
 15521
 15101
 15041
 14885
 14767
 14750
 14674
 14344
 14328
 14299
 14018
 13958
 13870
 13814
 13728
 13430
 13422
 13371
 13245
 13196
 13160
 13099
 13052
 12987
 12921
 12811
 12760
 12414
 12279
 12203
 12193
 12147
 12097
 12006
 11791
 11766
 11694
 11683
 11620
 11618
 11517
 11460
 11432
 11386
 11342
 11331
 11297
 11253
 11242
 11235
 11168
 11036
 11026
 10851
 10600
 10526
 10433
 10368
 10278
 10261
 10176
 10098
 9622
 9530
 9230
 9220
 9126
 8978
 8839
 8668
 8514
 8499
 8485
 8422
 8293
 8208
 7893
 7757
 7654
 7575
 7398
 7273
 7237
 7114
 7066
 6934
 6575
 6564
 6517
 6474
 6397
 6386
 6382
 6238
 6090
 6006
 5856
 5780
 5665
 5599
 5530
 5264
 5142
 5062
 4951
 4939
 4906
 4600
 4555
 4533
 4454
 4402
 4298
 4258
 4021
 3942
 3827
 3754
 3574
 3498
 3489
 3466
 3146
 3040
 3021
 3006
 2978
 2739
 2713
 2504
 2316
 2183
 2123
 2059
 1972
 1871
 1791
 1747
 1650
 1649
 1463
 1460
 1432
 1249
 1067
 976
 937
 686
 449
 438
 320
 279
 96
 72
 43
 31
 0
 