99888
 99754
 99744
 99455
 99256
 98775
 98616
 98582
 98531
 98465
 98392
 98370
 98050
 98005
 97859
 97769
 97625
 97607
 97482
 97400
 97036
 96930
 96755
 96710
 96690
 96675
 96648
 96624
 96593
 96505
 96490
 96468
 96378
 96374
 96299
 96250
 96226
 96191
 96059
 96041
 95905
 95898
 95770
 95715
 95640
 95456
 95430
 95345
 95314
 95266
 95203
 94988
 94469
 94388
 94371
 94323
 94275
 94214
 94080
 94014
 93977
 93913
 93807
 93783
 93768
 93539
 93429
 93333
 93330
 93194
 93044
 92427
 92424
 92336
 92278
 91916
 91479
 91351
 91304
 91230
 91200
 91171
 91138
 91041
 90920
 90909
 90898
 90843
 90766
 90607
 90594
 90507
 90443
 90401
 90363
 90269
 90240
 90135
 90131
 90122
 90114
 89893
 89505
 89373
 89338
 89335
 89312
 89293
 89256
 89253
 89228
 88999
 88716
 88711
 88401
 88264
 88259
 88053
 88018
 87734
 87580
 87519
 87392
 87388
 87303
 87249
 87152
 87019
 87017
 86692
 86467
 86133
 85955
 85943
 85849
 85838
 85774
 85518
 85332
 85138
 85068
 84811
 84771
 84724
 84723
 84555
 84504
 84461
 84337
 84286
 84167
 84129
 83903
 83770
 83520
 83477
 83370
 83186
 83099
 83017
 82958
 82921
 82761
 82546
 82105
 82032
 81797
 81705
 81437
 81344
 81289
 80984
 80983
 80945
 80914
 80891
 80846
 80718
 80539
 80356
 80185
 79872
 79712
 79694
 79688
 79673
 79655
 79482
 79245
 79166
 79148
 78977
 78939
 78556
 78490
 78432
 78383
 78267
 78264
 78196
 77777
 77725
 77586
 77506
 77496
 77446
 77267
 77221
 77165
 77071
 77022
 76952
 76849
 76811
 76736
 76707
 76665
 76593
 76504
 76481
 76293
 76214
 76213
 76190
 75953
 75867
 75677
 75586
 75564
 75331
 75257
 75173
 75065
 75060
 74829
 74823
 74611
 74428
 74359
 74309
 74265
 74076
 74033
 74016
 73822
 73814
 73773
 73557
 73546
 73544
 73540
 73427
 73390
 73248
 73246
 73112
 72892
 72855
 72779
 72655
 72606
 72465
 72249
 72050
 71980
 71939
 71914
 71865
 71776
 71771
 71512
 71409
 71000
 70987
 70937
 70837
 70694
 70635
 70518
 70468
 70215
 70152
 70119
 70080
 70034
 70020
 69969
 69897
 69756
 69703
 69608
 69524
 69505
 69503
 69434
 69399
 69376
 69329
 69200
 69082
 69038
 69022
 68920
 68753
 68750
 68548
 68514
 68403
 68396
 68197
 68172
 68152
 68016
 67832
 67610
 67598
 67535
 67489
 67476
 67391
 67310
 67285
 67066
 67005
 66807
 66760
 66745
 66666
 66339
 66230
 66026
 66011
 65943
 65814
 65670
 65638
 65505
 65367
 65319
 65277
 65221
 65182
 65049
 64938
 64867
 64849
 64847
 64707
 64425
 64363
 64309
 64257
 64228
 63936
 63580
 63564
 63186
 63168
 63085
 63019
 62849
 62651
 62593
 62576
 62568
 62557
 62477
 62361
 62270
 62165
 62144
 62030
 61838
 61769
 61715
 61678
 61539
 61535
 61421
 61197
 61171
 61005
 60884
 60813
 60807
 60779
 60691
 60647
 60466
 60432
 60358
 60330
 60309
 60272
 60212
 60162
 60000
 59917
 59580
 59560
 59486
 59399
 58778
 58717
 58557
 58431
 58363
 58316
 57974
 57950
 57939
 57790
 57766
 57619
 57616
 57412
 57359
 57335
 57195
 57165
 57090
 57063
 56852
 56593
 56504
 56444
 56417
 56213
 56115
 55788
 55778
 55577
 55461
 55404
 55386
 55361
 55257
 55207
 55154
 55100
 55070
 54910
 54907
 54711
 54607
 54518
 54385
 54250
 54149
 53960
 53929
 53814
 53750
 53632
 53468
 53389
 53339
 53327
 53187
 53174
 53161
 52870
 52607
 52410
 52250
 52247
 52192
 52135
 52097
 52039
 51602
 51537
 51476
 51286
 51118
 50857
 50791
 50320
 50085
 50084
 50074
 50021
 49882
 49847
 49773
 49761
 49638
 49062
 48986
 48777
 48716
 48663
 48522
 48333
 48183
 48168
 48120
 48071
 48066
 47832
 47723
 47617
 47607
 47579
 47351
 47236
 47215
 47182
 47119
 47044
 46998
 46658
 46306
 46151
 46093
 46008
 45946
 45748
 45642
 45571
 45312
 45238
 45168
 45127
 45115
 45111
 45108
 45040
 44991
 44978
 44973
 44970
 44951
 44914
 44800
 44790
 44764
 44730
 44433
 44405
 44371
 44343
 44229
 44127
 44052
 43935
 43579
 43448
 43431
 43277
 43238
 43216
 43134
 43089
 43017
 42870
 42857
 42599
 42592
 42373
 42355
 42241
 41982
 41858
 41795
 41760
 41733
 41676
 41590
 41567
 41565
 41425
 41270
 41221
 41210
 41014
 40985
 40681
 40625
 40581
 40540
 40525
 40484
 40448
 40438
 40390
 40254
 40161
 40109
 40099
 40053
 39987
 39593
 39407
 39406
 39299
 39263
 39111
 39046
 39037
 38996
 38756
 38696
 38691
 38673
 38529
 38399
 38253
 37992
 37874
 37758
 37742
 37504
 37482
 37450
 37416
 37355
 37279
 37190
 37029
 37011
 37006
 36955
 36954
 36847
 36805
 36755
 36545
 36514
 36420
 36368
 36280
 36133
 35704
 35671
 35670
 35542
 35498
 35446
 35412
 35208
 35185
 35030
 34944
 34940
 34910
 34836
 34691
 34543
 34515
 34479
 34351
 34306
 34239
 34222
 34097
 34040
 33998
 33548
 33488
 33463
 33455
 33439
 33394
 33333
 33284
 33255
 32927
 32870
 32702
 32611
 32521
 32503
 32492
 32395
 32334
 32212
 32186
 32133
 32061
 31955
 31654
 31591
 31515
 31415
 31409
 31273
 31192
 31022
 30787
 30697
 30549
 30460
 30425
 30267
 30143
 30111
 30017
 29913
 29911
 29838
 29827
 29787
 29555
 29258
 29177
 29128
 29064
 29063
 28618
 28562
 28536
 28445
 28296
 28171
 28155
 28054
 28051
 28031
 27909
 27880
 27760
 27707
 27651
 27538
 27505
 27429
 27411
 27200
 27182
 27169
 27137
 27131
 27103
 26818
 26772
 26686
 26658
 26581
 26527
 26492
 26384
 26380
 26005
 26002
 25883
 25864
 25563
 25473
 25466
 25339
 25267
 25136
 24932
 24757
 24705
 24423
 24367
 24358
 24316
 24258
 24224
 24215
 23893
 23594
 23467
 23053
 23041
 23022
 22995
 22879
 22735
 22640
 22622
 22454
 22406
 22391
 22295
 22231
 22136
 22090
 22019
 22008
 22007
 21896
 21382
 21250
 21208
 21203
 21102
 21061
 20849
 20835
 20526
 20498
 20307
 20273
 20269
 20173
 19869
 19722
 19602
 19583
 19571
 19567
 19523
 19371
 19348
 19216
 19138
 19087
 18818
 18711
 18636
 18468
 18389
 18371
 18173
 18000
 17858
 17811
 17696
 17640
 17415
 17356
 17056
 16904
 16804
 16606
 16295
 16154
 16034
 16005
 15877
 15863
 15763
 15730
 15541
 15285
 15195
 15144
 15062
 14968
 14924
 14920
 14904
 14828
 14775
 14686
 14598
 14428
 14285
 14179
 14050
 13937
 13833
 13800
 13771
 13627
 13612
 13556
 13523
 13359
 13171
 13133
 12870
 12513
 12505
 12465
 12454
 12348
 12325
 12308
 12287
 12057
 11936
 11836
 11505
 11152
 10745
 10665
 10555
 10500
 10454
 10385
 10308
 10284
 10168
 10130
 10083
 9819
 9769
 9644
 9541
 9525
 9453
 9398
 9305
 9196
 9155
 9090
 8959
 8689
 8406
 8347
 8344
 8278
 8211
 8198
 8175
 8127
 8072
 8040
 7990
 7859
 7830
 7519
 7276
 7057
 7005
 6957
 6807
 6768
 6723
 6597
 6556
 6530
 6498
 6468
 6358
 6110
 6091
 6067
 6009
 5826
 5740
 5689
 5600
 5581
 5557
 5438
 5371
 5252
 5204
 5169
 5138
 5072
 4991
 4899
 4810
 4804
 4459
 4104
 4085
 3901
 3859
 3806
 3697
 3664
 3507
 3435
 3392
 3294
 3260
 3098
 3074
 2997
 2981
 2938
 2859
 2564
 2441
 2219
 2146
 2143
 1983
 1960
 1929
 1862
 1639
 1602
 1555
 1468
 1402
 1307
 1163
 989
 889
 716
 623
 617
 579
 573
 464
 384
 363
 309
 185
 164
 93
 