99970
 99902
 99784
 99752
 99710
 99629
 99476
 99138
 98873
 98737
 98687
 98551
 98538
 98424
 98422
 98221
 98058
 97997
 97889
 97867
 97735
 97592
 97567
 97451
 97445
 97385
 97311
 97301
 97162
 97136
 96973
 96491
 96389
 96371
 96331
 96203
 96065
 96061
 95961
 95874
 95553
 95544
 95510
 95371
 95124
 95018
 94933
 94839
 94694
 94669
 94439
 94376
 94368
 94348
 94297
 94258
 94055
 93743
 93659
 93644
 93350
 93337
 93314
 93265
 93240
 93233
 92979
 92947
 92883
 92857
 92593
 92487
 92287
 92272
 92270
 92174
 92144
 92070
 91852
 91726
 91557
 91551
 91493
 91314
 91197
 91126
 90990
 90973
 90839
 90756
 90675
 90558
 90532
 90356
 90342
 90294
 90200
 90173
 89989
 89779
 89703
 89234
 89214
 89131
 89078
 88685
 88674
 88625
 88489
 88447
 87978
 87943
 87906
 87857
 87763
 87712
 87689
 87577
 87571
 87551
 87549
 87533
 87441
 87380
 87233
 87101
 87073
 87056
 86871
 86742
 86735
 86647
 86643
 86629
 86484
 86453
 86445
 86135
 86095
 86074
 86031
 85989
 85857
 85762
 85760
 85745
 85683
 85622
 85474
 85459
 85444
 85339
 85151
 84626
 84494
 84045
 84009
 83948
 83932
 83823
 83736
 83734
 83717
 83544
 83437
 83425
 83408
 83263
 83260
 83207
 83132
 82910
 82689
 82496
 82280
 82184
 82181
 82119
 82056
 81870
 81787
 81581
 81275
 81200
 81009
 80885
 80850
 80777
 80709
 80653
 80606
 80575
 80499
 80419
 80412
 80327
 80195
 80165
 80135
 80065
 79976
 79850
 79811
 79731
 79487
 79476
 79423
 79242
 79234
 79213
 79185
 79132
 79037
 78922
 78705
 78342
 78243
 78094
 78048
 78041
 77869
 77813
 77660
 77572
 77316
 77213
 77167
 77166
 77013
 76848
 76832
 76776
 76640
 76578
 76545
 76219
 76190
 76182
 76077
 76058
 76004
 75986
 75983
 75839
 75714
 75637
 75537
 75520
 75480
 75323
 75199
 74995
 74483
 74466
 74269
 74059
 74036
 73964
 73759
 73684
 73618
 73391
 73378
 73346
 73299
 73256
 73079
 73020
 72882
 72848
 72717
 72699
 72366
 72190
 72165
 72163
 72141
 71796
 71690
 71614
 71157
 70881
 70865
 70855
 70850
 70804
 70750
 70737
 70530
 70510
 70354
 70127
 70042
 70000
 69786
 69602
 69556
 69513
 69485
 69395
 69387
 69355
 69343
 69157
 69066
 69065
 69032
 68913
 68912
 68838
 68713
 68572
 68438
 68388
 68350
 68269
 68261
 68260
 68259
 68187
 68080
 67997
 67754
 67628
 67487
 67400
 67133
 67018
 67003
 66993
 66896
 66894
 66859
 66763
 66522
 66450
 66444
 66421
 66420
 65988
 65963
 65947
 65878
 65864
 65858
 65845
 65652
 65573
 65474
 65321
 65115
 65036
 64994
 64990
 64627
 64525
 64481
 64467
 64426
 64411
 64348
 64290
 64216
 64003
 63902
 63773
 63737
 63616
 63480
 63396
 63292
 63263
 63251
 63018
 62993
 62954
 62521
 62441
 62389
 62291
 62095
 62000
 61927
 61787
 61764
 61671
 61654
 61648
 61506
 61482
 61423
 61382
 61197
 60938
 60815
 60276
 60272
 60264
 60111
 59963
 59899
 59748
 59746
 59650
 59624
 59603
 59537
 59428
 59408
 59363
 59347
 59207
 59142
 59094
 59072
 58952
 58944
 58784
 58590
 58435
 58199
 58080
 57945
 57758
 57739
 57738
 57718
 57567
 57448
 57442
 57394
 57307
 57185
 57111
 57000
 56881
 56830
 56730
 56609
 55960
 55877
 55866
 55740
 55723
 55719
 55646
 55636
 55583
 55576
 55539
 55196
 55166
 55082
 54756
 54739
 54512
 54505
 54446
 54294
 54262
 54038
 53924
 53900
 53842
 53315
 53239
 53114
 53105
 53034
 52734
 52546
 52538
 52519
 52381
 52265
 52232
 52178
 52036
 51991
 51938
 51708
 51649
 51480
 51448
 51251
 51165
 51060
 50987
 50912
 50768
 50410
 50382
 50373
 50182
 50078
 50058
 50054
 49984
 49896
 49547
 49486
 49447
 49352
 49196
 48963
 48901
 48640
 48464
 48387
 48386
 48352
 48251
 48145
 48110
 48005
 47956
 47722
 47068
 46914
 46867
 46753
 46666
 46639
 46461
 46375
 46298
 46272
 46203
 46079
 46003
 45738
 45665
 45132
 44959
 44925
 44738
 44727
 44681
 44662
 44534
 44482
 44438
 44368
 44364
 44234
 44213
 44149
 43692
 43649
 43185
 43076
 43051
 42802
 42686
 42475
 42374
 42190
 41975
 41878
 41824
 41710
 41412
 41379
 41269
 41141
 41069
 40954
 40863
 40812
 40675
 40447
 40426
 40170
 39999
 39912
 39891
 39887
 39742
 39723
 39705
 39567
 39529
 39340
 39015
 38918
 38867
 38686
 38584
 38574
 38560
 38391
 38325
 38146
 38090
 38085
 37976
 37825
 37791
 37715
 37577
 37570
 37463
 37387
 37230
 37190
 37183
 37169
 37032
 37009
 36996
 36972
 36872
 36843
 36536
 36436
 36411
 36340
 36306
 36246
 36208
 36152
 36086
 36082
 36023
 36005
 35939
 35854
 35740
 35707
 35685
 35484
 35344
 35340
 35221
 34830
 34721
 34665
 34606
 34375
 34335
 34158
 34077
 34049
 33905
 33790
 33681
 33678
 33269
 33085
 32851
 32839
 32685
 32400
 32259
 32240
 32146
 32135
 32091
 32049
 32030
 31996
 31960
 31944
 31645
 31596
 31570
 31470
 31320
 31246
 31215
 31132
 30965
 30808
 30793
 30652
 30451
 30320
 30247
 30201
 30098
 29976
 29863
 29812
 29775
 29623
 29617
 29439
 29381
 29328
 29300
 29173
 28952
 28858
 28806
 28736
 28660
 28623
 28518
 28346
 28167
 28154
 27974
 27964
 27963
 27741
 27612
 27530
 27523
 27446
 27379
 27123
 26951
 26846
 26830
 26786
 26658
 26595
 26571
 26536
 26373
 26316
 26307
 26244
 26174
 26035
 25899
 25896
 25895
 25734
 25687
 25492
 25484
 25464
 25327
 25242
 25236
 25169
 24894
 24827
 24485
 24249
 24209
 23904
 23885
 23618
 23581
 23568
 23408
 23366
 23210
 23025
 23021
 22995
 22841
 22811
 22806
 22772
 22680
 22555
 22414
 22381
 22207
 22170
 22022
 21975
 21968
 21913
 21860
 21820
 21711
 21279
 21237
 20998
 20984
 20846
 20763
 20499
 20476
 20335
 20304
 20236
 20227
 20214
 20009
 20000
 19863
 19690
 19673
 19626
 19574
 19508
 19446
 19418
 19362
 19123
 19050
 18779
 18707
 18462
 18449
 18331
 18204
 17913
 17815
 17701
 17552
 17435
 17428
 17245
 17169
 17129
 16958
 16928
 16920
 16887
 16738
 16734
 16606
 16547
 16361
 16289
 16288
 16134
 16058
 16039
 15870
 15850
 15706
 15446
 15347
 15294
 15218
 15209
 15025
 15003
 14999
 14949
 14931
 14816
 14718
 14717
 14540
 14516
 14455
 14253
 14168
 14163
 14143
 13890
 13830
 13749
 13740
 13726
 13665
 13513
 13474
 13462
 13313
 13255
 13072
 13049
 13020
 12977
 12953
 12781
 12736
 12713
 12624
 12599
 12500
 12302
 12235
 12184
 12179
 12061
 11991
 11990
 11958
 11872
 11378
 11017
 10966
 10597
 10378
 10129
 10104
 10053
 9942
 9923
 9842
 9597
 9563
 9544
 9472
 9462
 9438
 9364
 9236
 9102
 9079
 9074
 9071
 9007
 8997
 8986
 8849
 8766
 8722
 8714
 8706
 8695
 8473
 8458
 8371
 8335
 8288
 8269
 8228
 8128
 8118
 7986
 7802
 7771
 7625
 7392
 7385
 7340
 7323
 7171
 7099
 7007
 6860
 6601
 6568
 6085
 6053
 5978
 5840
 5830
 5674
 5533
 5363
 5340
 5158
 5067
 4900
 4851
 4819
 4716
 4661
 4610
 4522
 4470
 4447
 4394
 4325
 4262
 4245
 4165
 4134
 4075
 3918
 3810
 3692
 3529
 3268
 3084
 3050
 3015
 2743
 2739
 2641
 2603
 2549
 2532
 2436
 2418
 2271
 2239
 2170
 2076
 2057
 1952
 1866
 1741
 1729
 1616
 1366
 1139
 946
 779
 600
 358
 340
 316
 300
 289
 158
 101
 0
 