99803
 99735
 99652
 99367
 99321
 99258
 99216
 99153
 99040
 98964
 98870
 98784
 98614
 98579
 98305
 98147
 97709
 97576
 97486
 97387
 97348
 97293
 97287
 97245
 97102
 97099
 97091
 97014
 96979
 96697
 96677
 96642
 96400
 96302
 96024
 95967
 95957
 95865
 95837
 95819
 95664
 95503
 95321
 95301
 95206
 95164
 95128
 95006
 94970
 94936
 94819
 94685
 94488
 94366
 94214
 94168
 93971
 93935
 93812
 93724
 93709
 93452
 93333
 93331
 93285
 93087
 93083
 92973
 92831
 92734
 92687
 92617
 92563
 92540
 92527
 92394
 92385
 92282
 92217
 92172
 91967
 91916
 91782
 91645
 91492
 91433
 91400
 91182
 91072
 90974
 90745
 90718
 90670
 90637
 90625
 90530
 90508
 90345
 90328
 90321
 90271
 90269
 90201
 90122
 89995
 89818
 89786
 89763
 89655
 89652
 89591
 89552
 89538
 89507
 89473
 89429
 89193
 89150
 89004
 88970
 88911
 88893
 88829
 88700
 88360
 88308
 88297
 88180
 88050
 88011
 87848
 87777
 87641
 87592
 87557
 87281
 87264
 87246
 87229
 87224
 87142
 87018
 86978
 86872
 86769
 86748
 86704
 86673
 86608
 86473
 86440
 86394
 86315
 86314
 86176
 86170
 86129
 85896
 85880
 85832
 85703
 85565
 85347
 85172
 84717
 84710
 84695
 84672
 84655
 84638
 84601
 84438
 84230
 84004
 83964
 83958
 83826
 83798
 83725
 83649
 83477
 83332
 83053
 82805
 82687
 82671
 82621
 82245
 82080
 81974
 81590
 81558
 81523
 81452
 81170
 81163
 81057
 80965
 80920
 80885
 80807
 80796
 80513
 80508
 80490
 80479
 80291
 80283
 80215
 80177
 80157
 80150
 80062
 80061
 80054
 79830
 79825
 79580
 79567
 79555
 79326
 79300
 79228
 79001
 78962
 78957
 78923
 78907
 78870
 78772
 78768
 78671
 78588
 78284
 78273
 78200
 78110
 78041
 78034
 77956
 77850
 77710
 77494
 77432
 77390
 77242
 77153
 77138
 76861
 76503
 76476
 76437
 76248
 76203
 76139
 76117
 75911
 75657
 75597
 75335
 75236
 75221
 75203
 75187
 74787
 74539
 74491
 74288
 73994
 73913
 73906
 73842
 73790
 73477
 73393
 73333
 72995
 72927
 72884
 72731
 72709
 72651
 72533
 72487
 72477
 72476
 72450
 72439
 72431
 72404
 72343
 72319
 72314
 72051
 71972
 71956
 71883
 71876
 71762
 71695
 71659
 71476
 71021
 70986
 70974
 70967
 70945
 70884
 70624
 70486
 70024
 69775
 69443
 69428
 69253
 69237
 69230
 69113
 69065
 69035
 68960
 68820
 68558
 68492
 68375
 68292
 68248
 68149
 68100
 68019
 67999
 67885
 67827
 67496
 67478
 67393
 67390
 67351
 67268
 67215
 67209
 66999
 66959
 66922
 66914
 66860
 66473
 66447
 66306
 66233
 66199
 66144
 65611
 65606
 65510
 65507
 65498
 65428
 65072
 65054
 64869
 64768
 64756
 64672
 64652
 64601
 64497
 64483
 64323
 64310
 64292
 64289
 64069
 63964
 63907
 63801
 63773
 63732
 63613
 63598
 63507
 63398
 63320
 63268
 63196
 63138
 63044
 62815
 62805
 62785
 62780
 62756
 62533
 62465
 62346
 62152
 62045
 62029
 62013
 61921
 61777
 61433
 61282
 61228
 61216
 61068
 61011
 60928
 60896
 60868
 60866
 60670
 60634
 60574
 60502
 60421
 60320
 60156
 60075
 59941
 59755
 59701
 59594
 59540
 59334
 59294
 59279
 59209
 59094
 58796
 58716
 58646
 58322
 58313
 58253
 58107
 58052
 57974
 57890
 57813
 57628
 57608
 57466
 57439
 57426
 57371
 57323
 57308
 57087
 57037
 56965
 56905
 56785
 56783
 56753
 56746
 56726
 56668
 56589
 56579
 56490
 56395
 56313
 56039
 55992
 55989
 55832
 55798
 55735
 55478
 55422
 55338
 55086
 55017
 55009
 54919
 54902
 54869
 54585
 54443
 54441
 54425
 54420
 54342
 54032
 53877
 53686
 53682
 53458
 53413
 53265
 53230
 53185
 53147
 53128
 52967
 52939
 52840
 52830
 52771
 52625
 52521
 52473
 52442
 52394
 52385
 52167
 52104
 52057
 52033
 52007
 51985
 51937
 51730
 51718
 51627
 51568
 51438
 51428
 51415
 51370
 51334
 51151
 51024
 51012
 50780
 50756
 50559
 50420
 50360
 50313
 50246
 50119
 50014
 50000
 49995
 49902
 49887
 49853
 49757
 49701
 49576
 49476
 49460
 49371
 49354
 49246
 49245
 49134
 49090
 49022
 48924
 48904
 48789
 48702
 48529
 48332
 48330
 48177
 48043
 47993
 47858
 47602
 47519
 47339
 47187
 47002
 46927
 46790
 46692
 46608
 46503
 46050
 45689
 45454
 45358
 45333
 45283
 45052
 44989
 44868
 44854
 44796
 44670
 44470
 44250
 44229
 44219
 44106
 44061
 43972
 43955
 43744
 43577
 43557
 43400
 43247
 43155
 42969
 42940
 42875
 42721
 42547
 42475
 42263
 42193
 42143
 41885
 41870
 41841
 41544
 41433
 41411
 41246
 41238
 41233
 41214
 41137
 41040
 40944
 40899
 40703
 40643
 40590
 40554
 40548
 40506
 40500
 40499
 40271
 40106
 40044
 40010
 39961
 39933
 39855
 39755
 39431
 39299
 39253
 39222
 39186
 39007
 38948
 38619
 38576
 38508
 38369
 38196
 37990
 37975
 37811
 37804
 37737
 37500
 37448
 37406
 37369
 37181
 36976
 36940
 36646
 36355
 36234
 36083
 36009
 35962
 35915
 35860
 35832
 35595
 35535
 35155
 34734
 34647
 34505
 34335
 34333
 34328
 34211
 34200
 34186
 34162
 34130
 34129
 34105
 34099
 33976
 33886
 33833
 33744
 33669
 33636
 33536
 33485
 33375
 33240
 33232
 33145
 32908
 32675
 32561
 32275
 32248
 32086
 32080
 31875
 31807
 31784
 31714
 31666
 31541
 31329
 31289
 31267
 31227
 30976
 30845
 30535
 30434
 30223
 30219
 30199
 30102
 29975
 29880
 29858
 29771
 29737
 29734
 29223
 28977
 28975
 28856
 28713
 28662
 28654
 28650
 28638
 28587
 28522
 28513
 28511
 28319
 28309
 28258
 28243
 28189
 28034
 27884
 27644
 27611
 27328
 27319
 27231
 27111
 27032
 26896
 26843
 26774
 26745
 26722
 26686
 26570
 26369
 26340
 26259
 26022
 25982
 25844
 25839
 25752
 25723
 25434
 25422
 25378
 25126
 25002
 24902
 24853
 24814
 24729
 24597
 24285
 24165
 24133
 23873
 23751
 23714
 23684
 23581
 23533
 23478
 23389
 23288
 23004
 22877
 22792
 22588
 22585
 22572
 22392
 22188
 22132
 22012
 21996
 21745
 21722
 21706
 21663
 21257
 20962
 20897
 20616
 20481
 20184
 20160
 20157
 19918
 19894
 19769
 19763
 19707
 19645
 19461
 19337
 19332
 18944
 18745
 18715
 18699
 18636
 18338
 18297
 18290
 18236
 18209
 18186
 18054
 18015
 17844
 17830
 17787
 17586
 17528
 17523
 17001
 16849
 16633
 16527
 16269
 16195
 16128
 15970
 15800
 15702
 15307
 15283
 15262
 14855
 14685
 14596
 14492
 14470
 14361
 14029
 13979
 13930
 13866
 13857
 13842
 13828
 13705
 13457
 13290
 12935
 12870
 12719
 12659
 12524
 12333
 12017
 11935
 11776
 11741
 11738
 11735
 11587
 11395
 11348
 11290
 11208
 11051
 11008
 10998
 10847
 10655
 10597
 10399
 10382
 10360
 10308
 10304
 10298
 10283
 10028
 9928
 9755
 9523
 9416
 9337
 9306
 9304
 9164
 8870
 8799
 8763
 8558
 8349
 8148
 8010
 7968
 7621
 7583
 7491
 7476
 7467
 7208
 7202
 7158
 7122
 6877
 6649
 6594
 6573
 6121
 6045
 5998
 5685
 5490
 5488
 5420
 5363
 5354
 5297
 4877
 4670
 4575
 4476
 4282
 4271
 4252
 4214
 4179
 4108
 3823
 3767
 3717
 3651
 3524
 3517
 3428
 3237
 3227
 3153
 3118
 3018
 2903
 2857
 2837
 2808
 2718
 2365
 2355
 2298
 2264
 2242
 2150
 2080
 1890
 1843
 1834
 1551
 1508
 1472
 1417
 1296
 1255
 967
 916
 710
 522
 482
 380
 249
 228
 208
 108
 106
 0
 