99971
 99859
 99770
 99758
 99655
 99548
 99423
 99406
 99372
 99357
 99296
 99137
 99117
 98981
 98718
 98658
 98594
 98593
 98524
 98507
 98484
 98435
 98430
 98326
 98226
 98198
 98192
 98033
 97984
 97982
 97809
 97502
 97475
 97378
 97332
 97289
 97058
 96919
 96848
 96750
 96710
 96638
 96595
 96541
 96451
 96387
 96108
 96068
 96056
 96043
 95913
 95863
 95815
 95685
 95665
 95464
 95356
 95343
 95301
 95187
 95018
 94839
 94733
 94646
 94438
 94232
 94005
 93935
 93904
 93832
 93724
 93699
 93638
 93576
 93349
 93101
 92837
 92788
 92664
 92544
 92491
 92281
 92093
 91830
 91750
 91689
 91530
 91416
 91405
 91399
 91370
 91239
 91056
 91033
 90935
 90661
 90629
 90498
 90494
 90390
 90375
 90367
 90348
 90341
 90190
 90128
 90095
 89955
 89902
 89751
 89724
 89715
 89696
 89689
 89466
 88966
 88768
 88300
 88269
 88246
 87985
 87934
 87817
 87786
 87699
 87576
 87388
 87043
 86992
 86816
 86812
 86792
 86565
 86519
 86467
 86324
 86296
 86063
 85983
 85941
 85936
 85899
 85887
 85875
 85852
 85836
 85834
 85802
 85780
 85710
 85684
 85683
 85663
 85555
 85397
 85106
 84754
 84696
 84688
 84655
 84541
 84428
 84355
 84338
 84327
 84202
 84154
 84018
 83904
 83869
 83741
 83560
 83472
 83395
 83378
 83350
 83348
 83277
 83094
 83065
 83060
 82920
 82868
 82822
 82654
 82598
 82491
 82164
 82142
 81607
 81447
 81294
 80976
 80970
 80936
 80902
 80861
 80819
 80791
 80784
 80659
 80639
 80581
 80565
 80480
 80464
 80419
 80356
 80088
 79963
 79939
 79796
 79605
 79554
 79506
 79424
 79408
 79365
 79349
 79104
 79101
 79047
 78965
 78948
 78929
 78909
 78634
 78584
 78511
 78420
 78305
 78279
 78237
 78147
 78070
 78002
 77971
 77950
 77894
 77817
 77714
 77399
 77160
 76839
 76820
 76750
 76743
 76622
 76619
 76488
 76364
 76297
 76262
 76227
 76119
 76069
 76037
 75994
 75626
 75605
 75577
 75307
 75298
 75286
 75142
 75090
 75001
 74943
 74926
 74790
 74722
 74671
 74526
 74499
 74327
 74314
 74288
 74155
 74140
 74020
 74011
 73952
 73901
 73668
 73276
 73178
 72889
 72799
 72635
 72617
 72209
 72138
 72077
 72000
 71602
 71585
 71546
 71543
 71401
 71262
 71214
 71206
 71089
 71057
 70957
 70954
 70848
 70782
 70628
 70436
 70134
 70083
 70011
 69991
 69707
 69695
 69487
 69249
 69159
 69143
 68986
 68592
 68487
 68336
 68326
 68159
 68089
 67974
 67932
 67893
 67709
 67646
 67642
 67540
 67468
 67302
 67252
 67193
 67161
 67129
 66995
 66945
 66864
 66717
 66666
 66591
 66554
 66369
 66364
 66360
 65989
 65422
 65394
 65102
 65097
 64988
 64965
 64792
 64737
 64695
 64550
 64469
 64350
 64308
 64229
 64079
 64074
 64040
 63809
 63808
 63801
 63750
 63485
 63465
 63333
 63226
 63004
 63002
 63000
 62899
 62717
 62540
 62493
 62485
 62456
 62448
 62376
 62367
 62293
 62155
 62023
 61967
 61814
 61757
 61618
 61584
 61510
 61438
 61437
 61413
 61170
 61068
 61056
 60816
 60659
 60560
 60552
 60450
 60319
 60106
 59979
 59886
 59706
 59614
 59613
 59601
 59506
 59422
 59350
 59270
 59167
 59143
 59018
 59007
 58856
 58714
 58665
 58655
 58615
 58606
 58581
 58397
 58128
 58037
 58017
 57879
 57872
 57678
 57577
 57516
 57395
 57359
 57163
 57090
 57061
 57020
 56976
 56924
 56871
 56802
 56761
 56733
 56623
 56560
 56548
 56521
 56301
 56184
 56176
 56158
 56022
 55968
 55907
 55812
 55753
 55524
 55486
 55467
 55404
 55317
 55236
 54887
 54878
 54768
 54613
 54576
 54572
 54545
 54413
 54352
 54330
 54256
 54211
 54184
 54125
 54094
 53866
 53846
 53691
 53536
 53168
 52843
 52828
 52802
 52673
 52512
 52500
 52406
 52283
 52253
 52135
 51985
 51853
 51802
 51801
 51177
 51038
 50648
 50629
 50625
 50101
 50000
 49962
 49870
 49647
 49637
 49623
 49611
 49541
 49374
 49299
 49018
 48989
 48745
 48612
 48415
 48357
 48287
 48150
 48095
 48071
 48058
 47944
 47884
 47825
 47806
 47559
 47445
 47427
 47338
 47335
 47286
 47110
 46967
 46874
 46808
 46736
 46583
 46360
 46327
 46297
 46209
 45981
 45961
 45891
 45767
 45555
 45441
 45438
 45398
 45376
 45320
 45289
 45242
 44961
 44742
 44734
 44557
 44542
 44479
 44365
 44330
 43871
 43792
 43783
 43494
 43346
 43340
 43310
 43287
 43113
 42872
 42468
 42441
 42258
 42230
 42216
 42203
 42140
 42028
 41978
 41854
 41610
 41586
 41528
 41490
 41265
 41254
 41066
 41059
 41039
 40985
 40981
 40955
 40836
 40707
 40609
 40577
 40549
 40519
 40319
 40237
 40210
 40182
 40032
 39932
 39809
 39780
 39737
 39439
 39267
 39264
 39219
 39017
 38897
 38853
 38831
 38764
 38433
 38329
 38222
 38067
 38017
 37976
 37974
 37795
 37692
 37686
 37565
 37507
 37323
 37309
 37283
 37172
 37099
 37088
 37081
 37053
 36944
 36872
 36732
 36709
 36553
 36301
 36286
 36230
 35992
 35927
 35850
 35639
 35423
 35412
 35310
 35254
 35153
 35048
 34957
 34659
 34645
 34622
 34588
 34492
 34486
 34473
 34438
 34345
 34122
 34102
 34040
 34015
 33732
 33480
 33402
 33130
 32907
 32853
 32843
 32839
 32724
 32681
 32650
 32489
 32011
 31968
 31943
 31818
 31800
 31596
 31511
 31439
 31384
 31347
 31255
 31174
 30943
 30933
 30877
 30735
 30718
 30590
 30583
 30553
 30451
 30370
 30357
 30258
 30243
 29947
 29821
 29511
 29428
 29253
 29200
 29142
 28889
 28865
 28775
 28614
 28532
 28512
 28331
 27839
 27741
 27696
 27533
 27414
 27151
 27127
 27000
 26980
 26815
 26759
 26593
 26550
 26384
 26369
 26115
 26071
 26022
 25999
 25887
 25839
 25757
 25551
 25543
 25399
 25350
 25269
 25171
 24987
 24935
 24663
 24501
 24446
 24379
 24126
 23999
 23951
 23922
 23893
 23892
 23857
 23811
 23498
 23441
 23418
 23375
 23234
 23188
 22903
 22894
 22854
 22727
 22691
 22585
 22552
 22443
 22388
 22237
 22230
 22174
 22119
 21734
 21571
 21406
 21392
 21201
 21195
 21077
 20906
 20885
 20254
 20153
 20143
 20097
 20064
 19793
 19711
 19643
 19546
 19512
 19485
 19413
 19187
 19039
 18939
 18845
 18809
 18656
 18636
 18544
 18460
 18385
 18347
 18264
 18248
 17981
 17965
 17813
 17735
 17665
 17518
 17504
 17493
 17200
 17169
 17074
 17015
 17011
 16868
 16693
 16611
 16543
 16509
 16493
 16285
 16140
 16059
 16021
 15932
 15790
 15786
 15719
 15625
 15517
 15422
 15256
 15236
 14732
 14567
 14385
 14329
 14316
 13975
 13958
 13737
 13725
 13607
 13541
 13497
 13475
 13303
 13285
 13255
 13213
 13173
 13055
 12857
 12771
 12751
 12693
 12617
 12508
 11747
 11686
 11670
 11643
 11598
 11403
 11331
 11222
 11101
 10980
 10924
 10855
 10837
 10693
 10561
 10547
 10545
 10273
 10262
 10093
 9851
 9820
 9715
 9594
 9587
 9537
 9467
 9441
 9437
 8959
 8943
 8803
 8689
 8486
 8408
 8333
 8302
 8301
 8004
 7791
 7602
 7449
 7271
 7261
 7202
 7095
 7039
 7022
 6976
 6770
 6715
 6703
 6700
 6531
 6491
 6486
 6379
 6337
 6092
 6078
 5598
 5521
 5480
 5288
 5172
 5070
 4721
 4615
 4458
 4395
 4262
 3988
 3676
 3515
 3459
 3308
 3224
 3139
 2971
 2761
 2717
 2706
 2682
 2613
 2597
 2592
 2421
 2350
 2327
 2226
 2190
 2141
 2084
 1933
 1904
 1768
 1716
 1550
 1482
 1475
 1339
 1271
 1184
 1053
 1043
 978
 932
 803
 702
 616
 613
 416
 392
 365
 216
 128
 64
 