99961
 99743
 99642
 99632
 99593
 99390
 99389
 99280
 99247
 99188
 98819
 98818
 98684
 98582
 98271
 97945
 97769
 97739
 97509
 97487
 97343
 97118
 97072
 97064
 97049
 97036
 96897
 96801
 96737
 96684
 96595
 96450
 96232
 96211
 96207
 96159
 96064
 95903
 95755
 95724
 95642
 95589
 95474
 95381
 95126
 95101
 94954
 94937
 94917
 94843
 94709
 94577
 94554
 94550
 94517
 94454
 94437
 94235
 94098
 94061
 93994
 93796
 93789
 93782
 93734
 93663
 93323
 93117
 93045
 92984
 92963
 92912
 92841
 92626
 92614
 92537
 92317
 92289
 92226
 92221
 92205
 92141
 92086
 92084
 92034
 91914
 91900
 91783
 91690
 91443
 91419
 91232
 91185
 90757
 90677
 90347
 90251
 90195
 90116
 90005
 89940
 89850
 89835
 89831
 89768
 89752
 89672
 89660
 89507
 89469
 89325
 89211
 89204
 89051
 88970
 88861
 88719
 88519
 88515
 88347
 88156
 88143
 88114
 88074
 87723
 87629
 87532
 87504
 87492
 87468
 87289
 87274
 87225
 87179
 87089
 87085
 87082
 87001
 86837
 86670
 86569
 86360
 85956
 85830
 85746
 85711
 85609
 85594
 85547
 85533
 85436
 85261
 85214
 85113
 85071
 85048
 84947
 84871
 84800
 84371
 84282
 84247
 84241
 84177
 83959
 83716
 83555
 83309
 83275
 83184
 83029
 82945
 82859
 82447
 82232
 82189
 82070
 81971
 81968
 81963
 81844
 81826
 81756
 81748
 81428
 81307
 81148
 81110
 80915
 80896
 80825
 80753
 80716
 80587
 80516
 80507
 80358
 80341
 80208
 80102
 80101
 80080
 80000
 79888
 79840
 79838
 79797
 79652
 79552
 79527
 79505
 79293
 79040
 78865
 78822
 78796
 78545
 78513
 78260
 78208
 78201
 78138
 78091
 78075
 77999
 77988
 77931
 77908
 77902
 77447
 77310
 76997
 76861
 76672
 76623
 76583
 76454
 76371
 76305
 76285
 76241
 76235
 76162
 76099
 76071
 76015
 75903
 75831
 75700
 75621
 75599
 75317
 75313
 75046
 75033
 74907
 74901
 74734
 74534
 74158
 73943
 73907
 73893
 73739
 73669
 73647
 73636
 73586
 73488
 73469
 73423
 73411
 73398
 73327
 73239
 73078
 72894
 72858
 72697
 72287
 72169
 72154
 72093
 71938
 71904
 71865
 71757
 71704
 71625
 71530
 71481
 71373
 71200
 71186
 71078
 71059
 70940
 70816
 70723
 70432
 70354
 69963
 69833
 69782
 69698
 69520
 69409
 69399
 69113
 69074
 69043
 69037
 68970
 68957
 68865
 68776
 68666
 68567
 68474
 68385
 68220
 68173
 68035
 68012
 68000
 67964
 67548
 67532
 67436
 67422
 67147
 66963
 66868
 66686
 66682
 66666
 66526
 66183
 66094
 65964
 65938
 65892
 65840
 65827
 65805
 65720
 65548
 65280
 65075
 65047
 64956
 64616
 64493
 64309
 64220
 64137
 64111
 63983
 63934
 63929
 63907
 63601
 63517
 63385
 63239
 63232
 63094
 63077
 62815
 62753
 62704
 62685
 62664
 62648
 62552
 62414
 62410
 62385
 62306
 62302
 62272
 62239
 62230
 62131
 62071
 62060
 62057
 62040
 62031
 62026
 61969
 61902
 61857
 61830
 61671
 61643
 61544
 61469
 61421
 61305
 61081
 60926
 60883
 60864
 60401
 60282
 60161
 59961
 59701
 59484
 59341
 59197
 59128
 59123
 59114
 59113
 58651
 58484
 58472
 58431
 58406
 58373
 58350
 58318
 58158
 58121
 58096
 58024
 57942
 57862
 57759
 57708
 57542
 57541
 57531
 57523
 57492
 57429
 57216
 57092
 57017
 57004
 56871
 56847
 56830
 56694
 56530
 56452
 56418
 56378
 56309
 56083
 56069
 56019
 55781
 55562
 55427
 55284
 55274
 55208
 55187
 55157
 55043
 54931
 54866
 54777
 54754
 54370
 54331
 54117
 54053
 53932
 53552
 53536
 53370
 53280
 52906
 52861
 52793
 52724
 52645
 52613
 52551
 52530
 52472
 52429
 52348
 51885
 51868
 51766
 51699
 51571
 51432
 51398
 51100
 51025
 50982
 50770
 50762
 50707
 50647
 50531
 50418
 50371
 50366
 50362
 50199
 50161
 49818
 49816
 49795
 49734
 49695
 49662
 49550
 49472
 49255
 49171
 49095
 48917
 48876
 48783
 48539
 48129
 48087
 48018
 48014
 47912
 47902
 47862
 47817
 47713
 47685
 47670
 47588
 47412
 47292
 47221
 47168
 47154
 47089
 47040
 47003
 46992
 46784
 46759
 46665
 46585
 46553
 46234
 46004
 45847
 45791
 45650
 45636
 45309
 45189
 44920
 44867
 44831
 44645
 44485
 44408
 44407
 44355
 44336
 44294
 44250
 44231
 44143
 44138
 44089
 44004
 43941
 43922
 43870
 43523
 43510
 43449
 43435
 43217
 43152
 42929
 42789
 42621
 42519
 42203
 41991
 41815
 41814
 41723
 41716
 41555
 41475
 41168
 40993
 40953
 40934
 40930
 40919
 40717
 40700
 40668
 40557
 40556
 40498
 40455
 40306
 40284
 39914
 39840
 39838
 39587
 39374
 39306
 39088
 39048
 39036
 38910
 38611
 38589
 38576
 38569
 38461
 38390
 38382
 38279
 38088
 37976
 37784
 37666
 37637
 37558
 37547
 37483
 37457
 37328
 37237
 37214
 36542
 36221
 36180
 36100
 35944
 35829
 35740
 35530
 35516
 35426
 35210
 35061
 34966
 34727
 34627
 34474
 34380
 34356
 34144
 34124
 33925
 33921
 33664
 33568
 33469
 33347
 33265
 33203
 33080
 32999
 32898
 32835
 32684
 32678
 32604
 32424
 32230
 32211
 32119
 32080
 32056
 31946
 31887
 31615
 31385
 31327
 31222
 31205
 31164
 31117
 30998
 30993
 30985
 30883
 30810
 30535
 30390
 30326
 30288
 30277
 30204
 30155
 30018
 29936
 29927
 29862
 29857
 29617
 29364
 29056
 28750
 28629
 28419
 28394
 28235
 28089
 27831
 27810
 27773
 27666
 27453
 27179
 27171
 27110
 26953
 26858
 26817
 26674
 26580
 26533
 26384
 26295
 26262
 26202
 26168
 26147
 25973
 25724
 25513
 25474
 25370
 25368
 25310
 25304
 25247
 25194
 25141
 25103
 24806
 24631
 24307
 24302
 24079
 23941
 23936
 23898
 23855
 23788
 23747
 23669
 23611
 23596
 23569
 23562
 23537
 23487
 22995
 22990
 22889
 22851
 22803
 22708
 22696
 22607
 22575
 22392
 22312
 22246
 22130
 22039
 21858
 21857
 21742
 21497
 21430
 21284
 21184
 21079
 20752
 20732
 20646
 20636
 20563
 20218
 20009
 19893
 19790
 19776
 19554
 19425
 19365
 19356
 19253
 19179
 19166
 19076
 19043
 19038
 19034
 19000
 18973
 18783
 18734
 18630
 18361
 18277
 18080
 18053
 18016
 17862
 17820
 17816
 17797
 17745
 17672
 17554
 17436
 17420
 17263
 17250
 16997
 16992
 16930
 16822
 16675
 16669
 16256
 16090
 16057
 16043
 16006
 15906
 15834
 15822
 15523
 15509
 15473
 15435
 15414
 15373
 15049
 14922
 14861
 14818
 14514
 14409
 14321
 14120
 14047
 14035
 13990
 13823
 13590
 13566
 13554
 13459
 13434
 13414
 13394
 13369
 13253
 13252
 13162
 13120
 12684
 12468
 12152
 12053
 11996
 11902
 11723
 11714
 11414
 11390
 11375
 11238
 11205
 11147
 11139
 11065
 10778
 10668
 10652
 10484
 10464
 10455
 10382
 10344
 10286
 10219
 9956
 9924
 9672
 9590
 9487
 9392
 9321
 9245
 9218
 9162
 9131
 9084
 9054
 9051
 8695
 8641
 8586
 8552
 8324
 8111
 8052
 8017
 7947
 7799
 7740
 7737
 7598
 7593
 7021
 7002
 6997
 6976
 6904
 6872
 6818
 6718
 6494
 6461
 6425
 6393
 6126
 6065
 5943
 5889
 5833
 5706
 5692
 5656
 5602
 5480
 5460
 5422
 5393
 5361
 5069
 4620
 4587
 4496
 4399
 4385
 4320
 4280
 4158
 4031
 3959
 3914
 3870
 3396
 3365
 3332
 3270
 3159
 2647
 2576
 2347
 2266
 2181
 2093
 1984
 1826
 1733
 1580
 1507
 1506
 1449
 1426
 1404
 1394
 1169
 1116
 1087
 667
 640
 464
 460
 233
 225
 176
 149
 23
 0
 