99689
 99405
 99301
 99229
 98784
 98706
 98593
 98382
 98198
 97894
 97634
 97317
 97076
 96753
 96477
 96292
 96227
 96120
 95998
 95861
 95639
 95415
 95285
 95137
 94989
 94736
 94649
 94351
 94144
 93941
 93787
 93433
 93321
 93227
 93066
 92990
 92579
 92402
 92352
 92306
 92064
 91744
 91368
 91063
 90962
 90452
 90349
 90179
 90108
 89792
 89760
 89694
 89555
 89424
 89276
 89137
 88543
 88520
 88420
 87655
 87567
 87144
 87090
 86909
 86708
 86666
 86574
 86516
 86387
 86330
 86123
 85915
 85734
 85262
 85015
 84940
 84881
 84790
 84527
 84434
 84403
 84234
 83918
 83805
 83716
 83526
 83452
 83377
 83071
 82731
 82295
 82121
 81974
 81720
 81525
 81108
 81083
 80926
 80891
 80816
 80665
 80492
 80291
 80068
 79586
 79116
 78765
 78553
 78439
 78002
 77911
 77810
 77719
 77542
 77317
 77261
 77047
 76927
 76732
 76526
 76462
 76180
 76073
 75809
 75489
 75353
 75059
 74641
 74375
 74049
 73862
 73481
 73321
 73028
 72833
 72650
 72441
 72173
 71834
 71803
 71790
 71616
 71516
 71428
 71274
 71113
 70966
 70660
 70573
 69784
 69619
 69458
 69286
 69050
 68709
 68630
 68407
 68264
 67980
 67735
 67565
 67360
 67224
 67088
 66917
 66686
 66244
 65961
 65380
 65351
 65202
 64519
 64401
 64224
 63848
 63250
 63078
 62843
 62815
 62522
 62333
 62062
 61709
 61548
 61462
 61166
 61122
 60743
 60506
 60291
 60191
 60010
 59884
 59468
 59368
 59212
 59097
 59090
 58945
 58746
 58344
 58241
 57997
 57946
 57891
 57428
 57209
 57055
 56834
 56732
 56569
 56519
 56436
 56124
 56092
 55810
 55731
 55569
 55456
 55273
 55241
 55192
 55084
 54984
 54903
 54756
 54342
 54279
 53947
 53749
 53477
 53232
 52963
 52911
 52782
 52678
 52521
 52297
 51992
 51872
 51762
 51678
 51553
 51474
 51130
 50834
 50718
 50446
 50386
 50016
 49589
 49328
 49247
 48882
 48749
 48381
 48022
 47525
 47502
 47255
 47202
 47103
 47064
 46982
 46886
 46783
 46678
 46507
 46236
 46189
 46170
 45497
 45207
 45054
 44947
 44884
 44714
 44572
 44431
 44086
 43940
 43643
 43374
 43321
 43191
 43039
 42870
 42634
 42519
 42342
 41787
 41627
 41426
 41384
 41007
 40799
 40688
 40582
 40538
 40375
 40356
 40271
 40062
 39899
 39675
 39503
 39347
 39198
 39107
 38986
 38834
 38704
 38463
 38382
 38062
 37894
 37816
 37606
 37178
 36779
 36664
 36451
 36290
 36077
 36029
 35594
 35414
 35240
 34983
 34285
 34008
 33843
 33395
 33114
 32996
 32454
 31698
 31607
 31578
 31552
 31308
 31096
 30793
 29715
 29492
 29296
 29054
 28949
 28854
 28528
 28434
 28289
 27757
 27620
 27051
 26978
 26865
 26773
 26545
 26271
 25976
 25756
 25492
 25019
 24804
 24616
 24290
 24054
 23973
 23786
 23409
 23100
 23073
 22804
 22693
 22624
 22497
 22186
 22162
 21990
 21866
 21802
 21368
 20843
 20771
 20701
 20538
 20489
 20276
 20113
 19851
 19618
 19522
 19362
 19025
 18664
 18469
 18452
 17944
 17647
 17541
 17347
 17021
 16924
 16781
 16565
 16487
 16410
 16297
 15950
 15779
 15698
 15534
 15288
 15181
 15027
 15000
 14988
 14785
 14719
 14634
 14511
 14337
 13754
 13671
 13642
 13486
 13330
 13167
 12961
 12945
 12726
 12510
 12313
 12123
 12062
 11813
 11631
 11443
 11068
 10937
 10902
 10776
 10632
 10464
 10241
 10166
 10031
 10003
 9925
 9856
 9729
 9598
 9073
 8833
 8650
 8457
 8433
 8291
 8067
 7859
 7811
 7490
 7287
 7148
 6781
 6513
 6290
 6235
 5930
 5799
 5200
 5112
 5053
 4677
 4461
 4439
 4429
 4318
 4018
 3690
 3532
 3169
 2943
 2670
 2377
 1932
 1603
 1381
 1125
 1103
 1017
 954
 721
 388
 258
 153
 94
 0
 0
 53
 129
 254
 353
 561
 776
 1009
 1030
 1114
 1136
 1388
 1905
 2353
 2645
 2880
 3013
 3280
 3630
 3852
 4298
 4394
 4429
 4442
 4487
 5005
 5063
 5154
 5452
 5900
 6044
 6246
 6404
 6780
 7130
 7209
 7383
 7583
 7843
 7920
 8228
 8343
 8444
 8498
 8661
 8933
 9430
 9621
 9836
 9899
 9946
 10023
 10140
 10237
 10343
 10489
 10727
 10810
 10914
 10973
 11161
 11544
 11682
 11834
 12078
 12294
 12320
 12542
 12906
 12949
 13084
 13232
 13400
 13604
 13643
 13724
 14031
 14446
 14538
 14698
 14769
 14814
 14995
 15001
 15061
 15218
 15355
 15658
 15737
 15901
 15980
 16309
 16459
 16556
 16697
 16872
 16926
 17189
 17401
 17598
 17688
 17953
 18460
 18481
 18954
 19089
 19446
 19524
 19659
 20028
 20253
 20444
 20516
 20650
 20748
 20807
 20869
 21517
 21804
 21942
 22045
 22177
 22489
 22499
 22666
 22802
 22949
 23075
 23210
 23538
 23821
 23975
 24169
 24333
 24660
 24953
 25311
 25587
 25797
 26019
 26428
 26620
 26799
 26908
 27020
 27228
 27678
 27997
 28296
 28465
 28714
 28933
 28978
 29073
 29463
 29614
 30052
 30807
 31103
 31401
 31572
 31593
 31655
 32193
 32977
 33073
 33361
 33441
 33983
 34093
 34323
 35018
 35412
 35518
 35633
 36073
 36197
 36374
 36580
 36772
 37022
 37264
 37649
 37894
 37982
 38071
 38430
 38644
 38743
 38983
 39091
 39136
 39220
 39499
 39524
 39850
 40057
 40251
 40354
 40361
 40380
 40560
 40591
 40770
 40819
 41366
 41408
 41595
 41706
 41864
 42408
 42587
 42706
 43023
 43166
 43201
 43343
 43598
 43813
 44078
 44115
 44497
 44573
 44833
 44902
 45026
 45139
 45488
 45845
 46178
 46219
 46363
 46519
 46717
 46791
 46972
 47063
 47086
 47149
 47216
 47474
 47504
 47892
 48206
 48661
 48806
 48921
 49287
 49374
 49886
 50245
 50398
 50709
 50764
 50928
 51383
 51521
 51557
 51711
 51781
 51882
 52173
 52314
 52614
 52682
 52822
 52941
 53124
 53476
 53585
 53815
 54107
 54312
 54715
 54849
 54927
 55043
 55118
 55211
 55256
 55287
 55532
 55713
 55768
 56033
 56096
 56250
 56450
 56567
 56647
 56735
 56972
 57155
 57362
 57525
 57939
 57966
 58017
 58320
 58670
 58748
 58972
 59090
 59132
 59364
 59416
 59683
 60000
 60015
 60266
 60308
 60672
 60993
 61152
 61303
 61543
 61600
 62048
 62225
 62518
 62790
 62842
 62896
 63229
 63760
 64124
 64290
 64502
 65043
 65285
 65365
 65581
 66026
 66268
 66819
 67083
 67151
 67272
 67491
 67718
 67820
 68117
 68292
 68548
 68682
 68779
 69188
 69441
 69570
 69700
 70370
 70635
 70949
 71057
 71122
 71419
 71480
 71588
 71781
 71794
 71822
 71978
 72217
 72575
 72816
 72903
 73270
 73480
 73796
 73962
 74294
 74382
 74656
 75353
 75426
 75794
 75993
 76103
 76294
 76519
 76550
 76798
 76934
 77107
 77289
 77402
 77626
 77772
 77848
 77956
 78100
 78474
 78685
 78929
 79504
 80000
 80256
 80458
 80601
 80688
 80879
 80895
 81077
 81096
 81275
 81654
 81720
 81980
 82236
 82677
 82935
 83361
 83396
 83469
 83592
 83776
 83807
 84108
 84335
 84415
 84508
 84625
 84872
 84936
 84981
 85135
 85471
 85912
 86064
 86266
 86374
 86496
 86538
 86601
 86696
 86882
 87032
 87093
 87409
 87632
 88172
 88462
 88536
 88651
 89209
 89291
 89466
 89661
 89757
 89776
 90077
 90144
 90341
 90369
 90770
 91061
 91063
 91567
 91865
 92237
 92313
 92385
 92517
 92892
 93006
 93227
 93281
 93433
 93529
 93836
 93988
 94266
 94439
 94668
 94916
 95058
 95240
 95324
 95471
 95823
 95947
 96038
 96204
 96240
 96365
 96621
 96814
 97123
 97623
 97877
 98047
 98343
 98524
 98663
 98760
 98927
 99287
 99353
 99672
 99879
 99897
 