999736
 999656
 999635
 999541
 999135
 999053
 998899
 998817
 998709
 998511
 997926
 997672
 997600
 997514
 997259
 996975
 996636
 996115
 996023
 995752
 995344
 994883
 994784
 994671
 994328
 993883
 993798
 993669
 993408
 993221
 992932
 992796
 992610
 992357
 992319
 992259
 991999
 991798
 991603
 991418
 991226
 990997
 990860
 990819
 990520
 990465
 990365
 990217
 989898
 989577
 989536
 989135
 989067
 989048
 988791
 988533
 987927
 987868
 987603
 987396
 987255
 987089
 987032
 986882
 986762
 986493
 986252
 986029
 985853
 985835
 985739
 985622
 985578
 985309
 984932
 984687
 984552
 984407
 984239
 984192
 984065
 984018
 983836
 983697
 983594
 983443
 983377
 982950
 982805
 982680
 982456
 982302
 982241
 981886
 981818
 981267
 981195
 980977
 980843
 980725
 980574
 980384
 980181
 980003
 979964
 979801
 979286
 979079
 978798
 978404
 978088
 978068
 977976
 977941
 977885
 977599
 977492
 977289
 977161
 977083
 977010
 976947
 976853
 976710
 976470
 976227
 976175
 976043
 975804
 975729
 975529
 975355
 975216
 974999
 974786
 974710
 974702
 974610
 974550
 974358
 974218
 973625
 973353
 973269
 973000
 972931
 972884
 972443
 972327
 972231
 972154
 971867
 971818
 971774
 971686
 971556
 971313
 971279
 971123
 970553
 970330
 970030
 969905
 969690
 969667
 969298
 969211
 969164
 969063
 968782
 968542
 968366
 968126
 968051
 967663
 967524
 967435
 967387
 967254
 966740
 966653
 966599
 966037
 965957
 965600
 965438
 965397
 965161
 964855
 964723
 964593
 964428
 964339
 964032
 963799
 963755
 963551
 963261
 963016
 962793
 962552
 962354
 962323
 961670
 961455
 960978
 960809
 960802
 960662
 960586
 960377
 960112
 959999
 959875
 959311
 959247
 958896
 958600
 958525
 958371
 958161
 957894
 957721
 957154
 957038
 956739
 956521
 956068
 955770
 955493
 955314
 954799
 954710
 954504
 954377
 953870
 953716
 953628
 953445
 953309
 953120
 953041
 952996
 952786
 952534
 952058
 951897
 951641
 951595
 951362
 951075
 950861
 950738
 950404
 950118
 949948
 949863
 949640
 949367
 949303
 949048
 948779
 948596
 948439
 948260
 947747
 947500
 947459
 947331
 947275
 947203
 946892
 946670
 946512
 946236
 945895
 945812
 945602
 945454
 945265
 945011
 944612
 944391
 944105
 943909
 943892
 943738
 943568
 943520
 943286
 943191
 943080
 942925
 942857
 942582
 942470
 942336
 942133
 941932
 941873
 941769
 941520
 941438
 941355
 941343
 941224
 941139
 941123
 941021
 940498
 940307
 940161
 939939
 939742
 939585
 939461
 939165
 938434
 938193
 938148
 938005
 937813
 937694
 937601
 937309
 937147
 936711
 936305
 936170
 936057
 936010
 935849
 935764
 935470
 935196
 934994
 934358
 934158
 933990
 933695
 933649
 933314
 933221
 932960
 932745
 932015
 931927
 931764
 931703
 931313
 930960
 930763
 930687
 930496
 930341
 930306
 930184
 930113
 930043
 929896
 929577
 929466
 929228
 929146
 929086
 928980
 928842
 928592
 928461
 928208
 928030
 927707
 927408
 927308
 927015
 926648
 926615
 926507
 926394
 926264
 926199
 925976
 925572
 925336
 924822
 924651
 924486
 924358
 924321
 924275
 924019
 923416
 922857
 922397
 922272
 921847
 921739
 921558
 921338
 921221
 920930
 920690
 920344
 920172
 920060
 919576
 919472
 919263
 919130
 918800
 918708
 918638
 918038
 917683
 917661
 917329
 916911
 916891
 916631
 916541
 916524
 916427
 916196
 915997
 915662
 915631
 915352
 915237
 915201
 915195
 915026
 914959
 914774
 914613
 914285
 914161
 914078
 913950
 913539
 913125
 913085
 912754
 912472
 912306
 911927
 911787
 911675
 911358
 911288
 911089
 911025
 910937
 910864
 910835
 910581
 910522
 910423
 910387
 910300
 910159
 910036
 910017
 909799
 909777
 909681
 909566
 909424
 909399
 909260
 908814
 908664
 908556
 908347
 908330
 908121
 907824
 907760
 907541
 907044
 906954
 906904
 906767
 906495
 906224
 905927
 905745
 905535
 905107
 905064
 904939
 904761
 904531
 903936
 903768
 903517
 903498
 903314
 902988
 902785
 902711
 902522
 902262
 902061
 901926
 901744
 901579
 901472
 901378
 901193
 901033
 900964
 900887
 900381
 900213
 899867
 899713
 899652
 899318
 899208
 899004
 898707
 898508
 898090
 898006
 897693
 897370
 897176
 896834
 896150
 895802
 895679
 895332
 895111
 894920
 894859
 894560
 894409
 894375
 893897
 893443
 893297
 892988
 892458
 892128
 892072
 891769
 891454
 891246
 891107
 890844
 890788
 890387
 890262
 889999
 889880
 889783
 889699
 889646
 889493
 888994
 888876
 888575
 888391
 888242
 887873
 887801
 887396
 886817
 886612
 886505
 886399
 886234
 885927
 885726
 885486
 885459
 884884
 884813
 884395
 884289
 884039
 883720
 883576
 883485
 883361
 883321
 882897
 882874
 882798
 882656
 882544
 882391
 882177
 882095
 881970
 881894
 881824
 881731
 881635
 881360
 881250
 880886
 880723
 880349
 879720
 879712
 879611
 879418
 879287
 878923
 878787
 878592
 878527
 878321
 878172
 878139
 877932
 877852
 877750
 877310
 876838
 876661
 876470
 876333
 876237
 876190
 876100
 875928
 875853
 875739
 875432
 875196
 875074
 874784
 874439
 874218
 874116
 873949
 873594
 873285
 873169
 873103
 872840
 872659
 872560
 872431
 872371
 872245
 872030
 871949
 871931
 871896
 871698
 871172
 870967
 870830
 870686
 870551
 870445
 870272
 870191
 870131
 870026
 869977
 869797
 869688
 869298
 869164
 869019
 869004
 868894
 868769
 868722
 868537
 868217
 868001
 867753
 867515
 866855
 866530
 865999
 865858
 865667
 865261
 865208
 864948
 864929
 864830
 864596
 864430
 863848
 863462
 863258
 862911
 862625
 862404
 862208
 862015
 861777
 861538
 861481
 861454
 861360
 860964
 860837
 860801
 860596
 860323
 860205
 860115
 859936
 859870
 859751
 859485
 859429
 859091
 858952
 858614
 858319
 858055
 857900
 857806
 857395
 857179
 857105
 856783
 856731
 856527
 856428
 855879
 855857
 855706
 855600
 855483
 855201
 854969
 854542
 854160
 853987
 853894
 853771
 853518
 853420
 853370
 853281
 852712
 852358
 852248
 852104
 852054
 851971
 851896
 851768
 851571
 851494
 851332
 851063
 850971
 850804
 850710
 850601
 850473
 850392
 849860
 849769
 849650
 849608
 849599
 849576
 849421
 849387
 848739
 848533
 848448
 848253
 847794
 847684
 847414
 847190
 846833
 846072
 845772
 845614
 845184
 845063
 845048
 844877
 844748
 844183
 844118
 844044
 843953
 843361
 843090
 842918
 842860
 842599
 842460
 842290
 841811
 841651
 841586
 841568
 841394
 841269
 841222
 840876
 840463
 840275
 840170
 839980
 839784
 839737
 839516
 839357
 839253
 839201
 839166
 838982
 838965
 838718
 838049
 837934
 837578
 837209
 837099
 836882
 836302
 836126
 835970
 835616
 835282
 835046
 834816
 834665
 834618
 834030
 833705
 833637
 833538
 833410
 832959
 832738
 832654
 832598
 832306
 832208
 832111
 831980
 831955
 831721
 831654
 831484
 831387
 831188
 831083
 830928
 830917
 830769
 830311
 830188
 830103
 830058
 829762
 829627
 829326
 829187
 828914
 828778
 828655
 828348
 828074
 827893
 827586
 827542
 827344
 827103
 826820
 826784
 826501
 826060
 825904
 825698
 825593
 825152
 825036
 824911
 824883
 824508
 824268
 823872
 823805
 823529
 823379
 823048
 822961
 822897
 822843
 822597
 822490
 822451
 822242
 822072
 821922
 821786
 821582
 821111
 820857
 820717
 820441
 820368
 820051
 819978
 819865
 819662
 819469
 819134
 818949
 818321
 818255
 818181
 817945
 817707
 817683
 817609
 817600
 817467
 817219
 817133
 816802
 816675
 816298
 816108
 816049
 815784
 815657
 815402
 815340
 815295
 815189
 814990
 814859
 814639
 814358
 814338
 814169
 813753
 813339
 813283
 812922
 812793
 812610
 812556
 812297
 812099
 811965
 811868
 811761
 811709
 811446
 811402
 811263
 810951
 810593
 810339
 810228
 809976
 809836
 808924
 808516
 808314
 808242
 808184
 808120
 807896
 807818
 807761
 807556
 807497
 807486
 807246
 807156
 807131
 807082
 806914
 806749
 806618
 806347
 806310
 806218
 806048
 805940
 805519
 805325
 805076
 804994
 804652
 804607
 804265
 804100
 803816
 803677
 803553
 803081
 803007
 802946
 802823
 802756
 802436
 802253
 801839
 801763
 801553
 801034
 800968
 800931
 800888
 800681
 800554
 800202
 800053
 799999
 799664
 799561
 798965
 798902
 798678
 798631
 798563
 798488
 798313
 797933
 797765
 797555
 797427
 797232
 797010
 796758
 796560
 796466
 796244
 796231
 795978
 795850
 795650
 795558
 795419
 795340
 795247
 794887
 794823
 794540
 794135
 793650
 793539
 793272
 793226
 792936
 792861
 792648
 792592
 792526
 792416
 792382
 791730
 791678
 791583
 791489
 791363
 791078
 790966
 790884
 790826
 790568
 790458
 790333
 789976
 789946
 789909
 789505
 789359
 789223
 788979
 788914
 788757
 788581
 788398
 788316
 788301
 788093
 787998
 787770
 787492
 786771
 786640
 786617
 786516
 786412
 786223
 786135
 785960
 785676
 785625
 785180
 785057
 784791
 784527
 784421
 784244
 783999
 783813
 783661
 783561
 783483
 783417
 783258
 783027
 782855
 782469
 782038
 781916
 781727
 781554
 781430
 781272
 781091
 780766
 780399
 780198
 779863
 779650
 779313
 779229
 778993
 778777
 778625
 778517
 778445
 778260
 778091
 777850
 777730
 777693
 777576
 777459
 777411
 776860
 776677
 776549
 776349
 776278
 775674
 775622
 775562
 775455
 775343
 775095
 774761
 774353
 774303
 773927
 773864
 773552
 773360
 773221
 773205
 772727
 772427
 772335
 772118
 771976
 771869
 771775
 771468
 771374
 771081
 770878
 770645
 770546
 770348
 770185
 770015
 769648
 769593
 769438
 769176
 769041
 768630
 768543
 768362
 768163
 767866
 767805
 767754
 767478
 767315
 767212
 766947
 766942
 766240
 765872
 765160
 765074
 764973
 764378
 764248
 764237
 764064
 763616
 763360
 763323
 763157
 762623
 762610
 762346
 762081
 761467
 761286
 761080
 760805
 760608
 760529
 760257
 759965
 759442
 759343
 759161
 758966
 758769
 758677
 758408
 758327
 758239
 758150
 757733
 757507
 757454
 757417
 757227
 757080
 756895
 756831
 756566
 756543
 756057
 755949
 755803
 755624
 755555
 755113
 754516
 754472
 754102
 753959
 753890
 753809
 753749
 753474
 753297
 753035
 752655
 752368
 752253
 751867
 751729
 751601
 751278
 751241
 751079
 751049
 750940
 750917
 750637
 750151
 749955
 749648
 749225
 749034
 748824
 748234
 748026
 747784
 747569
 747533
 747047
 746799
 746601
 746562
 746413
 746321
 746031
 745955
 745383
 745017
 744518
 744281
 744117
 744091
 743909
 743589
 743445
 743395
 743357
 743209
 742816
 742634
 742346
 742079
 741852
 741780
 741697
 741315
 741286
 741081
 740758
 740686
 740219
 739919
 739652
 739303
 739170
 739059
 738862
 738779
 738649
 738120
 737782
 737587
 737523
 737315
 737252
 737190
 736985
 736842
 736625
 736404
 736197
 736108
 736095
 736006
 735970
 735795
 735751
 735600
 735456
 735312
 735193
 734786
 734682
 734643
 734545
 734296
 734064
 733788
 733333
 732965
 732589
 732184
 731961
 731868
 731771
 731455
 731396
 731301
 731204
 731155
 731024
 730937
 730808
 730733
 730393
 730181
 730105
 729902
 729766
 729405
 729186
 729113
 728749
 728530
 728373
 728359
 728318
 728093
 728083
 727664
 727321
 727066
 726901
 726633
 726479
 726413
 726132
 725941
 725842
 725765
 725659
 725578
 725299
 725061
 724956
 724866
 724842
 724637
 724562
 724434
 724325
 723792
 723309
 722982
 722890
 722665
 722184
 722062
 721989
 721809
 721490
 721372
 721052
 720608
 720477
 720417
 720225
 719849
 719642
 719507
 719001
 718910
 718750
 718582
 718355
 718120
 717910
 717829
 717795
 717767
 717650
 717377
 717175
 717011
 716729
 716703
 716640
 716614
 716448
 716227
 716060
 715700
 715601
 715562
 715322
 715183
 714915
 714713
 714643
 714199
 714084
 713929
 713642
 713518
 713441
 713233
 713111
 712997
 712988
 712912
 712554
 712168
 711997
 711605
 710916
 710556
 710518
 710511
 710348
 710191
 709889
 709547
 709537
 709221
 709079
 708534
 708331
 708309
 708078
 707936
 707791
 707604
 707205
 706782
 706492
 706471
 706228
 706046
 705977
 705882
 705746
 705713
 705670
 705605
 705413
 705293
 704945
 704783
 704620
 704459
 704384
 704310
 704277
 703970
 703789
 703667
 703408
 703020
 702878
 702702
 702552
 702321
 702140
 702037
 701906
 701778
 701176
 700938
 700772
 700683
 700401
 700324
 700202
 700167
 700029
 699568
 699457
 699391
 699039
 698907
 698694
 698481
 698384
 698244
 698205
 698077
 697864
 697781
 697645
 697526
 697408
 697220
 696901
 696805
 696757
 696715
 696531
 696483
 696446
 696341
 696247
 696142
 695817
 695696
 695604
 695251
 695115
 694922
 694690
 694563
 694506
 694454
 694365
 694298
 694108
 694014
 693740
 693434
 693026
 692858
 692827
 692605
 692550
 692307
 692120
 691990
 691725
 691434
 691272
 690821
 690543
 690489
 690301
 689976
 689701
 689632
 689320
 689222
 688840
 688364
 688241
 688030
 687914
 687589
 687559
 687362
 687356
 687262
 686962
 686826
 686448
 686184
 686076
 685541
 685393
 685197
 685164
 685111
 684782
 684609
 684258
 684174
 683935
 683836
 683555
 683204
 683052
 682545
 682361
 682307
 682223
 682159
 681442
 681318
 681107
 680970
 680679
 680550
 680260
 680120
 679874
 679498
 679362
 679093
 678890
 678707
 678638
 678580
 678441
 678084
 677929
 677791
 677484
 677396
 677315
 676977
 676628
 676270
 676117
 675870
 675675
 675565
 675370
 675029
 674937
 674795
 674444
 674209
 674193
 674048
 673720
 673469
 673246
 673050
 672837
 672651
 672514
 672320
 672115
 672005
 671850
 671414
 671105
 670957
 670538
 670375
 670308
 670141
 670027
 669854
 669557
 669470
 669406
 669253
 669057
 668717
 668373
 668100
 667907
 667820
 667590
 667554
 667188
 667135
 666872
 666718
 666465
 666251
 666018
 665977
 665614
 665585
 665524
 665501
 665466
 665036
 664959
 664733
 664202
 664091
 663872
 663560
 663017
 662625
 662301
 662212
 661932
 661725
 661579
 661027
 660937
 660737
 660396
 660153
 660030
 659906
 659843
 659687
 659618
 659047
 658736
 658559
 658017
 657923
 657825
 657712
 657370
 657252
 657205
 657084
 657002
 656698
 656587
 656194
 656040
 655913
 655589
 655511
 655125
 655020
 654933
 654828
 654695
 654545
 654093
 653946
 653757
 653495
 653392
 653074
 653054
 652826
 652651
 652416
 652065
 652028
 651933
 651685
 651597
 650936
 650749
 650563
 650424
 650415
 650268
 650112
 650082
 649832
 649606
 649370
 649298
 649065
 648907
 648754
 648743
 648508
 648369
 647966
 647599
 647419
 647396
 647331
 646872
 646667
 646512
 646099
 645907
 645731
 645385
 645265
 645114
 645030
 644738
 644516
 644361
 643888
 643484
 643399
 643305
 643247
 642793
 642529
 642384
 642157
 642034
 641886
 641859
 641489
 641441
 641360
 641215
 641161
 640653
 640341
 640066
 639722
 639453
 639191
 638928
 638757
 638638
 638494
 638176
 638044
 637480
 636963
 636821
 636586
 636197
 636032
 635883
 635744
 635576
 635436
 635354
 635020
 634915
 634394
 634217
 633978
 633811
 633689
 633516
 633461
 633180
 633059
 633015
 632767
 632719
 632431
 632373
 632031
 631954
 631748
 631553
 631426
 631196
 631125
 630999
 630601
 630326
 630177
 630014
 629773
 629726
 629629
 629447
 629308
 629201
 628979
 628902
 628795
 628741
 628644
 628589
 628146
 628059
 627990
 627828
 627761
 627611
 627244
 627082
 626870
 626804
 626722
 626391
 626253
 626141
 625998
 625945
 625835
 625324
 624897
 624703
 624195
 624035
 623933
 623787
 623424
 623394
 623188
 623062
 622975
 622855
 622474
 621764
 621616
 621430
 621261
 621193
 620641
 620493
 620271
 620178
 619969
 619902
 619551
 619113
 619065
 618978
 618938
 618722
 618593
 618549
 618454
 618281
 618111
 617822
 617254
 617021
 616833
 616745
 616426
 616228
 616099
 615805
 615551
 615178
 615124
 614973
 614720
 614466
 614202
 613761
 613691
 613418
 612932
 612571
 612415
 612073
 611995
 611744
 611591
 611408
 611324
 611292
 611022
 610674
 610632
 610326
 609846
 609708
 609602
 609427
 609410
 609252
 609227
 609049
 608514
 608323
 608147
 608028
 607871
 607773
 607639
 607393
 607139
 606956
 606652
 606563
 606507
 606292
 606261
 605577
 605362
 604925
 604698
 604662
 604374
 604232
 603867
 603821
 603701
 603677
 603603
 603453
 603415
 602954
 602774
 602675
 602426
 602254
 602139
 601589
 601335
 601272
 601193
 601085
 600956
 600751
 600345
 600237
 599456
 599339
 599116
 599029
 598949
 598623
 598310
 598174
 598040
 597874
 597779
 596927
 596491
 596337
 596169
 596140
 596046
 595918
 595620
 595585
 595469
 595419
 595348
 594421
 594155
 593964
 593908
 593634
 593543
 593161
 592900
 592757
 592448
 592262
 592018
 591836
 591785
 591658
 591484
 591099
 590962
 590748
 590665
 590597
 590461
 590351
 590267
 589989
 589671
 589576
 589395
 589327
 589278
 589034
 588876
 588789
 588674
 588433
 588243
 588191
 588131
 587834
 587502
 587496
 587032
 586922
 586757
 586515
 586434
 586360
 586206
 585962
 585939
 585737
 585683
 585520
 584945
 584891
 584626
 584577
 584390
 584376
 584127
 583975
 583911
 583513
 583333
 583267
 582703
 582356
 582140
 581945
 581844
 581569
 581471
 581373
 581230
 580873
 580626
 580404
 580249
 580232
 580059
 579805
 579487
 579375
 579238
 579143
 578947
 578690
 578618
 578370
 578301
 578027
 577907
 577825
 577707
 577538
 577415
 577296
 577272
 577075
 576968
 576912
 576785
 576502
 576336
 576218
 576092
 575875
 575594
 575342
 575250
 575133
 574979
 574928
 574717
 574252
 574120
 573961
 573822
 573549
 573319
 573222
 572792
 572649
 572307
 572246
 571810
 571647
 571593
 571428
 571169
 571012
 570681
 570415
 570320
 570312
 570270
 570114
 569648
 569255
 569206
 569110
 568848
 568609
 568320
 568147
 568015
 567815
 567738
 567146
 566892
 566630
 566544
 566442
 566341
 566145
 566065
 565873
 565543
 565228
 565011
 564896
 564749
 564694
 564373
 563616
 563128
 563012
 562898
 562757
 562326
 562289
 562131
 562070
 561971
 561793
 561719
 561666
 561205
 561065
 560696
 560509
 560291
 559981
 559698
 559566
 559282
 559197
 559130
 559055
 558988
 558720
 558537
 558473
 558337
 558123
 557951
 557853
 557753
 557376
 557254
 557102
 556701
 556593
 556476
 556311
 556204
 556068
 555966
 555705
 555637
 555383
 555194
 554956
 554732
 554482
 553935
 553699
 553403
 553240
 553052
 552948
 552890
 552554
 552527
 552238
 552215
 552147
 552031
 551636
 551587
 551229
 551163
 551020
 550852
 550742
 550433
 550163
 549943
 549711
 549601
 549329
 548971
 548788
 548479
 548376
 548279
 548008
 547719
 547561
 547153
 547082
 546888
 546669
 546359
 546319
 546184
 546154
 545699
 545673
 545640
 545454
 545344
 545073
 545009
 544577
 544539
 544217
 544105
 544080
 543686
 543468
 543262
 543052
 542997
 542696
 542576
 542446
 542255
 542200
 542039
 541840
 541778
 541656
 541497
 541149
 540932
 540732
 540255
 540166
 539746
 539489
 539438
 539028
 538880
 538592
 538504
 538366
 538026
 537054
 536959
 536864
 536345
 535915
 535732
 535368
 535191
 534842
 534787
 534699
 534570
 534116
 534032
 533678
 533509
 533432
 533296
 533064
 532631
 532527
 532218
 532166
 532058
 531885
 531591
 531295
 531217
 531131
 530886
 530869
 530647
 530592
 530546
 530291
 529963
 529780
 529616
 529271
 528634
 528428
 528124
 527760
 527312
 526992
 526816
 526671
 526202
 526090
 525866
 525801
 525678
 525577
 525552
 525518
 525479
 525401
 524814
 524573
 524460
 524235
 524206
 523916
 523796
 523660
 523426
 523326
 523127
 523053
 522935
 522683
 522105
 522024
 521401
 521306
 520920
 520878
 520503
 520462
 520302
 520150
 520074
 520025
 519953
 519800
 519591
 519379
 519185
 519050
 518924
 518535
 518122
 518014
 517919
 517758
 517615
 517493
 517382
 517068
 516749
 516470
 516279
 516171
 515820
 515764
 515719
 515520
 515375
 515318
 514970
 514917
 514765
 514635
 514211
 514167
 513944
 513558
 513322
 513133
 512907
 512676
 512555
 512181
 512006
 511934
 511649
 511551
 511455
 511251
 511138
 510927
 510835
 510776
 510541
 510381
 510104
 509881
 509639
 509578
 509255
 508994
 508626
 508492
 508417
 508273
 508160
 508096
 508057
 507813
 507750
 507649
 507600
 507384
 507200
 507131
 506716
 506425
 506267
 505996
 505832
 505758
 505715
 505087
 504985
 504769
 504730
 504343
 503986
 503862
 503713
 503678
 503422
 503090
 502707
 502349
 502193
 501760
 501654
 501639
 501320
 501165
 500885
 500728
 500577
 500469
 500078
 499938
 499627
 499436
 499343
 499228
 499148
 499077
 498855
 498680
 498519
 498356
 498094
 498034
 497706
 497603
 497524
 496816
 496191
 496143
 495966
 495869
 495417
 495183
 495000
 494779
 494530
 494238
 494191
 494028
 493520
 493474
 493287
 492716
 492565
 492535
 492227
 492160
 491687
 491364
 491221
 491003
 490850
 490789
 490630
 490566
 490257
 490158
 490010
 489946
 489599
 489495
 489429
 489144
 488897
 488870
 488669
 488621
 488476
 488271
 488202
 488048
 487754
 487710
 487442
 487367
 486917
 486699
 486607
 486507
 486306
 485756
 485602
 485494
 484975
 484911
 484825
 484531
 484364
 484058
 484044
 483870
 483817
 483606
 483439
 483048
 482968
 482900
 482605
 482410
 482112
 482017
 481685
 481260
 480750
 480615
 480112
 479999
 479888
 479744
 479477
 479258
 479222
 478617
 478496
 478454
 478433
 478164
 478061
 477850
 477620
 477521
 477374
 477310
 477234
 476839
 476624
 476586
 476518
 476279
 476009
 475974
 475712
 475472
 475210
 475053
 474727
 474576
 474527
 474516
 474232
 474128
 473551
 473527
 473484
 473396
 473143
 472928
 472781
 472677
 472591
 472508
 472018
 472000
 471790
 471623
 471349
 471172
 471032
 470755
 470406
 470225
 470128
 469701
 469607
 469601
 469355
 469229
 469120
 468930
 468874
 468783
 468455
 468257
 467995
 467774
 467438
 467091
 466769
 466487
 465888
 465784
 465734
 465680
 465667
 465560
 465363
 465198
 464828
 464670
 464633
 464614
 464516
 464219
 464126
 463954
 463778
 463595
 463505
 463236
 463218
 462922
 462857
 462757
 462395
 462325
 462171
 462078
 461761
 461447
 461323
 461126
 460679
 460388
 460321
 460248
 459854
 459739
 459653
 459591
 458772
 458578
 458386
 458126
 457676
 457575
 457208
 457079
 457013
 456755
 456455
 456368
 456147
 455902
 455719
 455652
 455311
 455255
 455193
 455092
 454951
 454804
 454419
 453980
 453834
 453213
 453159
 453034
 453016
 452829
 452240
 452070
 451925
 451633
 451052
 450920
 450746
 450486
 450340
 449812
 449704
 449405
 449248
 449181
 448788
 448729
 448615
 448275
 447865
 447792
 447607
 447482
 447407
 447383
 447289
 447130
 446712
 446615
 446360
 446283
 446004
 445824
 445790
 445300
 444701
 444627
 444535
 444091
 443901
 443629
 443432
 443232
 442996
 442930
 442584
 442384
 442321
 442013
 441812
 441581
 441257
 440828
 440700
 440386
 440291
 440166
 440072
 440008
 439899
 439593
 439429
 439347
 439216
 439111
 438940
 438879
 438788
 438503
 438253
 437564
 437407
 437074
 436969
 436893
 436697
 436618
 436526
 436102
 436064
 436033
 435908
 435796
 435351
 434937
 434782
 434628
 434576
 434437
 434329
 434299
 433944
 433852
 433812
 433668
 433553
 433337
 432947
 432745
 432432
 432356
 432002
 431923
 431876
 431530
 431264
 431072
 430833
 430656
 430598
 430571
 430521
 429951
 429787
 429752
 429583
 429477
 429460
 429294
 429227
 429041
 428660
 428448
 428160
 428044
 427899
 427238
 427073
 426930
 426852
 426727
 426592
 426480
 426364
 426062
 425790
 425140
 424935
 424762
 424739
 424552
 424438
 424342
 424167
 424148
 424056
 423892
 423497
 423378
 423003
 422802
 422626
 421785
 421696
 421506
 421342
 421091
 421031
 420841
 420637
 420526
 420399
 420038
 419787
 419495
 419423
 419288
 419250
 419141
 418917
 418824
 418696
 418352
 417699
 417489
 417406
 417100
 416892
 416826
 416481
 416319
 416260
 415976
 415500
 415338
 414885
 414756
 414558
 414472
 414451
 414352
 414146
 414095
 413741
 413663
 413456
 413023
 412847
 412424
 412243
 411827
 411764
 411567
 411536
 411185
 410879
 410672
 410463
 410272
 410174
 410071
 409970
 409794
 409604
 409438
 409244
 409177
 409014
 408732
 408332
 408247
 408027
 407797
 407608
 407532
 407197
 407121
 406829
 406737
 406566
 406267
 406139
 406030
 405926
 405680
 405435
 405266
 404995
 404764
 404493
 404458
 404291
 403857
 403829
 402929
 402780
 402446
 402083
 401955
 401930
 401523
 401466
 401459
 401150
 401085
 400876
 400503
 400082
 399999
 399620
 399610
 399487
 398800
 398388
 398063
 397764
 397721
 397683
 397459
 397318
 397117
 396984
 396787
 396649
 396590
 396417
 396247
 395730
 395638
 395383
 395348
 395204
 395061
 394952
 394686
 394481
 393968
 393565
 393369
 393197
 392695
 392292
 392213
 391997
 391940
 391823
 391768
 391376
 391103
 390920
 390629
 390248
 390136
 389884
 389854
 389708
 389523
 389438
 388860
 388727
 388248
 387833
 387793
 387736
 387495
 387434
 387262
 387200
 387155
 386817
 386708
 386500
 386418
 385915
 385490
 385182
 385105
 384946
 384817
 384615
 384531
 384319
 384036
 383542
 383331
 383075
 382938
 382718
 382662
 382554
 382326
 382282
 382077
 381945
 381805
 381521
 381375
 381181
 380963
 380852
 380746
 380692
 380416
 380379
 380156
 379722
 379698
 379640
 379580
 379498
 379409
 379286
 379073
 378984
 378569
 378138
 377950
 377704
 377281
 376920
 376753
 376701
 376508
 376499
 376310
 376269
 375958
 375782
 375427
 375414
 375319
 375125
 375013
 375000
 374844
 374561
 374358
 374290
 373708
 373552
 373285
 373112
 373000
 372972
 372714
 372670
 372412
 372290
 372202
 372093
 371819
 371284
 371248
 371172
 370741
 370390
 370105
 369981
 369893
 369617
 369253
 369117
 369036
 368883
 368761
 368696
 368303
 367925
 367699
 367453
 367372
 367299
 367077
 366879
 366609
 366436
 366184
 365924
 365751
 365635
 365451
 365320
 365301
 365037
 364902
 364854
 364806
 364536
 364455
 363951
 363819
 363761
 363558
 363528
 363473
 363263
 363186
 362864
 362816
 362650
 361824
 361750
 361730
 361339
 361211
 361127
 360995
 360887
 360782
 360678
 360577
 360497
 360344
 360080
 359974
 359733
 359207
 359167
 358993
 358689
 358644
 358408
 358208
 358117
 357812
 357740
 357586
 357366
 357196
 356842
 356659
 356530
 356399
 356272
 356229
 356039
 355854
 355353
 355096
 354857
 354735
 354508
 354372
 354333
 354145
 354047
 353831
 353712
 353449
 353029
 352972
 352824
 352793
 352399
 352201
 352036
 351900
 351685
 351527
 351418
 351351
 350957
 350810
 350782
 350609
 350501
 350402
 350342
 350220
 350000
 349622
 348857
 348289
 348212
 348068
 347694
 347336
 347036
 346881
 346623
 346548
 346340
 346030
 345885
 345765
 345226
 345100
 345019
 344827
 344742
 344197
 344061
 343993
 343572
 343491
 343404
 342926
 342810
 342440
 342163
 341969
 341703
 341439
 341385
 341119
 340769
 340529
 340479
 340425
 340337
 340323
 340021
 339648
 339582
 339239
 339073
 338449
 338268
 338246
 338072
 337746
 337729
 337568
 337433
 336945
 336822
 336682
 336568
 336311
 335961
 335875
 335671
 335570
 335453
 335389
 335166
 335015
 334653
 334374
 334132
 333991
 333911
 333802
 333333
 333149
 333059
 332795
 332464
 332323
 332227
 332097
 331738
 331583
 331315
 330802
 330757
 330655
 330376
 330076
 329900
 329770
 329650
 329470
 329363
 329240
 329144
 329061
 328907
 328083
 327982
 327949
 327790
 327365
 327202
 327140
 326940
 326756
 326563
 326361
 326206
 325917
 325815
 325724
 325581
 325302
 325002
 324675
 324564
 324434
 324322
 324308
 324111
 323684
 323580
 323426
 323331
 323247
 323105
 322971
 322920
 322729
 322542
 322326
 322127
 322056
 321935
 321895
 321806
 321537
 321432
 321167
 321020
 320810
 320518
 320443
 320085
 320014
 319691
 319428
 319212
 319062
 318986
 318824
 318477
 318364
 318246
 317931
 317556
 317460
 317378
 317307
 317303
 316623
 316509
 316290
 315926
 315605
 315463
 315093
 315000
 314465
 313992
 313608
 313588
 313345
 313323
 313092
 312818
 312666
 312465
 312460
 312414
 312236
 312141
 312090
 311700
 311408
 311236
 310875
 310706
 310534
 310328
 309895
 309599
 309498
 309463
 308943
 308626
 308368
 308036
 307890
 307698
 307445
 307298
 306772
 306698
 306529
 306133
 305959
 305834
 305543
 305389
 305120
 304736
 304399
 304236
 303983
 303914
 303863
 303783
 303670
 303462
 302880
 302850
 302730
 302682
 302564
 302295
 301969
 301931
 301779
 301677
 301515
 301302
 300869
 300770
 300546
 300461
 300167
 299967
 299930
 299663
 299574
 299407
 299216
 299177
 299080
 298982
 298871
 298701
 298502
 298196
 297816
 297691
 297336
 296943
 296538
 296416
 296305
 296218
 295827
 295792
 295443
 295222
 294881
 294850
 294792
 294605
 294329
 294209
 293782
 293500
 293389
 293154
 293074
 293025
 292639
 292514
 292370
 292212
 291826
 291771
 291564
 291481
 291385
 291069
 290784
 290664
 290572
 290413
 290208
 289951
 289863
 289498
 289279
 289096
 288765
 288578
 288466
 288356
 288147
 287381
 287328
 287031
 286694
 286634
 286481
 286424
 286303
 286214
 286027
 285944
 285904
 285860
 285714
 285441
 284951
 284329
 284262
 283969
 283781
 283430
 283333
 283228
 283154
 282871
 282791
 282641
 282544
 282478
 282432
 282329
 282303
 282223
 282127
 281562
 281351
 280936
 280754
 280462
 280155
 280032
 279689
 278946
 278520
 278339
 277954
 277818
 277513
 277278
 277191
 277035
 276963
 276666
 276383
 276006
 275901
 275506
 275385
 275284
 275183
 274574
 274408
 274250
 274081
 273774
 273649
 273474
 273297
 273171
 272925
 272652
 272484
 272348
 272176
 271944
 271805
 271304
 271226
 271063
 270986
 270879
 270821
 270758
 270648
 270411
 270302
 270132
 269565
 269135
 268814
 268740
 268558
 268426
 267729
 267280
 267181
 266935
 266750
 266655
 266059
 265895
 265887
 265623
 265287
 265108
 265060
 264772
 264535
 264100
 263849
 263738
 263499
 263107
 262926
 262815
 262739
 262564
 262286
 262084
 261697
 261660
 261494
 261393
 260969
 260857
 260671
 260202
 259926
 259842
 259684
 259585
 259113
 259050
 259018
 258593
 258353
 258137
 258015
 257835
 257712
 257641
 257511
 257282
 257096
 256940
 256857
 256302
 255645
 255397
 255307
 255011
 254966
 254674
 254374
 254041
 253318
 253208
 253131
 252928
 252882
 252720
 251958
 251922
 251904
 251533
 251252
 251159
 250944
 250837
 250774
 250457
 250371
 250157
 250102
 249918
 249324
 249229
 249192
 249041
 248616
 248551
 248430
 248083
 248052
 247680
 247662
 247336
 247250
 247078
 246439
 246219
 246157
 245824
 245795
 245179
 244791
 244658
 244442
 244341
 244249
 243999
 243888
 243620
 243554
 243528
 242897
 242506
 242253
 242106
 242089
 241579
 241238
 241122
 241042
 240900
 240697
 240643
 240579
 240360
 239973
 239852
 239542
 239482
 239348
 239209
 238628
 238410
 238280
 238095
 237950
 237887
 237349
 237322
 237223
 236904
 236722
 236566
 236513
 236236
 235421
 235278
 235077
 234642
 234421
 234135
 234042
 233914
 233609
 233288
 233068
 232754
 232532
 232366
 232341
 232266
 232142
 231816
 231511
 231231
 231048
 230704
 230686
 230563
 230503
 229984
 229946
 229521
 229411
 228571
 228451
 228346
 228125
 228059
 227780
 227482
 227423
 227364
 227147
 226717
 226577
 226111
 226035
 225995
 225817
 225546
 225412
 225138
 224946
 224785
 224681
 224409
 223999
 223976
 223711
 223489
 223396
 223168
 222857
 222576
 222492
 222344
 222222
 221522
 221322
 221164
 221085
 220877
 220602
 220400
 220392
 220088
 219924
 219836
 219540
 219192
 219178
 219076
 219010
 218943
 218400
 218258
 217946
 217452
 217391
 217024
 216776
 216216
 216124
 215985
 215939
 215767
 215551
 215373
 215294
 214726
 214548
 213906
 213579
 213546
 213483
 213210
 213013
 212903
 212824
 212729
 212494
 212347
 211669
 211618
 211302
 211180
 211105
 211011
 210515
 210410
 210300
 210264
 210143
 209865
 209719
 209515
 209277
 208955
 208862
 208644
 208355
 208136
 207996
 207936
 207601
 207301
 207289
 207203
 207167
 206966
 206647
 206389
 206360
 206185
 206051
 205811
 205667
 205513
 205442
 205352
 205203
 205096
 203970
 203810
 203618
 203472
 203309
 203169
 203094
 202989
 202867
 202805
 202266
 202102
 201996
 201846
 201705
 201486
 201289
 201100
 200964
 200920
 200850
 200594
 200510
 200455
 200132
 200000
 199986
 199891
 199224
 198952
 198675
 198562
 198141
 197947
 197654
 197418
 197355
 197305
 197131
 196819
 196560
 196310
 196056
 195847
 195709
 195678
 195505
 195485
 195286
 195236
 194995
 194779
 194571
 194173
 193944
 193896
 193624
 193583
 193457
 193176
 193166
 193046
 193001
 192970
 192733
 192575
 192405
 192094
 192035
 191891
 191576
 191500
 191463
 191343
 191092
 190749
 190648
 190580
 190518
 190395
 190330
 190127
 190106
 189929
 189583
 189542
 189349
 189205
 188806
 188727
 188605
 188277
 187905
 187531
 187439
 187310
 187203
 187183
 186979
 186938
 186740
 186415
 186271
 186040
 185959
 185602
 185269
 185117
 185081
 185026
 184818
 184745
 184318
 184000
 183782
 183545
 183368
 183349
 183086
 183013
 182821
 182690
 182431
 182253
 182201
 182111
 181870
 181676
 181673
 181511
 181365
 181324
 181276
 181029
 180769
 180451
 180195
 180067
 180043
 179866
 179603
 179204
 178926
 178468
 178172
 178082
 177880
 177774
 177514
 177215
 176720
 176470
 176304
 176000
 175819
 175575
 175206
 175141
 174978
 174853
 174788
 174721
 174582
 174335
 174076
 174011
 173715
 173479
 173200
 173103
 173056
 172925
 172906
 172700
 172531
 172407
 172057
 171581
 171502
 171434
 171171
 171065
 170872
 170571
 170244
 170028
 169904
 169659
 169535
 169497
 169332
 169139
 168984
 168926
 168829
 168758
 168665
 168598
 168183
 168058
 167732
 167431
 167332
 167152
 167118
 166666
 166388
 166202
 165968
 165580
 165197
 164836
 164660
 164501
 164308
 164202
 163918
 163701
 162983
 162937
 162823
 162668
 162412
 161611
 161377
 161168
 160868
 160839
 160773
 160719
 160392
 159836
 159782
 159317
 159169
 159068
 159036
 158949
 158279
 158131
 157732
 157671
 157571
 157539
 157155
 157043
 156838
 156771
 156746
 156374
 156229
 155763
 155662
 155505
 155207
 155001
 154894
 154807
 154716
 154121
 154011
 153846
 153682
 153609
 153436
 152939
 152621
 152276
 152037
 151957
 151370
 151315
 151271
 150990
 150919
 150714
 150509
 150350
 150191
 150098
 149989
 149672
 149563
 149320
 149106
 149005
 148785
 148358
 148118
 147982
 147934
 147895
 147649
 147540
 147335
 147272
 147179
 147038
 146826
 146676
 146579
 146524
 146347
 146072
 145999
 145741
 145591
 144986
 144670
 144310
 144098
 143591
 143273
 143147
 142909
 142515
 142324
 142066
 141865
 141752
 141714
 141643
 141414
 141206
 140855
 140597
 140498
 140303
 140157
 140049
 139611
 139484
 139408
 139153
 138898
 138852
 138791
 138602
 138522
 138152
 137931
 137657
 137566
 137340
 136947
 136790
 136633
 136588
 136436
 136288
 136125
 136057
 135466
 135314
 135094
 135023
 134952
 134802
 134680
 134663
 134471
 134182
 133938
 133796
 133748
 133627
 133376
 133308
 133081
 132970
 132840
 132769
 132616
 132350
 132055
 131628
 131515
 131349
 131302
 130693
 130434
 129547
 129213
 129017
 128908
 128798
 128685
 128489
 128297
 128041
 127987
 127750
 127536
 127490
 127405
 127226
 127118
 127036
 126894
 126655
 126331
 126168
 125701
 125624
 125330
 125232
 124952
 124902
 124739
 124543
 124112
 123921
 123765
 123178
 123083
 122869
 122856
 122803
 122725
 122678
 122661
 122332
 122086
 121806
 121406
 121293
 120885
 120780
 120687
 120560
 120250
 120087
 120017
 119982
 119795
 119765
 119595
 119130
 119056
 118817
 118777
 118766
 118152
 117945
 117917
 117647
 117582
 117371
 117179
 116902
 116788
 116389
 116264
 115794
 115583
 115032
 114758
 114439
 114318
 114285
 114218
 114110
 114011
 113704
 113157
 112796
 112636
 112350
 112049
 111816
 111703
 111626
 111561
 111517
 111262
 110999
 110842
 110733
 110340
 109823
 109774
 109566
 109065
 108786
 108583
 108491
 108128
 107906
 107844
 107526
 107398
 107116
 106901
 106735
 106661
 106431
 106380
 106343
 105816
 105506
 105345
 105138
 105019
 104935
 104528
 104483
 104465
 104310
 104114
 103862
 103729
 103645
 103328
 103245
 103151
 103092
 102912
 102649
 102576
 102390
 102211
 101714
 101645
 101539
 101430
 101250
 101076
 100861
 100599
 100227
 100192
 100108
 100031
 99999
 99942
 99830
 99577
 99466
 99326
 99154
 99107
 99065
 98901
 98445
 98226
 98093
 98029
 97894
 97483
 97287
 97014
 96961
 96659
 96599
 96550
 96527
 96461
 96256
 96126
 95714
 95110
 95025
 94863
 94769
 94624
 94549
 94440
 94153
 93867
 93813
 93249
 92442
 92266
 92035
 91967
 91817
 91676
 91078
 90955
 90611
 90329
 90252
 90124
 89713
 89106
 88974
 88661
 88641
 88555
 88205
 88083
 87939
 87264
 87165
 87109
 87082
 86772
 86425
 86090
 85906
 85720
 85470
 85257
 85128
 85061
 84957
 84799
 84365
 84127
 83870
 83506
 83315
 83218
 82987
 82936
 82594
 82413
 82290
 82152
 81881
 81793
 81542
 81207
 80798
 80726
 80690
 80579
 80545
 80436
 79606
 79520
 79462
 79286
 79207
 79100
 78974
 78833
 78643
 78618
 78463
 77967
 77915
 77362
 77141
 76902
 76705
 76606
 75949
 75906
 75753
 75403
 75272
 75156
 75063
 74917
 74635
 74509
 74278
 74146
 73941
 73788
 73637
 73280
 72749
 72354
 72324
 72200
 72148
 71699
 71445
 71295
 70604
 70360
 70047
 69952
 69886
 69867
 69729
 69548
 69296
 69217
 69035
 69003
 68597
 68464
 68179
 68146
 68080
 67993
 67528
 67357
 67184
 66924
 66839
 66623
 66515
 66392
 66239
 65728
 65672
 65490
 65295
 65073
 64828
 64520
 64426
 64178
 63685
 63366
 63276
 63084
 62848
 62717
 62619
 62201
 61907
 61796
 61725
 61137
 60924
 60522
 60389
 59811
 59449
 59275
 59214
 58823
 58787
 58648
 58511
 58420
 58352
 58198
 58177
 57771
 57038
 56735
 56560
 56201
 55997
 55575
 55068
 55003
 54852
 54563
 54232
 54033
 53922
 53769
 53619
 53509
 53227
 53158
 52834
 52790
 52631
 52504
 52048
 51955
 51624
 51222
 50847
 50678
 50375
 50168
 49958
 49822
 49627
 49296
 49255
 48780
 48701
 48640
 48443
 48331
 48085
 47619
 47593
 47136
 46982
 46894
 46849
 46728
 46474
 45977
 45799
 44956
 44835
 44621
 44586
 44464
 44334
 44178
 43989
 43773
 43251
 43019
 42820
 42563
 42417
 42291
 42175
 41973
 41897
 41728
 41426
 41128
 40728
 40110
 39836
 39699
 39524
 39151
 39126
 39051
 38997
 38913
 38604
 38545
 38338
 38242
 38119
 37383
 37302
 36871
 36556
 36452
 36354
 36289
 36037
 35891
 35739
 35596
 35329
 35002
 34911
 34786
 34130
 34087
 33967
 33848
 33724
 33438
 33390
 33112
 33024
 32733
 32439
 32414
 32179
 32108
 32014
 31522
 31319
 31237
 30947
 30866
 30638
 30358
 30154
 29989
 29809
 29735
 29641
 29541
 29401
 29093
 29055
 28443
 28084
 27869
 27845
 27611
 27501
 27408
 27063
 26698
 26128
 25965
 25838
 25453
 25426
 25296
 25085
 25053
 24660
 24523
 24375
 24111
 24037
 23836
 23744
 23579
 23264
 23103
 22887
 22851
 22775
 22465
 22296
 22059
 21454
 21084
 20953
 20833
 20665
 20606
 20293
 20134
 20060
 19929
 19673
 19364
 19248
 19193
 19063
 18777
 18597
 18490
 18446
 18353
 17903
 17797
 17657
 17261
 17106
 16999
 16855
 16625
 16564
 16445
 16220
 16144
 15732
 15404
 15112
 14999
 14863
 14634
 14462
 14244
 14210
 13945
 13901
 13649
 13509
 13262
 13065
 13011
 12884
 12724
 12610
 12449
 12093
 11968
 11821
 11799
 11714
 11637
 11540
 11470
 11169
 11014
 10928
 10774
 10439
 10200
 9880
 9672
 9586
 9528
 8359
 8163
 8019
 7733
 7613
 7396
 7101
 7075
 6706
 6694
 6590
 6444
 6291
 5763
 5361
 5196
 5039
 4739
 4407
 4042
 3951
 3734
 3437
 3397
 3355
 3215
 3199
 2877
 2628
 2493
 2474
 2378
 2235
 2094
 2019
 1934
 1626
 1523
 1430
 1328
 1032
 961
 888
 731
 172
 71
 0
 159
 623
 752
 939
 1016
 1075
 1360
 1511
 1563
 1700
 1970
 2041
 2219
 2288
 2397
 2482
 2579
 2757
 3066
 3207
 3237
 3370
 3431
 3627
 3827
 3972
 4207
 4418
 4947
 5092
 5231
 5566
 5841
 6404
 6589
 6685
 6703
 6735
 7096
 7246
 7564
 7685
 7914
 8065
 8203
 8411
 9580
 9640
 9777
 9892
 10434
 10771
 10837
 10984
 11096
 11356
 11506
 11546
 11693
 11784
 11805
 11875
 12060
 12327
 12548
 12613
 12824
 12987
 13021
 13190
 13462
 13541
 13708
 13938
 14134
 14243
 14342
 14558
 14778
 14869
 15105
 15249
 15713
 16058
 16158
 16274
 16460
 16574
 16633
 16931
 17063
 17167
 17416
 17709
 17804
 18261
 18371
 18471
 18495
 18746
 18800
 19183
 19245
 19283
 19576
 19853
 19968
 20076
 20270
 20366
 20650
 20807
 20860
 21060
 21186
 21778
 22073
 22298
 22649
 22815
 22880
 22988
 23255
 23272
 23581
 23755
 23861
 24067
 24208
 24438
 24584
 24689
 25054
 25156
 25376
 25432
 25594
 25844
 26091
 26140
 26818
 27263
 27459
 27555
 27760
 27865
 27983
 28287
 28548
 29080
 29310
 29411
 29627
 29726
 29782
 29964
 30003
 30303
 30612
 30724
 30885
 31053
 31258
 31354
 31704
 32053
 32167
 32374
 32418
 32698
 32869
 33049
 33123
 33422
 33498
 33841
 33935
 34030
 34103
 34672
 34868
 35001
 35037
 35434
 35645
 35815
 35918
 36208
 36297
 36402
 36466
 36745
 37287
 37337
 37900
 38138
 38303
 38437
 38578
 38609
 38968
 39050
 39056
 39141
 39362
 39644
 39706
 40080
 40366
 40830
 41236
 41455
 41820
 41912
 42112
 42271
 42345
 42489
 42671
 42960
 43046
 43495
 43813
 43993
 44237
 44399
 44572
 44610
 44750
 44892
 45021
 45824
 46207
 46526
 46735
 46884
 46949
 47013
 47470
 47595
 48068
 48293
 48433
 48565
 48676
 48712
 48969
 49275
 49389
 49634
 49944
 49963
 50304
 50489
 50704
 50982
 51416
 51900
 52032
 52340
 52535
 52741
 52813
 53012
 53226
 53435
 53602
 53656
 53916
 53999
 54054
 54250
 54777
 54912
 55037
 55427
 55823
 56065
 56466
 56648
 56786
 57670
 57965
 58192
 58302
 58397
 58479
 58631
 58661
 58807
 59012
 59274
 59360
 59593
 60168
 60417
 60769
 61054
 61237
 61778
 61893
 62146
 62308
 62672
 62788
 63013
 63175
 63339
 63530
 63911
 64241
 64457
 64551
 64972
 65263
 65298
 65564
 65725
 65753
 66383
 66425
 66544
 66696
 66923
 67134
 67326
 67448
 67582
 68010
 68116
 68161
 68405
 68559
 68805
 69029
 69191
 69249
 69366
 69558
 69730
 69883
 69893
 69991
 70248
 70493
 71260
 71391
 71519
 72097
 72186
 72270
 72337
 72697
 72891
 73288
 73682
 73936
 74083
 74261
 74358
 74603
 74792
 74950
 75141
 75241
 75308
 75536
 75842
 75912
 76392
 76658
 76769
 76935
 77171
 77539
 77939
 78183
 78521
 78637
 78795
 78918
 79025
 79201
 79232
 79410
 79496
 79601
 80333
 80444
 80558
 80667
 80707
 80731
 81122
 81339
 81767
 81829
 82005
 82233
 82312
 82562
 82775
 82962
 83009
 83228
 83333
 83650
 84094
 84155
 84705
 84884
 84980
 85066
 85158
 85432
 85687
 85737
 86015
 86419
 86761
 86847
 87103
 87133
 87242
 87920
 87998
 88143
 88545
 88633
 88655
 88739
 89088
 89271
 89990
 90128
 90258
 90487
 90887
 91021
 91117
 91683
 91842
 91986
 92041
 92319
 93023
 93289
 93850
 93959
 94370
 94475
 94557
 94728
 94797
 94867
 95097
 95333
 95814
 96253
 96310
 96503
 96545
 96585
 96602
 96680
 96969
 97199
 97371
 97867
 97978
 98039
 98189
 98330
 98754
 99051
 99093
 99118
 99211
 99346
 99497
 99716
 99857
 99963
 100000
 100081
 100187
 100218
 100334
 100760
 100934
 101162
 101346
 101434
 101551
 101701
 101730
 102215
 102395
 102635
 102657
 103036
 103117
 103190
 103254
 103496
 103715
 103770
 103952
 104249
 104346
 104475
 104484
 104529
 104972
 105051
 105200
 105352
 105545
 105969
 106360
 106394
 106631
 106681
 106804
 107028
 107255
 107505
 107600
 107876
 107925
 108152
 108539
 108743
 108836
 109473
 109670
 109777
 110114
 110385
 110760
 110891
 111111
 111383
 111531
 111606
 111691
 111815
 111845
 112106
 112393
 112722
 112881
 113180
 113774
 114083
 114204
 114278
 114310
 114347
 114722
 114924
 115202
 115765
 115949
 116351
 116503
 116828
 117069
 117241
 117519
 117629
 117865
 117920
 118031
 118397
 118769
 118813
 118944
 119102
 119429
 119745
 119772
 119907
 119983
 120077
 120156
 120508
 120674
 120772
 120826
 120955
 121335
 121489
 122061
 122164
 122549
 122672
 122703
 122777
 122849
 122866
 123081
 123116
 123623
 123916
 124022
 124367
 124562
 124825
 124907
 125000
 125307
 125537
 125654
 125938
 126176
 126636
 126782
 127006
 127098
 127207
 127343
 127463
 127516
 127708
 127971
 127999
 128070
 128487
 128625
 128741
 128819
 128967
 129028
 129488
 129895
 130487
 130942
 131333
 131495
 131549
 131941
 132299
 132358
 132659
 132815
 132895
 133070
 133291
 133333
 133555
 133690
 133752
 133842
 134001
 134408
 134504
 134672
 134688
 134821
 135007
 135066
 135242
 135401
 135476
 136095
 136132
 136348
 136563
 136628
 136641
 136890
 137329
 137431
 137578
 137732
 138151
 138335
 138585
 138696
 138823
 138856
 138976
 139332
 139473
 139558
 139824
 140109
 140290
 140419
 140593
 140726
 141171
 141351
 141538
 141712
 141749
 141778
 141906
 142286
 142373
 142857
 143086
 143238
 143430
 143822
 144195
 144625
 144931
 145169
 145616
 145850
 146019
 146214
 146403
 146556
 146586
 146815
 147015
 147148
 147206
 147319
 147507
 147582
 147671
 147901
 147971
 148038
 148258
 148604
 148866
 149014
 149267
 149325
 149599
 149957
 150014
 150168
 150203
 150402
 150650
 150868
 150943
 151001
 151290
 151345
 151776
 151975
 152082
 152318
 152713
 153349
 153497
 153626
 153685
 153976
 154087
 154558
 154753
 154843
 154966
 155047
 155223
 155569
 155688
 155851
 156334
 156666
 156763
 156780
 157024
 157145
 157264
 157564
 157581
 157677
 157975
 158175
 158785
 159010
 159048
 159070
 159214
 159725
 159785
 159900
 160521
 160726
 160804
 160855
 161146
 161354
 161473
 161770
 162422
 162696
 162916
 162967
 163123
 163810
 164032
 164264
 164440
 164594
 164800
 164970
 165273
 165720
 166106
 166292
 166554
 166816
 167123
 167315
 167419
 167715
 167874
 168124
 168223
 168664
 168698
 168807
 168916
 168930
 169076
 169143
 169455
 169502
 169649
 169820
 169999
 170238
 170365
 170670
 171005
 171097
 171399
 171462
 171563
 171977
 172204
 172439
 172538
 172710
 172917
 173012
 173076
 173181
 173278
 173681
 173718
 174029
 174123
 174426
 174681
 174739
 174846
 174872
 175068
 175190
 175552
 175629
 175866
 176188
 176411
 176663
 176908
 177272
 177728
 177865
 177962
 178154
 178179
 178523
 178929
 179451
 179646
 179974
 180063
 180173
 180205
 180599
 181008
 181120
 181309
 181347
 181390
 181544
 181675
 181805
 182042
 182200
 182205
 182391
 182505
 182728
 182899
 183061
 183297
 183364
 183499
 183729
 183896
 184080
 184376
 184764
 185010
 185037
 185101
 185253
 185461
 185789
 186012
 186214
 186366
 186510
 186879
 186968
 187096
 187195
 187290
 187408
 187456
 187623
 187906
 188544
 188693
 188765
 189133
 189348
 189440
 189568
 189608
 190099
 190110
 190206
 190379
 190517
 190522
 190625
 190689
 190941
 191322
 191362
 191489
 191549
 191824
 191968
 192083
 192161
 192534
 192660
 192872
 192996
 193019
 193069
 193170
 193236
 193548
 193593
 193630
 193939
 194152
 194269
 194713
 194906
 195002
 195280
 195469
 195500
 195628
 195707
 195818
 195996
 196296
 196434
 196702
 196822
 197223
 197313
 197376
 197524
 197889
 198019
 198243
 198637
 198866
 198973
 199549
 199985
 199999
 200036
 200380
 200461
 200581
 200670
 200853
 200930
 201018
 201118
 201412
 201667
 201763
 201871
 202076
 202123
 202738
 202866
 202976
 203074
 203140
 203216
 203392
 203509
 203798
 203840
 204164
 205144
 205314
 205384
 205479
 205599
 205675
 205920
 206158
 206349
 206382
 206445
 206831
 207006
 207185
 207274
 207290
 207451
 207858
 207959
 208122
 208325
 208602
 208792
 208921
 209229
 209467
 209635
 209821
 209990
 210166
 210270
 210305
 210464
 210765
 211037
 211179
 211195
 211365
 211631
 212320
 212365
 212629
 212784
 212862
 212957
 213067
 213280
 213521
 213565
 213892
 214526
 214655
 215234
 215366
 215550
 215735
 215887
 215963
 216041
 216164
 216261
 216791
 217264
 217416
 217794
 218054
 218309
 218491
 218977
 219023
 219081
 219184
 219227
 219637
 219840
 219992
 220316
 220396
 220590
 220807
 221052
 221127
 221238
 221454
 221834
 222328
 222399
 222525
 222590
 223133
 223313
 223416
 223688
 223880
 223985
 224109
 224481
 224752
 224836
 225023
 225240
 225469
 225585
 225941
 226027
 226071
 226469
 226635
 227114
 227153
 227409
 227424
 227666
 227921
 228090
 228298
 228404
 228556
 228697
 229499
 229743
 229951
 230002
 230556
 230636
 230687
 230944
 231073
 231457
 231574
 232048
 232146
 232272
 232360
 232394
 232692
 232938
 233248
 233510
 233649
 233965
 234084
 234376
 234611
 234829
 235127
 235294
 235494
 236440
 236526
 236603
 236859
 236995
 237269
 237345
 237818
 237928
 238005
 238232
 238307
 238444
 238967
 239337
 239364
 239539
 239557
 239872
 240287
 240362
 240632
 240691
 240808
 240958
 241086
 241135
 241366
 241750
 242098
 242231
 242296
 242586
 243032
 243544
 243590
 243817
 243910
 244186
 244311
 244383
 244569
 244693
 245014
 245398
 245812
 245884
 246186
 246382
 246516
 247137
 247303
 247524
 247671
 247970
 248062
 248200
 248438
 248599
 248623
 249089
 249205
 249272
 249668
 250051
 250117
 250236
 250445
 250701
 250824
 250859
 250976
 251218
 251270
 251750
 251908
 251935
 252427
 252779
 252903
 253106
 253175
 253310
 253866
 254273
 254609
 254730
 254982
 255205
 255352
 255538
 255887
 256484
 256925
 256960
 257266
 257287
 257562
 257683
 257743
 257971
 258102
 258209
 258502
 259000
 259028
 259096
 259259
 259602
 259785
 259883
 260105
 260627
 260717
 260936
 261086
 261410
 261647
 261675
 261822
 262281
 262392
 262593
 262798
 262920
 263106
 263139
 263632
 263817
 263916
 264314
 264766
 265043
 265070
 265202
 265425
 265789
 265894
 266043
 266338
 266659
 266801
 266992
 267268
 267686
 267903
 268493
 268712
 268784
 268900
 269145
 269904
 270248
 270379
 270551
 270742
 270805
 270871
 270967
 271032
 271071
 271227
 271449
 271818
 272052
 272185
 272369
 272501
 272773
 273056
 273271
 273356
 273622
 273712
 273891
 274110
 274389
 274524
 274725
 275187
 275353
 275469
 275689
 275907
 276024
 276589
 276849
 277006
 277048
 277222
 277310
 277605
 277904
 278018
 278417
 278659
 279386
 279860
 280149
 280162
 280486
 280865
 281234
 281454
 281978
 282206
 282296
 282321
 282352
 282442
 282510
 282547
 282721
 282829
 282938
 283185
 283256
 283408
 283595
 283900
 284202
 284297
 284786
 285118
 285641
 285853
 285876
 285918
 286008
 286196
 286274
 286374
 286452
 286566
 286660
 286881
 287043
 287365
 287705
 288161
 288445
 288564
 288722
 289003
 289224
 289389
 289836
 289884
 290152
 290289
 290464
 290647
 290719
 290789
 291117
 291453
 291523
 291676
 291777
 291972
 292240
 292436
 292535
 292984
 293035
 293130
 293221
 293394
 293744
 294085
 294267
 294395
 294787
 294827
 294861
 295002
 295254
 295619
 295819
 295968
 296244
 296360
 296418
 296831
 297077
 297397
 297801
 298179
 298245
 298686
 298815
 298926
 298989
 299114
 299194
 299223
 299488
 299581
 299738
 299948
 300058
 300297
 300512
 300682
 300838
 300968
 301494
 301572
 301737
 301886
 301942
 302288
 302558
 302586
 302720
 302762
 302875
 302910
 303637
 303778
 303838
 303890
 303926
 304234
 304327
 304526
 305111
 305257
 305398
 305788
 305840
 306012
 306461
 306597
 306715
 306897
 307380
 307471
 307853
 308034
 308217
 308596
 308742
 309153
 309464
 309595
 309885
 310291
 310492
 310559
 310864
 311223
 311291
 311516
 312084
 312094
 312218
 312327
 312442
 312461
 312595
 312752
 312882
 313306
 313343
 313450
 313599
 313850
 314315
 314801
 315054
 315217
 315549
 315700
 316092
 316417
 316612
 317279
 317304
 317375
 317442
 317540
 317787
 317938
 318265
 318383
 318685
 318840
 319045
 319104
 319236
 319436
 319815
 320078
 320400
 320493
 320624
 320994
 321078
 321295
 321437
 321616
 321809
 321913
 321999
 322095
 322275
 322526
 322727
 322748
 322931
 323082
 323116
 323320
 323423
 323487
 323642
 323943
 324218
 324310
 324358
 324503
 324606
 324830
 325264
 325332
 325670
 325779
 325833
 326057
 326267
 326509
 326575
 326844
 327005
 327198
 327278
 327639
 327858
 327966
 328034
 328347
 329060
 329113
 329179
 329259
 329396
 329645
 329692
 329868
 329920
 330330
 330510
 330739
 330763
 330868
 331352
 331712
 331936
 332136
 332239
 332420
 332631
 332831
 333111
 333207
 333730
 333907
 333986
 334082
 334153
 334523
 334851
 335049
 335386
 335413
 335495
 335615
 335678
 335959
 336261
 336316
 336629
 336732
 336926
 337023
 337450
 337611
 337734
 337960
 338129
 338266
 338301
 339066
 339123
 339389
 339636
 339793
 340159
 340332
 340380
 340429
 340495
 340588
 341105
 341288
 341433
 341444
 341798
 342049
 342350
 342793
 342840
 343379
 343452
 343532
 343648
 343994
 344165
 344305
 344769
 344936
 345091
 345213
 345422
 345884
 346024
 346206
 346364
 346587
 346774
 346938
 347132
 347492
 347826
 348138
 348253
 348731
 348943
 349694
 350021
 350332
 350364
 350412
 350602
 350750
 350808
 350937
 351073
 351357
 351446
 351602
 351881
 351987
 352142
 352297
 352710
 352811
 352941
 353024
 353328
 353620
 353780
 353977
 354068
 354179
 354367
 354407
 354733
 354756
 355039
 355179
 355830
 355980
 356115
 356268
 356281
 356521
 356637
 356715
 357033
 357198
 357485
 357728
 357747
 357859
 358153
 358350
 358642
 358665
 358946
 359060
 359179
 359497
 359764
 360049
 360289
 360447
 360523
 360676
 360706
 360824
 360973
 361117
 361202
 361256
 361556
 361740
 361753
 361967
 362785
 362860
 363154
 363225
 363437
 363477
 363533
 363719
 363778
 363908
 364108
 364496
 364556
 364847
 364874
 364989
 365090
 365310
 365423
 365510
 365655
 365906
 366119
 366197
 366598
 366742
 366995
 367117
 367352
 367436
 367475
 367781
 367998
 368421
 368727
 368833
 368911
 369048
 369190
 369567
 369712
 369907
 370010
 370261
 370656
 371004
 371226
 371278
 371569
 371954
 372170
 372219
 372296
 372604
 372686
 372785
 372978
 373028
 373164
 373404
 373665
 373798
 374347
 374449
 374727
 374956
 375012
 375032
 375145
 375386
 375424
 375650
 375909
 376186
 376284
 376363
 376502
 376628
 376716
 376889
 377105
 377468
 377794
 378122
 378377
 378586
 379044
 379221
 379378
 379421
 379535
 379611
 379659
 379704
 379883
 380285
 380394
 380491
 380695
 380812
 380888
 380989
 381221
 381509
 381655
 381844
 382030
 382112
 382303
 382352
 382613
 382671
 382861
 383025
 383115
 383434
 383654
 384056
 384511
 384607
 384763
 384913
 385007
 385112
 385380
 385579
 386012
 386421
 386605
 386768
 386959
 387190
 387248
 387284
 387473
 387564
 387770
 387832
 388098
 388379
 388772
 388998
 389511
 389695
 389714
 389869
 390062
 390166
 390256
 390898
 391024
 391363
 391424
 391769
 391861
 391980
 392079
 392248
 392501
 392715
 393367
 393509
 393687
 394221
 394645
 394903
 395058
 395152
 395227
 395373
 395527
 395662
 395932
 396322
 396438
 396602
 396668
 396938
 397022
 397211
 397327
 397580
 397711
 397727
 397910
 398301
 398757
 398933
 399599
 399613
 399691
 400000
 400250
 400650
 401054
 401100
 401364
 401464
 401507
 401916
 401952
 401997
 402088
 402470
 402845
 403302
 403844
 404013
 404431
 404466
 404688
 404992
 405003
 405296
 405446
 405744
 405964
 406117
 406183
 406512
 406639
 406786
 406945
 407126
 407505
 407607
 407744
 407803
 408157
 408314
 408519
 408877
 409132
 409192
 409281
 409470
 409699
 409885
 410020
 410124
 410228
 410426
 410606
 410869
 411161
 411506
 411540
 411724
 411805
 412162
 412296
 412567
 412969
 413216
 413607
 413680
 413944
 414129
 414283
 414356
 414459
 414478
 414607
 414807
 414920
 415495
 415658
 416149
 416283
 416430
 416509
 416888
 416961
 417130
 417475
 417688
 418256
 418693
 418771
 418868
 418950
 419153
 419278
 419354
 419426
 419635
 419810
 420074
 420518
 420585
 420703
 420923
 421052
 421111
 421490
 421570
 421713
 422535
 422797
 422863
 423125
 423434
 423841
 423914
 424137
 424164
 424327
 424363
 424495
 424648
 424744
 424909
 425003
 425688
 425928
 426345
 426456
 426568
 426691
 426764
 426891
 427019
 427236
 427654
 427956
 428063
 428280
 428571
 428844
 429162
 429257
 429342
 429464
 429495
 429665
 429775
 429873
 430257
 430526
 430574
 430645
 430680
 430953
 431133
 431367
 431683
 431880
 431989
 432217
 432389
 432702
 432757
 433182
 433365
 433570
 433729
 433839
 433855
 433973
 434314
 434386
 434476
 434600
 434732
 434896
 434940
 435378
 435798
 435958
 436059
 436074
 436482
 436555
 436675
 436831
 436894
 437027
 437218
 437520
 438181
 438286
 438674
 438814
 438908
 439077
 439207
 439280
 439404
 439490
 439740
 439968
 440037
 440084
 440172
 440366
 440589
 440821
 441103
 441318
 441704
 441975
 442054
 442361
 442507
 442598
 442944
 443082
 443277
 443514
 443678
 444075
 444212
 444583
 444651
 445269
 445728
 445795
 445993
 446101
 446301
 446553
 446675
 446910
 447162
 447372
 447390
 447473
 447596
 447779
 447863
 448200
 448592
 448671
 448755
 449052
 449241
 449299
 449552
 449745
 450071
 450347
 450615
 450772
 451029
 451457
 451636
 451939
 452193
 452466
 452894
 453027
 453129
 453160
 453263
 453875
 454413
 454545
 454873
 455057
 455155
 455210
 455282
 455447
 455698
 455862
 456065
 456200
 456374
 456467
 456949
 457044
 457167
 457341
 457627
 457831
 458239
 458503
 458737
 459497
 459643
 459696
 459853
 459994
 460310
 460333
 460399
 460956
 461188
 461433
 461538
 461774
 462094
 462274
 462375
 462672
 462770
 462915
 463190
 463223
 463444
 463548
 463671
 463933
 463965
 464128
 464449
 464611
 464624
 464650
 464734
 464844
 465339
 465488
 465641
 465668
 465715
 465768
 465846
 466299
 466533
 466799
 467403
 467556
 467795
 468007
 468433
 468513
 468825
 468882
 469117
 469180
 469354
 469408
 469604
 469654
 469931
 470183
 470359
 470644
 470884
 471155
 471194
 471568
 471698
 471916
 472015
 472255
 472517
 472652
 472680
 472856
 473086
 473295
 473457
 473488
 473540
 473982
 474134
 474474
 474524
 474557
 474627
 474951
 475205
 475386
 475499
 475933
 475978
 476277
 476390
 476571
 476619
 476655
 476908
 477308
 477325
 477401
 477601
 477785
 477858
 478073
 478347
 478434
 478481
 478524
 478764
 479239
 479338
 479539
 479799
 479905
 480000
 480510
 480620
 481128
 481682
 482015
 482071
 482253
 482600
 482657
 482956
 483047
 483317
 483499
 483648
 483852
 484035
 484048
 484218
 484469
 484666
 484909
 484929
 485126
 485508
 485639
 485815
 486443
 486515
 486616
 486912
 487341
 487414
 487475
 487750
 487794
 488119
 488265
 488424
 488501
 488638
 488787
 488888
 488903
 489260
 489492
 489598
 489818
 489966
 490077
 490200
 490519
 490591
 490780
 490834
 490941
 491154
 491239
 491580
 492046
 492174
 492507
 492541
 492594
 492792
 493376
 493487
 493875
 494070
 494225
 494258
 494643
 494949
 495142
 495385
 495616
 495903
 496111
 496189
 496264
 496979
 497553
 497695
 498032
 498070
 498189
 498412
 498668
 498762
 499075
 499116
 499197
 499258
 499388
 499568
 499718
 500000
 500204
 500492
 500646
 500784
 501148
 501243
 501510
 501650
 501708
 501838
 502283
 502487
 503028
 503099
 503524
 503683
 503721
 503920
 504041
 504647
 504768
 504961
 505002
 505617
 505746
 505787
 505875
 506136
 506271
 506541
 507108
 507194
 507262
 507529
 507614
 507727
 507797
 507829
 508071
 508118
 508196
 508280
 508426
 508620
 508837
 509090
 509440
 509603
 509873
 509885
 510188
 510480
 510740
 510834
 510893
 510928
 511182
 511435
 511470
 511644
 511861
 511982
 512007
 512282
 512635
 512889
 513039
 513248
 513361
 513905
 513951
 514184
 514338
 514745
 514848
 514929
 515141
 515358
 515499
 515701
 515751
 515784
 515897
 516214
 516402
 516735
 516778
 517163
 517462
 517495
 517647
 517884
 517960
 518029
 518424
 518755
 519001
 519069
 519235
 519538
 519685
 519877
 519986
 520061
 520106
 520244
 520348
 520499
 520626
 520893
 521158
 521376
 521582
 522090
 522314
 522799
 522954
 523105
 523233
 523354
 523612
 523774
 523816
 524142
 524223
 524247
 524535
 524750
 525176
 525467
 525490
 525540
 525557
 525657
 525793
 525864
 525998
 526122
 526420
 526717
 526967
 527017
 527481
 528117
 528209
 528520
 528878
 529523
 529671
 529913
 530259
 530474
 530549
 530612
 530724
 530880
 530962
 531193
 531250
 531405
 531649
 532027
 532125
 532213
 532428
 532540
 532852
 533161
 533375
 533503
 533587
 533947
 534042
 534248
 534675
 534720
 534798
 534978
 535245
 535632
 535832
 536066
 536620
 536896
 537004
 537672
 538310
 538461
 538513
 538654
 539017
 539208
 539444
 539630
 539835
 540252
 540563
 540797
 540958
 541194
 541595
 541714
 541818
 541927
 542134
 542221
 542333
 542456
 542642
 542863
 543046
 543116
 543319
 543643
 543871
 544084
 544161
 544231
 544550
 544750
 545062
 545313
 545376
 545490
 545653
 545684
 545870
 546180
 546266
 546326
 546509
 546716
 546987
 547103
 547223
 547701
 547945
 548093
 548346
 548444
 548644
 548962
 549075
 549593
 549680
 549743
 550047
 550342
 550693
 550774
 550961
 551132
 551186
 551495
 551607
 551703
 552132
 552185
 552227
 552493
 552530
 552851
 552930
 552998
 553188
 553295
 553517
 553741
 554315
 554692
 554797
 554971
 555285
 555419
 555656
 555920
 555983
 556082
 556305
 556401
 556552
 556681
 556712
 557127
 557362
 557499
 557800
 557947
 557996
 558314
 558441
 558480
 558558
 558771
 559011
 559078
 559185
 559255
 559374
 559577
 559748
 560135
 560311
 560574
 560703
 561089
 561358
 561677
 561757
 561836
 562055
 562090
 562211
 562314
 562513
 562795
 562935
 563085
 563182
 564355
 564504
 564705
 564881
 564938
 565188
 565289
 565728
 566063
 566082
 566328
 566384
 566528
 566591
 566884
 566978
 567635
 567741
 567826
 568052
 568173
 568379
 568712
 568950
 569137
 569248
 569482
 569834
 570236
 570310
 570316
 570370
 570632
 570948
 571128
 571269
 571493
 571599
 571689
 571849
 572250
 572601
 572657
 572874
 573262
 573363
 573816
 573895
 574091
 574121
 574382
 574731
 574972
 575089
 575141
 575312
 575482
 575861
 575931
 576154
 576298
 576355
 576697
 576844
 576946
 577052
 577102
 577282
 577412
 577432
 577574
 577708
 577857
 577997
 578243
 578364
 578593
 578622
 578837
 579001
 579208
 579317
 579406
 579790
 579956
 580088
 580246
 580395
 580547
 580834
 581192
 581289
 581450
 581540
 581807
 581858
 581973
 582231
 582613
 583249
 583273
 583338
 583872
 583944
 584092
 584172
 584388
 584445
 584599
 584864
 584905
 584993
 585612
 585687
 585865
 585942
 586074
 586298
 586364
 586470
 586542
 586822
 586948
 587088
 587500
 587524
 587890
 588146
 588235
 588275
 588471
 588724
 588845
 589033
 589210
 589285
 589341
 589524
 589661
 589815
 590015
 590284
 590390
 590519
 590649
 590675
 590930
 590971
 591348
 591538
 591765
 591824
 591976
 592041
 592337
 592622
 592893
 592977
 593404
 593548
 593668
 593912
 594031
 594276
 594885
 595358
 595453
 595486
 595589
 595690
 595939
 596101
 596144
 596270
 596382
 596835
 597291
 597822
 597965
 598101
 598276
 598331
 598784
 599000
 599040
 599221
 599404
 600000
 600258
 600538
 600903
 601075
 601150
 601271
 601289
 601520
 601859
 602201
 602401
 602579
 602702
 602790
 603250
 603442
 603516
 603606
 603694
 603799
 603849
 603883
 604288
 604622
 604676
 604731
 605153
 605381
 605823
 606263
 606345
 606535
 606609
 606929
 607098
 607315
 607628
 607735
 607848
 607979
 608135
 608219
 608327
 608594
 609079
 609231
 609311
 609421
 609481
 609666
 609837
 610101
 610515
 610641
 610962
 611198
 611305
 611338
 611590
 611688
 611888
 612021
 612222
 612427
 612821
 613076
 613672
 613731
 613860
 614295
 614705
 614964
 614995
 615145
 615309
 615706
 615995
 616195
 616358
 616514
 616813
 616939
 617166
 617630
 618030
 618267
 618392
 618479
 618554
 618677
 618926
 618947
 619047
 619076
 619498
 619602
 619968
 620051
 620261
 620468
 620504
 620771
 621215
 621313
 621470
 621621
 622126
 622561
 622950
 623023
 623122
 623285
 623415
 623457
 623801
 623941
 624063
 624224
 624785
 625301
 625429
 625877
 625954
 626010
 626219
 626314
 626599
 626742
 626806
 627039
 627111
 627553
 627669
 627774
 627906
 628006
 628112
 628365
 628599
 628710
 628779
 628860
 628908
 629169
 629249
 629404
 629626
 629693
 629729
 629791
 630068
 630229
 630399
 630746
 631095
 631132
 631238
 631511
 631578
 631942
 631987
 632161
 632390
 632432
 632741
 632857
 633043
 633079
 633244
 633489
 633657
 633716
 633852
 634100
 634274
 634486
 634920
 635186
 635412
 635547
 635710
 635820
 635902
 636171
 636363
 636605
 636959
 637142
 637737
 638054
 638180
 638584
 638721
 638832
 638935
 639220
 639556
 639758
 640176
 640442
 640720
 641179
 641279
 641423
 641452
 641651
 641868
 641942
 642074
 642240
 642523
 642570
 642975
 643256
 643314
 643446
 643860
 644230
 644468
 644521
 644774
 645037
 645146
 645354
 645713
 645862
 645939
 646479
 646616
 646729
 647043
 647351
 647416
 647462
 647748
 648342
 648502
 648583
 648748
 648802
 648960
 649180
 649345
 649441
 649715
 650020
 650107
 650245
 650287
 650416
 650542
 650636
 650898
 651535
 651602
 651776
 651934
 652061
 652121
 652613
 652717
 652939
 653071
 653276
 653437
 653732
 653812
 653987
 654464
 654626
 654729
 654929
 654981
 655067
 655290
 655559
 655738
 655936
 656163
 656488
 656688
 656746
 657033
 657139
 657218
 657253
 657682
 657719
 657851
 657928
 658411
 658631
 658856
 659453
 659634
 659755
 659850
 659991
 660096
 660172
 660499
 660915
 661006
 661560
 661629
 661837
 662111
 662281
 662597
 662977
 663053
 663716
 663927
 664164
 664263
 664927
 664997
 665420
 665474
 665502
 665558
 665586
 665930
 666016
 666167
 666425
 666666
 666798
 666970
 667153
 667468
 667579
 667654
 667850
 668059
 668200
 668449
 668878
 669136
 669271
 669461
 669523
 669607
 670018
 670063
 670169
 670320
 670439
 670912
 671008
 671268
 671504
 671999
 672097
 672147
 672441
 672519
 672768
 672981
 673150
 673335
 673554
 673776
 674150
 674198
 674315
 674504
 674849
 674979
 675277
 675379
 675584
 675709
 676108
 676194
 676487
 676883
 677303
 677353
 677435
 677586
 677853
 678034
 678420
 678542
 678625
 678641
 678868
 679031
 679097
 679368
 679655
 679972
 680121
 680293
 680575
 680830
 681046
 681269
 681359
 682099
 682208
 682292
 682319
 682529
 682851
 683085
 683321
 683670
 683891
 683964
 684218
 684571
 684684
 685002
 685122
 685166
 685212
 685539
 685586
 686110
 686210
 686788
 686950
 687164
 687349
 687361
 687500
 687562
 687815
 687978
 688037
 688326
 688668
 688854
 689310
 689464
 689688
 689823
 690270
 690413
 690503
 690776
 691234
 691399
 691538
 691823
 692001
 692216
 692449
 692601
 692650
 692836
 692908
 693304
 693488
 693943
 694054
 694277
 694344
 694400
 694474
 694560
 694623
 694790
 694933
 695244
 695587
 695622
 695700
 695831
 696177
 696314
 696411
 696468
 696487
 696582
 696735
 696794
 696841
 697057
 697337
 697413
 697636
 697745
 697859
 697904
 698164
 698220
 698343
 698412
 698614
 698765
 698993
 699281
 699408
 699508
 699792
 700037
 700198
 700224
 700352
 700653
 700745
 700854
 701033
 701246
 701837
 701942
 702099
 702298
 702450
 702654
 702873
 702912
 703320
 703637
 703681
 703903
 704020
 704295
 704316
 704422
 704574
 704697
 704876
 705036
 705363
 705422
 705615
 705698
 705725
 705812
 705943
 706011
 706099
 706243
 706485
 706638
 706869
 707602
 707685
 707800
 708066
 708228
 708317
 708343
 708548
 709156
 709394
 709545
 709730
 710152
 710219
 710448
 710516
 710526
 710696
 711125
 711808
 712062
 712517
 712589
 712933
 712991
 713075
 713201
 713365
 713479
 713585
 713864
 714022
 714178
 714343
 714693
 714716
 715151
 715203
 715494
 715576
 715695
 715928
 716215
 716247
 716574
 716617
 716694
 716713
 716733
 717157
 717196
 717444
 717732
 717774
 717824
 717905
 717990
 718222
 718491
 718610
 718903
 718944
 719447
 719588
 719811
 720063
 720314
 720430
 720488
 720819
 721179
 721419
 721724
 721898
 722019
 722178
 722250
 722785
 722951
 723179
 723388
 724274
 724349
 724444
 724596
 724820
 724854
 724890
 725029
 725249
 725417
 725653
 725740
 725766
 725883
 726095
 726256
 726428
 726577
 726845
 727020
 727272
 727327
 728027
 728084
 728180
 728340
 728363
 728399
 728630
 728781
 729132
 729283
 729483
 729856
 730071
 730111
 730316
 730623
 730802
 730886
 731007
 731132
 731163
 731234
 731360
 731434
 731636
 731844
 731910
 732081
 732205
 732753
 733097
 733507
 733791
 734160
 734410
 734555
 734645
 734718
 734854
 735270
 735395
 735507
 735744
 735777
 735878
 735987
 736013
 736099
 736129
 736379
 736573
 736774
 736872
 737001
 737237
 737281
 737412
 737546
 737648
 738057
 738619
 738676
 738841
 738902
 739130
 739265
 739606
 739840
 740119
 740235
 740688
 740921
 741188
 741308
 741496
 741726
 741825
 742029
 742328
 742616
 742675
 743080
 743341
 743373
 743418
 743550
 743881
 744087
 744112
 744118
 744423
 744884
 745256
 745696
 746011
 746084
 746341
 746427
 746567
 746629
 747024
 747086
 747537
 747703
 747997
 748034
 748663
 748949
 749186
 749482
 749761
 750000
 750428
 750722
 750924
 751028
 751054
 751100
 751244
 751401
 751687
 751775
 752112
 752311
 752421
 752677
 753177
 753377
 753494
 753801
 753811
 753894
 754052
 754150
 754491
 754850
 755362
 755558
 755677
 755946
 755959
 756428
 756556
 756641
 756884
 756994
 757199
 757314
 757420
 757476
 757713
 757894
 758227
 758254
 758356
 758457
 758749
 758842
 759051
 759303
 759353
 759705
 759973
 760316
 760594
 760636
 760981
 761197
 761339
 761644
 762179
 762551
 762619
 763055
 763176
 763335
 763452
 763713
 764195
 764242
 764297
 764390
 765019
 765151
 765799
 766219
 766353
 766943
 767156
 767309
 767333
 767658
 767760
 767857
 767994
 768221
 768476
 768612
 768796
 769109
 769331
 769506
 769637
 769699
 770162
 770292
 770384
 770591
 770870
 771012
 771113
 771382
 771621
 771781
 771935
 772069
 772124
 772378
 772710
 772832
 773218
 773242
 773551
 773656
 773924
 774216
 774325
 774668
 774969
 775193
 775377
 775483
 775599
 775629
 776000
 776296
 776517
 776611
 776699
 777391
 777456
 777501
 777582
 777694
 777777
 778023
 778254
 778337
 778469
 778538
 778661
 778976
 779019
 779288
 779352
 779792
 780196
 780351
 780410
 780785
 781172
 781384
 781479
 781633
 781743
 781937
 782243
 782573
 782973
 783040
 783368
 783455
 783543
 783572
 783772
 783914
 784163
 784370
 784483
 784659
 784905
 785122
 785208
 785662
 785817
 786118
 786179
 786327
 786430
 786537
 786620
 786701
 787152
 787500
 787917
 788004
 788168
 788311
 788371
 788437
 788636
 788844
 788955
 789166
 789237
 789473
 789600
 789922
 789959
 790107
 790401
 790468
 790641
 790856
 790892
 791021
 791136
 791365
 791582
 791599
 791719
 792244
 792400
 792458
 792582
 792616
 792760
 792913
 793055
 793271
 793296
 793633
 794083
 794538
 794718
 794866
 795042
 795295
 795346
 795517
 795583
 795751
 795957
 796174
 796238
 796460
 796529
 796633
 796983
 797065
 797246
 797468
 797566
 797833
 798269
 798432
 798560
 798611
 798635
 798764
 798914
 799228
 799569
 799967
 800000
 800143
 800505
 800620
 800736
 800895
 800967
 801033
 801375
 801756
 801784
 801916
 802375
 802670
 802792
 802919
 802985
 803018
 803170
 803564
 803804
 804073
 804231
 804472
 804612
 804878
 805069
 805252
 805337
 805829
 805946
 806056
 806301
 806332
 806384
 806669
 806861
 807048
 807126
 807155
 807228
 807444
 807491
 807551
 807662
 807803
 807869
 807971
 808148
 808219
 808306
 808375
 808753
 809568
 809938
 810153
 810302
 810401
 810628
 811211
 811320
 811430
 811641
 811744
 811836
 811918
 812095
 812133
 812404
 812560
 812719
 812903
 813084
 813294
 813642
 813980
 814318
 814348
 814467
 814852
 814953
 815023
 815210
 815311
 815361
 815568
 815739
 815999
 816074
 816131
 816492
 816746
 817055
 817170
 817413
 817521
 817607
 817644
 817692
 817716
 818046
 818246
 818264
 818770
 819090
 819177
 819523
 819667
 819881
 820038
 820078
 820394
 820576
 820833
 821052
 821342
 821642
 821831
 821958
 822197
 822343
 822485
 822558
 822816
 822854
 822949
 823008
 823294
 823471
 823789
 823842
 824120
 824446
 824578
 824895
 824999
 825096
 825386
 825596
 825846
 825972
 826287
 826556
 826789
 826887
 827184
 827361
 827566
 827871
 828004
 828132
 828492
 828770
 828897
 829132
 829203
 829477
 829687
 829820
 830082
 830134
 830268
 830711
 830883
 830926
 830931
 831181
 831358
 831422
 831626
 831710
 831758
 831977
 832079
 832158
 832220
 832408
 832630
 832663
 832847
 833333
 833437
 833587
 833693
 833910
 834175
 834645
 834782
 834843
 835262
 835314
 835922
 836010
 836280
 836498
 836923
 837198
 837331
 837807
 838007
 838124
 838770
 838973
 839165
 839195
 839244
 839263
 839457
 839579
 839754
 839880
 840133
 840210
 840356
 840709
 840935
 841229
 841351
 841492
 841584
 841634
 841807
 841886
 842387
 842547
 842616
 842879
 842944
 843137
 843925
 844007
 844097
 844141
 844307
 844844
 844895
 845061
 845066
 845429
 845721
 846003
 846756
 846908
 847396
 847493
 847749
 848128
 848393
 848476
 848555
 849305
 849410
 849462
 849585
 849607
 849620
 849696
 849835
 849914
 850396
 850579
 850627
 850724
 850883
 851005
 851234
 851442
 851556
 851725
 851777
 851918
 851993
 852103
 852129
 852318
 852641
 852797
 853316
 853398
 853456
 853634
 853858
 853943
 854023
 854395
 854595
 855109
 855405
 855580
 855687
 855816
 855878
 856213
 856460
 856626
 856766
 857032
 857142
 857378
 857530
 857884
 858052
 858234
 858400
 858897
 859060
 859232
 859453
 859702
 859841
 859880
 860013
 860194
 860227
 860376
 860779
 860818
 860853
 861224
 861397
 861463
 861529
 861598
 861880
 862049
 862231
 862473
 862871
 863038
 863291
 863801
 863938
 864458
 864823
 864891
 864930
 865116
 865235
 865652
 865731
 865962
 866072
 866614
 867496
 867517
 867860
 868147
 868350
 868542
 868761
 868852
 868951
 869005
 869109
 869184
 869565
 869701
 869973
 870004
 870078
 870174
 870246
 870365
 870548
 870574
 870806
 870963
 871078
 871529
 871794
 871919
 871933
 872026
 872239
 872360
 872385
 872464
 872576
 872780
 872944
 873153
 873255
 873304
 873596
 873967
 874138
 874326
 874603
 874874
 875169
 875219
 875476
 875825
 875884
 875961
 876176
 876197
 876284
 876408
 876649
 876823
 876974
 877359
 877839
 877862
 878098
 878155
 878173
 878429
 878547
 878616
 878835
 878973
 879354
 879457
 879659
 879714
 880059
 880582
 880749
 881153
 881328
 881444
 881645
 881822
 881846
 881965
 881974
 882135
 882304
 882502
 882555
 882773
 882867
 882889
 883058
 883349
 883479
 883529
 883595
 883773
 884070
 884366
 884641
 884858
 885182
 885467
 885714
 885787
 886002
 886320
 886408
 886548
 886620
 887202
 887705
 887825
 887982
 888253
 888497
 888681
 888916
 889390
 889497
 889694
 889726
 889837
 889923
 890254
 890318
 890660
 890809
 890935
 891217
 891409
 891529
 891963
 892109
 892354
 892629
 893133
 893398
 893624
 893942
 894404
 894514
 894704
 894918
 894994
 895130
 895496
 895755
 895853
 896582
 896851
 897288
 897398
 897899
 898021
 898344
 898538
 898963
 899075
 899210
 899595
 899705
 899776
 900069
 900373
 900569
 900952
 900973
 901093
 901354
 901439
 901512
 901658
 901818
 901937
 902255
 902487
 902614
 902739
 902883
 903048
 903440
 903499
 903725
 903870
 904441
 904557
 904824
 905053
 905070
 905503
 905667
 905842
 905929
 906298
 906706
 906789
 906932
 906999
 907289
 907578
 907809
 907877
 908263
 908343
 908509
 908661
 908727
 908867
 909396
 909418
 909553
 909669
 909771
 909780
 909868
 910029
 910115
 910278
 910355
 910412
 910434
 910560
 910633
 910846
 910888
 910993
 911076
 911115
 911342
 911472
 911782
 911816
 911979
 912309
 912576
 912755
 913094
 913378
 913904
 914077
 914086
 914246
 914580
 914712
 914913
 915007
 915076
 915199
 915230
 915343
 915509
 915640
 915986
 916060
 916400
 916433
 916539
 916554
 916749
 916906
 917241
 917427
 917663
 917756
 918340
 918672
 918743
 918946
 919191
 919298
 919484
 919612
 920116
 920255
 920653
 920900
 921005
 921241
 921531
 921568
 921742
 922097
 922325
 922468
 923177
 923628
 924203
 924298
 924348
 924485
 924622
 924809
 925148
 925344
 925574
 926088
 926206
 926300
 926479
 926551
 926623
 926817
 927258
 927395
 927624
 927738
 928143
 928398
 928498
 928776
 928878
 929064
 929113
 929189
 929265
 929552
 929824
 929903
 930106
 930175
 930210
 930332
 930379
 930510
 930740
 930806
 931312
 931353
 931754
 931914
 931993
 932510
 932806
 933187
 933280
 933597
 933653
 933828
 934088
 934252
 934557
 935044
 935424
 935574
 935814
 935970
 936048
 936168
 936210
 936613
 936932
 937252
 937423
 937607
 937812
 937842
 938064
 938183
 938238
 938945
 939422
 939572
 939680
 939890
 940004
 940207
 940479
 940559
 941060
 941133
 941145
 941250
 941354
 941434
 941478
 941648
 941775
 941908
 941976
 942332
 942451
 942492
 942795
 942921
 942973
 943171
 943204
 943322
 943564
 943714
 943793
 943902
 944026
 944255
 944472
 944773
 945085
 945282
 945501
 945775
 945888
 946124
 946365
 946580
 946732
 947059
 947258
 947290
 947356
 947492
 947630
 947772
 948352
 948471
 948714
 948965
 949101
 949307
 949447
 949712
 949930
 950075
 950259
 950640
 950823
 950877
 951200
 951503
 951598
 951862
 952021
 952166
 952539
 952941
 953018
 953099
 953163
 953381
 953516
 953681
 953858
 954073
 954453
 954681
 954756
 954864
 955380
 955505
 955855
 956084
 956662
 956765
 957083
 957685
 957833
 958070
 958199
 958474
 958549
 958841
 959183
 959302
 959595
 959887
 960015
 960371
 960544
 960608
 960777
 960805
 960810
 961181
 961567
 962068
 962332
 962453
 962712
 962805
 963037
 963440
 963576
 963757
 963817
 964319
 964408
 964517
 964708
 964806
 964915
 965367
 965425
 965592
 965685
 966003
 966144
 966617
 966660
 967213
 967325
 967403
 967498
 967592
 967830
 968089
 968127
 968370
 968746
 968837
 969122
 969174
 969245
 969381
 969670
 969876
 969960
 970041
 970404
 970703
 971190
 971310
 971441
 971607
 971754
 971802
 971860
 972131
 972187
 972265
 972438
 972813
 972887
 972972
 973252
 973276
 973512
 973894
 974285
 974404
 974584
 974647
 974707
 974732
 974971
 975214
 975278
 975442
 975715
 975750
 976019
 976145
 976201
 976388
 976527
 976772
 976938
 977006
 977064
 977099
 977209
 977328
 977545
 977808
 977905
 977958
 978065
 978070
 978273
 978533
 978806
 979131
 979788
 979914
 979998
 980091
 980381
 980540
 980690
 980756
 980951
 980994
 981255
 981432
 981827
 982112
 982263
 982304
 982503
 982749
 982898
 982958
 983436
 983519
 983676
 983783
 983917
 984048
 984084
 984225
 984271
 984520
 984613
 984763
 985175
 985520
 985605
 985626
 985828
 985840
 986024
 986130
 986400
 986538
 986840
 986890
 987069
 987120
 987306
 987538
 987785
 987871
 988092
 988553
 988827
 989057
 989089
 989214
 989537
 989615
 989936
 990319
 990391
 990513
 990706
 990839
 990981
 991047
 991233
 991431
 991679
 991826
 992000
 992285
 992337
 992609
 992731
 992832
 993115
 993367
 993502
 993768
 993863
 994044
 994461
 994758
 994838
 995280
 995719
 995791
 996085
 996382
 996813
 997011
 997343
 997542
 997616
 997737
 998302
 998530
 998729
 998850
 999031
 999114
 999520
 999558
 999644
 999705
 999759
 999784
 