999718
 999681
 999600
 999472
 999464
 999453
 999307
 999135
 998990
 998881
 998799
 998797
 998518
 998486
 998461
 998361
 998359
 998348
 998090
 998043
 997980
 997936
 997726
 997456
 997367
 997294
 997103
 996979
 996762
 996757
 996740
 996679
 996652
 996639
 996502
 996451
 996212
 996197
 996188
 996040
 996018
 995946
 995940
 995673
 995580
 995500
 995378
 995317
 994687
 994653
 994601
 994413
 994177
 994106
 994098
 994082
 993940
 993826
 993710
 993706
 993470
 993256
 993209
 993195
 993176
 993049
 993041
 992705
 992691
 992635
 992512
 992401
 992400
 992360
 992298
 992150
 992125
 992123
 991943
 991277
 991097
 990886
 990812
 990569
 990529
 990512
 990502
 990385
 990273
 990267
 990250
 990201
 990194
 990099
 990056
 989995
 989994
 989692
 989573
 989526
 989156
 989130
 989086
 988902
 988785
 988685
 988571
 988435
 988435
 988402
 988369
 988235
 988226
 987977
 987952
 987916
 987842
 987791
 987697
 987690
 987685
 987630
 987500
 987469
 987420
 987419
 987412
 987306
 987181
 987138
 987020
 986877
 986874
 986789
 986746
 986534
 986508
 986418
 986128
 986076
 986022
 985927
 985898
 985839
 985765
 985735
 985729
 985680
 985406
 985278
 985074
 985016
 984890
 984854
 984658
 984649
 984606
 984576
 984548
 984520
 984189
 984162
 984126
 984024
 983883
 983840
 983670
 983654
 983642
 983636
 983621
 983535
 983479
 983463
 983442
 983318
 983253
 983213
 983029
 982716
 982697
 982692
 982609
 982502
 982498
 982394
 982343
 982144
 982048
 981949
 981912
 981877
 981820
 981782
 981744
 981721
 981357
 981308
 981295
 980706
 980613
 980468
 980444
 980224
 980031
 979955
 979811
 979591
 979376
 979361
 979350
 979310
 979226
 979203
 979112
 978970
 978931
 978884
 978873
 978832
 978671
 978570
 978436
 978417
 978325
 978318
 978184
 978108
 978076
 978060
 978027
 978002
 977994
 977880
 977674
 977624
 977603
 977539
 977461
 977095
 977082
 977044
 977041
 977041
 976792
 976453
 976215
 976112
 976070
 975760
 975655
 975566
 975416
 975395
 975393
 975372
 975194
 975012
 974991
 974806
 974581
 974579
 974561
 974135
 973994
 973967
 973960
 973881
 973659
 973641
 973624
 973453
 973393
 972948
 972912
 972717
 972716
 972647
 972140
 972111
 971880
 971871
 971763
 971509
 971465
 971455
 971428
 971308
 971282
 971243
 970987
 970783
 970765
 970760
 970724
 970598
 970560
 970264
 970224
 970223
 970177
 970044
 969970
 969960
 969851
 969849
 969816
 969491
 969290
 969267
 969212
 969174
 968934
 968873
 968846
 968750
 968714
 968693
 968458
 967921
 967752
 967733
 967637
 967374
 967015
 966949
 966940
 966740
 966698
 966597
 966447
 966214
 966005
 965986
 965983
 965876
 965866
 965495
 965461
 965394
 965389
 965367
 965232
 965126
 965078
 964744
 964705
 964571
 964560
 964354
 964334
 964257
 964196
 964133
 963917
 963852
 963090
 962960
 962935
 962920
 962675
 962179
 961996
 961961
 961914
 961893
 961754
 961744
 961678
 961413
 961325
 960956
 960954
 960753
 960441
 960295
 960218
 960119
 959934
 959633
 959607
 959351
 959347
 959301
 959264
 959183
 958788
 958636
 958613
 958570
 958521
 958503
 958415
 958193
 958064
 958037
 957918
 957866
 957799
 957539
 957351
 957344
 957310
 957118
 956790
 956696
 956636
 956373
 956284
 956260
 956250
 956168
 956149
 956040
 955919
 955851
 955818
 955718
 955707
 955596
 955585
 955523
 955442
 955416
 955314
 955143
 955133
 955090
 955071
 955056
 954934
 954922
 954916
 954756
 954598
 954448
 954374
 954259
 954242
 954068
 953922
 953895
 953829
 953807
 953625
 953597
 953591
 953548
 953488
 953344
 953305
 953250
 952832
 952745
 952542
 952385
 952275
 951653
 951434
 951300
 951171
 951070
 950959
 950902
 950841
 950827
 950819
 950819
 950532
 950379
 950290
 950201
 950173
 949990
 949959
 949644
 949598
 949581
 949550
 948992
 948974
 948928
 948650
 948642
 948482
 948400
 948394
 948353
 948286
 948279
 948273
 948206
 948176
 948023
 947978
 947971
 947860
 947848
 947710
 947554
 947517
 947466
 947458
 947378
 947368
 947311
 947241
 947219
 947171
 947078
 947006
 946938
 946902
 946834
 946810
 946705
 946675
 946661
 946632
 946495
 946334
 946286
 946114
 946107
 946023
 945526
 945424
 945317
 945300
 945279
 945231
 945113
 945031
 944968
 944908
 944745
 944667
 944596
 944383
 944346
 944290
 944237
 944083
 943988
 943981
 943942
 943857
 943689
 943609
 943529
 943457
 943340
 943306
 943265
 943232
 943203
 943164
 943095
 942997
 942978
 942926
 942911
 942857
 942780
 942556
 942544
 942506
 942431
 942148
 942148
 942069
 941978
 941677
 941591
 941301
 941209
 940959
 940871
 940831
 940686
 940573
 940539
 940495
 940437
 940394
 940350
 939959
 939762
 939697
 939638
 939637
 939429
 939384
 939279
 939127
 939035
 938997
 938992
 938891
 938801
 938775
 938689
 938681
 938497
 938488
 938296
 938278
 938123
 938050
 938023
 937409
 937376
 937221
 937189
 937067
 936990
 936695
 936677
 936553
 936427
 936355
 936268
 936259
 936239
 936170
 936099
 936043
 935922
 935915
 935823
 935779
 935610
 935483
 935470
 935449
 935389
 935357
 935352
 935330
 935304
 935283
 934835
 934829
 934487
 934346
 934048
 934030
 933996
 933948
 933804
 933710
 933670
 933570
 933477
 933376
 933371
 933333
 933289
 933228
 932954
 932942
 932896
 932665
 932573
 932502
 932271
 932078
 931966
 931880
 931563
 931482
 931423
 931304
 931263
 931188
 931164
 931098
 931034
 930528
 930434
 930290
 930265
 930232
 930148
 930141
 930077
 929986
 929948
 929836
 929835
 929701
 929664
 929573
 929521
 929479
 929368
 929139
 929023
 928930
 928929
 928763
 928755
 928571
 928506
 928500
 928464
 928331
 928262
 928104
 927855
 927641
 927054
 926990
 926965
 926954
 926881
 926388
 926335
 926312
 926132
 926012
 925942
 925929
 925867
 925858
 925612
 925431
 924906
 924762
 924733
 924642
 924482
 924463
 924436
 924302
 924202
 924079
 923994
 923923
 923842
 923686
 923619
 923538
 923509
 923330
 923176
 923006
 923001
 922736
 922497
 922423
 922253
 922243
 922232
 922183
 922064
 921855
 921792
 921588
 921526
 921518
 921475
 921471
 921447
 921364
 921057
 921038
 920928
 920916
 920882
 920804
 920774
 920721
 920714
 920518
 920517
 920428
 920381
 920265
 920134
 919999
 919970
 919928
 919854
 919808
 919734
 919511
 919453
 919225
 919131
 919028
 918852
 918749
 918675
 918668
 918585
 918437
 918319
 918274
 918254
 918169
 918070
 918007
 917998
 917978
 917948
 917908
 917818
 917801
 917744
 917639
 917516
 917412
 917350
 917330
 917205
 917172
 917153
 916897
 916502
 916481
 916476
 916466
 916436
 916408
 916387
 916351
 916289
 916273
 916230
 916222
 916115
 915997
 915967
 915934
 915887
 915796
 915780
 915693
 915320
 915309
 915295
 915101
 915043
 914952
 914798
 914796
 914786
 914767
 914680
 914636
 914603
 914601
 914522
 914416
 914372
 914331
 914323
 914291
 914285
 914093
 914077
 913922
 913883
 913819
 913739
 913687
 913662
 913580
 913379
 913269
 913253
 913190
 912968
 912944
 912913
 912769
 912669
 912643
 912635
 912606
 912566
 912558
 912538
 912239
 912207
 911913
 911860
 911714
 911555
 911477
 911422
 911196
 911111
 911084
 910861
 910825
 910767
 910513
 910505
 910447
 910176
 909821
 909800
 909711
 909709
 909432
 909372
 909090
 908954
 908713
 908545
 908499
 908265
 908235
 908219
 907973
 907887
 907742
 907601
 907590
 907563
 907385
 907176
 907078
 907066
 906843
 906843
 906698
 906382
 906316
 906313
 906256
 906104
 905991
 905952
 905850
 905805
 905728
 905688
 905660
 905611
 905502
 905296
 905236
 905213
 905191
 905122
 905026
 905008
 905003
 904610
 904591
 904396
 904347
 904344
 904143
 904109
 903944
 903850
 903843
 903723
 903620
 903221
 903176
 903107
 903081
 902940
 902911
 902784
 902601
 902446
 902409
 902300
 902151
 902140
 902097
 902084
 902063
 902006
 901960
 901886
 901735
 901686
 901436
 901349
 901189
 901103
 901067
 901010
 900809
 900617
 900415
 900411
 900391
 900273
 900262
 900200
 900173
 900105
 899690
 899611
 899567
 899336
 899224
 899030
 898943
 898827
 898768
 898741
 898612
 898388
 898239
 898224
 898180
 898108
 898085
 897963
 897871
 897520
 897454
 897438
 897426
 897409
 897359
 897344
 897237
 896970
 896907
 896743
 896488
 896485
 896358
 896296
 896230
 896064
 896041
 895812
 895731
 895647
 895330
 895221
 895160
 894736
 894675
 894497
 894396
 894313
 894168
 894097
 894036
 893881
 893772
 893771
 893741
 893711
 893567
 893509
 893493
 893486
 893444
 893378
 893375
 893220
 892796
 892748
 892587
 892298
 892258
 892241
 892230
 892018
 891989
 891988
 891850
 891832
 891808
 891794
 891701
 891617
 891388
 891275
 891192
 891166
 890949
 890912
 890711
 890610
 890587
 890517
 890469
 890402
 890387
 890292
 889994
 889937
 889835
 889756
 889739
 889592
 889467
 889409
 889324
 889244
 888933
 888888
 888888
 888645
 888617
 888536
 888469
 888388
 888274
 888209
 888153
 888135
 888118
 888020
 887882
 887879
 887640
 887565
 887550
 887417
 887263
 887025
 886676
 886675
 886658
 886599
 886526
 886429
 886412
 886392
 886311
 886243
 886152
 886084
 886009
 885799
 885788
 885659
 885378
 885245
 885186
 885144
 885061
 884879
 884878
 884853
 884655
 884637
 884594
 884555
 884515
 884472
 884424
 884400
 884185
 884000
 883991
 883812
 883792
 883553
 883214
 883170
 883065
 883025
 883018
 882939
 882609
 882584
 882540
 882524
 882445
 882361
 882187
 882096
 881987
 881813
 881469
 881455
 881415
 881222
 881201
 881078
 880948
 880947
 880749
 880733
 880702
 880595
 880509
 880496
 880389
 880308
 880217
 879969
 879879
 879875
 879745
 879667
 879616
 879423
 879401
 879275
 879271
 879233
 879067
 878947
 878892
 878841
 878787
 878787
 878527
 878433
 878391
 878287
 878201
 878195
 878086
 878048
 878033
 877890
 877865
 877697
 877605
 877396
 877386
 877378
 877345
 877333
 877245
 876906
 876870
 876851
 876766
 876716
 876650
 876617
 876604
 876522
 876023
 875881
 875877
 875736
 875329
 875076
 875063
 875000
 874979
 874879
 874769
 874766
 874747
 874723
 874626
 874587
 874453
 874440
 874347
 874197
 873985
 873946
 873924
 873853
 873622
 873425
 873220
 873169
 873157
 873002
 872799
 872709
 872707
 872693
 872594
 872581
 872468
 872297
 871735
 871681
 871224
 871185
 870994
 870807
 870745
 870598
 870497
 870487
 870369
 870368
 870362
 870329
 869837
 869737
 869733
 869582
 869513
 869394
 869209
 869090
 868950
 868855
 868852
 868712
 868613
 868604
 868493
 868219
 868055
 867771
 867647
 867572
 867544
 867541
 867369
 867264
 867209
 867209
 867168
 867132
 867070
 866983
 866837
 866828
 866644
 866638
 866605
 866570
 866458
 866369
 866348
 866296
 866290
 866285
 866199
 866154
 866120
 866079
 866028
 865965
 865937
 865682
 865671
 865653
 865502
 865308
 865215
 865095
 864881
 864864
 864723
 864661
 864600
 864534
 864516
 864488
 864449
 864263
 864251
 864222
 864137
 864072
 864068
 864062
 863998
 863942
 863883
 863640
 863515
 863510
 863387
 863382
 863375
 863283
 863213
 863201
 863182
 863175
 863131
 863111
 863056
 862970
 862958
 862948
 862864
 862711
 862685
 862671
 862611
 862604
 862411
 862207
 862176
 861795
 861623
 861471
 861392
 861265
 861108
 860869
 860864
 860802
 860515
 860456
 860170
 860062
 859940
 859715
 859682
 859677
 859602
 859496
 859470
 859437
 859331
 859194
 859037
 859036
 858848
 858693
 858585
 858352
 858316
 858167
 857901
 857803
 857772
 857751
 857744
 857614
 857425
 857234
 857208
 857152
 857137
 857089
 856796
 856720
 856538
 856511
 856408
 856346
 856288
 856148
 856058
 856020
 855990
 855973
 855846
 855357
 855147
 855132
 855131
 855098
 855063
 854973
 854806
 854803
 854640
 854622
 854525
 854413
 854388
 854273
 854259
 854007
 853640
 853402
 853271
 853259
 853238
 853101
 853068
 853043
 852718
 852637
 852633
 852386
 852313
 852288
 852220
 852216
 852202
 852112
 852045
 851960
 851873
 851515
 851403
 851366
 851332
 851173
 850578
 850562
 850437
 850213
 850107
 849778
 849729
 849717
 849538
 849209
 849157
 849142
 848813
 848768
 848623
 848561
 848201
 848154
 848003
 847846
 847756
 847700
 847593
 847581
 847503
 847438
 847354
 847317
 847280
 847182
 846776
 846743
 846718
 846677
 846477
 846450
 846308
 846153
 846082
 845971
 845891
 845812
 845717
 845305
 845188
 845183
 845102
 844979
 844868
 844837
 844730
 844669
 844398
 844338
 844129
 844005
 843782
 843665
 843478
 843452
 843279
 843240
 843174
 843137
 843098
 843030
 842990
 842833
 842775
 842774
 842718
 842352
 842217
 842208
 842163
 841921
 841813
 841690
 841614
 841421
 841366
 841165
 841033
 841019
 841010
 840926
 840820
 840477
 840298
 840219
 840212
 840175
 840148
 840086
 840084
 840056
 840032
 839999
 839902
 839870
 839692
 839593
 839484
 839372
 839137
 839077
 839073
 838926
 838879
 838679
 838511
 838343
 838062
 837925
 837911
 837837
 837749
 837575
 837575
 837536
 837526
 837486
 836910
 836879
 836863
 836795
 836669
 836363
 836343
 836322
 836237
 836185
 836053
 836005
 835929
 835905
 835799
 835758
 835693
 835673
 835664
 835573
 835372
 835355
 835304
 835201
 835157
 835150
 834998
 834991
 834975
 834866
 834575
 834405
 833688
 833617
 833548
 833521
 833472
 833207
 833118
 833037
 832922
 832762
 832728
 832683
 832564
 832502
 832402
 832399
 832360
 832259
 832159
 832117
 831838
 831806
 831685
 831625
 831599
 831560
 831368
 831331
 831307
 831237
 831213
 830935
 830808
 830780
 830678
 830623
 830502
 830473
 830379
 830363
 830028
 829999
 829987
 829889
 829880
 829844
 829538
 829155
 829039
 829029
 828925
 828885
 828864
 828843
 828805
 828715
 828498
 828470
 828425
 828230
 828195
 828085
 827620
 827538
 827288
 827194
 827160
 827106
 827047
 827039
 827036
 826973
 826896
 826684
 826447
 826393
 826354
 826143
 825916
 825886
 825666
 825642
 825417
 825200
 825170
 824948
 824819
 824807
 824797
 824784
 824765
 824313
 824045
 823864
 823484
 823250
 823008
 822803
 822758
 822612
 822354
 822304
 822253
 822065
 821898
 821722
 821635
 821592
 821567
 821395
 821256
 820919
 820852
 820817
 820433
 820322
 819888
 819704
 819612
 819391
 819228
 819197
 819196
 819189
 819173
 819040
 818909
 818864
 818843
 818604
 818414
 818374
 818368
 818181
 818117
 818079
 818061
 818050
 817850
 817774
 817749
 817635
 817493
 817281
 816978
 816970
 816968
 816906
 816643
 816551
 816429
 816373
 816199
 815964
 815890
 815864
 815683
 815648
 815521
 815434
 815220
 815119
 814949
 814767
 814238
 814142
 814056
 813951
 813870
 813863
 813838
 813816
 813805
 813694
 813682
 813664
 813630
 813559
 813336
 812965
 812806
 812765
 812528
 812520
 812513
 812480
 812463
 812404
 812368
 812257
 812113
 812110
 812087
 811969
 811928
 811913
 811802
 811758
 811689
 811682
 811550
 811532
 811428
 811406
 811404
 811335
 810709
 810703
 809960
 809640
 809639
 809339
 808944
 808842
 808823
 808762
 808676
 808671
 808458
 808390
 808260
 808240
 808135
 808063
 807952
 807873
 807768
 807619
 807613
 807581
 807565
 807435
 807312
 807172
 807135
 807038
 807007
 806907
 806899
 806860
 806770
 806620
 806583
 806429
 806418
 806279
 806204
 806119
 806053
 805927
 805888
 805680
 805596
 805559
 805500
 805232
 805220
 805194
 805088
 804882
 804839
 804714
 804677
 804597
 804557
 804525
 804512
 804282
 804105
 803953
 803633
 803419
 802894
 802834
 802784
 802783
 802658
 802412
 802408
 802360
 802340
 802307
 802290
 802197
 802163
 802135
 802046
 802030
 801637
 801564
 801487
 801242
 801200
 801197
 801006
 800873
 800733
 800720
 800703
 800657
 800621
 800612
 800604
 800595
 800565
 800460
 800329
 800272
 800166
 800106
 800030
 800007
 799999
 799999
 799733
 799669
 799640
 799623
 799602
 799591
 799498
 799260
 799114
 798888
 798580
 798556
 798365
 798344
 798294
 798220
 798099
 798095
 797919
 797897
 797741
 797640
 797635
 797456
 797415
 797107
 796970
 796915
 796898
 796774
 796771
 796591
 796458
 796388
 796380
 796305
 796274
 796263
 796229
 796116
 796023
 795918
 795884
 795831
 795720
 795698
 795659
 795639
 795414
 795344
 795323
 795308
 795103
 795069
 794906
 794674
 794598
 794594
 794564
 794300
 794288
 794180
 794147
 794132
 794085
 794003
 793948
 793931
 793877
 793861
 793832
 793650
 793635
 793594
 793468
 793301
 793240
 793230
 793183
 793177
 792779
 792718
 792533
 792505
 792473
 792440
 792425
 792236
 792228
 792189
 792058
 791977
 791405
 791267
 791105
 791017
 790905
 790820
 790726
 790689
 790663
 790584
 790318
 790264
 790220
 790195
 790046
 789914
 789907
 789840
 789824
 789805
 789758
 789697
 789684
 789647
 789571
 789535
 789523
 789509
 789316
 789242
 789222
 789139
 789015
 788979
 788913
 788862
 788851
 788679
 788658
 788494
 788339
 788224
 788122
 788050
 788015
 787961
 787863
 787833
 787699
 787659
 787533
 787447
 787443
 787356
 787289
 787171
 786911
 786807
 786763
 786743
 786596
 786503
 786500
 786408
 786393
 786301
 786110
 786045
 785812
 785659
 785535
 785435
 785423
 785412
 785357
 785307
 785249
 785083
 784986
 784966
 784920
 784872
 784775
 784722
 784639
 784244
 784242
 783917
 783625
 783549
 783451
 783403
 783378
 783274
 783122
 782973
 782873
 782778
 782752
 782624
 782619
 782291
 782268
 782213
 782091
 782073
 782026
 781987
 781903
 781632
 781450
 781192
 781184
 781132
 780977
 780821
 780784
 780573
 780552
 780473
 780419
 780408
 780398
 780240
 780035
 779935
 779904
 779892
 779774
 779744
 779549
 779409
 779279
 779220
 779130
 778980
 778957
 778698
 778581
 778504
 778386
 778321
 778270
 778196
 778105
 778059
 777903
 777885
 777844
 777777
 777647
 777580
 777490
 777426
 777202
 776999
 776824
 776787
 776635
 776536
 776383
 776382
 776350
 776339
 776221
 776099
 776079
 776077
 775825
 775780
 775757
 775618
 775436
 775069
 774837
 774595
 774566
 774556
 774437
 774368
 774319
 774288
 774223
 774197
 774193
 774084
 774076
 774056
 774040
 774031
 773979
 773907
 773785
 773633
 773498
 773485
 773267
 773105
 773090
 773032
 773031
 772946
 772930
 772795
 772753
 772724
 772419
 772413
 772211
 772185
 772164
 772085
 772016
 771885
 771879
 771773
 771729
 771684
 771415
 770965
 770955
 770819
 770382
 770349
 770291
 770286
 770150
 770091
 769960
 769927
 769911
 769786
 769739
 769705
 769687
 769686
 769474
 769342
 769338
 769162
 769155
 768948
 768827
 768723
 768444
 768127
 768112
 768089
 768040
 767950
 767935
 767918
 767592
 767553
 767546
 767428
 767410
 767332
 766914
 766810
 766809
 766723
 766591
 766550
 766499
 766461
 766364
 766233
 766205
 766045
 766034
 765828
 765730
 765655
 765649
 765644
 765490
 765482
 765432
 765409
 765280
 765185
 765185
 765119
 765075
 765051
 764698
 764656
 764562
 764362
 764320
 764295
 764240
 763779
 763721
 763665
 763495
 763466
 763461
 763437
 763321
 763107
 763064
 762859
 762783
 762532
 762497
 762335
 762216
 762114
 762083
 761958
 761950
 761918
 761897
 761876
 761792
 761620
 761598
 761544
 761521
 761312
 761279
 761190
 761056
 760854
 760694
 760690
 760506
 760398
 760391
 760301
 760294
 760155
 760035
 759900
 759878
 759658
 759555
 759469
 759168
 759051
 758795
 758672
 758632
 758594
 758446
 758310
 758296
 758176
 758087
 758009
 757975
 757885
 757832
 757832
 757761
 757748
 757744
 757632
 757597
 757515
 757445
 757376
 757304
 757264
 757259
 757174
 757128
 757118
 756999
 756936
 756876
 756844
 756814
 756731
 756647
 756493
 756443
 756418
 756341
 756258
 756170
 756170
 756067
 755994
 755963
 755801
 755760
 755731
 755596
 755578
 755575
 755555
 754815
 754785
 754776
 754769
 754654
 754635
 754403
 754356
 754254
 754162
 754150
 754109
 754083
 754081
 754062
 753802
 753661
 753607
 753578
 753311
 753215
 753207
 753154
 752894
 752853
 752753
 752646
 752368
 752173
 751999
 751676
 751675
 751534
 751489
 751322
 751269
 751139
 751120
 751000
 750825
 750406
 750078
 749938
 749849
 749503
 749467
 749463
 749184
 748937
 748894
 748763
 748747
 748673
 748638
 748562
 748533
 748480
 748300
 748127
 747941
 747699
 747444
 747395
 747026
 746974
 746849
 746679
 746666
 746654
 746522
 746334
 746289
 746174
 746081
 745938
 745913
 745885
 745802
 745602
 745589
 745570
 745542
 745534
 745531
 745471
 745397
 745285
 745036
 744970
 744734
 744627
 744615
 744390
 744269
 744257
 744235
 744232
 744062
 744016
 743952
 743943
 743908
 743819
 743777
 743768
 743722
 743608
 743589
 743426
 743418
 743365
 743349
 743348
 743338
 743332
 743240
 743058
 742965
 742793
 742644
 742582
 742514
 742508
 742498
 742356
 742242
 742134
 742131
 742034
 741935
 741795
 741625
 741586
 741520
 741501
 741494
 741423
 740917
 740699
 740560
 740420
 740342
 740221
 740221
 740051
 740050
 739988
 739915
 739763
 739710
 739709
 739538
 739521
 739474
 739427
 739385
 739356
 738836
 738787
 738732
 738631
 738613
 738536
 738529
 738491
 738488
 738419
 738125
 737864
 737799
 737749
 737702
 737662
 737616
 737426
 737400
 737308
 736842
 736737
 736707
 736536
 736354
 736145
 736128
 735870
 735793
 735549
 734858
 734831
 734790
 734579
 734571
 734419
 734106
 733931
 733728
 733711
 733653
 733582
 733497
 733343
 733167
 733153
 733024
 732955
 732945
 732635
 732632
 732485
 731980
 731972
 731404
 731369
 731303
 731286
 731256
 731212
 731203
 730785
 730723
 730682
 730511
 730446
 730443
 730307
 730256
 730169
 730069
 729876
 729729
 729645
 729529
 729054
 728997
 728980
 728782
 728693
 728665
 728623
 728552
 728460
 728433
 728411
 728318
 728295
 728293
 728145
 728011
 727954
 727762
 727746
 727685
 727664
 727645
 727638
 727572
 727519
 727386
 727350
 727328
 727260
 727239
 727238
 727208
 727154
 727103
 726923
 726816
 726770
 726663
 726510
 726508
 726399
 726323
 726272
 726159
 726033
 725844
 725486
 725444
 725423
 725401
 724954
 724948
 724911
 724892
 724832
 724832
 724824
 724803
 724660
 724483
 724476
 724290
 724127
 724074
 723849
 723778
 723675
 723557
 723395
 723174
 723166
 723121
 723078
 723051
 722822
 722704
 722513
 722446
 722005
 721916
 721778
 721778
 721684
 721311
 721212
 721199
 721138
 720938
 720918
 720901
 720747
 720726
 720468
 720458
 720330
 720322
 720175
 719830
 719796
 719786
 719709
 719704
 719688
 719686
 719585
 719529
 719031
 718957
 718918
 718871
 718644
 718608
 718346
 718277
 718010
 717951
 717915
 717806
 717780
 717729
 717693
 717607
 717553
 717425
 717243
 717173
 716981
 716914
 716771
 716713
 716626
 716293
 716252
 716235
 716149
 716129
 716119
 716117
 716110
 715989
 715965
 715956
 715864
 715711
 715509
 715480
 715451
 715333
 715222
 715024
 715010
 715004
 714893
 714792
 714644
 714524
 714446
 714380
 714285
 714157
 714000
 713875
 713874
 713830
 713760
 713734
 713714
 713493
 713472
 713403
 713372
 713356
 713248
 713207
 713147
 712812
 712697
 712695
 712640
 712481
 712402
 712009
 711830
 711771
 711686
 711441
 711340
 711278
 711111
 711111
 710920
 710868
 710843
 710801
 710763
 710697
 710575
 710570
 710476
 710274
 710248
 710166
 710147
 710097
 710071
 709980
 709959
 709952
 709865
 709763
 709762
 709754
 709729
 709687
 709363
 709246
 709225
 709130
 709076
 708791
 708685
 708630
 708291
 708074
 708061
 708017
 707903
 707744
 707652
 707310
 707270
 707232
 707230
 706875
 706815
 706576
 706511
 706419
 706404
 706122
 706118
 705993
 705917
 705882
 705812
 705707
 705583
 705331
 705265
 705244
 705195
 705154
 705152
 705014
 704987
 704896
 704740
 704702
 704463
 704462
 704142
 704123
 703923
 703910
 703881
 703611
 703562
 703367
 703356
 703118
 703087
 702682
 702673
 702642
 702520
 702494
 702492
 702325
 702194
 702014
 701966
 701952
 701897
 701869
 701754
 701742
 701732
 701514
 701461
 701366
 701019
 700735
 700707
 700602
 700418
 699760
 699713
 699545
 699468
 699427
 699421
 699399
 699282
 699042
 699022
 698972
 698951
 698756
 698739
 698590
 698586
 698455
 698372
 698313
 698096
 698079
 698050
 697967
 697574
 697470
 697318
 697270
 697212
 696993
 696969
 696910
 696769
 696540
 696470
 696385
 696092
 696089
 696070
 696023
 696013
 695995
 695913
 695775
 695766
 695384
 695371
 695248
 695070
 694990
 694954
 694950
 694905
 694867
 694584
 694556
 694537
 694536
 694351
 694315
 694266
 694164
 694096
 694058
 694054
 693867
 693781
 693617
 693524
 693474
 693466
 693385
 693355
 693324
 693125
 693063
 692890
 692887
 692538
 692387
 692320
 692122
 692078
 691766
 691572
 691445
 691398
 691338
 691229
 691219
 691218
 691119
 691110
 690889
 690855
 690817
 690710
 690565
 690318
 690279
 690064
 689970
 689661
 689644
 689568
 689481
 689440
 689384
 688965
 688888
 688827
 688672
 688629
 688513
 688426
 688374
 688008
 687978
 687865
 687798
 687788
 687485
 687325
 687296
 687022
 686964
 686832
 686792
 686738
 686354
 686190
 685792
 685790
 685789
 685714
 685552
 685275
 685241
 684832
 684747
 684429
 684423
 684356
 684263
 683757
 683752
 683696
 683651
 683558
 683512
 683453
 683374
 683342
 683312
 683295
 683123
 683027
 682990
 682939
 682901
 682765
 682386
 682306
 682300
 682268
 682093
 681902
 681889
 681705
 681499
 681481
 681415
 681253
 681150
 681033
 680937
 680780
 680773
 680731
 680719
 680424
 680217
 680104
 679582
 679518
 679455
 679371
 679369
 679346
 679329
 679306
 679288
 679205
 679178
 679142
 679046
 679045
 678528
 678321
 678169
 678160
 678115
 677930
 677917
 677887
 677852
 677821
 677553
 677289
 677178
 677168
 677152
 676923
 676734
 676595
 676574
 676554
 676494
 676139
 676050
 675991
 675990
 675958
 675725
 675584
 675498
 675183
 675065
 675062
 674969
 674911
 674824
 674697
 674685
 674623
 674616
 674304
 674302
 674279
 674204
 674086
 673951
 673926
 673811
 673775
 673553
 673274
 672944
 672935
 672553
 672489
 672388
 672296
 672258
 672207
 672066
 672025
 672025
 671944
 671863
 671845
 671806
 671794
 671779
 671756
 671753
 671562
 671511
 671280
 671172
 670977
 670776
 670675
 670621
 670605
 670386
 670375
 670338
 670222
 670215
 670119
 670111
 670027
 669977
 669619
 669618
 669580
 669485
 669445
 669395
 669352
 669281
 669236
 669015
 668899
 668870
 668649
 668607
 668606
 668534
 668423
 668356
 668235
 668085
 667937
 667776
 667754
 667625
 667558
 667485
 667397
 667234
 667128
 666965
 666914
 666666
 666666
 666666
 666544
 666307
 666291
 666075
 666014
 665940
 665798
 665796
 665675
 665606
 665604
 665553
 665325
 665271
 665228
 665225
 665182
 665093
 664911
 664885
 664864
 664802
 664743
 664711
 664645
 664561
 664520
 664462
 664436
 664426
 664006
 663994
 663929
 663908
 663859
 663724
 663608
 663148
 663012
 662851
 662352
 662323
 662144
 662048
 661999
 661971
 661616
 661612
 661359
 660966
 660760
 660593
 660528
 660396
 660268
 660237
 660033
 660008
 659921
 659812
 659768
 659755
 659719
 659593
 659451
 659433
 659139
 659048
 658976
 658893
 658680
 658662
 658546
 658502
 658497
 658442
 658420
 658280
 658245
 658227
 658223
 658009
 658002
 657968
 657791
 657772
 657757
 657627
 657621
 657595
 657534
 657407
 657243
 657210
 657166
 656998
 656897
 656896
 656850
 656805
 656667
 656661
 656610
 656489
 656389
 656369
 656161
 656086
 656084
 655991
 655877
 655827
 655790
 655484
 655391
 655298
 654960
 654886
 654870
 654778
 654689
 654584
 654307
 654293
 654216
 654151
 654000
 653939
 653913
 653846
 653762
 653721
 653544
 653430
 653376
 653333
 653278
 653185
 653181
 653098
 652883
 652826
 652805
 652802
 652694
 652665
 652598
 652268
 652181
 652128
 652107
 652031
 651958
 651647
 651641
 651583
 651454
 651408
 651156
 651007
 650634
 650608
 650358
 650306
 650285
 650235
 650163
 649956
 649926
 649747
 649637
 649630
 649409
 649386
 649222
 649162
 649134
 648863
 648821
 648780
 648748
 648648
 648621
 648547
 648519
 648432
 648286
 648011
 647240
 647238
 647171
 647169
 647048
 646920
 646868
 646851
 646792
 646584
 646561
 646100
 645942
 645674
 645616
 645568
 645434
 645412
 645392
 645377
 645314
 645246
 645186
 645161
 645025
 644806
 644763
 644637
 644584
 644515
 644399
 644294
 643842
 643632
 643629
 643274
 643208
 643191
 642936
 642800
 642516
 642312
 642301
 642291
 642236
 642201
 642149
 642047
 641966
 641777
 641726
 641572
 641545
 641371
 641366
 641354
 641312
 641269
 640991
 640944
 640833
 640786
 640648
 640554
 640449
 640335
 640326
 640216
 640058
 640031
 639991
 639776
 639514
 639367
 639335
 639154
 639120
 639083
 638964
 638960
 638853
 638787
 638767
 638594
 638577
 638557
 638450
 638291
 638220
 638193
 638105
 638037
 637982
 637734
 637625
 637486
 637348
 637168
 636980
 636898
 636839
 636810
 636775
 636719
 636675
 636570
 636135
 636013
 636013
 636009
 635591
 635543
 635494
 635028
 634880
 634851
 634634
 634560
 634528
 634467
 634425
 634416
 634365
 634280
 634050
 634024
 633977
 633922
 633803
 633711
 633644
 633565
 633423
 633344
 633240
 633197
 633109
 633082
 633002
 632775
 632563
 632465
 632324
 632003
 631857
 631808
 631801
 631725
 631707
 631471
 631274
 631260
 631206
 630780
 630641
 630608
 630384
 630253
 630208
 630146
 629895
 629881
 629789
 629754
 629695
 629666
 629608
 629431
 629366
 629340
 629232
 629183
 628957
 628915
 628704
 628694
 628679
 628485
 628484
 628458
 628140
 628127
 628118
 628099
 628046
 628028
 627916
 627673
 627647
 627609
 627536
 627200
 627185
 627133
 627129
 627083
 627050
 626981
 626933
 626909
 626669
 626606
 626558
 626367
 626356
 626261
 626248
 626178
 626149
 626086
 626007
 625997
 625760
 625756
 625587
 625500
 625319
 625251
 625159
 625077
 624839
 624772
 624566
 624433
 624382
 624330
 624141
 623968
 623889
 623811
 623689
 623475
 623410
 623350
 623289
 623244
 623052
 623034
 622987
 622870
 622814
 622754
 622739
 622422
 622233
 622222
 622164
 622020
 621973
 621937
 621878
 621830
 621713
 621585
 621584
 621412
 621302
 621126
 621111
 620870
 620425
 620242
 620209
 620017
 619976
 619918
 619798
 619728
 619626
 619336
 619333
 619168
 619059
 619028
 618944
 618858
 618834
 618802
 618801
 618796
 618683
 618433
 618304
 618261
 618088
 618033
 618012
 617647
 617562
 617518
 617273
 617138
 617096
 617055
 616933
 616885
 616677
 616664
 616528
 615985
 615985
 615901
 615712
 615297
 615258
 615232
 615166
 614874
 614814
 614786
 614268
 614251
 614247
 614173
 614090
 613860
 613747
 613594
 613513
 613468
 613341
 613266
 613194
 613105
 613052
 612872
 612862
 612800
 612574
 612541
 612483
 612444
 612433
 612341
 612335
 612289
 612090
 611947
 611940
 611911
 611841
 611486
 611392
 611391
 611283
 611106
 611010
 610993
 610831
 610792
 610644
 610585
 610532
 610511
 610428
 610421
 609888
 609810
 609679
 609621
 609575
 609558
 609472
 609220
 609153
 609036
 608885
 608761
 608760
 608747
 608695
 608591
 608566
 608456
 608434
 608425
 608401
 608391
 608278
 608256
 608250
 608175
 608069
 608017
 607958
 607792
 607744
 607734
 607674
 607515
 607287
 607287
 606988
 606725
 606643
 606604
 606557
 606543
 606432
 606265
 606113
 605947
 605919
 605830
 605790
 605672
 605608
 605531
 605406
 605373
 605302
 605286
 604986
 604966
 604917
 604869
 604725
 604723
 604718
 604614
 604607
 604436
 604425
 604362
 603990
 603910
 603826
 603821
 603674
 603662
 603624
 603526
 603481
 603233
 603211
 603191
 603053
 603043
 603007
 602959
 602929
 602525
 602480
 602440
 602287
 602141
 601972
 601804
 601762
 601688
 601504
 601151
 601011
 600717
 600487
 600483
 600283
 600141
 599999
 599999
 599999
 599917
 599778
 599775
 599704
 599575
 599412
 599391
 599363
 599288
 599252
 599176
 599159
 599119
 599068
 599038
 598987
 598907
 598788
 598689
 598675
 598635
 598608
 598490
 598483
 598436
 598373
 597994
 597897
 597845
 597687
 597656
 597579
 597517
 597475
 597450
 597318
 597212
 597116
 596648
 596522
 596363
 596271
 596223
 595860
 595797
 595639
 595491
 595449
 595061
 594936
 594861
 594769
 594716
 594608
 594441
 594334
 594307
 594276
 593981
 593963
 593850
 593737
 593554
 593520
 593469
 593432
 593428
 593372
 593288
 593170
 593095
 592839
 592570
 592521
 592443
 592233
 592207
 592203
 592183
 592046
 592017
 591919
 591823
 591784
 591768
 591582
 591301
 591231
 591218
 591206
 591160
 591155
 591029
 590980
 590796
 590758
 590733
 590690
 590651
 590185
 589864
 589668
 589648
 589484
 589394
 589286
 589243
 588973
 588917
 588908
 588789
 588786
 588638
 588595
 588567
 588280
 588252
 588235
 588119
 588038
 587976
 587919
 587831
 587772
 587699
 587565
 587475
 587462
 587372
 587279
 587158
 587153
 587014
 586806
 586689
 586486
 586470
 586454
 586422
 586395
 586206
 586106
 586066
 586042
 586040
 585858
 585688
 585278
 585159
 585044
 584979
 584770
 584736
 584710
 584701
 584263
 584172
 584071
 583961
 583657
 583421
 583121
 583059
 582874
 582841
 582749
 582695
 582545
 582383
 582274
 582158
 582089
 581965
 581934
 581823
 581781
 581701
 581564
 581386
 581239
 581235
 581176
 581155
 581136
 581064
 580940
 580915
 580881
 580521
 580337
 580279
 580170
 579976
 579866
 579517
 579378
 579205
 579072
 579043
 578999
 578990
 578920
 578885
 578877
 578829
 578792
 578501
 578368
 578178
 578177
 577953
 577868
 577832
 577809
 577740
 577549
 577544
 577228
 577100
 577099
 577030
 576911
 576769
 576676
 576457
 576413
 576345
 576325
 576152
 576063
 576042
 575870
 575760
 575757
 575620
 575581
 575566
 575443
 575355
 575264
 574892
 574757
 574742
 574664
 574518
 574394
 574193
 574069
 573921
 573882
 573820
 573769
 573764
 573696
 573506
 573505
 573465
 573443
 573308
 573305
 573137
 572884
 572789
 572678
 572643
 572628
 572544
 572477
 572381
 572277
 572210
 572192
 572147
 572147
 571984
 571615
 571428
 571174
 571111
 570997
 570749
 570746
 570580
 570478
 570354
 570220
 570119
 570034
 569974
 569924
 569800
 569776
 569738
 569692
 569606
 569550
 569537
 569045
 569030
 568996
 568943
 568929
 568729
 568671
 568648
 568643
 568358
 568188
 568185
 568162
 568156
 567530
 567505
 567480
 567281
 567254
 567197
 566936
 566740
 566687
 566598
 566564
 566453
 566344
 566186
 565794
 565459
 565443
 565175
 564755
 564687
 564578
 564222
 564127
 564043
 563970
 563937
 563762
 563645
 563644
 563503
 563314
 563169
 563126
 563053
 563011
 562798
 562731
 562722
 562500
 562414
 562382
 562314
 562130
 561836
 561712
 561669
 561612
 561512
 561445
 561154
 561147
 561113
 561043
 561035
 560925
 560874
 560869
 560822
 560813
 560797
 560754
 560714
 560703
 560651
 560540
 560514
 560161
 559800
 559747
 559738
 559670
 559638
 559496
 559447
 559440
 559336
 559298
 559283
 559161
 559037
 558873
 558830
 558796
 558759
 558671
 558633
 558608
 558536
 558474
 558139
 557888
 557730
 557576
 557452
 557438
 557436
 557287
 557202
 557094
 556940
 556853
 556691
 556603
 556469
 556444
 556385
 556218
 556213
 556047
 556007
 555931
 555802
 555772
 555576
 555555
 555360
 555341
 555341
 555120
 554973
 554966
 554918
 554845
 554672
 554569
 554497
 554238
 554006
 554003
 553808
 553758
 553748
 553731
 553618
 553603
 553551
 553421
 553378
 553374
 553326
 553070
 553067
 552868
 552840
 552715
 552426
 552341
 552324
 552276
 552186
 552104
 552087
 551959
 551906
 551871
 551795
 551771
 551520
 551301
 551257
 551208
 551161
 551157
 551078
 551012
 551006
 550978
 550749
 550716
 550674
 550649
 550611
 550497
 550370
 550255
 550234
 550231
 550211
 550173
 550156
 550041
 550040
 549727
 549645
 549618
 549350
 549175
 549160
 549058
 549000
 548984
 548971
 548870
 548802
 548681
 548639
 548556
 548519
 548515
 548400
 548387
 548293
 548102
 548063
 547747
 547733
 547699
 547517
 547474
 547412
 547258
 547247
 547178
 547169
 547150
 547071
 547008
 546891
 546857
 546678
 546637
 546580
 546511
 546505
 546469
 546458
 546384
 546341
 546218
 546122
 546086
 546042
 546037
 545987
 545722
 545691
 545558
 545279
 545175
 545115
 545111
 544932
 544870
 544832
 544787
 544706
 544693
 544658
 544615
 544600
 544471
 544449
 544235
 544065
 544061
 544054
 544018
 543955
 543894
 543793
 543699
 543675
 543660
 543491
 543411
 543127
 543031
 543002
 542976
 542872
 542794
 542766
 542599
 542570
 542309
 542255
 542148
 542033
 541922
 541821
 541720
 541618
 541598
 541387
 541333
 541296
 541067
 540983
 540904
 540766
 540701
 540694
 540599
 540575
 540381
 540343
 540287
 540242
 539947
 539772
 539596
 539494
 539472
 539406
 539247
 539209
 539114
 539020
 538952
 538783
 538775
 538756
 538714
 538441
 538346
 538263
 538140
 538102
 537867
 537835
 537689
 537659
 537531
 537412
 537385
 537213
 537080
 537037
 537019
 537012
 536918
 536886
 536746
 536716
 536585
 536514
 536440
 536434
 536247
 536004
 535882
 535737
 535669
 535581
 535299
 535199
 534869
 534836
 534772
 534718
 534528
 534522
 534128
 534069
 533896
 533778
 533633
 533529
 533519
 533480
 533471
 533119
 533078
 532893
 532617
 532481
 532469
 532451
 532197
 532147
 532139
 532134
 532133
 532029
 532019
 531989
 531947
 531792
 531650
 531645
 531269
 531142
 531041
 530891
 530528
 530443
 530261
 530240
 530085
 529930
 529881
 529745
 529672
 529603
 529419
 529398
 529345
 529343
 529162
 528977
 528903
 528737
 528675
 528481
 528468
 528384
 528378
 528205
 528054
 528047
 528025
 527902
 527869
 527841
 527514
 527482
 527472
 527437
 527320
 527215
 527195
 527171
 527125
 527118
 527109
 527076
 527049
 526745
 526729
 526687
 526684
 526682
 526542
 526536
 526501
 525961
 525954
 525878
 525745
 525688
 525584
 525340
 525163
 524988
 524895
 524895
 524848
 524842
 524835
 524815
 524615
 524596
 524593
 524544
 524452
 524437
 524437
 524334
 524308
 524299
 524055
 524012
 523992
 523924
 523712
 523676
 523599
 523592
 523341
 523268
 522749
 522649
 522613
 522419
 522388
 522384
 522376
 522346
 522054
 521957
 521861
 521739
 521570
 521215
 521200
 521166
 521101
 521064
 520941
 520562
 520506
 520486
 520378
 520360
 520144
 520112
 520079
 519912
 519737
 519697
 519685
 519615
 519554
 519359
 519240
 519236
 519136
 518930
 518907
 518853
 518730
 518719
 518697
 518664
 518482
 518383
 517997
 517871
 517819
 517782
 517555
 517491
 517241
 517222
 517141
 517072
 517051
 516994
 516914
 516889
 516831
 516715
 516705
 516692
 516671
 516608
 516604
 516596
 516387
 516379
 516203
 516062
 515989
 515810
 515808
 515673
 515636
 515506
 515498
 515426
 515338
 515265
 515235
 515213
 515058
 515010
 514980
 514778
 514619
 514539
 514522
 514322
 514183
 514109
 514056
 514015
 513950
 513864
 513752
 513688
 513339
 513318
 513279
 512672
 512647
 512616
 512579
 512539
 512503
 512403
 512343
 512301
 512233
 512227
 512035
 511217
 511140
 511112
 510982
 510806
 510362
 510252
 510218
 510216
 510139
 509843
 509817
 509803
 509744
 509448
 508930
 508785
 508784
 508648
 508574
 508374
 508250
 508171
 508126
 508027
 508017
 507978
 507838
 507505
 507348
 507278
 507211
 507196
 506987
 506913
 506859
 506797
 506675
 506533
 506275
 506210
 506184
 506123
 506082
 506051
 506002
 505990
 505942
 505735
 505609
 505569
 505557
 505494
 505486
 505469
 505348
 505258
 505050
 504831
 504751
 504656
 504565
 504520
 504504
 504487
 504442
 504218
 504217
 504217
 504140
 504090
 504017
 503971
 503907
 503751
 503749
 503670
 503583
 503516
 503454
 503092
 503025
 503021
 503017
 503014
 502896
 502766
 502693
 502560
 502528
 502317
 502295
 502265
 502051
 501992
 501922
 501918
 501373
 501370
 501153
 501151
 501101
 500739
 500701
 500611
 500473
 500343
 500314
 500282
 500192
 500171
 500136
 500078
 500071
 499928
 499857
 499757
 499734
 499586
 499000
 498915
 498881
 498850
 498644
 498638
 498608
 498560
 498454
 498175
 498148
 498108
 498073
 498032
 498004
 497904
 497828
 497816
 497802
 497733
 497466
 497423
 497420
 497396
 497361
 496997
 496906
 496641
 496609
 496520
 496509
 496478
 496333
 496331
 496276
 496240
 496052
 495735
 495687
 495484
 495426
 495223
 495056
 495053
 494912
 494897
 494760
 494756
 494721
 494711
 494638
 494624
 494542
 494526
 494412
 494407
 494249
 494003
 493965
 493937
 493904
 493798
 493596
 493578
 493342
 493238
 493115
 492957
 492857
 492818
 492803
 492606
 492411
 492197
 492185
 492082
 491953
 491823
 491643
 491623
 491612
 491519
 491469
 491452
 491442
 491228
 491205
 491102
 490970
 490956
 490949
 490897
 490842
 490807
 490702
 490662
 490363
 490249
 490244
 490192
 490173
 490125
 490118
 490066
 490056
 489549
 489542
 489494
 489361
 489324
 489299
 489218
 489159
 489020
 488994
 488868
 488809
 488732
 488509
 488466
 488418
 488271
 488045
 487935
 487824
 487819
 487761
 487630
 487388
 487182
 487007
 486805
 486794
 486728
 486486
 486433
 486306
 486296
 486270
 486082
 486081
 485892
 485863
 485660
 485611
 485457
 485387
 485313
 485294
 485200
 485146
 484968
 484939
 484841
 484646
 484451
 484324
 484324
 484297
 484210
 484095
 484047
 484037
 483854
 483781
 483648
 483623
 483583
 483397
 483393
 483330
 483086
 483084
 483046
 483033
 482986
 482955
 482758
 482741
 482740
 482663
 482653
 482636
 482554
 482056
 481916
 481708
 481570
 481481
 481481
 481481
 481283
 481138
 481073
 480998
 480941
 480705
 480586
 480451
 480397
 480283
 480170
 480157
 480113
 480033
 479996
 479782
 479736
 479619
 479513
 479455
 479379
 479229
 479045
 479015
 478846
 478629
 478470
 478463
 478462
 478410
 478407
 478342
 477987
 477984
 477900
 477870
 477806
 477737
 477716
 477557
 477514
 477415
 477261
 477203
 477047
 476945
 476938
 476825
 476603
 476530
 476079
 476076
 475816
 475684
 475650
 475650
 475398
 475270
 475268
 475244
 475012
 474952
 474941
 474727
 474645
 474576
 474556
 474312
 474290
 474191
 474178
 474156
 474134
 474072
 473873
 473863
 473785
 473684
 473593
 473527
 473518
 473446
 473169
 473106
 473080
 473068
 472624
 472454
 472348
 472311
 472309
 472249
 472103
 471911
 471850
 471733
 471726
 471718
 471327
 471124
 471061
 470960
 470906
 470846
 470704
 470422
 470293
 470255
 470252
 470085
 470017
 469879
 469824
 469750
 469479
 469406
 469326
 469101
 469066
 469055
 468990
 468860
 468853
 468764
 468350
 468245
 468105
 467750
 467744
 467695
 467620
 467557
 467416
 467407
 467348
 466926
 466879
 466712
 466666
 466451
 466385
 466248
 466150
 466124
 466039
 465929
 465898
 465825
 465822
 465742
 465626
 465608
 465587
 465577
 465527
 465353
 465289
 465256
 464926
 464663
 464642
 464597
 464556
 464548
 464380
 464372
 464078
 464065
 463914
 463651
 463640
 463592
 463492
 463462
 463336
 463312
 463228
 463068
 463028
 463010
 462809
 462787
 462559
 462403
 461888
 461823
 461770
 461538
 461471
 461329
 461219
 461100
 460954
 460929
 460893
 460745
 460628
 460509
 460501
 460460
 460295
 460260
 460047
 460004
 459986
 459945
 459833
 459744
 459658
 459654
 459610
 459556
 459445
 459307
 459214
 458963
 458956
 458883
 458583
 458499
 458471
 458413
 458394
 458173
 458145
 458129
 458087
 458069
 458055
 457978
 457882
 457831
 457825
 457800
 457692
 457576
 457570
 457491
 457442
 457404
 457014
 457003
 456922
 456828
 456687
 456263
 456237
 456235
 456209
 456200
 456174
 456055
 455762
 455709
 455232
 455227
 455108
 455091
 455048
 455016
 454976
 454850
 454823
 454797
 454716
 454699
 454698
 454580
 454562
 454545
 454534
 454349
 454233
 454086
 454064
 453935
 453905
 453897
 453656
 453486
 453359
 453350
 453333
 453275
 453258
 453201
 453194
 453065
 453047
 453017
 452961
 452914
 452873
 452748
 452700
 452396
 452349
 452246
 452229
 452227
 452141
 452004
 451869
 451783
 451771
 451647
 451402
 451316
 451289
 451242
 451174
 451132
 451106
 451006
 451006
 450985
 450980
 450843
 450771
 450327
 450303
 450286
 450257
 450235
 450083
 449991
 449936
 449887
 449887
 449796
 449667
 449568
 449370
 448979
 448955
 448928
 448839
 448686
 448599
 448487
 448435
 448399
 448286
 448257
 448083
 448067
 447870
 447721
 447458
 447294
 447204
 447204
 447103
 447093
 446908
 446675
 446569
 446534
 446490
 446433
 446418
 446387
 446334
 446319
 446300
 446250
 446191
 445891
 445777
 445667
 445665
 445443
 445276
 445226
 445210
 445078
 444970
 444948
 444895
 444792
 444767
 444712
 444694
 444541
 444444
 444384
 444001
 443997
 443866
 443851
 443839
 443722
 443578
 443572
 443533
 443514
 443355
 443130
 443123
 443044
 442937
 442881
 442814
 442657
 442650
 442348
 442240
 442153
 442020
 442014
 441997
 441785
 441779
 441722
 441655
 441438
 441421
 441291
 441151
 441061
 440674
 440619
 440615
 440613
 440546
 440341
 440287
 440237
 440182
 440021
 439910
 439825
 439659
 439580
 439520
 439476
 439457
 439437
 439425
 439154
 439130
 439080
 439024
 439008
 438822
 438650
 438524
 438357
 438356
 438255
 438163
 438160
 438095
 438087
 438073
 438032
 438028
 438009
 437935
 437908
 437879
 437631
 437630
 437517
 437516
 437500
 437372
 437294
 437278
 437255
 437153
 436995
 436834
 436799
 436709
 436614
 436611
 436605
 436496
 436471
 436433
 436363
 436323
 436220
 436130
 436121
 435982
 435973
 435954
 435799
 435742
 435643
 435637
 435471
 435454
 435453
 435319
 435193
 435185
 434731
 434671
 434568
 434432
 434360
 434267
 434190
 434167
 434165
 434009
 433962
 433861
 433836
 433828
 433275
 433263
 432986
 432846
 432817
 432646
 432497
 432319
 432310
 432155
 432011
 431893
 431822
 431733
 431574
 431419
 431372
 431340
 431271
 431261
 431192
 431137
 431132
 431051
 430769
 430649
 430561
 430517
 430379
 430269
 430262
 430093
 430086
 430076
 429975
 429898
 429898
 429844
 429650
 429624
 429417
 429394
 429147
 429114
 429068
 429046
 429038
 428948
 428803
 428589
 428571
 428428
 428366
 428172
 428143
 428102
 428093
 428064
 427873
 427715
 427451
 427448
 427427
 427417
 427216
 427202
 427130
 427087
 427068
 427045
 426991
 426987
 426693
 426470
 426333
 426286
 426178
 426176
 426019
 425847
 425823
 425806
 425747
 425533
 425319
 424849
 424706
 424665
 424588
 424242
 424150
 424135
 424043
 424004
 423845
 423822
 423766
 423707
 423511
 423471
 423363
 423306
 423207
 423184
 422991
 422735
 422650
 422535
 422451
 422438
 422334
 422243
 422121
 421799
 421740
 421708
 421613
 421339
 421194
 421100
 420912
 420818
 420737
 420711
 420531
 420499
 420454
 420434
 420271
 420150
 420003
 419986
 419917
 419897
 419715
 419598
 419236
 419150
 419136
 419055
 418774
 418181
 417721
 417721
 417502
 417385
 416865
 416763
 416762
 416666
 416648
 416598
 416573
 416559
 416491
 416351
 415711
 415339
 415329
 415177
 415094
 415088
 415020
 414987
 414795
 414556
 414448
 414388
 414367
 414297
 414295
 414174
 414021
 413953
 413882
 413877
 413760
 413683
 413620
 413608
 413604
 413573
 413528
 413468
 413373
 412865
 412849
 412456
 412419
 412393
 412350
 412172
 412077
 412025
 411985
 411934
 411850
 411698
 411571
 411493
 411448
 411133
 411131
 410894
 410852
 410798
 410785
 410784
 410772
 410616
 410579
 410578
 410484
 410480
 410383
 410326
 410254
 410219
 410219
 410100
 409854
 409638
 409572
 409380
 409338
 409098
 408985
 408926
 408846
 408841
 408748
 408727
 408400
 408383
 408148
 408020
 407992
 407974
 407960
 407937
 407637
 407624
 407565
 407348
 407346
 407280
 407182
 407146
 406962
 406960
 406873
 406829
 406805
 406698
 406593
 406523
 406432
 406389
 406360
 406321
 406312
 406280
 406232
 406209
 406149
 406091
 405930
 405779
 405754
 405643
 405594
 405402
 405391
 405200
 405089
 404863
 404842
 404679
 404612
 404532
 404469
 404461
 404457
 404351
 404209
 403705
 403678
 403625
 403531
 403515
 403390
 403206
 403186
 403181
 403143
 402914
 402796
 402782
 402731
 402597
 402375
 402098
 402007
 401872
 401842
 401771
 401695
 401528
 401485
 401402
 401162
 401147
 401048
 400954
 400896
 400876
 400809
 400712
 400613
 400589
 400585
 400576
 400371
 400031
 400000
 399999
 399950
 399581
 399580
 399487
 399399
 399326
 399275
 399233
 399073
 399047
 398991
 398849
 398782
 398753
 398698
 398442
 398401
 398369
 398362
 398237
 398233
 398213
 398139
 397996
 397982
 397922
 397894
 397821
 397805
 397782
 397724
 397590
 397550
 397518
 397266
 397260
 397107
 397104
 397062
 397057
 397001
 396843
 396794
 396729
 396607
 396521
 396475
 396377
 396289
 396286
 396255
 396197
 396091
 395968
 395854
 395839
 395720
 395549
 395319
 395281
 395277
 395189
 394908
 394833
 394773
 394695
 394680
 394398
 394336
 394190
 393871
 393768
 393682
 393663
 393615
 393243
 393169
 393007
 393002
 392884
 392596
 392545
 392500
 392382
 392262
 392257
 392091
 392088
 392062
 391782
 391765
 391735
 391657
 391601
 391529
 391304
 391110
 390897
 390728
 390698
 390596
 390555
 390532
 390411
 390391
 390282
 390278
 390254
 390136
 389982
 389957
 389802
 389785
 389755
 389731
 389573
 389528
 389391
 389264
 389246
 388994
 388989
 388968
 388944
 388732
 388693
 388672
 388613
 388464
 388450
 388405
 388343
 388239
 388195
 387984
 387955
 387730
 387609
 387559
 387521
 387519
 387491
 387456
 387273
 387271
 387184
 387144
 387099
 387030
 387028
 387004
 386894
 386845
 386582
 386560
 386549
 386404
 386133
 385900
 385756
 385643
 385602
 385601
 385551
 385480
 385439
 385256
 384924
 384603
 384415
 384316
 384243
 384204
 384131
 383801
 383684
 383569
 383565
 383385
 383284
 382890
 382807
 382732
 382355
 382133
 382084
 381965
 381957
 381950
 381391
 381355
 381353
 381353
 381228
 381196
 381119
 381015
 380868
 380771
 380663
 380647
 380527
 380458
 380295
 380037
 379652
 379636
 379430
 379310
 379091
 379047
 378947
 378938
 378735
 378670
 378580
 378506
 378290
 378167
 378091
 377604
 377422
 377406
 377358
 377220
 377217
 376811
 376804
 376729
 376674
 376666
 376568
 376526
 376524
 376467
 376332
 376237
 376132
 375911
 375679
 375583
 375389
 375332
 375279
 375102
 375038
 374912
 374885
 374757
 374581
 374485
 374335
 374256
 374157
 374147
 373956
 373907
 373848
 373766
 373649
 373443
 373418
 373257
 373180
 373098
 372909
 372881
 372847
 372812
 372770
 372716
 372466
 372448
 372344
 372317
 372276
 372226
 372191
 372127
 372093
 371796
 371633
 371576
 371527
 371519
 371307
 371263
 371202
 371150
 371129
 371069
 370902
 370824
 370756
 370684
 370629
 370513
 370502
 370478
 370244
 370189
 370050
 369624
 369614
 369602
 369491
 369313
 369190
 369085
 368947
 368932
 368903
 368837
 368799
 368759
 368628
 368613
 368494
 368359
 368272
 368209
 368143
 368094
 367853
 367765
 367727
 367720
 367664
 367663
 367246
 367178
 367087
 367051
 366968
 366961
 366928
 366818
 366715
 366627
 366557
 366514
 366512
 366417
 366409
 366043
 366037
 365737
 365695
 365670
 365624
 365622
 365448
 365362
 365268
 365232
 365172
 365136
 365084
 364978
 364822
 364729
 364532
 364506
 364373
 364112
 363918
 363654
 363570
 363520
 363363
 363307
 363223
 363218
 363218
 363199
 363011
 362999
 362790
 362588
 362409
 362341
 362235
 362183
 362108
 362092
 362065
 362045
 362038
 362020
 361995
 361982
 361934
 361517
 361349
 361347
 361344
 361161
 361013
 360907
 360714
 360596
 360580
 360515
 360384
 360348
 360249
 360190
 360122
 360003
 359756
 359457
 359208
 359136
 359097
 358967
 358918
 358804
 358803
 358677
 358509
 358499
 358485
 358458
 358143
 357878
 357831
 357777
 357532
 357396
 357393
 357361
 357314
 356994
 356941
 356743
 356608
 356606
 356581
 356565
 356456
 356086
 355877
 355846
 355828
 355815
 355809
 355806
 355720
 355450
 355392
 355355
 355125
 355019
 354999
 354900
 354554
 354528
 354487
 354451
 354432
 354332
 354171
 354127
 354085
 353987
 353900
 353875
 353819
 353446
 353437
 353250
 353236
 353219
 353177
 353084
 353013
 353006
 352824
 352755
 352722
 352364
 352312
 352289
 352023
 351895
 351744
 351671
 351475
 351435
 351328
 351011
 351005
 350787
 350708
 350515
 350321
 350251
 350122
 350073
 349985
 349947
 349650
 349503
 349434
 349294
 349209
 349063
 348924
 348874
 348784
 348752
 348724
 348623
 348579
 348536
 348530
 348356
 348354
 348141
 348126
 347871
 347802
 347500
 347368
 347323
 347249
 347230
 347116
 347110
 347060
 346945
 346894
 346816
 346774
 346766
 346666
 346537
 346458
 346358
 346355
 346347
 346248
 346158
 346024
 345828
 345679
 345577
 345497
 345485
 345431
 345406
 345266
 345090
 344991
 344722
 344687
 344676
 344653
 344649
 344648
 344520
 344501
 344378
 343953
 343936
 343927
 343823
 343538
 343531
 343422
 343370
 343358
 343292
 343283
 343135
 342882
 342550
 342386
 342368
 342303
 342262
 342239
 341954
 341940
 341677
 341576
 341341
 341316
 341258
 341226
 341114
 341004
 340873
 340773
 340645
 340467
 340428
 340402
 340387
 340169
 340080
 339970
 339964
 339918
 339654
 339622
 339556
 339522
 339416
 339410
 339329
 339317
 339228
 339199
 339186
 339102
 338885
 338821
 338750
 338677
 338671
 338530
 338475
 338449
 338362
 338353
 338147
 338125
 338112
 338081
 337993
 337867
 337769
 337423
 337377
 337342
 337135
 337106
 337005
 336957
 336485
 336434
 336428
 336426
 336391
 336381
 336220
 336051
 335764
 335712
 335708
 335095
 334897
 334845
 334741
 334616
 334209
 334178
 334066
 333965
 333848
 333821
 333800
 333576
 333470
 333333
 333333
 333333
 333333
 333333
 333234
 333158
 333077
 332983
 332832
 332737
 332609
 332578
 332548
 332369
 332136
 331999
 331754
 331720
 331708
 331562
 331299
 331135
 331031
 330994
 330943
 330922
 330736
 330530
 330483
 330285
 330190
 329979
 329951
 329912
 329877
 329842
 329819
 329615
 329581
 329517
 329509
 329452
 329312
 329203
 328956
 328950
 328818
 328791
 328603
 328519
 328496
 328391
 328371
 328307
 328187
 327652
 327491
 327466
 327380
 327336
 327315
 326856
 326797
 326759
 326750
 326562
 326378
 326186
 326130
 325991
 325801
 325705
 325539
 325507
 325474
 325367
 325248
 325178
 325110
 324986
 324851
 324783
 324771
 324671
 324634
 324324
 324298
 324254
 324134
 324087
 323958
 323933
 323769
 323703
 323646
 323578
 323541
 323425
 323338
 323333
 323318
 323248
 322865
 322839
 322832
 322822
 322812
 322683
 322643
 322627
 322304
 322245
 322116
 322106
 322024
 322023
 321831
 321793
 321723
 321303
 321242
 321049
 320802
 320801
 320634
 320417
 320326
 320239
 320225
 320000
 319745
 319605
 319309
 319051
 318966
 318636
 318609
 318560
 318343
 318262
 318218
 318177
 318079
 317970
 317856
 317796
 317768
 317723
 317483
 317265
 317113
 317087
 317083
 317036
 316732
 316639
 316575
 316571
 316568
 316546
 316515
 316375
 316239
 316227
 316020
 315994
 315956
 315809
 315759
 315671
 315586
 315449
 315297
 315274
 315217
 315161
 315161
 315048
 315038
 314930
 314606
 314381
 314344
 314311
 314153
 314120
 314064
 314007
 313984
 313952
 313946
 313900
 313638
 313572
 313531
 313371
 313289
 313286
 313229
 312935
 312920
 312855
 312631
 312425
 312356
 312303
 312172
 312074
 311669
 311523
 311519
 311320
 311296
 311293
 310984
 310928
 310861
 310695
 310680
 310582
 310298
 310239
 310174
 310086
 309905
 309395
 309090
 309001
 308991
 308953
 308938
 308838
 308787
 308753
 308730
 308643
 308353
 308249
 308140
 308046
 308042
 307834
 307692
 307692
 307610
 307554
 307505
 307335
 307325
 307228
 307208
 307091
 306887
 306875
 306806
 306805
 306625
 306533
 306493
 306486
 306307
 306224
 306064
 306033
 306028
 305982
 305929
 305856
 305592
 305551
 305536
 304990
 304981
 304891
 304661
 304618
 304424
 304410
 304366
 304236
 304055
 303973
 303927
 303879
 303435
 303092
 303064
 303050
 302996
 302972
 302933
 302840
 302797
 302719
 302704
 302358
 302263
 301996
 301969
 301779
 301768
 301369
 301366
 301362
 301149
 301109
 300985
 300933
 300898
 300854
 300467
 300440
 300402
 300281
 299838
 299537
 299500
 299280
 299257
 299191
 299145
 299110
 299057
 298987
 298981
 298876
 298801
 298704
 298654
 298626
 298236
 298181
 298150
 298026
 297958
 297955
 297919
 297811
 297785
 297758
 297411
 297201
 297146
 297020
 297002
 296939
 296819
 296485
 296376
 296248
 296243
 296170
 296041
 295987
 295942
 295895
 295854
 295784
 295571
 295544
 295506
 295415
 295341
 295249
 295171
 295151
 294972
 294840
 294795
 294785
 294526
 294373
 294260
 294216
 294139
 294094
 294090
 293674
 293643
 293619
 293615
 293566
 293515
 293511
 293487
 293485
 293475
 293277
 293250
 293129
 293120
 293059
 292802
 292650
 292617
 292520
 292514
 292411
 292128
 292003
 291953
 291666
 291622
 291500
 291468
 291332
 291328
 290979
 290870
 290632
 290606
 290434
 290365
 290307
 290305
 290201
 290101
 290037
 289770
 289720
 289601
 289430
 289246
 289153
 288442
 288251
 288198
 288006
 287968
 287959
 287726
 287525
 287519
 287371
 287348
 287226
 286761
 286613
 286580
 286206
 286003
 285948
 285906
 285809
 285714
 285502
 285376
 285367
 285333
 285268
 285220
 285026
 284989
 284922
 284829
 284549
 284548
 284500
 284452
 284391
 284237
 284056
 284036
 284009
 283858
 283758
 283634
 283495
 283422
 283391
 283378
 283341
 283133
 283055
 282991
 282930
 282904
 282894
 282861
 282531
 282163
 282024
 281932
 281842
 281740
 281603
 281228
 281162
 281096
 281053
 280606
 280532
 280446
 280395
 280319
 280086
 279926
 279535
 279507
 279485
 279287
 279279
 279020
 278728
 278663
 278570
 278502
 278500
 278451
 278441
 278425
 278356
 278282
 278202
 278158
 277787
 277777
 277646
 277401
 277204
 277171
 277021
 277005
 276595
 276549
 276431
 276429
 276278
 276187
 276080
 276032
 276001
 275990
 275929
 275913
 275862
 275758
 275730
 275720
 275625
 275523
 275389
 275356
 275071
 274938
 274873
 274619
 274595
 274484
 274446
 274403
 274270
 274143
 273864
 273772
 273761
 273704
 273684
 273650
 273585
 273548
 273523
 273437
 273391
 273293
 273224
 273092
 273067
 272782
 272727
 272655
 272558
 272556
 272554
 272472
 272452
 272310
 272240
 272168
 272161
 272134
 272122
 272119
 271911
 271850
 271831
 271816
 271796
 271765
 271757
 271492
 271458
 271409
 271308
 271284
 271268
 271221
 271164
 271123
 271058
 271029
 270929
 270883
 270690
 270566
 270400
 270219
 270046
 270027
 269763
 269759
 269608
 269454
 269387
 269345
 269267
 269230
 269011
 268958
 268904
 268881
 268817
 268764
 268553
 268491
 268236
 267990
 267984
 267833
 267701
 267622
 267534
 267476
 267430
 267335
 267287
 267236
 267008
 266944
 266931
 266913
 266864
 266726
 266666
 266387
 266336
 266284
 265700
 265556
 265514
 265492
 265414
 265332
 265321
 265292
 265272
 264729
 264708
 264696
 264590
 264495
 264475
 264320
 264289
 264244
 263981
 263640
 263545
 263520
 263515
 263308
 262868
 262833
 262798
 262555
 262520
 262135
 261904
 261849
 261776
 261633
 261477
 261342
 261128
 261108
 261088
 260917
 260693
 260611
 260551
 260258
 260243
 259966
 259873
 259784
 259756
 259645
 259640
 259585
 259489
 259469
 259347
 259259
 259187
 259118
 258948
 258698
 258686
 258506
 258406
 258384
 258338
 258308
 258260
 258260
 258239
 257929
 257884
 257851
 257736
 257665
 257630
 257416
 256872
 256830
 256635
 256421
 256326
 256286
 256224
 255713
 255568
 255342
 255094
 254720
 254564
 254521
 254434
 254364
 254195
 254170
 253946
 253882
 253877
 253489
 253483
 253314
 253215
 253169
 252966
 252775
 252761
 252611
 252506
 252105
 252075
 252051
 252040
 251906
 251826
 251809
 251798
 251696
 251655
 251542
 251533
 251518
 251497
 251354
 251236
 251225
 251164
 250981
 250825
 250790
 250684
 250626
 250570
 250290
 250068
 249918
 249854
 249853
 249628
 249582
 249581
 249576
 249459
 249427
 249411
 249271
 249260
 249203
 249186
 249097
 249077
 249051
 248831
 248708
 248704
 248392
 248382
 248379
 248232
 248170
 248157
 247914
 247762
 247715
 247562
 247475
 247455
 247415
 247384
 247314
 247092
 247086
 246936
 246907
 246885
 246865
 246853
 246649
 246471
 246470
 246400
 246162
 245933
 245932
 245682
 245642
 245609
 245526
 245434
 245373
 245125
 245082
 245061
 245013
 244977
 244957
 244920
 244908
 244809
 244532
 244527
 244247
 244230
 244157
 243910
 243573
 243304
 243199
 243070
 243048
 242980
 242937
 242930
 242453
 242380
 242085
 242022
 241766
 241486
 241449
 241379
 241345
 241137
 241047
 241042
 240929
 240818
 240691
 240663
 240556
 240461
 240452
 240447
 240215
 240214
 240154
 240089
 239999
 239966
 239836
 239478
 239316
 239169
 239145
 239047
 239022
 238967
 238923
 238591
 238466
 238378
 237940
 237914
 237910
 237645
 237599
 237517
 237475
 237422
 237329
 237280
 236939
 236811
 236655
 236559
 236518
 236474
 236363
 236193
 236054
 236037
 235889
 235888
 235874
 235811
 235708
 235531
 235415
 235277
 235087
 235039
 234999
 234933
 234879
 234752
 234724
 234693
 234656
 234652
 234592
 234546
 234495
 234438
 234410
 234330
 234256
 233830
 233720
 233712
 233597
 233207
 232694
 232551
 232472
 232259
 232258
 232220
 231924
 231673
 231518
 231498
 231275
 231160
 231117
 231116
 231067
 230993
 230907
 230871
 230824
 230802
 230769
 230769
 230746
 230710
 230679
 230651
 230434
 230286
 230239
 230108
 230083
 229956
 229929
 229816
 229762
 229762
 229657
 229478
 229437
 229402
 229355
 229322
 229317
 229052
 228915
 228648
 228634
 228574
 228535
 228525
 228523
 228514
 228394
 228272
 228193
 228078
 228013
 227811
 227735
 227730
 227634
 227553
 227490
 227479
 227348
 227309
 227223
 227162
 227117
 226997
 226893
 226856
 226772
 226564
 226475
 226415
 226391
 226137
 226023
 225970
 225616
 225398
 225338
 225149
 225092
 224905
 224698
 224631
 224615
 224595
 224590
 224305
 224253
 224198
 224145
 224097
 223982
 223949
 223922
 223921
 223890
 223871
 223792
 223765
 223606
 223570
 223565
 223495
 223329
 223270
 223153
 223140
 222667
 222611
 222557
 222538
 222526
 222479
 222451
 222422
 222394
 222321
 222233
 222129
 222017
 221888
 221835
 221614
 221543
 221534
 221533
 221405
 221335
 221325
 221285
 221283
 221179
 221082
 221057
 220820
 220679
 220640
 220507
 220242
 220183
 219895
 219839
 219820
 219813
 219795
 219527
 219496
 219345
 219321
 219306
 219284
 219024
 218965
 218947
 218885
 218837
 218750
 218735
 218599
 218595
 218404
 218276
 218248
 218156
 217768
 217637
 217549
 217429
 217391
 217378
 217250
 217221
 217155
 217148
 216962
 216651
 216574
 216563
 216543
 216114
 216103
 215896
 215895
 215811
 215763
 215729
 215638
 215557
 215548
 215347
 215332
 215226
 215205
 215167
 214942
 214871
 214842
 214838
 214580
 214513
 214262
 214234
 214067
 214037
 213740
 213701
 213432
 213365
 213306
 213288
 213258
 213207
 213168
 213065
 213016
 212795
 212724
 212577
 212550
 212533
 212481
 212435
 212421
 212185
 211954
 211890
 211726
 211711
 211698
 211637
 211581
 211566
 211514
 211475
 211423
 211157
 211136
 211122
 211040
 211001
 210570
 210545
 210526
 210507
 210206
 209939
 209920
 209873
 209871
 209756
 209453
 209439
 209377
 209265
 209140
 208890
 208668
 208656
 208636
 208574
 208560
 208538
 208451
 208230
 208103
 208100
 208055
 207973
 207805
 207740
 207515
 207426
 207245
 207214
 207100
 206977
 206917
 206896
 206743
 206743
 206709
 206521
 206349
 206313
 206202
 206088
 206005
 205973
 205871
 205760
 205648
 205466
 205428
 205383
 205351
 205340
 205128
 204785
 204733
 204678
 204390
 204197
 204174
 204146
 204104
 204081
 204081
 203983
 203954
 203886
 203845
 203844
 203713
 203629
 203221
 203094
 203030
 203000
 202951
 202743
 202546
 202463
 202453
 202161
 202100
 202093
 201992
 201918
 201897
 201890
 201851
 201829
 201815
 201811
 201662
 201622
 201535
 201446
 201439
 201383
 201328
 201293
 201287
 201265
 201234
 201204
 201096
 201050
 201020
 200994
 200992
 200849
 200835
 200793
 200660
 200445
 200364
 200350
 200285
 200194
 200075
 200059
 200051
 200000
 199841
 199805
 199802
 199545
 199518
 199479
 199476
 199424
 199345
 199159
 199136
 199134
 198884
 198836
 198824
 198743
 198727
 198720
 198288
 198238
 198203
 198097
 198001
 197900
 197879
 197609
 197566
 197503
 197288
 197243
 197181
 197181
 197156
 197026
 196999
 196954
 196891
 196811
 196721
 196596
 196507
 196406
 196288
 196208
 196134
 196054
 196039
 196003
 195896
 195758
 195737
 195688
 195645
 195631
 195544
 195492
 195290
 195076
 194959
 194908
 194622
 194584
 194465
 194430
 194401
 194394
 194381
 194348
 194338
 194308
 194223
 194185
 194174
 194103
 193871
 193846
 193706
 193677
 193673
 193672
 193600
 193412
 193326
 193225
 193222
 192986
 192789
 192700
 192697
 192532
 192512
 192483
 192439
 192307
 192287
 192182
 192147
 192019
 191974
 191955
 191892
 191742
 191587
 191489
 191368
 191279
 191137
 190940
 190791
 190751
 190748
 190378
 190358
 190325
 190295
 190217
 190085
 190071
 189950
 189868
 189780
 189617
 189609
 189500
 189452
 189263
 189126
 188963
 188954
 188922
 188828
 188827
 188771
 188730
 188553
 188255
 188250
 188002
 187885
 187850
 187603
 187409
 187271
 187265
 187170
 187092
 187065
 186893
 186875
 186778
 186741
 186614
 186512
 186423
 186421
 186239
 186157
 186110
 186011
 185912
 185330
 185246
 185094
 185010
 184722
 184669
 184619
 184550
 184453
 184446
 184216
 184007
 183934
 183908
 183841
 183812
 183486
 183458
 183394
 183185
 183169
 183078
 183073
 182943
 182872
 182656
 182627
 182354
 182348
 182336
 182266
 182012
 181926
 181916
 181826
 181818
 181686
 181631
 181437
 181252
 181081
 181050
 180978
 180960
 180788
 180722
 180642
 180579
 180378
 180333
 180189
 180114
 180059
 180058
 180039
 179830
 179731
 179665
 179661
 179647
 179473
 179232
 179139
 178849
 178773
 178703
 178649
 178433
 178378
 178323
 178248
 178128
 178035
 177946
 177899
 177730
 177730
 177704
 177684
 177646
 177617
 177616
 177613
 177514
 177477
 177361
 177296
 177127
 177078
 176917
 176717
 176694
 176641
 176629
 176553
 176482
 176475
 176137
 176014
 175876
 175815
 175799
 175688
 175626
 175572
 175530
 175374
 175296
 175180
 175171
 174947
 174943
 174806
 174778
 174726
 174712
 174661
 174542
 174334
 174332
 174279
 174256
 174193
 174146
 173628
 173622
 173501
 173368
 173365
 173342
 173204
 173079
 173061
 173031
 172889
 172750
 172700
 172642
 172522
 172405
 172311
 172248
 172205
 172106
 171988
 171717
 171576
 171526
 171306
 171272
 171244
 171224
 171212
 171205
 171095
 171012
 171004
 170940
 170834
 170727
 170703
 170678
 170372
 170320
 170212
 170130
 170109
 170092
 169823
 169753
 169715
 169632
 169564
 169549
 169523
 169496
 168881
 168817
 168756
 168636
 168594
 168503
 168421
 168367
 168211
 167915
 167819
 167760
 167375
 167275
 167179
 167161
 167136
 167101
 167053
 166904
 166798
 166666
 166540
 166086
 166003
 165964
 165510
 165388
 165260
 165109
 165050
 165034
 165016
 164735
 164658
 164546
 164376
 164216
 163961
 163915
 163882
 163743
 163676
 163238
 163205
 163110
 163022
 162715
 162638
 162430
 162394
 162189
 162187
 162016
 161979
 161609
 161500
 161412
 161403
 161369
 161352
 161204
 161170
 161001
 160889
 160617
 160568
 160538
 160450
 160255
 160180
 160140
 160135
 160126
 160093
 160053
 160003
 159971
 159942
 159471
 159423
 159276
 159260
 159235
 159214
 159213
 159205
 159059
 158879
 158818
 158762
 158635
 158536
 158410
 158273
 158229
 157958
 157874
 157588
 157496
 157471
 157391
 157140
 157133
 157081
 157060
 157038
 156980
 156849
 156782
 156760
 156693
 156635
 156627
 156610
 156524
 156468
 156435
 156426
 156236
 156171
 156118
 155977
 155349
 155279
 154987
 154891
 154551
 154532
 154427
 154302
 154299
 154269
 154255
 154158
 153990
 153779
 153687
 153607
 153587
 153558
 153418
 153283
 153266
 153070
 152751
 152709
 152639
 152466
 152308
 152234
 152098
 152028
 151991
 151804
 151797
 151679
 151620
 151234
 151166
 150862
 150581
 150565
 150501
 150440
 150389
 150369
 150086
 149922
 149796
 149655
 149611
 149549
 149548
 149384
 149348
 149262
 149247
 149000
 148854
 148799
 148761
 148753
 148671
 148595
 148577
 148545
 148486
 148397
 148335
 148279
 148163
 148107
 147927
 147831
 147775
 147761
 147714
 147564
 147347
 147345
 147339
 147210
 147166
 147160
 147037
 146907
 146688
 146467
 146341
 146118
 145952
 145898
 145843
 145618
 145451
 145373
 145367
 145178
 145113
 145021
 144973
 144963
 144702
 144603
 144477
 144363
 144252
 144232
 144112
 143884
 143716
 143344
 143239
 143163
 143000
 142963
 142787
 142490
 142342
 142284
 142228
 142182
 142108
 142029
 141909
 141799
 141763
 141738
 141671
 141572
 141372
 141267
 141121
 141114
 141101
 141024
 140917
 140832
 140767
 140763
 140442
 140433
 140311
 140171
 140164
 140059
 139992
 139948
 139893
 139753
 139750
 139622
 139607
 139600
 139577
 139534
 139375
 139371
 139366
 139335
 139255
 139076
 139038
 139020
 139005
 138908
 138808
 138661
 138613
 138069
 137995
 137980
 137931
 137883
 137704
 137701
 137690
 137475
 137350
 137306
 137115
 136941
 136897
 136805
 136655
 136563
 136523
 136512
 136481
 135916
 135593
 135481
 135213
 135189
 135158
 135048
 134957
 134954
 134883
 134219
 134218
 134179
 134032
 133956
 133941
 133837
 133789
 133765
 133415
 133346
 133333
 133218
 133184
 133082
 132892
 132867
 132827
 132818
 132787
 132755
 132680
 132663
 132648
 132459
 132457
 132444
 132409
 132400
 132277
 132275
 132237
 132177
 132086
 131861
 131748
 131609
 131587
 131331
 131242
 131147
 130935
 130862
 130608
 130452
 130443
 130404
 130202
 130177
 130116
 130002
 129878
 129868
 129854
 129340
 129284
 129212
 129187
 129155
 129125
 129039
 128680
 128672
 128523
 128292
 128027
 128027
 127962
 127883
 127795
 127578
 127542
 127536
 127272
 127268
 127166
 127158
 127013
 126977
 126962
 126931
 126897
 126755
 126547
 126509
 126389
 126305
 126303
 126301
 126060
 126059
 125908
 125757
 125755
 125672
 125640
 125524
 125509
 125338
 125004
 124984
 124937
 124908
 124693
 124626
 124599
 124504
 124380
 124347
 124095
 124017
 124007
 123966
 123935
 123917
 123819
 123778
 123775
 123770
 123752
 123695
 123670
 123644
 123634
 123591
 123552
 123491
 123348
 123287
 123139
 123117
 122841
 122678
 122655
 122507
 122411
 122403
 122387
 122292
 122023
 121985
 121870
 121822
 121678
 121495
 121326
 121287
 121116
 121078
 120993
 120945
 120537
 120535
 120471
 120398
 120356
 120010
 119958
 119914
 119742
 119700
 119699
 119673
 119557
 119379
 119336
 119245
 119187
 119170
 119113
 119014
 118681
 118590
 118568
 118508
 118435
 118375
 118167
 118165
 118110
 117975
 117879
 117822
 117817
 117647
 117628
 117605
 117554
 117391
 117136
 117124
 117033
 116936
 116700
 116356
 116268
 115842
 115839
 115731
 115603
 115225
 115177
 115151
 115135
 115027
 114835
 114822
 114649
 114343
 114327
 114306
 114035
 114015
 113991
 113747
 113604
 113570
 113537
 113500
 113448
 113316
 113282
 112950
 112884
 112778
 112713
 112530
 112439
 112370
 112171
 112115
 111986
 111875
 111760
 111675
 111654
 111479
 111368
 110931
 110760
 110702
 110701
 110569
 110548
 110351
 110342
 110340
 110255
 109873
 109826
 109823
 109729
 109606
 109562
 109489
 109392
 109356
 109184
 109098
 108913
 108911
 108858
 108858
 108659
 108527
 108328
 108194
 108138
 108020
 107817
 107693
 107666
 107593
 107386
 107340
 107324
 107231
 107150
 107142
 106948
 106805
 106767
 106723
 106522
 106438
 106187
 105876
 105847
 105776
 105673
 105663
 105557
 105485
 105333
 104839
 104790
 104722
 104717
 104683
 104669
 104577
 104557
 104396
 104341
 104271
 103727
 103646
 103569
 103532
 103232
 103150
 103017
 102935
 102825
 102659
 102617
 102480
 102461
 102417
 102350
 102330
 102151
 102040
 101881
 101782
 101771
 101627
 101591
 101431
 101428
 101170
 101065
 101055
 101024
 100731
 100689
 100679
 100668
 100636
 100507
 100454
 100428
 100115
 100084
 100062
 99814
 99640
 98707
 98644
 98597
 98143
 98073
 98061
 98039
 97996
 97807
 97805
 97778
 97487
 97483
 97232
 97028
 97023
 96996
 96776
 96594
 96558
 96489
 96416
 96315
 96280
 96112
 96108
 96094
 96000
 95890
 95890
 95690
 95615
 95373
 95338
 95299
 95270
 95141
 95106
 94974
 94759
 94709
 94688
 94658
 94550
 94495
 94420
 94402
 94379
 94271
 94259
 94158
 94091
 93956
 93941
 93880
 93685
 93577
 93366
 93260
 93189
 92932
 92813
 92666
 92607
 92592
 92430
 92185
 92136
 92133
 92116
 92088
 92038
 92018
 91897
 91862
 91862
 91765
 91723
 91698
 91682
 91607
 91450
 91379
 91230
 90973
 90926
 90823
 90761
 90645
 90593
 90583
 90420
 90054
 89880
 89849
 89633
 89625
 89470
 89356
 89327
 89158
 89062
 88939
 88935
 88837
 88686
 88494
 88479
 88453
 88439
 88435
 88318
 88172
 88075
 88059
 87999
 87999
 87931
 87905
 87649
 87266
 87200
 87117
 87087
 87064
 86908
 86883
 86879
 86839
 86826
 86777
 86630
 86563
 86486
 86428
 86356
 86260
 86230
 86223
 86095
 86011
 85750
 85488
 85139
 85126
 84845
 84792
 84378
 84357
 84317
 84298
 84257
 84230
 83868
 83772
 83699
 83580
 83453
 83309
 83164
 83139
 83057
 83024
 83012
 82992
 82987
 82928
 82653
 82576
 82484
 82474
 82354
 82305
 82238
 82208
 82092
 82047
 81582
 81526
 81468
 81155
 81109
 81073
 80966
 80950
 80914
 80638
 80541
 80459
 80328
 79959
 79933
 79866
 79820
 79794
 79631
 79580
 79326
 79268
 79209
 79141
 78949
 78738
 78705
 78686
 78640
 78614
 78285
 78179
 78164
 78017
 77927
 77621
 77540
 77395
 77369
 77369
 77218
 77087
 77058
 77024
 77008
 76931
 76923
 76923
 76823
 76481
 76320
 76263
 76254
 76228
 76158
 75993
 75928
 75800
 75764
 75653
 75379
 75183
 75162
 75104
 74993
 74987
 74846
 74831
 74786
 74684
 74534
 74530
 74165
 74081
 73989
 73879
 73860
 73731
 73652
 73525
 73421
 73331
 73053
 72978
 72966
 72874
 72847
 72839
 72429
 72207
 72185
 72118
 72107
 72102
 72042
 71993
 71985
 71908
 71656
 71568
 71559
 71531
 71461
 71399
 71256
 71084
 71080
 71048
 70822
 70788
 70673
 70666
 70634
 70608
 70518
 70390
 70323
 70302
 70199
 70190
 70161
 70096
 69979
 69936
 69656
 69333
 69236
 69233
 68926
 68881
 68702
 68647
 68617
 68520
 68427
 68293
 67991
 67872
 67845
 67815
 67809
 67797
 67432
 67410
 67344
 67291
 67238
 67171
 67155
 67123
 67050
 66954
 66604
 66579
 66325
 66238
 65985
 65710
 65657
 65625
 65573
 65550
 65489
 65276
 65270
 65155
 65118
 64997
 64750
 64677
 64493
 64431
 64408
 64297
 64182
 64118
 64104
 64021
 64017
 63962
 63903
 63765
 63669
 63492
 63251
 63057
 62863
 62860
 62847
 62801
 62618
 62582
 62534
 62422
 62289
 62200
 62144
 62126
 62090
 62015
 61954
 61740
 61600
 61425
 61412
 61151
 61031
 60902
 60564
 60557
 60477
 60413
 60297
 60268
 60075
 60014
 59862
 59861
 59768
 59647
 59589
 59534
 59499
 59316
 59262
 59254
 59245
 59108
 59102
 59101
 58805
 58757
 58725
 58508
 58451
 58051
 57896
 57715
 57706
 57681
 57646
 57434
 57387
 57306
 57217
 57186
 57073
 56952
 56913
 56910
 56892
 56841
 56797
 56579
 56415
 56203
 56200
 55927
 55923
 55921
 55759
 55251
 55008
 54915
 54878
 54545
 54511
 54443
 54406
 54060
 54009
 53984
 53979
 53892
 53691
 53410
 53356
 53304
 53267
 53242
 53213
 53074
 52905
 52797
 52639
 52587
 52386
 52365
 52280
 52182
 52167
 52107
 52092
 51969
 51968
 51956
 51915
 51845
 51796
 51664
 51613
 51486
 51430
 51428
 51274
 51254
 51162
 50877
 50859
 50819
 50737
 50613
 50487
 50437
 50403
 50205
 50114
 50077
 50039
 49913
 49822
 49649
 49569
 49553
 49447
 49291
 49197
 49180
 49083
 49019
 49011
 48840
 48778
 48532
 48292
 48255
 48237
 48144
 48050
 48044
 47883
 47772
 47762
 47716
 47656
 47619
 47525
 47439
 47410
 47310
 47141
 46644
 46464
 46375
 46333
 46191
 46084
 45981
 45962
 45852
 45850
 45689
 45545
 45445
 45419
 45267
 45114
 44816
 44789
 44776
 44694
 44689
 44438
 44303
 44280
 44158
 44019
 43934
 43897
 43851
 43622
 43509
 43481
 43331
 43323
 43305
 43197
 43125
 43001
 42856
 42780
 42765
 42493
 42489
 42434
 42309
 42252
 42173
 42011
 41891
 41867
 41861
 41741
 41729
 41710
 41691
 41676
 41622
 41621
 41597
 41577
 41551
 41357
 41133
 41055
 40987
 40971
 40958
 40865
 40860
 40850
 40847
 40814
 40805
 40748
 40562
 40435
 40381
 40312
 40254
 40163
 40103
 39999
 39912
 39901
 39669
 39456
 39446
 39443
 39283
 39160
 38819
 38675
 38608
 38559
 38416
 38357
 38299
 38289
 38170
 38123
 38121
 38002
 37925
 37845
 37735
 37709
 37694
 37691
 37617
 37549
 37523
 37496
 37482
 37463
 37251
 37174
 37026
 36991
 36685
 36559
 36528
 36490
 36377
 36346
 36323
 36281
 36198
 36056
 35965
 35936
 35785
 35632
 35628
 35616
 35538
 35525
 35512
 35347
 35310
 35152
 34774
 34732
 34706
 34646
 34586
 34560
 34533
 34348
 34254
 34050
 33957
 33921
 33919
 33840
 33628
 33441
 33387
 33386
 33235
 33057
 33044
 32929
 32870
 32742
 32708
 32232
 32202
 32005
 31928
 31899
 31822
 31706
 31559
 31301
 31290
 31281
 31250
 31033
 30901
 30899
 30722
 30664
 30476
 30454
 30425
 30048
 29790
 29787
 29786
 29571
 29561
 29492
 29462
 29314
 29187
 29154
 28936
 28885
 28863
 28834
 28684
 28617
 28530
 28521
 28379
 28015
 27726
 27615
 27465
 27366
 27210
 27209
 27181
 26801
 26738
 26730
 26648
 26553
 26525
 26431
 26228
 26220
 26086
 26071
 25983
 25784
 25668
 25497
 25456
 25444
 25400
 25114
 24964
 24803
 24667
 24539
 24229
 24226
 24088
 24010
 23894
 23835
 23804
 23747
 23650
 23649
 23632
 23557
 23541
 23533
 23411
 23157
 23035
 22915
 22791
 22752
 22471
 22332
 22303
 22262
 22262
 22145
 21996
 21924
 21828
 21825
 21812
 21724
 21711
 21657
 21617
 21593
 21528
 21505
 21485
 21404
 21400
 21326
 21303
 21108
 21060
 21058
 21003
 20998
 20874
 20871
 20841
 20828
 20818
 20793
 20357
 20344
 20246
 19975
 19837
 19607
 19288
 19266
 19234
 19228
 19189
 18983
 18881
 18825
 18719
 18707
 18588
 18585
 18582
 18297
 18272
 18236
 18140
 18018
 17964
 17933
 17820
 17793
 17756
 17746
 17741
 17681
 17592
 17391
 17374
 17276
 16719
 16653
 16450
 16260
 16152
 16147
 16128
 16124
 16116
 16099
 16088
 16041
 15832
 15767
 15599
 15546
 15503
 15356
 15302
 15236
 15135
 15117
 15094
 14981
 14906
 14842
 14828
 14500
 14388
 14388
 14165
 14079
 13951
 13886
 13786
 13742
 13412
 13315
 13172
 13035
 12970
 12920
 12840
 12584
 12513
 12499
 12469
 12456
 12370
 12310
 12307
 12280
 12190
 12148
 12136
 12097
 11955
 11788
 11684
 11560
 11406
 11356
 11328
 11299
 11244
 11179
 11133
 11017
 10752
 10542
 10452
 10394
 10347
 10333
 10305
 10267
 10233
 9997
 9961
 9627
 9615
 9564
 9514
 9401
 9267
 9133
 9099
 9075
 9009
 8905
 8498
 8411
 7941
 7781
 7754
 7569
 7533
 7526
 7484
 7463
 7305
 7093
 6962
 6778
 6688
 6589
 6489
 6425
 6300
 6246
 6185
 6060
 6010
 5860
 5851
 5803
 5802
 5688
 5649
 5566
 5189
 5097
 5052
 4725
 4520
 4513
 4510
 4346
 4148
 3959
 3734
 3677
 3660
 3550
 3541
 3538
 3502
 3120
 3079
 2852
 2849
 2794
 2527
 2407
 2399
 2394
 2227
 2072
 2015
 1772
 1733
 1386
 1272
 1094
 1086
 989
 959
 913
 736
 677
 605
 510
 143
 40
 0
 0
 0
 0
 0
 0
 0
 0
 0
 0
 0
 0
 