999706
 999591
 999581
 999479
 999468
 999275
 999058
 999011
 998872
 998828
 998694
 998687
 998393
 998193
 998146
 997980
 997866
 997603
 997459
 997449
 997419
 997329
 997292
 997110
 997071
 997016
 996857
 996776
 996655
 996633
 996587
 996531
 996490
 996459
 996326
 996252
 996247
 996228
 996191
 995997
 995976
 995933
 995924
 995781
 995689
 995687
 995620
 995531
 995525
 995497
 995291
 995059
 994978
 994946
 994908
 994746
 994744
 994735
 994619
 994327
 994157
 994059
 994002
 993945
 993912
 993891
 993865
 993856
 993569
 992987
 992729
 992592
 992490
 992292
 992287
 992262
 992238
 991795
 991600
 991554
 991521
 991277
 991252
 991236
 991230
 991219
 990914
 990630
 990607
 990262
 990241
 990213
 990091
 989864
 989726
 989510
 989485
 989468
 989467
 989435
 989409
 989202
 989200
 988960
 988878
 988850
 988602
 988310
 988197
 988165
 988066
 988053
 987878
 987875
 987848
 987750
 987710
 987636
 987546
 987405
 987266
 987201
 987161
 986997
 986743
 986635
 986484
 986437
 986052
 985969
 985836
 985781
 985722
 985346
 985298
 985283
 985210
 985207
 985166
 985049
 985010
 984968
 984647
 984217
 984048
 983957
 983713
 983612
 983606
 983564
 983517
 983301
 983277
 983240
 983120
 983037
 982969
 982853
 982703
 982701
 982663
 982582
 982203
 982162
 981547
 981266
 981024
 981023
 980899
 980845
 980841
 980756
 980694
 980676
 980581
 980506
 980451
 980401
 980276
 980188
 980175
 980033
 980021
 979941
 979923
 979922
 979828
 979777
 979771
 979524
 979423
 979255
 979245
 979181
 979165
 979037
 979030
 979025
 978937
 978861
 978578
 978553
 978481
 978434
 978341
 978042
 978040
 978013
 977855
 977777
 977676
 977640
 977576
 977408
 977216
 977032
 976943
 976881
 976793
 976696
 976216
 976068
 975984
 975975
 975892
 975858
 975803
 975729
 975725
 975609
 975587
 975433
 975353
 975324
 975298
 975217
 975116
 975077
 974931
 974771
 974757
 974730
 974661
 974463
 974453
 974271
 974217
 974113
 974107
 974096
 973987
 973950
 973893
 973817
 973810
 973755
 973594
 973500
 973281
 973208
 973114
 973047
 972684
 972598
 972337
 972285
 972216
 972198
 972167
 971780
 971706
 971621
 971489
 971405
 971382
 971319
 971282
 971270
 971085
 971040
 971029
 970981
 970908
 970525
 970358
 970330
 970205
 970196
 970020
 969900
 969898
 969800
 969757
 969722
 969587
 969551
 969453
 969417
 969360
 969177
 968853
 968797
 968775
 968755
 968655
 968606
 968366
 968028
 967800
 967734
 967686
 967651
 967420
 967337
 967326
 967297
 967269
 967206
 967162
 967155
 966881
 966521
 966390
 966308
 966097
 966092
 965956
 965849
 965848
 965776
 965732
 965650
 965609
 965517
 965409
 965401
 965380
 965262
 965218
 965107
 965084
 965030
 964811
 964689
 964671
 964638
 964573
 964561
 964459
 964241
 964181
 964114
 964082
 964063
 963904
 963875
 963859
 963634
 963590
 963545
 963264
 962948
 962931
 962786
 962770
 962564
 962492
 962444
 962336
 962323
 962173
 962130
 962127
 961970
 961814
 961777
 961706
 961667
 961576
 961439
 961311
 961276
 961056
 961048
 960993
 960912
 960899
 960839
 960688
 960653
 960579
 960164
 960108
 959909
 959654
 959574
 959551
 959425
 959324
 959205
 958846
 958826
 958742
 958711
 958706
 958636
 958575
 958561
 958538
 958308
 958110
 958019
 957917
 957751
 957746
 957717
 957615
 957528
 957488
 957033
 957007
 956930
 956842
 956749
 956628
 956564
 956457
 956396
 956194
 956112
 956053
 955932
 955902
 955703
 955555
 955530
 955499
 955444
 955307
 955235
 955110
 955104
 955056
 955048
 954937
 954841
 954658
 954351
 954274
 954263
 954260
 954166
 954115
 954103
 953897
 953827
 953651
 953596
 953488
 953408
 953406
 953362
 953345
 953083
 952993
 952900
 952843
 952802
 952710
 952426
 952338
 952143
 951983
 951824
 951740
 951663
 951456
 951415
 950927
 950755
 950646
 950590
 950495
 950490
 950452
 950427
 950359
 950254
 950234
 950210
 950172
 950121
 950114
 950014
 949932
 949810
 949723
 949673
 949576
 949521
 949329
 949316
 949274
 949263
 949244
 949183
 948891
 948717
 948570
 948566
 948551
 948466
 948433
 948156
 948023
 947946
 947842
 947811
 947775
 947529
 947492
 947486
 947411
 947380
 947334
 947299
 946985
 946957
 946937
 946911
 946866
 946722
 946704
 946656
 946526
 946521
 946229
 946078
 945911
 945910
 945702
 945674
 945478
 945236
 945071
 945059
 944929
 944908
 944869
 944855
 944825
 944820
 944717
 944254
 944122
 943956
 943922
 943918
 943897
 943815
 943802
 943715
 943647
 943593
 943579
 943575
 943565
 943560
 943130
 942999
 942968
 942891
 942791
 942657
 942587
 942587
 942571
 942426
 942387
 942374
 942295
 942194
 942150
 942087
 942082
 942010
 941958
 941904
 941858
 941772
 941631
 941494
 941176
 941092
 940907
 940745
 940705
 940681
 940520
 940495
 940229
 940108
 939803
 939711
 939660
 939639
 939543
 939490
 939362
 939321
 939309
 939228
 939141
 939035
 938598
 938591
 938271
 938250
 938029
 937681
 937629
 937495
 937467
 937464
 937395
 937185
 937005
 936997
 936848
 936847
 936488
 936461
 936389
 936237
 936068
 935884
 935793
 935730
 935663
 935632
 935579
 935566
 935565
 935448
 935361
 935302
 935237
 934645
 934635
 934551
 934131
 934104
 933700
 933680
 933618
 933483
 933412
 933339
 933271
 933264
 933228
 933056
 932825
 932642
 932414
 932310
 932207
 932032
 932023
 931757
 931734
 931510
 931362
 931204
 931170
 931085
 930749
 930735
 930727
 930720
 930503
 930487
 930377
 930141
 930000
 929999
 929857
 929654
 929640
 929475
 929437
 929267
 929203
 929062
 928973
 928928
 928902
 928834
 928784
 928768
 928688
 928636
 928630
 928582
 928571
 928367
 928334
 928226
 928179
 928119
 928094
 928051
 927851
 927702
 927391
 927383
 927275
 927259
 927212
 926949
 926760
 926578
 926391
 926388
 925755
 925586
 925529
 925488
 925482
 925365
 925004
 924701
 924670
 924523
 924452
 924444
 924393
 924388
 924387
 924369
 924262
 924239
 924224
 924078
 923965
 923917
 923749
 923716
 923584
 923497
 923225
 923201
 922655
 922643
 922626
 922599
 922574
 922226
 922006
 921995
 921936
 921787
 921731
 921298
 921051
 921020
 921002
 920996
 920984
 920930
 920839
 920821
 920799
 920582
 920558
 920495
 920404
 920398
 920314
 920313
 920305
 920202
 920146
 920062
 919787
 919728
 919726
 919581
 919460
 919432
 919330
 919206
 919193
 918974
 918958
 918808
 918804
 918745
 918712
 918704
 918493
 918435
 918367
 918335
 918308
 917986
 917614
 917580
 917520
 917464
 917355
 917197
 917030
 916971
 916705
 916666
 916579
 916497
 916483
 916317
 916039
 916025
 915840
 915689
 915666
 915419
 915380
 915376
 915298
 915291
 915027
 915002
 914985
 914960
 914570
 914548
 914502
 914233
 914220
 914212
 914198
 914119
 914110
 914051
 913973
 913941
 913849
 913725
 913689
 913528
 913486
 913238
 912840
 912621
 912593
 912475
 912356
 912279
 912171
 912087
 912087
 912067
 911892
 911760
 911754
 911648
 911631
 911571
 911510
 911482
 911401
 911257
 911208
 910981
 910911
 910794
 910779
 910620
 910588
 910204
 910195
 909991
 909985
 909918
 909914
 909830
 909753
 909568
 909567
 909536
 909447
 909141
 909103
 909066
 908712
 908712
 908326
 908304
 908146
 908144
 907876
 907823
 907216
 907199
 907102
 907025
 906890
 906813
 906746
 906649
 906516
 906453
 906422
 906406
 906389
 906342
 906211
 906012
 905900
 905802
 905654
 905511
 905467
 905370
 905290
 905273
 905202
 905048
 904679
 904603
 904329
 904276
 904226
 904109
 904039
 903814
 903654
 903614
 903604
 903488
 903372
 903225
 903219
 903074
 902858
 902825
 902787
 902761
 902592
 902576
 902322
 902243
 902218
 902120
 902078
 902050
 901797
 901734
 901723
 901585
 901513
 901160
 900968
 900847
 900667
 900621
 900473
 900397
 900305
 900277
 900259
 900254
 900189
 899903
 899796
 899770
 899766
 899640
 899602
 899441
 899401
 899166
 899030
 898962
 898928
 898708
 898705
 898702
 898640
 898612
 898480
 898457
 898401
 898398
 898382
 898268
 898147
 898091
 898079
 897924
 897914
 897895
 897874
 897448
 897360
 897274
 897245
 897031
 896956
 896909
 896662
 896662
 896633
 896547
 896518
 896507
 896233
 896215
 896190
 895973
 895439
 895338
 895279
 895035
 894977
 894912
 894755
 894649
 894552
 894542
 894361
 894328
 894060
 894056
 894031
 893329
 893210
 893197
 893116
 893018
 893000
 892884
 892877
 892865
 892818
 892810
 892711
 892473
 892471
 892464
 892347
 892307
 892090
 892012
 891855
 891629
 891511
 891438
 891425
 891364
 891361
 891334
 891243
 891199
 891038
 890997
 890907
 890896
 890894
 890605
 890547
 890525
 890519
 890414
 890331
 890283
 890173
 890095
 890040
 889953
 889952
 889850
 889841
 889773
 889669
 889636
 889551
 889533
 889491
 889356
 889354
 889328
 889269
 889269
 889203
 889200
 889108
 889090
 889066
 889048
 888955
 888931
 888924
 888888
 888856
 888631
 888506
 888467
 888359
 888333
 888330
 888260
 888176
 888127
 888087
 887998
 887872
 887540
 887503
 887458
 887441
 887314
 887278
 887259
 887167
 886963
 886866
 886798
 886724
 886484
 886440
 886336
 885972
 885881
 885759
 885714
 885680
 885437
 885263
 885099
 884990
 884660
 884626
 884571
 884540
 884401
 884196
 884103
 883878
 883831
 883731
 883720
 883478
 883306
 883220
 883175
 883155
 883114
 883072
 883017
 882882
 882823
 882754
 882743
 882680
 882556
 882386
 882335
 882104
 881779
 881569
 881415
 881344
 881343
 881202
 881146
 881069
 880898
 880733
 880712
 880434
 880392
 880289
 880289
 880259
 880191
 880138
 879994
 879905
 879655
 879630
 879553
 879423
 879188
 878988
 878936
 878936
 878800
 878694
 878617
 878392
 878354
 878204
 878116
 878104
 878078
 878048
 877862
 877816
 877633
 877615
 877448
 877415
 877219
 877207
 877176
 877143
 877143
 877126
 876754
 876749
 876731
 876712
 876674
 876632
 876516
 876456
 876356
 876124
 876116
 876099
 875925
 875912
 875756
 875648
 875438
 875271
 875244
 875231
 875149
 874986
 874931
 874800
 874677
 874502
 874251
 874211
 873524
 873441
 873180
 873107
 873010
 872985
 872832
 872769
 872748
 872531
 872449
 872309
 872186
 872062
 871794
 871734
 871585
 871547
 871519
 871007
 870947
 870813
 870795
 870785
 870704
 870515
 870379
 870247
 870200
 870177
 870107
 870088
 869898
 869767
 869638
 869606
 869431
 869333
 869268
 869267
 869248
 869080
 868968
 868746
 868455
 868273
 868241
 868173
 868110
 868049
 868005
 867731
 867656
 867592
 867441
 867132
 866909
 866892
 866872
 866865
 866810
 866773
 866725
 866725
 866683
 866561
 866443
 866180
 866176
 866135
 866102
 866038
 865922
 865912
 865614
 865586
 865490
 865384
 865307
 865306
 865260
 865259
 865245
 865188
 865105
 864887
 864626
 864605
 864543
 864540
 864327
 864215
 864127
 863902
 863805
 863511
 863409
 863214
 863090
 863015
 862801
 862677
 862532
 862522
 862467
 862444
 862341
 862096
 861983
 861744
 861734
 861714
 861629
 861491
 861392
 861340
 861336
 861062
 861041
 860947
 860664
 860485
 860227
 860220
 860215
 860206
 860154
 860122
 860024
 859971
 859842
 859816
 859595
 859574
 859441
 859369
 859166
 859114
 858942
 858721
 858585
 858550
 858451
 858423
 858147
 858085
 857994
 857980
 857943
 857538
 857442
 857404
 857285
 857142
 857099
 857008
 856931
 856927
 856897
 856750
 856737
 856528
 856518
 856435
 856414
 856260
 856111
 855865
 855653
 855640
 855388
 855342
 855341
 855120
 854754
 854670
 854562
 854396
 854341
 854320
 854304
 854120
 854111
 854084
 854071
 853770
 853737
 853595
 853453
 853204
 853124
 853111
 853059
 852938
 852811
 852592
 852365
 852268
 852261
 852205
 851873
 851822
 851814
 851711
 851683
 851675
 851612
 851545
 851465
 851429
 851274
 851254
 851032
 850954
 850909
 850890
 850754
 850591
 850513
 850434
 850396
 850292
 850246
 850244
 850220
 850206
 850145
 850107
 850107
 850099
 850091
 850085
 850065
 849848
 849836
 849785
 849673
 849558
 849308
 849290
 849133
 849034
 849004
 848960
 848930
 848737
 848580
 848579
 848545
 848537
 848332
 848238
 847889
 847574
 847523
 847522
 847497
 847494
 847440
 847409
 847161
 847139
 846975
 846900
 846896
 846624
 846492
 846265
 846173
 846124
 845835
 845814
 845771
 845622
 845532
 845504
 845277
 845070
 845060
 845043
 845019
 844989
 844989
 844848
 844817
 844742
 844578
 844479
 844455
 844381
 844365
 844347
 844245
 844116
 843793
 843723
 843707
 843519
 843498
 843404
 843334
 843274
 843180
 843020
 842688
 842657
 842583
 842582
 842342
 842333
 842249
 842196
 842182
 841980
 841664
 841621
 841597
 841495
 841472
 841420
 841401
 841362
 841310
 841285
 841210
 841180
 841128
 841094
 841052
 841041
 840890
 840386
 840372
 840354
 840353
 840105
 840065
 839788
 839738
 839733
 839569
 839519
 839509
 839452
 839432
 839420
 839303
 839289
 839260
 838926
 838742
 838595
 838558
 838515
 838468
 838373
 838312
 838000
 837870
 837732
 837549
 837495
 836991
 836740
 836628
 836380
 836305
 836146
 836013
 835895
 835775
 835727
 835589
 835538
 835502
 835273
 835262
 835225
 835058
 834992
 834935
 834908
 834879
 834868
 834654
 834575
 834518
 834501
 834416
 834308
 834252
 834229
 834182
 834105
 834075
 834073
 833984
 833893
 833773
 833743
 833562
 833527
 833522
 833449
 833428
 833427
 833146
 833019
 833004
 832717
 832641
 832535
 832429
 832088
 831904
 831686
 831625
 831603
 831450
 830981
 830948
 830640
 830571
 830428
 830409
 830306
 830303
 830070
 830046
 829927
 829899
 829847
 829723
 829690
 829674
 829657
 829393
 829235
 829099
 828998
 828850
 828649
 828517
 828393
 828335
 828286
 828138
 828117
 827968
 827827
 827788
 827783
 827736
 827702
 827639
 827582
 827537
 827536
 827442
 827321
 827239
 827175
 827025
 826923
 826728
 826489
 826075
 826051
 826038
 825935
 825822
 825726
 825656
 825635
 825595
 825460
 825361
 825318
 825278
 825106
 825008
 824896
 824891
 824858
 824836
 824764
 824764
 824761
 824721
 824698
 824608
 824606
 824496
 824452
 824446
 824352
 824318
 824182
 824125
 824116
 823995
 823787
 823529
 823504
 823447
 823437
 823275
 823232
 823170
 823025
 823022
 822826
 822712
 822702
 822412
 822318
 822243
 822178
 821625
 821471
 821248
 821192
 821138
 821101
 821066
 820935
 820896
 820861
 820701
 820616
 820522
 820490
 820343
 820189
 820097
 819876
 819826
 819730
 819698
 819698
 819634
 819583
 819565
 819522
 819362
 819189
 818985
 818922
 818844
 818840
 818827
 818806
 818597
 818423
 818251
 818181
 818103
 818047
 818045
 817959
 817866
 817831
 817829
 817793
 817746
 817683
 817642
 817524
 817478
 817476
 817394
 817245
 817061
 816947
 816835
 816739
 816602
 816535
 816464
 816207
 816131
 816018
 815945
 815874
 815804
 815789
 815696
 815620
 815491
 815485
 815217
 814999
 814871
 814704
 814581
 814304
 814019
 813948
 813884
 813752
 813644
 813607
 813440
 813420
 813379
 813273
 812922
 812725
 812614
 812462
 812323
 812278
 812070
 812027
 811663
 811504
 811397
 811343
 811291
 811207
 811091
 811023
 810761
 810665
 810639
 810593
 810374
 810257
 810055
 810032
 810011
 809927
 809874
 809774
 809766
 809732
 809649
 809562
 809476
 809414
 809384
 809357
 809324
 809187
 809164
 809109
 809003
 808828
 808753
 808619
 808612
 808481
 808442
 808274
 808152
 808083
 808058
 807692
 807635
 807583
 807557
 807468
 807284
 807183
 807097
 806860
 806742
 806661
 806555
 806426
 806333
 806158
 806131
 806044
 806017
 805781
 805713
 805707
 805202
 805107
 804983
 804960
 804888
 804865
 804741
 804646
 804603
 804560
 804553
 804501
 804298
 804264
 803934
 803918
 803656
 803624
 803558
 803368
 803154
 803127
 802882
 802840
 802774
 802729
 802320
 802025
 802024
 802013
 801963
 801950
 801912
 801841
 801802
 801801
 801794
 801702
 801608
 801589
 801580
 801567
 801364
 801358
 801275
 801207
 800816
 800729
 800670
 800419
 800362
 800298
 800250
 800176
 800032
 800000
 799999
 799823
 799718
 799383
 799373
 799234
 799163
 799156
 799095
 798969
 798968
 798844
 798833
 798826
 798808
 798634
 798451
 798449
 798365
 798276
 798250
 798245
 798171
 798135
 798010
 797979
 797951
 797937
 797910
 797806
 797727
 797637
 797533
 797481
 797452
 797039
 796900
 796823
 796796
 796793
 796791
 796728
 796273
 796207
 796154
 796002
 795779
 795730
 795657
 795643
 795489
 795289
 794984
 794963
 794871
 794808
 794780
 794691
 794219
 794128
 794125
 794079
 794061
 794034
 793986
 793823
 793700
 793660
 793645
 793591
 793486
 793482
 793453
 793390
 793353
 793215
 793165
 793103
 792982
 792982
 792951
 792863
 792844
 792828
 792773
 792754
 792689
 792645
 792638
 792462
 792457
 792364
 792344
 792342
 792229
 792114
 791967
 791911
 791752
 791729
 791666
 791480
 791225
 791082
 791004
 790856
 790554
 790455
 790424
 790332
 790296
 790077
 789954
 789869
 789683
 789605
 789494
 789487
 789461
 789442
 789404
 789242
 789173
 789167
 788990
 788513
 788456
 788173
 787956
 787908
 787905
 787903
 787878
 787751
 787571
 787513
 787460
 787456
 787379
 787306
 787281
 787084
 787020
 786829
 786811
 786802
 786788
 786719
 786626
 786593
 786507
 786321
 786261
 786244
 786131
 786096
 785875
 785360
 784914
 784892
 784671
 784440
 784435
 784303
 784111
 784050
 783537
 783512
 783505
 783132
 782984
 782769
 782763
 782531
 782476
 782426
 782415
 782331
 782135
 782067
 781992
 781808
 781785
 781779
 781055
 780872
 780664
 780638
 780487
 780480
 780420
 780319
 780258
 780219
 780162
 780114
 780113
 780030
 779964
 779964
 779895
 779625
 779611
 779487
 779092
 778962
 778947
 778790
 778630
 778487
 778474
 778446
 778378
 778341
 778341
 778305
 778270
 778166
 778071
 778056
 777813
 777777
 777742
 777491
 777395
 777343
 777320
 777306
 777302
 777283
 777239
 777156
 777060
 777044
 777043
 776712
 776698
 776545
 776461
 776214
 776158
 776051
 776041
 775986
 775909
 775886
 775655
 775565
 775551
 775504
 775162
 775119
 775073
 775025
 774814
 774793
 774774
 774534
 774514
 774466
 774368
 774246
 774211
 774168
 774162
 773881
 773777
 773592
 773252
 773182
 773170
 773167
 773109
 773085
 773039
 773013
 772978
 772729
 772642
 772631
 772567
 772491
 772387
 772367
 772334
 772324
 772295
 772227
 772158
 771974
 771772
 771767
 771736
 771555
 771450
 771380
 771323
 771240
 771143
 771039
 770867
 770866
 770810
 770732
 770647
 770533
 770482
 770454
 770342
 770253
 770211
 770114
 769976
 769893
 769630
 769453
 769400
 769377
 769360
 769230
 769183
 769161
 769030
 768859
 768756
 768626
 768548
 768434
 768259
 767997
 767833
 767824
 767775
 767426
 767424
 767241
 767217
 766944
 766842
 766781
 766731
 766691
 766684
 766550
 766352
 766013
 765887
 765651
 765581
 765256
 765090
 765063
 765047
 764841
 764741
 764608
 764468
 764283
 763887
 763886
 763841
 763623
 763486
 763090
 763089
 763028
 762889
 762795
 762749
 762581
 762562
 762520
 762466
 762458
 762277
 762057
 762017
 761989
 761904
 761849
 761839
 761552
 761133
 761061
 760983
 760805
 760745
 760660
 760621
 760613
 760599
 760592
 760550
 760534
 760507
 760402
 760269
 760229
 760064
 760000
 759988
 759963
 759769
 759644
 759470
 759348
 759317
 759282
 759179
 759107
 759053
 759019
 758997
 758914
 758886
 758850
 758612
 758476
 758143
 758104
 758028
 757849
 757763
 757746
 757583
 757516
 757034
 756841
 756781
 756756
 756617
 756613
 756596
 756571
 756465
 756446
 756425
 756410
 756285
 756281
 756178
 756119
 755979
 755922
 755918
 755909
 755905
 755843
 755710
 755689
 755560
 755555
 755456
 755444
 755378
 755189
 755086
 754857
 754716
 754518
 754485
 754363
 754314
 754222
 754023
 753586
 753444
 753351
 752997
 752752
 752727
 752711
 752588
 752544
 752537
 752422
 752358
 752310
 751991
 751976
 751787
 751706
 751677
 751662
 751448
 751348
 751269
 751156
 751114
 751074
 751058
 750993
 750944
 750785
 750325
 750000
 749977
 749700
 749599
 749563
 749500
 749397
 749296
 749272
 749270
 749241
 749109
 749034
 749032
 748722
 748636
 748414
 748387
 748212
 748169
 748120
 747829
 747745
 747692
 747528
 747348
 747318
 747309
 747220
 747180
 747100
 747056
 746947
 746942
 746904
 746816
 746812
 746350
 746164
 746145
 746103
 746031
 745751
 745523
 745491
 745321
 745306
 745223
 745137
 745066
 745005
 744868
 744790
 744687
 744680
 744680
 744680
 744669
 744583
 744544
 744496
 744490
 744480
 744469
 744456
 744446
 744393
 744202
 744014
 743946
 743856
 743816
 743655
 743604
 743223
 743199
 743096
 743066
 742796
 742710
 742698
 742653
 742179
 742160
 742101
 742004
 741670
 741641
 741522
 741493
 741341
 741328
 741292
 741281
 741218
 741200
 741187
 741135
 741075
 740884
 740740
 740740
 740626
 740576
 740074
 739627
 739599
 738947
 738943
 738884
 738725
 738317
 738294
 738032
 737886
 737841
 737757
 737701
 737695
 737433
 737328
 737240
 737190
 737080
 736955
 736878
 736817
 736753
 736663
 736584
 736225
 736202
 736130
 735999
 735812
 735757
 735752
 735751
 735722
 735541
 735445
 735082
 734810
 734800
 734693
 734651
 734628
 734597
 734456
 734375
 734375
 734317
 734175
 734143
 734080
 734055
 733933
 733921
 733752
 733746
 733672
 733571
 733395
 733392
 733293
 733283
 733235
 733037
 733006
 732824
 732621
 732552
 732542
 732518
 732492
 732439
 732433
 732422
 732411
 732190
 732075
 731764
 731729
 731653
 731594
 731394
 731277
 731263
 731201
 731147
 731137
 731133
 731045
 730928
 730775
 730496
 730475
 730297
 730263
 730247
 730223
 730215
 730107
 730075
 730069
 729925
 729688
 729648
 729573
 729547
 729536
 729460
 729325
 729282
 728804
 728763
 728759
 728744
 728365
 728212
 728037
 727787
 727615
 727416
 727408
 727371
 727272
 727197
 726892
 726727
 726708
 726595
 726478
 726420
 726124
 726074
 725878
 725778
 725690
 725637
 725570
 725515
 725351
 725185
 725077
 724857
 724797
 724794
 724717
 724680
 724352
 724314
 724308
 724261
 724246
 724076
 724022
 724018
 724005
 723932
 723929
 723764
 723642
 722901
 722742
 722557
 722393
 722372
 722350
 722312
 722216
 722161
 722081
 721958
 721915
 721726
 721585
 721539
 721439
 721393
 721311
 721179
 721006
 720983
 720917
 720701
 720615
 720487
 720482
 720436
 720324
 719999
 719889
 719879
 719853
 719706
 719569
 719195
 718938
 718929
 718917
 718739
 718726
 718696
 718612
 718539
 718418
 718218
 718111
 718103
 717968
 717910
 717823
 717787
 717711
 717695
 717642
 717444
 716615
 716454
 716391
 716373
 716230
 716045
 715987
 715736
 715648
 715596
 715422
 715415
 715386
 715364
 715355
 715353
 715060
 715000
 714789
 714640
 714413
 714290
 714285
 714285
 714189
 714075
 714042
 713998
 713855
 713826
 713778
 713518
 713504
 713475
 713252
 713206
 713091
 713089
 712923
 712912
 712911
 712854
 712662
 712519
 712485
 712482
 712336
 712232
 711959
 711865
 711864
 711813
 711798
 711779
 711707
 711632
 711613
 711534
 711492
 711473
 711412
 711296
 711214
 711200
 711046
 710965
 710920
 710797
 710701
 710663
 710643
 710589
 710474
 710460
 710308
 710017
 709843
 709674
 709536
 709472
 709273
 709233
 708829
 708758
 708641
 708511
 708487
 708452
 708203
 708160
 708043
 708032
 708029
 708026
 707982
 707911
 707889
 707830
 707684
 707651
 707579
 707371
 707019
 706900
 706885
 706766
 706749
 706703
 706425
 706159
 706080
 705896
 705882
 705782
 705722
 705675
 705601
 705519
 705280
 705176
 704988
 704951
 704943
 704918
 704834
 704812
 704797
 704789
 704743
 704723
 704660
 704540
 704493
 704438
 704295
 704206
 703933
 703930
 703794
 703763
 703610
 703341
 703325
 703290
 702959
 702274
 702198
 702114
 702064
 702032
 702019
 701961
 701879
 701749
 701611
 701601
 701560
 701473
 701456
 701318
 701318
 701215
 701173
 701149
 701136
 701127
 701107
 701050
 700958
 700781
 700434
 700097
 700064
 699999
 699551
 699443
 699242
 699051
 698871
 698860
 698571
 698174
 698127
 698113
 698113
 698060
 698047
 697957
 697851
 697732
 697674
 697628
 697612
 697434
 697331
 697211
 697171
 697087
 696973
 696914
 696892
 696868
 696667
 696634
 696629
 696604
 696569
 696467
 696439
 696273
 696118
 695971
 695964
 695687
 695661
 695386
 695372
 695331
 695201
 695189
 695155
 695051
 694989
 694884
 694785
 694780
 694728
 694691
 694633
 694623
 694620
 694581
 694532
 694528
 694439
 694415
 694381
 694303
 694204
 693975
 693387
 693320
 693297
 693069
 692983
 692952
 692307
 692251
 692152
 692127
 692101
 691903
 691709
 691634
 691634
 691521
 691517
 691465
 691444
 691377
 691344
 691341
 691179
 691143
 691036
 690974
 690884
 690858
 690854
 690738
 690528
 690379
 689979
 689895
 689794
 689655
 689362
 689340
 689058
 688885
 688833
 688676
 688591
 688151
 688114
 688057
 688032
 687952
 687942
 687783
 687639
 687583
 687582
 687500
 687407
 687293
 687262
 687253
 687248
 687190
 687060
 686913
 686726
 686721
 686547
 686513
 686475
 685950
 685870
 685714
 685662
 685047
 684909
 684831
 684782
 684780
 684777
 684712
 684575
 684540
 684477
 684210
 684195
 684184
 684054
 683937
 683908
 683705
 683595
 683416
 683409
 683208
 683168
 683142
 683067
 683008
 682983
 682966
 682926
 682851
 682769
 682696
 682669
 682666
 682527
 682516
 682454
 682222
 682185
 681846
 681599
 681597
 681455
 681384
 681224
 681211
 681128
 681063
 680933
 680851
 680834
 680820
 680803
 680770
 680705
 680704
 680565
 680494
 680345
 680338
 680251
 679952
 679903
 679854
 679724
 679611
 679503
 679322
 679280
 679194
 679172
 679065
 678848
 678813
 678364
 678228
 678129
 678069
 677850
 677807
 677724
 677622
 677579
 677512
 677419
 677312
 677151
 677078
 677007
 676988
 676737
 676665
 676498
 676490
 676341
 676188
 676158
 676124
 676035
 676027
 675984
 675923
 675886
 675818
 675791
 675665
 675640
 675626
 675460
 675348
 675213
 675163
 675067
 674996
 674864
 674576
 674552
 674424
 674357
 674253
 674163
 673946
 673924
 673912
 673713
 673637
 673535
 673175
 673091
 673040
 672910
 672880
 672857
 672821
 672727
 672668
 672616
 672531
 672414
 672347
 672332
 672076
 671989
 671698
 671572
 671433
 671369
 671276
 671272
 671249
 670863
 670762
 670613
 670530
 670444
 670404
 670366
 670196
 670046
 669978
 669862
 669824
 669762
 669740
 669514
 669395
 669376
 669371
 669292
 669260
 669259
 669035
 668465
 668449
 668335
 668313
 668284
 668066
 667884
 667858
 667644
 667559
 667505
 667444
 667354
 667351
 667315
 667111
 666893
 666706
 666666
 666666
 666666
 666483
 666464
 666231
 666216
 665852
 665845
 665747
 665712
 665563
 665271
 665260
 665169
 665000
 664968
 664966
 664909
 664726
 664690
 664518
 664517
 664309
 664069
 663811
 663773
 663749
 663703
 663681
 663608
 663482
 663464
 663268
 663221
 663176
 663157
 663004
 662898
 662893
 662890
 662787
 662759
 662717
 662716
 662480
 662477
 662423
 662287
 662236
 662144
 662082
 662032
 661922
 661736
 661718
 661557
 661454
 661453
 661398
 661350
 661342
 661321
 661290
 661171
 661153
 660929
 660560
 660527
 660511
 660500
 660486
 660390
 660291
 660217
 660161
 660004
 659919
 659911
 659899
 659895
 659886
 659822
 659787
 659699
 659695
 659489
 659390
 659334
 659292
 659210
 659087
 659085
 658896
 658718
 658494
 658367
 658344
 658341
 658268
 658251
 658217
 658095
 658095
 658067
 657801
 657792
 657636
 657546
 657544
 657415
 657183
 657008
 656981
 656964
 656820
 656740
 656655
 656554
 656401
 656340
 656334
 655899
 655758
 655492
 655374
 655338
 655221
 654983
 654908
 654878
 654618
 654408
 654386
 654369
 654295
 654028
 653992
 653665
 653625
 653594
 653572
 653548
 653465
 653293
 653196
 653073
 652779
 652764
 652746
 652655
 652515
 652474
 652441
 652422
 652336
 652268
 652150
 652047
 652045
 651998
 651862
 651853
 651828
 651795
 651710
 651289
 651162
 650911
 650907
 650642
 650497
 650298
 649950
 649917
 649864
 649862
 649664
 649638
 649589
 649387
 649381
 649350
 649335
 649047
 648672
 648513
 648249
 648108
 647971
 647629
 647507
 647476
 647455
 647430
 647420
 647311
 647289
 647201
 647186
 647118
 647112
 646989
 646879
 646701
 646537
 646324
 646275
 646257
 646204
 646026
 646006
 645995
 645942
 645726
 645690
 645412
 645137
 645093
 645063
 645055
 644710
 644689
 644687
 644331
 644054
 643927
 643843
 643718
 643616
 643386
 643297
 643135
 642992
 642517
 642496
 642479
 642439
 642339
 642295
 642172
 642138
 642117
 642041
 642009
 641784
 641434
 641432
 641301
 641295
 641221
 641160
 641032
 640676
 640502
 640484
 640467
 640403
 640341
 640249
 640023
 640015
 639899
 639873
 639835
 639761
 639677
 639400
 639392
 639344
 639330
 639323
 639309
 639188
 639158
 639033
 638989
 638805
 638802
 638680
 638502
 638485
 638432
 638057
 637713
 637697
 637668
 637611
 637551
 637541
 637354
 637336
 637334
 637295
 637247
 637208
 637145
 637080
 637032
 637001
 636944
 636871
 636858
 636853
 636821
 636754
 636740
 636620
 636547
 636544
 636337
 636304
 636131
 636068
 636029
 635950
 635878
 635815
 635756
 635715
 635646
 635607
 635179
 635002
 634996
 634625
 634364
 634287
 634282
 634255
 634155
 634085
 633989
 633927
 633882
 633802
 633608
 633495
 633433
 633418
 633406
 633240
 633225
 633176
 633101
 632746
 632598
 632484
 632367
 632337
 632329
 632241
 631971
 631937
 631765
 631658
 631600
 631537
 631489
 631447
 631286
 631261
 631049
 631048
 630939
 630877
 630853
 630844
 630484
 630264
 630182
 629787
 629640
 629636
 629496
 629434
 629327
 629254
 629244
 629199
 629067
 629034
 628944
 628911
 628734
 628600
 628493
 628316
 628304
 628297
 628140
 628032
 628018
 627984
 627982
 627982
 627789
 627677
 627651
 627544
 627334
 627325
 627257
 627188
 627094
 626947
 626942
 626805
 626794
 626262
 626257
 626236
 626031
 625877
 625838
 625826
 625694
 625609
 625441
 625319
 625213
 624966
 624928
 624856
 624852
 624745
 624557
 624315
 624254
 624081
 623643
 623632
 623573
 623546
 623435
 623416
 623239
 623088
 623047
 623042
 622846
 622835
 622678
 622621
 622569
 622567
 622514
 622487
 622360
 622266
 621805
 621770
 621621
 621209
 621206
 620988
 620937
 620758
 620667
 620651
 620649
 620619
 620590
 620495
 620488
 620367
 620362
 620343
 620222
 620215
 620155
 620067
 620052
 619855
 619762
 619697
 619676
 619635
 619501
 619487
 619478
 619465
 619444
 619443
 619417
 619405
 619377
 619187
 619145
 618758
 618706
 618640
 618581
 618549
 618463
 618454
 618374
 618284
 618201
 618177
 617992
 617984
 617973
 617846
 617838
 617819
 617804
 617749
 617744
 617731
 617627
 617408
 617244
 617106
 617088
 616996
 616983
 616962
 616842
 616782
 616556
 616556
 616369
 616118
 615703
 615696
 615630
 615404
 615400
 615346
 615230
 615083
 615040
 614956
 614773
 614646
 614589
 614369
 614011
 614001
 613646
 613415
 613393
 613292
 613167
 613150
 612903
 612883
 612841
 612521
 612345
 612330
 612129
 612007
 611940
 611912
 611888
 611805
 611764
 611548
 611499
 611118
 610977
 610880
 610678
 610657
 610331
 610222
 610191
 610086
 610032
 609652
 609600
 609501
 609411
 609323
 608979
 608619
 608446
 608310
 608040
 608012
 607944
 607788
 607765
 607420
 607395
 607367
 607347
 607210
 607080
 607072
 607003
 606629
 606523
 606297
 606290
 606235
 605983
 605891
 605886
 605812
 605751
 605675
 605523
 605507
 605473
 605408
 605396
 605356
 605227
 605213
 605180
 605001
 604991
 604938
 604918
 604879
 604804
 604622
 604543
 604486
 604425
 604395
 604385
 604359
 604147
 603841
 603554
 603529
 603421
 603195
 603181
 603114
 603108
 603065
 603053
 603005
 602936
 602795
 602750
 602739
 602607
 602548
 602329
 602186
 602125
 602061
 601838
 601567
 601566
 601488
 601469
 601450
 601437
 601324
 601305
 601165
 601012
 601007
 600918
 600907
 600804
 600767
 600317
 600274
 600191
 600055
 599999
 599999
 599776
 599765
 599723
 599675
 599581
 599189
 599169
 599026
 598748
 598670
 598601
 598345
 598146
 598006
 597933
 597874
 597830
 597728
 597452
 597443
 597206
 597034
 596774
 596686
 596623
 596578
 596491
 595911
 595779
 595763
 595667
 595618
 595596
 595583
 595468
 595432
 595410
 595378
 595257
 595120
 594856
 594688
 594564
 594310
 594278
 594128
 594095
 594027
 593964
 593838
 593719
 593516
 593337
 593325
 593253
 593195
 592933
 592846
 592813
 592767
 592530
 592381
 592362
 592298
 592271
 592205
 592193
 591963
 591848
 591828
 591439
 591357
 591355
 591082
 590977
 590827
 590747
 590734
 590685
 590566
 590518
 590509
 590472
 590437
 590335
 590048
 589864
 589843
 589748
 589535
 589474
 589437
 589283
 589270
 588947
 588832
 588737
 588670
 588620
 588246
 588235
 588174
 588128
 588009
 587766
 587630
 587452
 587416
 587414
 587345
 587274
 587222
 587149
 587141
 587104
 586772
 586768
 586765
 586694
 586614
 586610
 586587
 586521
 586428
 586400
 586305
 586206
 586050
 585878
 585854
 585804
 585786
 585619
 585619
 585580
 585503
 585437
 585285
 585024
 584884
 584882
 584872
 584857
 584832
 584762
 584669
 584629
 584615
 584603
 584583
 584505
 584495
 584436
 584359
 584163
 584149
 583982
 583980
 583821
 583815
 583733
 583542
 583529
 583478
 583344
 583320
 583244
 583217
 583113
 583015
 582861
 582854
 582822
 582793
 582774
 582677
 582621
 582586
 582453
 582410
 582375
 582345
 582264
 582043
 581983
 581914
 581609
 581552
 581552
 581425
 581406
 581346
 581342
 581133
 580897
 580889
 580869
 580770
 580580
 580515
 580487
 580450
 580243
 580232
 580136
 580081
 580060
 579961
 579792
 579462
 579452
 579036
 579013
 578979
 578950
 578918
 578812
 578747
 578713
 578588
 578360
 578313
 578271
 578255
 578250
 578245
 577797
 577658
 577632
 577579
 577557
 577528
 577380
 577369
 577285
 577258
 577109
 576827
 576769
 576743
 576716
 576654
 576104
 576075
 575917
 575735
 575629
 575396
 575321
 575258
 574888
 574580
 574564
 574486
 574478
 574399
 574392
 574341
 574161
 574126
 574065
 574050
 573896
 573883
 573790
 573766
 573708
 573631
 573272
 573199
 573135
 573109
 573100
 572987
 572956
 572781
 572719
 572621
 572598
 572346
 572262
 572155
 572141
 572139
 571948
 571930
 571790
 571718
 571669
 571637
 571428
 571428
 571268
 571132
 571115
 571030
 570981
 570874
 570717
 570523
 570466
 570438
 570234
 570179
 570174
 570121
 570071
 569765
 569719
 569675
 569605
 569445
 569410
 569349
 569263
 569202
 568583
 568191
 568172
 567965
 567821
 567770
 567763
 567701
 567642
 567640
 567567
 567501
 567391
 567388
 567273
 567123
 566958
 566881
 566878
 566768
 566746
 566739
 566657
 566628
 566572
 566500
 566297
 566206
 566121
 566027
 566000
 565867
 565226
 565207
 564960
 564925
 564862
 564787
 564769
 564712
 564687
 564684
 564258
 564102
 564025
 564005
 563999
 563954
 563871
 563809
 563761
 563572
 563443
 563325
 563259
 563246
 563220
 563181
 563020
 562994
 562942
 562753
 562686
 562618
 562598
 562492
 562430
 562301
 562079
 562065
 562003
 561994
 561955
 561845
 561797
 561797
 561719
 561661
 561536
 561408
 561353
 561250
 560931
 560810
 560586
 560386
 560345
 560332
 560229
 560049
 560042
 559999
 559992
 559918
 559653
 559366
 559252
 559168
 559144
 559016
 558981
 558773
 558441
 558383
 558362
 558334
 558303
 558220
 558139
 557968
 557687
 557643
 557344
 557266
 557175
 557059
 557029
 557020
 556701
 556641
 556156
 555996
 555843
 555474
 555276
 555237
 555188
 555135
 555117
 555046
 555005
 555001
 554721
 554681
 554585
 554528
 554264
 554167
 554087
 554066
 554030
 554012
 553997
 553930
 553786
 553434
 553380
 553234
 553199
 553027
 552941
 552671
 552608
 552575
 552511
 552506
 552422
 552138
 552075
 552054
 552032
 551993
 551932
 551844
 551843
 551690
 551454
 551368
 551213
 551179
 551037
 550879
 550671
 550657
 550615
 550602
 550403
 550356
 550286
 550282
 550243
 550232
 550115
 550057
 550000
 549950
 549872
 549839
 549799
 549770
 549631
 549436
 549315
 549261
 549231
 549227
 549105
 549092
 549036
 548762
 548567
 548556
 548418
 548367
 548278
 548157
 548088
 548040
 547807
 547807
 547626
 547610
 547486
 547462
 547394
 547379
 547257
 547113
 547096
 547088
 546969
 546927
 546831
 546786
 546709
 546681
 546600
 546456
 546371
 546268
 545729
 545598
 545572
 545549
 545152
 544792
 544719
 544674
 544638
 544578
 544569
 544559
 544482
 544440
 544421
 543712
 543653
 543577
 543372
 543362
 543281
 543273
 543178
 543030
 543002
 542991
 542966
 542848
 542841
 542472
 542440
 542401
 542234
 542066
 541938
 541882
 541844
 541840
 541795
 541780
 541499
 541488
 541483
 541437
 541299
 541205
 541165
 541108
 541089
 540983
 540740
 540540
 540534
 540529
 540460
 540366
 540119
 540044
 539969
 539940
 539728
 539722
 539522
 539247
 539161
 539091
 539039
 538789
 538657
 538642
 538461
 538309
 538240
 538218
 537927
 537927
 537845
 537692
 537534
 537406
 537365
 537190
 537128
 537114
 536680
 536620
 536604
 536543
 536537
 536508
 536380
 536243
 536139
 536133
 536116
 536104
 535781
 535744
 535571
 535353
 535269
 535105
 535069
 534995
 534837
 534586
 534457
 534268
 534267
 534254
 533906
 533701
 533678
 533596
 533422
 533418
 533402
 533333
 533323
 533322
 533073
 532986
 532923
 532884
 532759
 532611
 532413
 532362
 532148
 532124
 532114
 531779
 531637
 531548
 531523
 531468
 531431
 531272
 531113
 531073
 530981
 530949
 530877
 530612
 530578
 530411
 530340
 530271
 530070
 530057
 529970
 529764
 529763
 529728
 529411
 529376
 529348
 529326
 529270
 529226
 529158
 529142
 529088
 528961
 528894
 528875
 528833
 528545
 528514
 528497
 528284
 528134
 528089
 527844
 527809
 527643
 527598
 527579
 527350
 527292
 527268
 527177
 527166
 527145
 526887
 526763
 526707
 526670
 526643
 526526
 526395
 526151
 526140
 526111
 526106
 525961
 525842
 525743
 525706
 525602
 525370
 525254
 525092
 524984
 524882
 524651
 524649
 524634
 524604
 524583
 524540
 524509
 524444
 524362
 524315
 524300
 524285
 524284
 524024
 524021
 523974
 523946
 523943
 523855
 523717
 523709
 523696
 523671
 523605
 523437
 523431
 523364
 523232
 523031
 523016
 522787
 522423
 522388
 522265
 522149
 522130
 522064
 521978
 521971
 521873
 521691
 521517
 521312
 521183
 521150
 521146
 521031
 520922
 520754
 520657
 520514
 520500
 520328
 520295
 520199
 520102
 519853
 519809
 519707
 519683
 519656
 519598
 519447
 519418
 519221
 519125
 519015
 518987
 518949
 518932
 518896
 518774
 518736
 518711
 518379
 518272
 518250
 518136
 518125
 517952
 517766
 517699
 517582
 517505
 517188
 516747
 516719
 516311
 516285
 516255
 516214
 516133
 516087
 515866
 515839
 515709
 515614
 515550
 515490
 515449
 515337
 515038
 514962
 514898
 514885
 514788
 514756
 514746
 514715
 514619
 514457
 514427
 514365
 514333
 514028
 513798
 513788
 513783
 513739
 513695
 513672
 513554
 513538
 513513
 513472
 513445
 513336
 513275
 513265
 513258
 512894
 512661
 512438
 512341
 512222
 512111
 512027
 511922
 511833
 511824
 511284
 511280
 511271
 511208
 510906
 510839
 510730
 510618
 510566
 510309
 510301
 510288
 510184
 510112
 509947
 509877
 509742
 509596
 509566
 509549
 509486
 509421
 509408
 509370
 509217
 509183
 509182
 509094
 509054
 509028
 508989
 508912
 508876
 508820
 508711
 508540
 508440
 508417
 508347
 508345
 508199
 508052
 507918
 507863
 507828
 507797
 507794
 507743
 507620
 507566
 507488
 507441
 507356
 507189
 506897
 506885
 506849
 506848
 506788
 506740
 506713
 506704
 506588
 506561
 506555
 506542
 506535
 506451
 506301
 506259
 505966
 505742
 505578
 505576
 505570
 505415
 505409
 505381
 505269
 504639
 504550
 504530
 504507
 504418
 504405
 504072
 504017
 503952
 503589
 503520
 503459
 503386
 503352
 503258
 503250
 503108
 502840
 502819
 502805
 502683
 502342
 502217
 502202
 502024
 501624
 501461
 501432
 501287
 501231
 501138
 501136
 501101
 501094
 501026
 500957
 500794
 500669
 500273
 500078
 500000
 499609
 499554
 499540
 499488
 499137
 499046
 498969
 498863
 498741
 498563
 498558
 498518
 498513
 498319
 497979
 497826
 497024
 497002
 496881
 496859
 496709
 496684
 496583
 496578
 496571
 496425
 496276
 496258
 496147
 495860
 495852
 495751
 495743
 495626
 495619
 495615
 495247
 495227
 495153
 495135
 495114
 495088
 495086
 495038
 494871
 494820
 494768
 494753
 494624
 494611
 494527
 494455
 494434
 494256
 494229
 494204
 494085
 493932
 493797
 493787
 493649
 493574
 493485
 493388
 493095
 493082
 493074
 492870
 492810
 492552
 492483
 492437
 492155
 492129
 492125
 492083
 491633
 491525
 491451
 491428
 491351
 491039
 490979
 490947
 490797
 490732
 490685
 490636
 490459
 490394
 490284
 490216
 490046
 489980
 489977
 489959
 489882
 489614
 489596
 489506
 489136
 488942
 488940
 488915
 488590
 488540
 488378
 488323
 488259
 488205
 488139
 488083
 488051
 487990
 487793
 487659
 487283
 487203
 487153
 486935
 486873
 486855
 486818
 486814
 486741
 486725
 486618
 486601
 486552
 486459
 486349
 486074
 486038
 485902
 485897
 485809
 485797
 485685
 485256
 485242
 485220
 485114
 485021
 484945
 484848
 484794
 484708
 484684
 484555
 484544
 484406
 484145
 484095
 484088
 484022
 483588
 483484
 483483
 483355
 483333
 483091
 482825
 482797
 482778
 482512
 482484
 482477
 482317
 482271
 482207
 482159
 482159
 482135
 481481
 481466
 481347
 481328
 481303
 481186
 481158
 481152
 481145
 480990
 480930
 480918
 480770
 480559
 480506
 480437
 480362
 480333
 480225
 480149
 480123
 480112
 480023
 480006
 480000
 479999
 479885
 479684
 479403
 479257
 479201
 479198
 479122
 479111
 479031
 478955
 478838
 478540
 478379
 478305
 478260
 478238
 478210
 478143
 478025
 477749
 477605
 477558
 477488
 477365
 477345
 477313
 477289
 477223
 477149
 477012
 476955
 476923
 476765
 476694
 476289
 476190
 476096
 476061
 475986
 475980
 475783
 475555
 475393
 475352
 475311
 474919
 474846
 474741
 474529
 474525
 474524
 474328
 474240
 474056
 473982
 473958
 473867
 473817
 473597
 473556
 473293
 473201
 473197
 472811
 472727
 472470
 472330
 472241
 472222
 472203
 472146
 472127
 472113
 471862
 471819
 471625
 471522
 471358
 471117
 471113
 471006
 470974
 470896
 470799
 470786
 470710
 470644
 470608
 470180
 470154
 469950
 469870
 469778
 469738
 469673
 469618
 469574
 469557
 469553
 469470
 469359
 469302
 469244
 469014
 468895
 468892
 468787
 468637
 468359
 468164
 468106
 468008
 467936
 467853
 467699
 467645
 467513
 467492
 467415
 467317
 467299
 467038
 467035
 466834
 466688
 466556
 466517
 466500
 466457
 466099
 466037
 466016
 465951
 465578
 465564
 465489
 465259
 465247
 465219
 465206
 465159
 465116
 465093
 465020
 464968
 464718
 464688
 464513
 464454
 464429
 464379
 464327
 464183
 464118
 464084
 464042
 464041
 464029
 463881
 463818
 463748
 463729
 463722
 463462
 463363
 463095
 463024
 463015
 462686
 462677
 462659
 462596
 462559
 462511
 462494
 462494
 462437
 462152
 461988
 461850
 461745
 461722
 461686
 461592
 461481
 461313
 461236
 461131
 461128
 461114
 461005
 460989
 460883
 460769
 460674
 460626
 460593
 460532
 460200
 460177
 460011
 459989
 459899
 459660
 459572
 459459
 459452
 459422
 459390
 459382
 459252
 459224
 459207
 459204
 459178
 459141
 458922
 458809
 458798
 458732
 458698
 458615
 458519
 458473
 458471
 458422
 458313
 458281
 458219
 458128
 458026
 458021
 457999
 457966
 457905
 457845
 457700
 457574
 457425
 457369
 457176
 457176
 457085
 456952
 456832
 456721
 456544
 456408
 456256
 456190
 456020
 455918
 455887
 455816
 455789
 455642
 455630
 455602
 455506
 455448
 455259
 455145
 455123
 455061
 454982
 454845
 454756
 454568
 454503
 454401
 454161
 454096
 454077
 453906
 453806
 453328
 453118
 453052
 452979
 452878
 452844
 452768
 452727
 452655
 452283
 452240
 452033
 451612
 451612
 451604
 451560
 451395
 451303
 451134
 450890
 450818
 450423
 450269
 450213
 450160
 450002
 449877
 449858
 449721
 449675
 449631
 449387
 449350
 449338
 449226
 449118
 449051
 448878
 448844
 448722
 448615
 448569
 448524
 448499
 448496
 448478
 448428
 448393
 448375
 448315
 448275
 448178
 448159
 448000
 447950
 447942
 447826
 447824
 447688
 447676
 447616
 447523
 447442
 447368
 447153
 447054
 447024
 446952
 446871
 446819
 446796
 446625
 446561
 446264
 446251
 446230
 446195
 446093
 446011
 445456
 445223
 445181
 445147
 445088
 445088
 445049
 444940
 444877
 444838
 444758
 444560
 444470
 444349
 444318
 444135
 444075
 444043
 444027
 444020
 444002
 443978
 443871
 443859
 443750
 443729
 443526
 443221
 443198
 443137
 442888
 442825
 442758
 442656
 442622
 442554
 442538
 442218
 442016
 441995
 441857
 441845
 441762
 441385
 441363
 441150
 441043
 440931
 440865
 440774
 440379
 440364
 440354
 440297
 440274
 440195
 440129
 439985
 439863
 439804
 439619
 439588
 439204
 439143
 438962
 438748
 438743
 438695
 438312
 438200
 438197
 438134
 437966
 437930
 437840
 437617
 437546
 437450
 437305
 437251
 436946
 436941
 436619
 436616
 436469
 436444
 436363
 436286
 436112
 435897
 435840
 435544
 435404
 435379
 435136
 435098
 435037
 435034
 434967
 434893
 434851
 434846
 434622
 434421
 434343
 434330
 434209
 433986
 433962
 433654
 433628
 433614
 433598
 433592
 433530
 433518
 433408
 433405
 433350
 433259
 433070
 432901
 432707
 432562
 432101
 431929
 431889
 431831
 431831
 431812
 431753
 431714
 431620
 431489
 431435
 431404
 431331
 431280
 431182
 431056
 430930
 430886
 430751
 430726
 430711
 430560
 430441
 430378
 430249
 430246
 430213
 430167
 430161
 429775
 429754
 429743
 429691
 429606
 429553
 429543
 429500
 429443
 429413
 429267
 429126
 429103
 428962
 428962
 428864
 428571
 428571
 428420
 428336
 428057
 427937
 427886
 427841
 427793
 427695
 427644
 427631
 427494
 427337
 427244
 427215
 427105
 427095
 427054
 426829
 426822
 426818
 426791
 426713
 426523
 426485
 426482
 426459
 426383
 426294
 426234
 426150
 426052
 426037
 426024
 425970
 425732
 425612
 425562
 425521
 425365
 425306
 425267
 425255
 425034
 425026
 425012
 424977
 424942
 424894
 424804
 424706
 424666
 424640
 424581
 424552
 424231
 423889
 423846
 423841
 423815
 423747
 423076
 423008
 423003
 422774
 422748
 422550
 422535
 422485
 422460
 422401
 422378
 422285
 422260
 422259
 422253
 422213
 422022
 421805
 421802
 421710
 421626
 421533
 421450
 421446
 421380
 421340
 421099
 421097
 421052
 420825
 420675
 420646
 420543
 420485
 420477
 420444
 420403
 420233
 420221
 420180
 420152
 420073
 420051
 419751
 419595
 419556
 419470
 419289
 419257
 419205
 419189
 419117
 419100
 418999
 418963
 418929
 418878
 418604
 418167
 418079
 418052
 418050
 418042
 417981
 417517
 417450
 417367
 417351
 417239
 416890
 416585
 416260
 416039
 415979
 415847
 415504
 415196
 415185
 415094
 415094
 415019
 414948
 414897
 414865
 414797
 414751
 414706
 414545
 414492
 414437
 414397
 414360
 414353
 413783
 413719
 413685
 413607
 413513
 413496
 413243
 413221
 413009
 412887
 412816
 412801
 412387
 412377
 412264
 412248
 412011
 411864
 411707
 411562
 411543
 411503
 411190
 411086
 411047
 411016
 410980
 410913
 410891
 410852
 410632
 410578
 410557
 410417
 410372
 410339
 409995
 409725
 409689
 409572
 409550
 409356
 409274
 409024
 408973
 408865
 408844
 408809
 408706
 408529
 408387
 408243
 408190
 408165
 408145
 408124
 408061
 408031
 407804
 407789
 407745
 407486
 407461
 407228
 406708
 406705
 406661
 406593
 406519
 406498
 406430
 406388
 406294
 406233
 406155
 406052
 406025
 405976
 405862
 405855
 405797
 405764
 405690
 405251
 405225
 405003
 404875
 404724
 404695
 404669
 404630
 404480
 404393
 404297
 404136
 404060
 403996
 403990
 403906
 403433
 403288
 403195
 403188
 402895
 402842
 402813
 402665
 402628
 402564
 402550
 402528
 402443
 402419
 402390
 402357
 402180
 402160
 402160
 402144
 402119
 401876
 401826
 401422
 401420
 401230
 401215
 400800
 400791
 400752
 400742
 400716
 400654
 400588
 400514
 400407
 400173
 400103
 400040
 400019
 400000
 399999
 399952
 399771
 399738
 399723
 399651
 399517
 399488
 399458
 399432
 399243
 399080
 399034
 398946
 398878
 398799
 398594
 398551
 398386
 398373
 398244
 397956
 397791
 397787
 397752
 397240
 397010
 396923
 396871
 396865
 396792
 396775
 396739
 396652
 396581
 396574
 396496
 396240
 396177
 396089
 396063
 395998
 395903
 395849
 395824
 395742
 395730
 395675
 395629
 395598
 395469
 395419
 395397
 395332
 395240
 395094
 395055
 394957
 394912
 394910
 394891
 394719
 394673
 394552
 394540
 394414
 394366
 394203
 394195
 394169
 394122
 394060
 393948
 393939
 393893
 393870
 393652
 393612
 393588
 393487
 393452
 393316
 393300
 393298
 393259
 393217
 392953
 392925
 392798
 392769
 392729
 392653
 392653
 392579
 392560
 392456
 392452
 392405
 392329
 392236
 392212
 392201
 392190
 392167
 392126
 392065
 391878
 391862
 391835
 391772
 391693
 391647
 391608
 391563
 391555
 391536
 391493
 391441
 391366
 391304
 391188
 391146
 391116
 390992
 390605
 390562
 390423
 390134
 390103
 389799
 389783
 389580
 389540
 389305
 389026
 388973
 388964
 388888
 388868
 388853
 388718
 388615
 388588
 388514
 388430
 388258
 388092
 387936
 387901
 387733
 387576
 387518
 387290
 387249
 387247
 387181
 387166
 387104
 387023
 386971
 386728
 386710
 386652
 386594
 386269
 385687
 385548
 385478
 385450
 385180
 385119
 385098
 385065
 384986
 384771
 384713
 384690
 384615
 384422
 384289
 384201
 384185
 384171
 384156
 384131
 384117
 384033
 384026
 383955
 383925
 383893
 383877
 383823
 383754
 383529
 383455
 383232
 383039
 382978
 382946
 382929
 382866
 382817
 382723
 382610
 382417
 381963
 381813
 381675
 381672
 381662
 381621
 381535
 381368
 381226
 381122
 381097
 380919
 380815
 380806
 380783
 380638
 380551
 380517
 380403
 380392
 380262
 379928
 379847
 379725
 379601
 379588
 379526
 379241
 379234
 379180
 378982
 378947
 378906
 378772
 378657
 378650
 378608
 378535
 378414
 378406
 378273
 378144
 378121
 377524
 377508
 377475
 377473
 377388
 377358
 377139
 377119
 376991
 376681
 376514
 376490
 376360
 376313
 375939
 375447
 375432
 375401
 375327
 375301
 375294
 375282
 375268
 375255
 375084
 374948
 374823
 374688
 374654
 374620
 374327
 374289
 374274
 374164
 374073
 373979
 373616
 373580
 373571
 373532
 373487
 373352
 373346
 373239
 373233
 373154
 373068
 372923
 372899
 372570
 372444
 372401
 372386
 372369
 372357
 372282
 372246
 372216
 372169
 372144
 372108
 371884
 371857
 371842
 371735
 371732
 371655
 371580
 371576
 371439
 371249
 371054
 370975
 370957
 370930
 370776
 370736
 370426
 370143
 370078
 370020
 369982
 369585
 369579
 369463
 369415
 369397
 368762
 368526
 368506
 368309
 368266
 368140
 368078
 367964
 367681
 367647
 367478
 367458
 367436
 367392
 366951
 366763
 366745
 366648
 366432
 366392
 366267
 366233
 366185
 366169
 366160
 366013
 365997
 365816
 365811
 365689
 365622
 365588
 365503
 365471
 365341
 365183
 365176
 365138
 364995
 364881
 364830
 364656
 364610
 364580
 364425
 364362
 364142
 364118
 364092
 364073
 363966
 363947
 363927
 363836
 363780
 363671
 363636
 363533
 363318
 363229
 363203
 363163
 363115
 363045
 363003
 362958
 362898
 362879
 362740
 362695
 362470
 362361
 362231
 362229
 361983
 361955
 361820
 361553
 361479
 361467
 361430
 361406
 361350
 361306
 361279
 361254
 361236
 361073
 360773
 360684
 360452
 360432
 360255
 360221
 360188
 359815
 359612
 359520
 359507
 358932
 358811
 358799
 358767
 358756
 358565
 358490
 358349
 358243
 358119
 358103
 358047
 357958
 357511
 357494
 357334
 357191
 356888
 356879
 356752
 356421
 356164
 356014
 355998
 355822
 355746
 355670
 355428
 355353
 355236
 354992
 354952
 354708
 354676
 354525
 354451
 354274
 354250
 354230
 354175
 354066
 354043
 354021
 353789
 353604
 353483
 353393
 353385
 353252
 352941
 352786
 352727
 352652
 352302
 352261
 352250
 352142
 352116
 352091
 351844
 351554
 351263
 351239
 351125
 351020
 350952
 350895
 350844
 350796
 350769
 350721
 350579
 350313
 350259
 350244
 350234
 350174
 350125
 350091
 350069
 350035
 350026
 349794
 349729
 349693
 349667
 349585
 349411
 349253
 349162
 349099
 349034
 348933
 348641
 348607
 348585
 348560
 348238
 348031
 348019
 347996
 347622
 347621
 347490
 347470
 347457
 347344
 347229
 346938
 346938
 346872
 346780
 346774
 346698
 346666
 346647
 346379
 346235
 346120
 346106
 345991
 345857
 345744
 345724
 345572
 345549
 345458
 345390
 345384
 345302
 345104
 344941
 344919
 344912
 344852
 344799
 344701
 344679
 344601
 344437
 344385
 344319
 343976
 343936
 343863
 343852
 343703
 343652
 343631
 343627
 343589
 343587
 343467
 343440
 343384
 343196
 343137
 343117
 343044
 343043
 343032
 343014
 342955
 342881
 342821
 342732
 342287
 342249
 342129
 342099
 342043
 342032
 342028
 342019
 341907
 341899
 341858
 341842
 341731
 341530
 341485
 341116
 341034
 340899
 340871
 340826
 340766
 340659
 340617
 340482
 340461
 340392
 340328
 340065
 340013
 339934
 339776
 339748
 339747
 339497
 339424
 339331
 339277
 339260
 338987
 338945
 338793
 338733
 338658
 338606
 338527
 338376
 338252
 337915
 337809
 337786
 337732
 337685
 337662
 337612
 337598
 337597
 337479
 337288
 337227
 337200
 337068
 336978
 336957
 336916
 336894
 336779
 336737
 336655
 336528
 336509
 336265
 336254
 336218
 336198
 336147
 336134
 336028
 335915
 335746
 335654
 335541
 335517
 335461
 335425
 335424
 335401
 335369
 335356
 335329
 335195
 335169
 335154
 335113
 335069
 334923
 334879
 334641
 334150
 334094
 334062
 334035
 333989
 333768
 333730
 333665
 333636
 333613
 333595
 333468
 333464
 333364
 333333
 333297
 333231
 333061
 332953
 332907
 332800
 332575
 332544
 332449
 332333
 332305
 332268
 332162
 332149
 332068
 332063
 331712
 331520
 331444
 331343
 331265
 331170
 330928
 330893
 330878
 330446
 330442
 330435
 330265
 330095
 330035
 329992
 329836
 329509
 329211
 329163
 329046
 328969
 328924
 328915
 328903
 328786
 328745
 328533
 328240
 328157
 327900
 327825
 327702
 327647
 327630
 327608
 327590
 327518
 327427
 327085
 326851
 326754
 326711
 326664
 326516
 326414
 326146
 326095
 325954
 325927
 325924
 325790
 325752
 325739
 325526
 325488
 325478
 325468
 325260
 325174
 325143
 325129
 324943
 324756
 324675
 324535
 324032
 323946
 323893
 323886
 323676
 323592
 323531
 323406
 323356
 323256
 323219
 323176
 323163
 323125
 323120
 323038
 322878
 322834
 322741
 322735
 322598
 322595
 322580
 322580
 322550
 322540
 322503
 322427
 322295
 322236
 322223
 321949
 321858
 321533
 321157
 321119
 321045
 321020
 320985
 320754
 320511
 320502
 320388
 320345
 320307
 320294
 320241
 320225
 320203
 319935
 319846
 319787
 319774
 319654
 319649
 319558
 319558
 319440
 319348
 319221
 319148
 319107
 319101
 318684
 318681
 318596
 318450
 318418
 318403
 318151
 318138
 318107
 318074
 317926
 317782
 317769
 317663
 317662
 317655
 317654
 317476
 317460
 317383
 317220
 317146
 317055
 317041
 316963
 316954
 316770
 316761
 316728
 316436
 316417
 316298
 316001
 315850
 315848
 315388
 315281
 315257
 315045
 314917
 314914
 314782
 314756
 314685
 314623
 314586
 314494
 314403
 314258
 314216
 314009
 314004
 313883
 313862
 313841
 313835
 313806
 313777
 313675
 313669
 313651
 313504
 313423
 313384
 313300
 313082
 313063
 313043
 312796
 312787
 312757
 312610
 312575
 312545
 312459
 312337
 312160
 311943
 311723
 311705
 311301
 311245
 311007
 311003
 310742
 310698
 310360
 310296
 310066
 309983
 309946
 309890
 309708
 309031
 309017
 308960
 308929
 308769
 308648
 308601
 308543
 308522
 308484
 308437
 308244
 308241
 308131
 308016
 307956
 307888
 307630
 307567
 307497
 307358
 307266
 307082
 306940
 306563
 306536
 306348
 306146
 306073
 306061
 305978
 305850
 305796
 305789
 305597
 305502
 305263
 305086
 305082
 305080
 304973
 304946
 304906
 304883
 304832
 304776
 304338
 304103
 303870
 303645
 303529
 303329
 302969
 302931
 302897
 302671
 302554
 302485
 302325
 302325
 301839
 301785
 301774
 301720
 301670
 301646
 301628
 301628
 301602
 301600
 301552
 301466
 301102
 301057
 301015
 301011
 300896
 300857
 300800
 300660
 300411
 300338
 300290
 300268
 300250
 300067
 299990
 299898
 299710
 299663
 299636
 299604
 299598
 299535
 299508
 299498
 299274
 299055
 298999
 298913
 298781
 298628
 298564
 298408
 298362
 298268
 298259
 298256
 298194
 298163
 298150
 298142
 298028
 297794
 297740
 297532
 297310
 296934
 296861
 296844
 296699
 296615
 296559
 296470
 296457
 296450
 296393
 296172
 296156
 296011
 295722
 295675
 295567
 295554
 295551
 295136
 294854
 294838
 294757
 294689
 294611
 294233
 294137
 294117
 293851
 293727
 293544
 293505
 293427
 293410
 293235
 292910
 292778
 292719
 292686
 292642
 292595
 292493
 292343
 292338
 292293
 292292
 292222
 291887
 291825
 291725
 291638
 291534
 291452
 291390
 291262
 290945
 290850
 290803
 290803
 290718
 290588
 290460
 290322
 290197
 290083
 290076
 289855
 289669
 289308
 289284
 289070
 289069
 288997
 288963
 288932
 288821
 288779
 288603
 288534
 288533
 288511
 288442
 288372
 288346
 288267
 288184
 288116
 288040
 287898
 287868
 287823
 287809
 287697
 287656
 287627
 287580
 287506
 287427
 287416
 287388
 287332
 287300
 287144
 287144
 287025
 286957
 286694
 286624
 286273
 286077
 285841
 285714
 285714
 285714
 285677
 285660
 285659
 285651
 285566
 285448
 285375
 285122
 284951
 284804
 284633
 284430
 284406
 284290
 284103
 284003
 283995
 283865
 283833
 283639
 283504
 283406
 283341
 283299
 283170
 282970
 282864
 282855
 282785
 282704
 282675
 282671
 282431
 282387
 282376
 282227
 282221
 281893
 281851
 281785
 281654
 281548
 281497
 281448
 281332
 281312
 281154
 281076
 280909
 280864
 280832
 280812
 280699
 280554
 280483
 280447
 280423
 280301
 280255
 280016
 279898
 279807
 279703
 279662
 279614
 279587
 279481
 279393
 279356
 279305
 279043
 279036
 278973
 278800
 278759
 278657
 278607
 278582
 278317
 278220
 278152
 278138
 277523
 277516
 277510
 277482
 277432
 277372
 277201
 277200
 277161
 277132
 276993
 276688
 276656
 276655
 276544
 276329
 276310
 276280
 276272
 276140
 276013
 275997
 275907
 275807
 275765
 275590
 275531
 275517
 275411
 275253
 275116
 275033
 274917
 274854
 274695
 274653
 274576
 274558
 274551
 274480
 274442
 274370
 274328
 274250
 273757
 273706
 273584
 273384
 273187
 272977
 272829
 272824
 272752
 272540
 272426
 272327
 272127
 272126
 272124
 272030
 271910
 271613
 271607
 271536
 271425
 271291
 271285
 271204
 270915
 270801
 270476
 270466
 270371
 270105
 269855
 269796
 269754
 269675
 269655
 269609
 269534
 269322
 269094
 269081
 268823
 268731
 268712
 268657
 268619
 268616
 268599
 268587
 268488
 268360
 268339
 268206
 268041
 268031
 267944
 267572
 267409
 267321
 267083
 267008
 266869
 266841
 266837
 266834
 266827
 266742
 266609
 266460
 266458
 266379
 266202
 266164
 266034
 266033
 265980
 265897
 265867
 265804
 265788
 265757
 265505
 265486
 265482
 265459
 265413
 265384
 265232
 265181
 264953
 264944
 264900
 264875
 264868
 264456
 264390
 264342
 263950
 263907
 263695
 263668
 263387
 263285
 263236
 262714
 262686
 262594
 262500
 262482
 262435
 262281
 262219
 262171
 262124
 262115
 262023
 261879
 261872
 261807
 261615
 261599
 261215
 261129
 260980
 260937
 260926
 260682
 260366
 260298
 260221
 260093
 260049
 260014
 259938
 259843
 259746
 259720
 259637
 259550
 259386
 259259
 259177
 258949
 258890
 258862
 258805
 258566
 258464
 258445
 257907
 257867
 257816
 257772
 257625
 257404
 257215
 257203
 257002
 256846
 256841
 256544
 256472
 256389
 256300
 256235
 256037
 255917
 255663
 255661
 255638
 255534
 255430
 255250
 255240
 255235
 255096
 255090
 254795
 254754
 254730
 254621
 254579
 254392
 253761
 253761
 253754
 253667
 253652
 253616
 253521
 253369
 253296
 253190
 253149
 253089
 253078
 252933
 252878
 252668
 252427
 252105
 252040
 252005
 251826
 251688
 251660
 251317
 251311
 251059
 251017
 250972
 250881
 250688
 250412
 250394
 250359
 250251
 250141
 250135
 250068
 250063
 250000
 249974
 249942
 249848
 249807
 249774
 249673
 249429
 249280
 249234
 249176
 248983
 248900
 248891
 248827
 248704
 248678
 248621
 248587
 248478
 248405
 248392
 248348
 248282
 248177
 248138
 248114
 248105
 248101
 248002
 247907
 247866
 247709
 247682
 247461
 247435
 247019
 246871
 246593
 246560
 246437
 246178
 246169
 246053
 245986
 245783
 245772
 245638
 245619
 245444
 245423
 245299
 245256
 245214
 245160
 244968
 244795
 244621
 244614
 244606
 244322
 243798
 243734
 243706
 243386
 243298
 243269
 243215
 243184
 243031
 242753
 242668
 242631
 242619
 242588
 242460
 242424
 242108
 242071
 241900
 241819
 241657
 241650
 241617
 241511
 241474
 241317
 241182
 240997
 240967
 240963
 240840
 240831
 240759
 240718
 240605
 240490
 240466
 240453
 240292
 240120
 239898
 239560
 239482
 239344
 239320
 239123
 238973
 238938
 238713
 238684
 238427
 238197
 238156
 238077
 237831
 237381
 237364
 237217
 237055
 236945
 236846
 236313
 235995
 235722
 235605
 235594
 235545
 235127
 234968
 234936
 234903
 234809
 234593
 234591
 234545
 234347
 234331
 234321
 234240
 234186
 234166
 233997
 233810
 233597
 233313
 233297
 233222
 233187
 233070
 233043
 232977
 232974
 232962
 232797
 232792
 232773
 232729
 232621
 232551
 232116
 231863
 231645
 231441
 231397
 231286
 231232
 230962
 230846
 230769
 230532
 230079
 229970
 229969
 229947
 229739
 229686
 229652
 229452
 229393
 229172
 228658
 228571
 228487
 228467
 228371
 228365
 228201
 228103
 228100
 228070
 227929
 227862
 227649
 227622
 227586
 227355
 227335
 227108
 227091
 227083
 226974
 226874
 226867
 226832
 226655
 226592
 226524
 226367
 226247
 226211
 225841
 225770
 225646
 225522
 225497
 225443
 225375
 225335
 225214
 225188
 225146
 225023
 224899
 224471
 224448
 224408
 224361
 224264
 224019
 223877
 223795
 223746
 223644
 223538
 223530
 223385
 223223
 223002
 222879
 222875
 222806
 222692
 222666
 222652
 222605
 222381
 221955
 221912
 221890
 221773
 221656
 221555
 221374
 221201
 221181
 221178
 221177
 221027
 221004
 220856
 220838
 220745
 220680
 220618
 220412
 220385
 220371
 220338
 219847
 219787
 219772
 219692
 219662
 219550
 219421
 219367
 219215
 219178
 219044
 219014
 218911
 218838
 218774
 218760
 218578
 218210
 218195
 217964
 217963
 217962
 217942
 217881
 217840
 217640
 217624
 217487
 217391
 217355
 217118
 217063
 216598
 216461
 216357
 216326
 216216
 216175
 215764
 215759
 215644
 215146
 215064
 214996
 214967
 214854
 214737
 214711
 214579
 214478
 214446
 214435
 214360
 214331
 214211
 213930
 213923
 213811
 213809
 213733
 213698
 213612
 213609
 213507
 213493
 213300
 213197
 213084
 213024
 212728
 212598
 212265
 212222
 212097
 212026
 211949
 211938
 211803
 211764
 211694
 211680
 211541
 211493
 211472
 211311
 211267
 211223
 211213
 211206
 211093
 211069
 211042
 210968
 210945
 210836
 210835
 210770
 210765
 210680
 210646
 210629
 210626
 210572
 210557
 210480
 210434
 210417
 210334
 209800
 209672
 209567
 209525
 209200
 209166
 208872
 208857
 208816
 208737
 208716
 208712
 208673
 208524
 208480
 208162
 207912
 207888
 207822
 207794
 207692
 207500
 207435
 207227
 206844
 206473
 206329
 206279
 206156
 206126
 206068
 205904
 205882
 205806
 205779
 205765
 205741
 205709
 205633
 205633
 205588
 205253
 205197
 205174
 205131
 205080
 205056
 205029
 205006
 204907
 204708
 204473
 204345
 204217
 204176
 204080
 203977
 203954
 203892
 203880
 203856
 203831
 203801
 203781
 203623
 203610
 203397
 203373
 203128
 203123
 203007
 202902
 202853
 202801
 202719
 202591
 202526
 202393
 202366
 202172
 202153
 202083
 202054
 202039
 201740
 201713
 201700
 201599
 201489
 201443
 201424
 201369
 201336
 201170
 201092
 200771
 200675
 200513
 199999
 199985
 199795
 199744
 199674
 199463
 199357
 199313
 199226
 199066
 198869
 198858
 198806
 198752
 198752
 198139
 198131
 197834
 197557
 197258
 197145
 196762
 196650
 196546
 196424
 196293
 196281
 196247
 196195
 196070
 195886
 195752
 195706
 195669
 195659
 195494
 195480
 195411
 195377
 195153
 194990
 194967
 194925
 194808
 194749
 194631
 194623
 194476
 194449
 194353
 194350
 194287
 194174
 194037
 193954
 193917
 193853
 193688
 193650
 193650
 193607
 193574
 193555
 193548
 193454
 193269
 193198
 193054
 193052
 193042
 192784
 192711
 192703
 192661
 192594
 192390
 192314
 192307
 192263
 192195
 192072
 191891
 191694
 191689
 191583
 191555
 191499
 191417
 191406
 191319
 191276
 191252
 191156
 191116
 191040
 191036
 191026
 190804
 190701
 190622
 190552
 190535
 190460
 190450
 190363
 190304
 190287
 190108
 189753
 189420
 189301
 189193
 188669
 188660
 188653
 188632
 188502
 188490
 188355
 188325
 188206
 188000
 187852
 187687
 187500
 187381
 187165
 187158
 187129
 187022
 186903
 186652
 186627
 186449
 186383
 186366
 186350
 186199
 186075
 185861
 185753
 185630
 185581
 185552
 185230
 185095
 185035
 184681
 184561
 184485
 184297
 184126
 183855
 183840
 183797
 183789
 183787
 183758
 183755
 183692
 183686
 183651
 183486
 183460
 183409
 183381
 183313
 183306
 183194
 182759
 182598
 182587
 182522
 182519
 182510
 182505
 182501
 182449
 182291
 182033
 181968
 181818
 181763
 181724
 181619
 181506
 181455
 181443
 181391
 181165
 181136
 181093
 180896
 180765
 180612
 180553
 180348
 180021
 179836
 179816
 179564
 179524
 179444
 179321
 179153
 179087
 179012
 178947
 178834
 178715
 178702
 178571
 178456
 178451
 178427
 178412
 178403
 178193
 177969
 177885
 177544
 177510
 177396
 177365
 177232
 177054
 176887
 176875
 176663
 176662
 176470
 176451
 176400
 176366
 176312
 176246
 176181
 176094
 175982
 175785
 175719
 175666
 175654
 175411
 175324
 175226
 175072
 174776
 174658
 174354
 174183
 174129
 174108
 173954
 173919
 173913
 173899
 173858
 173817
 173800
 173781
 173646
 173592
 173559
 173378
 173330
 173264
 173177
 173117
 173098
 172981
 172836
 172795
 172750
 172568
 172451
 172428
 172305
 172234
 172078
 172029
 171889
 171835
 171790
 171732
 171500
 171453
 171366
 171180
 170877
 170870
 170564
 170389
 170323
 170267
 170158
 170148
 170004
 169986
 169984
 169880
 169875
 169689
 169666
 169641
 169433
 169388
 169082
 169039
 169022
 168932
 168916
 168900
 168831
 168733
 168718
 168709
 168385
 168343
 168270
 167945
 167901
 167883
 167834
 167681
 167559
 167552
 167521
 167507
 167473
 167435
 167388
 167333
 167322
 167298
 167068
 166836
 166787
 166699
 166469
 166429
 166301
 166177
 166102
 165982
 165889
 165707
 165457
 165422
 165317
 165119
 165072
 164984
 164939
 164926
 164629
 164223
 164031
 163863
 163837
 163528
 163473
 163169
 163070
 163017
 163005
 162968
 162742
 162430
 162379
 162362
 162344
 162097
 162091
 161862
 161850
 161836
 161815
 161758
 161738
 161648
 161385
 161204
 161183
 161010
 160928
 160889
 160853
 160821
 160806
 160746
 160480
 160474
 160472
 160454
 160378
 160235
 160193
 160176
 160156
 160072
 160000
 159905
 159731
 159709
 159635
 159388
 159008
 158947
 158934
 158917
 158868
 158797
 158730
 158697
 158368
 158259
 158253
 158248
 158069
 158005
 157707
 157503
 157449
 157382
 157225
 156971
 156959
 156273
 156222
 156130
 155832
 155363
 155344
 155278
 155186
 155076
 154913
 154713
 154711
 154630
 154626
 154541
 154425
 154336
 154085
 154062
 153846
 153771
 153685
 153642
 153527
 153291
 153214
 153112
 153055
 152756
 152529
 152333
 152296
 152259
 152237
 152080
 151820
 151749
 151645
 151453
 151437
 151315
 151256
 151239
 151161
 151128
 151085
 150882
 150865
 150854
 150777
 150758
 150733
 150684
 150550
 150400
 150308
 150274
 150225
 150103
 149999
 149953
 149938
 149914
 149886
 149569
 149559
 149517
 149435
 149352
 149330
 149068
 149045
 148942
 148689
 148643
 148513
 148475
 148194
 148050
 147871
 147852
 147826
 147683
 147514
 147449
 147349
 147227
 146750
 146736
 146688
 146541
 146536
 146487
 146264
 146216
 146093
 145969
 145904
 145818
 145695
 145582
 145580
 145525
 145510
 145495
 145329
 144947
 144860
 144758
 144734
 144399
 144238
 144189
 144010
 143947
 143728
 143674
 143483
 143470
 143281
 143101
 142979
 142857
 142857
 142671
 142541
 142304
 142243
 142241
 142223
 141942
 141932
 141652
 141615
 141600
 141552
 141337
 141248
 141121
 141075
 140850
 140685
 140609
 140511
 140450
 140420
 140342
 140338
 140169
 140012
 139995
 139986
 139965
 139872
 139793
 139675
 139581
 139452
 139418
 139345
 139275
 139215
 139208
 139081
 139023
 138962
 138871
 138804
 138726
 138697
 138595
 138594
 138364
 138328
 138325
 138149
 138082
 137737
 137502
 137382
 137086
 136931
 136801
 136696
 136679
 136340
 136212
 136116
 135937
 135681
 135581
 135203
 135060
 134885
 134879
 134873
 134858
 134732
 134681
 134572
 134545
 134538
 134334
 134334
 133990
 133910
 133907
 133866
 133846
 133793
 133665
 133609
 133607
 133600
 133488
 133478
 133280
 133154
 133041
 132807
 132786
 132784
 132737
 132637
 132526
 132312
 132151
 132071
 131676
 131639
 131549
 131449
 131313
 131243
 131242
 131221
 131211
 131205
 131200
 131092
 130848
 130805
 130794
 130776
 130681
 130645
 130401
 130303
 130213
 130186
 130148
 129996
 129785
 129619
 129511
 129420
 129407
 129358
 129272
 129271
 129255
 129242
 129229
 129172
 129148
 129039
 128975
 128942
 128923
 128770
 128340
 128258
 128136
 128129
 127962
 127934
 127735
 127532
 127178
 126846
 126711
 126646
 126608
 126385
 126315
 126154
 125920
 125855
 125850
 125820
 125802
 125529
 125290
 125236
 125110
 125095
 125068
 124955
 124774
 124755
 124727
 124726
 124691
 124598
 124463
 124352
 124319
 124146
 124110
 124069
 123938
 123340
 123265
 123229
 123223
 123200
 123195
 123188
 123177
 123011
 122884
 122876
 122761
 122253
 121971
 121926
 121923
 121734
 121727
 121664
 121531
 121431
 121415
 121375
 121273
 121226
 121161
 120972
 120839
 120835
 120663
 120404
 120336
 119999
 119966
 119865
 119791
 119731
 119702
 119683
 119650
 119475
 119474
 119440
 119410
 119383
 119288
 119211
 119155
 119152
 118927
 118919
 118895
 118758
 118683
 118676
 118530
 118482
 118297
 118110
 118035
 117893
 117826
 117726
 117676
 117647
 117629
 117530
 117514
 117285
 117220
 117209
 117194
 117122
 116870
 116864
 116854
 116781
 116677
 116562
 116192
 115959
 115926
 115887
 115685
 115437
 115314
 115263
 115156
 115115
 115055
 115042
 115042
 115024
 114948
 114927
 114859
 114822
 114648
 114567
 114395
 114380
 114299
 114189
 114128
 114001
 113800
 113740
 113665
 113435
 113359
 113333
 113243
 113048
 112985
 112905
 112717
 112702
 112599
 112398
 112359
 112184
 111985
 111958
 111659
 111503
 111455
 111439
 111426
 111374
 111338
 111328
 111251
 111118
 111111
 111111
 110932
 110484
 110467
 110429
 110404
 110373
 110283
 109952
 109547
 109300
 109260
 109215
 109083
 108980
 108910
 108784
 108544
 108506
 108453
 108419
 107972
 107949
 107940
 107919
 107845
 107672
 107462
 107440
 107367
 107275
 107077
 107061
 107021
 106959
 106938
 106835
 106682
 106506
 106493
 106425
 106410
 106386
 106288
 106266
 106190
 106151
 106106
 106104
 106066
 106056
 106049
 105955
 105860
 105852
 105843
 105743
 105603
 105456
 105412
 105351
 105343
 105296
 105245
 105210
 105172
 105111
 105072
 104980
 104915
 104895
 104853
 104791
 104655
 104580
 104579
 104459
 104448
 104437
 104346
 104209
 104154
 103824
 103705
 103686
 103661
 103654
 103595
 103508
 103504
 103475
 103424
 103424
 103183
 103014
 102870
 102848
 102669
 102214
 102001
 101882
 101745
 101539
 101506
 101504
 101406
 101357
 101214
 101121
 101105
 101045
 101019
 100922
 100865
 100763
 100058
 100032
 100006
 99656
 99485
 99404
 99229
 99065
 99047
 99035
 98877
 98847
 98761
 98448
 98294
 98259
 98149
 97995
 97987
 97954
 97776
 97713
 97691
 97667
 97629
 97609
 97560
 97413
 97409
 97250
 97201
 97076
 97041
 96880
 96770
 96643
 96625
 96615
 96607
 96601
 96527
 96436
 96384
 96379
 96349
 96235
 96160
 96104
 95603
 95589
 95540
 95393
 95382
 94974
 94924
 94917
 94880
 94860
 94707
 94608
 94544
 94516
 94473
 94420
 94418
 94283
 93934
 93599
 93459
 93443
 93420
 93385
 93384
 93353
 93267
 93143
 93099
 92906
 92905
 92811
 92793
 92391
 92387
 92319
 92135
 91879
 91863
 91823
 91773
 91767
 91644
 91385
 91159
 91005
 90976
 90909
 90909
 90624
 90564
 90500
 90367
 90337
 90317
 90008
 89991
 89968
 89937
 89887
 89556
 89516
 89323
 89319
 89165
 89099
 89096
 89043
 88711
 88698
 88581
 88495
 88436
 88322
 88227
 88210
 87847
 87664
 87641
 87582
 87532
 87356
 87019
 86856
 86712
 86614
 86558
 86462
 86412
 86391
 86321
 86147
 86147
 86101
 86095
 85982
 85902
 85826
 85740
 85714
 85702
 85691
 85492
 85082
 85065
 84648
 84609
 84564
 84504
 84429
 84244
 83850
 83625
 83591
 83470
 83454
 83352
 83327
 83324
 83229
 83091
 82995
 82985
 82840
 82778
 82742
 82678
 82568
 82301
 82109
 82001
 81958
 81936
 81916
 81813
 81712
 81677
 81656
 81598
 81568
 81510
 81370
 81354
 81300
 81120
 80808
 80641
 80547
 80536
 80479
 80442
 80374
 80369
 80317
 80262
 80090
 79591
 79571
 79470
 79442
 79356
 79308
 79236
 79021
 78939
 78930
 78573
 78550
 78462
 78413
 78395
 78381
 78279
 77820
 77712
 77695
 77639
 77580
 77544
 77505
 77239
 77098
 77019
 76997
 76958
 76689
 76272
 75744
 75681
 75527
 75505
 75494
 75413
 75050
 75000
 74825
 74819
 74722
 74652
 74620
 74539
 74512
 74421
 74380
 74222
 74195
 74186
 74047
 73820
 73627
 73601
 73577
 73426
 73418
 73316
 73308
 72959
 72950
 72837
 72823
 72810
 72801
 72761
 72519
 72369
 72360
 72332
 72205
 72080
 71999
 71972
 71786
 71616
 71462
 71405
 71383
 71159
 71048
 70918
 70864
 70856
 70797
 70683
 70572
 70514
 70495
 70325
 70279
 70241
 70219
 70164
 70115
 70081
 69959
 69941
 69891
 69780
 69307
 69260
 69257
 69084
 69049
 69000
 68836
 68780
 68660
 68566
 68566
 68561
 68378
 68222
 68063
 68020
 67950
 67930
 67809
 67675
 67656
 67458
 67400
 67319
 67296
 67265
 67050
 66800
 66740
 66666
 66472
 66431
 66430
 66416
 66341
 66253
 65930
 65916
 65912
 65882
 65735
 65573
 65383
 65245
 65168
 65054
 65038
 64980
 64791
 64730
 64689
 64628
 64442
 64318
 64278
 64142
 64122
 64095
 64053
 64039
 64013
 63872
 63660
 63620
 63480
 63449
 63381
 63278
 63242
 62952
 62895
 62893
 62889
 62789
 62787
 62742
 62693
 62683
 62634
 62328
 62183
 62063
 62033
 61836
 61763
 61667
 61551
 61474
 61470
 61317
 61277
 61232
 61190
 61078
 60990
 60946
 60913
 60908
 60732
 60594
 60445
 60324
 60322
 60309
 60091
 60089
 60070
 60011
 60005
 59977
 59765
 59762
 59514
 59470
 59440
 59407
 59405
 59216
 59199
 59113
 58839
 58450
 58319
 58236
 58171
 58035
 57742
 57512
 57495
 57406
 57367
 57135
 56628
 56448
 56361
 56253
 56220
 56168
 56000
 55979
 55872
 55760
 55643
 55522
 55338
 55316
 55264
 55254
 55243
 55189
 55074
 55009
 54680
 54615
 54601
 54545
 54424
 54309
 54237
 54133
 54107
 54040
 54028
 53701
 53630
 53557
 53515
 53438
 53404
 53348
 53345
 53224
 53185
 53162
 53130
 53114
 53067
 52791
 52772
 52772
 52495
 52407
 52398
 52297
 52284
 52204
 52194
 52149
 52132
 52074
 52032
 51989
 51915
 51862
 51835
 51721
 51557
 51499
 51420
 51277
 51177
 51128
 51060
 50938
 50840
 50796
 50675
 50562
 50526
 50447
 50335
 50325
 50221
 50156
 50133
 50083
 49937
 49862
 49854
 49762
 49710
 49559
 49470
 49459
 49414
 49275
 49044
 49014
 48977
 48974
 48958
 48902
 48814
 48691
 48681
 48314
 48255
 48189
 48135
 48106
 47980
 47866
 47751
 47734
 47709
 47658
 47619
 47389
 47173
 47151
 47139
 47086
 46723
 46584
 46452
 46436
 46411
 46327
 46321
 46306
 46263
 46224
 46159
 46070
 45825
 45528
 45499
 45425
 45422
 45272
 45213
 45072
 45046
 44926
 44843
 44843
 44681
 44537
 44444
 44326
 44034
 43974
 43780
 43404
 43399
 43317
 43189
 43155
 43098
 43050
 42987
 42973
 42923
 42709
 42419
 42227
 42105
 41831
 41656
 41588
 41573
 41432
 41399
 41359
 41329
 41251
 41250
 41225
 41150
 41140
 41119
 40583
 40485
 40466
 40318
 40295
 40159
 39988
 39938
 39911
 39890
 39663
 39657
 39548
 39516
 39413
 39290
 39154
 39086
 38936
 38915
 38743
 38515
 38460
 38266
 38147
 38008
 37681
 37249
 37119
 37118
 36943
 36909
 36882
 36879
 36838
 36792
 36733
 36727
 36549
 36533
 36468
 36233
 35856
 35840
 35669
 35635
 35583
 35549
 35294
 35250
 35035
 34793
 34688
 34471
 34431
 34420
 34339
 34256
 34201
 33952
 33921
 33785
 33784
 33704
 33550
 33389
 33359
 33348
 33170
 33014
 32955
 32902
 32835
 32744
 32698
 32599
 32514
 32487
 32481
 32441
 32380
 32376
 32137
 32125
 32111
 32023
 31971
 31936
 31741
 31727
 31490
 31473
 31350
 31238
 30939
 30905
 30789
 30341
 30317
 30303
 30237
 30227
 30190
 30070
 30049
 29942
 29923
 29901
 29833
 29564
 29339
 29302
 29282
 29085
 29078
 28982
 28907
 28852
 28571
 28560
 28554
 28475
 28337
 28185
 28109
 27893
 27749
 27700
 27656
 27465
 27306
 27294
 27282
 27218
 27175
 27118
 27071
 27027
 26771
 26694
 26627
 26525
 26331
 26269
 26232
 25915
 25809
 25751
 25670
 25434
 25420
 25413
 24871
 24791
 24630
 24552
 24455
 24113
 24096
 23936
 23916
 23913
 23895
 23874
 23831
 23627
 23558
 23519
 23511
 23436
 23420
 23281
 23280
 23188
 23027
 22962
 22873
 22662
 22574
 22364
 22224
 22185
 22039
 21837
 21803
 21713
 21610
 21511
 21473
 21449
 21224
 21062
 20967
 20879
 20701
 20594
 20452
 20365
 20343
 20217
 20056
 19943
 19924
 19779
 19550
 19519
 19496
 19386
 19323
 19246
 19034
 19002
 18763
 18748
 18688
 18684
 18479
 18472
 18385
 18333
 18324
 18292
 18256
 18002
 17899
 17855
 17688
 17582
 17099
 16849
 16672
 16628
 16574
 16436
 16145
 16100
 16064
 15772
 15027
 15024
 14961
 14908
 14853
 14838
 14822
 14780
 14754
 14743
 14116
 13999
 13979
 13683
 13574
 13555
 13526
 13429
 13311
 13198
 13123
 12950
 12857
 12505
 12199
 12195
 12074
 11948
 11893
 11788
 11722
 11686
 11597
 11488
 11252
 11224
 11002
 10990
 10676
 10621
 10542
 10438
 10335
 10289
 10229
 10124
 10079
 9952
 9950
 9924
 9833
 9708
 9668
 9619
 9575
 9525
 9416
 9297
 9201
 9189
 8834
 8785
 8676
 8661
 8661
 8578
 8502
 8403
 8342
 8114
 8043
 7677
 7648
 7631
 7560
 7243
 7242
 7106
 6915
 6887
 6867
 6807
 6711
 6583
 6581
 6562
 6466
 6423
 6026
 5873
 5721
 5557
 5524
 5239
 5226
 5154
 5127
 5071
 4922
 4911
 4752
 4684
 4499
 4277
 4246
 4235
 4176
 4149
 3992
 3758
 3737
 3717
 3593
 3529
 3442
 3269
 3216
 3179
 3106
 2980
 2941
 2924
 2917
 2744
 2577
 2466
 2452
 2447
 2164
 2085
 2007
 1962
 1947
 1798
 1758
 1756
 1497
 1496
 1170
 969
 890
 877
 868
 786
 765
 727
 713
 624
 574
 572
 554
 409
 372
 0
 0
 0
 0
 0
 0
 0
 0
 0
 0
 0
 