999840
 999798
 999659
 999593
 999280
 999146
 999123
 999004
 998712
 998494
 998449
 998120
 998057
 997791
 997761
 997758
 997480
 997446
 997387
 997240
 997231
 997160
 997118
 997071
 997055
 996843
 996825
 996823
 996810
 996797
 996677
 996614
 996585
 996464
 996086
 996078
 996015
 995819
 995791
 995778
 995739
 995427
 995417
 995095
 994546
 994493
 994201
 993968
 993681
 993656
 993579
 993563
 993552
 993283
 993071
 993028
 993006
 992833
 992708
 992583
 992549
 992467
 992352
 992092
 992002
 991475
 991410
 991340
 991312
 991259
 991175
 991134
 991019
 990934
 990752
 990710
 990663
 990350
 990291
 990279
 990271
 990267
 990249
 990228
 990146
 990021
 990019
 989965
 989659
 989637
 989591
 989546
 989517
 989473
 989328
 989270
 989247
 989238
 989229
 989075
 988814
 988780
 988630
 988583
 988539
 988412
 988229
 987826
 987762
 987677
 987657
 987452
 987341
 987190
 987102
 987003
 986914
 986707
 986636
 986609
 986577
 986551
 986545
 986424
 986373
 986176
 986121
 986066
 985982
 985961
 985942
 985851
 985725
 985475
 985270
 985207
 985176
 984998
 984864
 984735
 984721
 984647
 984639
 984582
 984490
 984362
 984330
 984268
 984240
 984236
 984194
 984147
 984143
 983944
 983897
 983815
 983753
 983723
 983701
 983653
 983653
 983619
 983608
 983532
 983307
 983168
 983082
 983040
 983023
 983010
 982998
 982650
 982348
 982280
 982252
 982127
 982124
 982106
 982087
 981983
 981939
 981405
 981402
 981402
 981265
 981114
 981102
 981084
 981004
 980935
 980452
 980437
 980327
 980322
 980191
 980102
 979906
 979864
 979811
 979690
 979593
 979591
 979582
 979557
 979425
 979423
 979415
 979413
 979380
 979322
 979303
 979051
 978891
 978868
 978702
 978687
 978666
 978654
 978565
 978446
 978343
 978328
 978304
 978296
 978087
 978049
 977966
 977900
 977631
 977522
 977460
 977044
 977023
 976974
 976899
 976768
 976766
 976737
 976721
 976611
 976603
 976556
 976532
 976502
 976479
 976200
 975999
 975980
 975968
 975903
 975502
 975485
 975416
 975330
 975221
 975103
 975079
 975047
 974920
 974905
 974739
 974664
 974513
 974358
 974286
 974117
 973882
 973844
 973733
 973692
 973451
 973395
 973384
 973382
 973306
 973097
 973076
 972965
 972943
 972897
 972856
 972831
 972614
 972460
 972327
 972107
 972043
 971978
 971846
 971563
 971428
 971280
 971114
 970811
 970676
 970584
 970351
 970178
 970149
 969788
 969656
 969564
 969556
 969461
 969368
 968941
 968242
 968201
 968182
 968171
 968093
 967968
 967913
 967741
 967591
 967542
 967294
 967289
 967267
 967184
 967165
 967078
 966753
 966702
 966641
 966609
 966567
 966519
 966411
 966329
 966292
 966223
 966137
 966133
 966115
 966078
 965987
 965645
 965517
 965306
 965292
 965217
 965195
 965180
 965125
 964912
 964877
 964805
 964777
 964776
 964651
 964563
 964472
 964428
 964292
 964285
 964165
 964122
 964106
 963994
 963955
 963938
 963911
 963776
 963724
 963702
 963701
 963601
 963325
 963255
 962994
 962857
 962852
 962834
 962711
 962538
 962526
 962466
 962447
 962431
 962426
 962236
 961988
 961891
 961765
 961672
 961661
 961485
 961373
 961327
 961251
 961237
 961078
 960899
 960836
 960817
 960814
 960813
 960794
 960784
 960710
 960650
 960562
 960465
 960248
 959697
 959680
 959565
 959433
 959178
 959087
 959027
 958913
 958763
 958741
 958723
 958705
 958677
 958520
 958467
 958321
 958224
 958163
 958010
 957954
 957915
 957833
 957775
 957714
 957650
 957610
 957577
 957452
 957375
 957330
 957191
 957140
 957120
 957074
 956947
 956940
 956545
 956394
 956386
 956384
 956335
 956285
 956175
 955931
 955793
 955763
 955752
 955736
 955493
 955433
 955330
 955273
 954881
 954828
 954355
 954318
 954274
 954075
 954045
 953983
 953885
 953763
 953723
 953599
 953578
 953411
 953383
 953363
 952761
 952544
 952409
 952331
 952280
 952110
 952062
 951970
 951797
 951688
 951573
 951475
 951299
 951266
 951072
 950982
 950660
 950640
 950594
 950488
 950120
 949956
 949898
 949657
 949531
 949484
 949477
 949447
 949132
 949044
 948969
 948845
 948835
 948743
 948708
 948698
 948531
 948523
 948391
 948388
 948275
 948275
 948233
 947969
 947710
 947615
 947501
 947345
 947072
 946929
 946855
 946792
 946786
 946711
 946633
 946411
 946050
 945681
 945381
 945317
 945314
 945305
 945283
 945233
 945100
 945093
 945066
 945053
 944881
 944724
 944670
 944631
 944566
 944563
 944531
 944382
 944281
 944180
 944087
 944065
 943967
 943877
 943819
 943589
 943467
 943444
 943415
 943402
 943089
 943024
 942963
 942940
 942883
 942681
 942655
 942585
 942266
 942176
 941941
 941635
 941629
 941513
 941493
 941460
 940948
 940786
 940757
 940717
 940295
 940252
 940222
 939816
 939788
 939724
 939609
 939466
 939451
 939320
 939107
 939079
 938985
 938858
 938775
 938720
 938643
 938555
 938155
 938110
 937938
 937860
 937830
 937776
 937748
 937735
 937656
 937615
 937609
 937603
 937358
 937166
 937135
 937113
 937023
 936919
 936789
 936691
 936662
 936530
 936473
 936390
 936377
 936351
 936185
 936132
 936049
 935874
 935859
 935695
 935333
 935275
 935258
 935239
 935149
 934904
 934823
 934778
 934637
 934618
 934556
 934420
 934028
 934010
 933983
 933908
 933904
 933816
 933589
 933468
 933428
 933248
 933222
 933025
 932993
 932839
 932584
 932580
 932512
 932360
 932307
 932182
 932071
 932034
 932028
 931980
 931862
 931814
 931726
 931637
 931487
 931250
 931237
 930858
 930849
 930846
 930804
 930770
 930752
 930574
 930407
 930337
 930321
 930192
 930096
 930062
 930023
 930023
 929805
 929737
 929579
 929505
 929391
 929368
 929279
 929229
 929187
 929151
 929077
 929035
 928962
 928818
 928759
 928679
 928536
 928329
 928183
 928014
 927888
 927845
 927710
 927690
 927621
 927536
 927241
 926994
 926941
 926927
 926881
 926867
 926829
 926758
 926658
 926565
 926533
 926519
 926470
 926469
 926112
 926103
 926101
 926022
 926001
 925865
 925766
 925532
 925458
 925390
 925347
 925305
 925267
 925267
 925128
 925075
 925063
 924812
 924674
 924519
 924372
 924242
 924214
 924142
 924087
 924061
 924050
 924032
 923799
 923776
 923737
 923552
 923387
 923343
 923070
 923022
 922864
 922594
 922589
 922522
 922373
 922292
 922094
 922056
 922028
 922024
 922014
 921976
 921785
 921446
 921375
 921372
 921358
 921325
 921193
 921091
 921005
 920907
 920781
 920704
 920642
 920610
 920577
 920258
 920012
 920000
 919999
 919795
 919786
 919767
 919758
 919698
 919520
 919457
 919178
 919172
 919005
 919003
 918978
 918978
 918803
 918795
 918774
 918731
 918367
 918363
 918298
 918243
 918151
 918146
 918032
 918005
 917561
 917511
 917175
 916863
 916756
 916417
 916210
 915543
 915532
 915518
 915492
 915437
 915424
 915168
 914986
 914956
 914843
 914762
 914718
 914676
 914561
 914556
 914415
 914369
 914210
 914126
 913924
 913796
 913784
 913704
 913692
 913423
 913104
 913094
 913018
 912977
 912945
 912938
 912930
 912871
 912841
 912822
 912761
 912609
 912576
 912472
 912408
 912357
 912205
 912192
 912154
 911964
 911949
 911942
 911679
 911400
 911347
 911253
 911231
 911111
 910990
 910864
 910655
 910541
 910419
 910334
 910218
 910187
 909979
 909972
 909886
 909741
 909555
 909494
 909492
 909079
 909050
 909038
 908984
 908978
 908789
 908781
 908716
 908587
 908396
 908167
 908158
 908103
 908047
 907727
 907667
 907596
 907508
 907151
 907043
 906982
 906673
 906550
 906545
 906497
 906493
 906442
 906344
 906324
 906307
 906186
 906064
 905862
 905798
 905701
 905687
 905604
 905506
 905482
 905376
 905210
 905080
 905044
 905027
 904731
 904457
 904388
 904378
 904256
 904251
 904242
 904214
 904109
 904033
 904020
 903899
 903886
 903815
 903791
 903634
 903614
 903600
 903292
 903248
 903225
 903194
 902858
 902772
 902762
 902683
 902683
 902647
 902584
 902514
 902421
 902416
 902104
 902035
 901852
 901728
 901668
 901628
 901626
 901598
 901367
 901342
 901307
 901237
 901086
 901041
 900970
 900962
 900806
 900742
 900663
 900628
 900547
 900429
 900380
 900105
 900014
 899933
 899717
 899626
 899519
 899413
 899371
 899212
 899195
 899096
 898984
 898938
 898870
 898801
 898797
 898775
 898522
 898507
 898314
 897787
 897702
 897308
 897016
 896974
 896938
 896937
 896897
 896810
 896739
 896684
 896660
 896611
 896570
 896424
 896281
 896151
 895958
 895861
 895841
 895833
 895814
 895593
 895546
 895487
 895471
 895420
 895356
 895258
 895219
 895057
 894949
 894949
 894810
 894807
 894753
 894689
 894518
 894386
 894359
 894009
 893829
 893818
 893748
 893617
 893594
 893493
 893486
 893284
 893023
 893023
 892922
 892827
 892775
 892327
 891977
 891877
 891661
 891558
 891319
 891267
 891176
 891109
 890967
 890955
 890890
 890691
 890543
 890541
 890476
 890471
 890458
 890336
 890212
 890169
 890095
 890037
 889908
 889880
 889820
 889800
 889766
 889713
 889264
 889198
 889117
 889106
 889067
 888904
 888791
 888676
 888558
 888364
 888326
 888295
 888267
 888203
 888190
 888072
 887963
 887608
 887564
 887463
 887436
 887382
 887382
 887277
 887171
 887052
 886767
 886604
 886585
 886440
 886355
 886319
 886313
 886126
 886082
 885876
 885720
 885437
 885350
 885314
 885177
 884926
 884895
 884727
 884722
 884397
 884192
 884120
 884052
 884033
 883946
 883902
 883819
 883817
 883767
 883735
 883725
 883672
 883493
 883440
 883424
 883359
 883213
 882946
 882612
 882515
 882352
 882249
 882024
 882023
 881806
 881733
 881685
 881683
 881612
 881500
 881222
 880870
 880795
 880760
 880745
 880477
 880428
 880120
 880074
 880000
 879953
 879908
 879696
 879608
 879563
 879463
 879451
 879444
 879426
 879333
 879324
 879227
 879192
 879063
 879006
 878915
 878884
 878836
 878787
 878787
 878669
 878622
 878577
 878424
 878390
 878377
 878082
 878069
 878040
 877848
 877834
 877741
 877701
 877638
 877537
 877474
 877103
 877012
 876785
 876358
 876320
 876292
 876207
 876175
 876054
 876018
 876017
 876010
 875951
 875645
 875612
 875484
 875350
 875126
 874949
 874643
 874515
 874493
 874466
 874269
 873872
 873846
 873841
 873774
 873727
 873679
 873671
 873492
 873466
 873441
 873136
 873002
 872970
 872851
 872828
 872762
 872660
 872595
 872430
 872270
 872200
 872075
 872075
 872068
 871921
 871875
 871700
 871691
 871576
 871566
 871475
 871411
 871323
 871287
 871028
 870833
 870814
 870691
 870612
 870464
 870320
 870295
 870223
 870197
 870135
 870019
 870017
 869988
 869653
 869556
 869435
 869432
 869365
 869327
 868852
 868846
 868798
 868717
 868700
 868680
 868617
 868478
 868357
 868338
 868329
 868317
 868080
 868079
 868069
 868051
 868047
 867989
 867878
 867872
 867834
 867765
 867758
 867753
 867666
 867469
 867438
 867355
 867261
 867158
 867152
 867147
 867139
 867135
 866958
 866957
 866901
 866854
 866830
 866817
 866666
 866666
 866666
 866649
 866473
 866314
 866267
 866190
 866190
 866098
 865962
 865673
 865671
 865648
 865497
 865384
 865317
 865213
 865129
 865122
 865048
 864954
 864935
 864864
 864864
 864781
 864477
 864406
 864211
 864191
 864112
 864017
 863873
 863842
 863803
 863629
 863610
 863609
 863354
 863294
 862595
 862505
 862376
 862356
 862275
 862225
 862155
 861982
 861851
 861763
 861738
 861674
 861645
 861340
 861336
 861072
 861037
 860934
 860907
 860640
 860208
 860127
 860077
 860008
 859826
 859823
 859767
 859650
 859557
 859550
 859431
 859361
 859343
 859280
 859009
 858992
 858724
 858707
 858592
 858485
 858478
 858308
 858298
 858191
 858159
 857878
 857854
 857846
 857677
 857604
 857425
 857398
 857380
 857373
 857342
 857321
 857304
 857253
 857230
 857221
 856972
 856932
 856811
 856806
 856757
 856531
 856467
 856396
 855934
 855801
 855706
 855621
 855600
 855531
 855329
 855305
 855226
 855153
 855051
 854922
 854871
 854805
 854777
 854439
 854254
 854232
 854145
 854118
 854082
 854071
 853984
 853962
 853941
 853813
 853801
 853525
 853345
 853215
 853144
 853068
 852981
 852944
 852774
 852760
 852686
 852353
 852117
 851957
 851903
 851760
 851733
 851717
 851528
 851205
 851203
 851185
 851097
 851039
 850949
 850880
 850779
 850532
 850467
 850463
 850396
 850314
 850064
 849695
 849519
 849462
 849462
 849348
 849248
 849159
 848883
 848449
 848339
 848310
 848181
 848043
 847972
 847939
 847870
 847838
 847757
 847658
 847472
 847429
 847129
 847083
 847081
 847002
 846743
 846534
 846206
 846200
 846065
 846063
 845977
 845830
 845611
 845406
 845335
 845332
 845261
 845213
 845133
 845102
 845095
 844903
 844781
 844740
 844699
 844648
 844647
 844499
 844442
 844357
 844253
 844218
 844047
 844046
 843905
 843866
 843853
 843795
 843787
 843750
 843733
 843717
 843664
 843636
 843503
 843267
 843250
 843143
 843013
 842957
 842886
 842733
 842696
 842605
 842509
 842382
 841988
 841901
 841823
 841759
 841394
 841379
 841368
 841283
 841234
 841200
 840960
 840614
 840532
 840516
 840504
 840484
 840231
 840222
 840155
 840056
 840000
 839978
 839973
 839958
 839875
 839818
 839753
 839542
 839420
 839263
 839155
 839031
 839005
 838929
 838902
 838824
 838804
 838757
 838755
 838707
 838487
 838476
 838402
 838400
 838146
 838040
 837980
 837940
 837885
 837837
 837805
 837752
 837646
 837605
 837494
 837386
 837231
 837209
 837119
 837104
 836967
 836905
 836902
 836839
 836837
 836829
 836691
 836646
 836630
 836527
 836279
 836249
 836206
 836121
 835839
 835629
 835625
 835623
 835260
 834985
 834982
 834779
 834776
 834673
 834634
 834603
 834524
 834488
 834092
 834075
 833874
 833829
 833635
 833438
 833438
 833385
 833333
 833184
 833074
 833002
 832976
 832839
 832781
 832557
 832521
 832424
 832293
 832116
 832008
 831991
 831753
 831645
 831546
 831541
 831529
 831479
 831357
 831092
 831067
 830981
 830954
 830913
 830659
 830299
 830216
 830173
 830153
 829920
 829805
 829791
 829787
 829733
 829638
 829466
 828939
 828939
 828872
 828763
 828756
 828637
 828541
 828441
 828362
 828330
 828089
 828084
 828067
 828064
 828062
 828018
 827994
 827718
 827629
 827622
 827617
 827193
 826979
 826966
 826926
 826889
 826450
 825925
 825642
 825594
 825301
 825215
 825202
 825083
 825038
 824851
 824848
 824433
 824303
 824120
 824019
 823995
 823815
 823737
 823708
 823641
 823529
 823247
 823131
 822703
 822319
 822200
 822101
 821768
 821763
 821695
 821561
 821358
 821071
 820900
 820816
 820812
 820676
 820548
 820404
 820206
 820181
 820124
 820065
 820063
 820059
 820051
 820034
 820002
 819923
 819814
 819802
 819727
 819682
 819660
 819594
 819363
 819188
 819188
 819153
 818403
 818377
 818240
 818181
 818181
 818043
 817859
 817738
 817668
 817360
 817325
 817296
 817288
 816667
 816542
 816453
 816414
 816380
 816256
 816080
 816063
 815997
 815936
 815899
 815774
 815699
 815602
 815301
 815286
 815029
 814985
 814967
 814825
 814814
 814645
 814574
 814555
 814520
 814194
 814103
 814061
 813995
 813982
 813927
 813907
 813170
 813140
 813114
 812801
 812729
 812493
 812348
 812339
 812211
 812178
 812171
 812145
 812053
 811970
 811956
 811806
 811547
 811514
 810885
 810710
 810633
 810625
 810440
 810429
 810211
 810068
 809654
 809651
 809536
 809523
 809495
 809457
 809276
 809204
 808916
 808795
 808582
 808536
 808491
 808460
 808392
 808291
 808267
 808237
 808148
 807922
 807881
 807720
 807638
 807588
 807574
 807494
 807493
 807303
 807195
 807171
 807079
 806927
 806758
 806738
 806700
 806681
 806678
 806626
 806592
 806451
 806333
 806149
 805996
 805885
 805825
 805576
 805359
 805352
 805331
 805323
 805031
 804710
 804634
 804594
 804580
 804445
 804444
 804443
 804427
 804415
 804292
 804225
 804173
 804102
 804063
 803884
 803818
 803707
 803640
 803479
 803246
 803163
 803102
 802880
 802492
 802418
 802344
 802297
 802235
 802185
 801998
 801746
 801605
 801566
 801451
 801289
 801282
 800997
 800921
 800854
 800788
 800692
 800608
 800539
 800471
 800378
 800212
 800143
 800000
 800000
 800000
 799999
 799981
 799926
 799917
 799884
 799861
 799859
 799832
 799693
 799537
 799426
 799396
 799188
 799157
 799058
 798859
 798845
 798666
 798665
 798449
 798251
 798223
 797994
 797895
 797704
 797659
 797511
 797441
 797437
 797323
 797088
 797030
 796666
 796381
 796188
 796162
 796115
 796101
 796026
 796010
 795985
 795918
 795845
 795842
 795771
 795554
 795509
 795501
 795460
 795437
 795430
 795418
 795338
 795332
 795271
 795221
 795156
 795020
 794970
 794946
 794845
 794790
 794766
 794520
 794336
 794104
 793933
 793926
 793704
 793445
 793442
 793371
 793363
 793326
 793303
 792881
 792871
 792828
 792528
 792047
 791517
 791511
 791249
 791219
 791162
 791153
 791094
 790999
 790977
 790963
 790910
 790660
 790627
 790583
 790402
 790357
 790347
 790319
 790173
 789978
 789778
 789730
 789683
 789561
 789427
 789364
 789348
 789115
 789073
 789004
 788671
 788617
 788609
 788607
 788459
 788403
 788189
 788063
 788012
 787781
 787759
 787723
 787721
 787626
 787624
 787597
 787534
 787533
 787339
 787105
 787052
 786740
 786602
 786540
 786510
 786408
 786373
 786085
 786053
 785936
 785896
 785788
 785651
 785636
 785459
 785440
 785419
 785359
 785307
 784828
 784662
 784438
 784345
 784281
 784257
 784158
 784148
 783912
 783907
 783667
 783642
 783641
 783575
 783561
 783486
 783482
 783216
 783063
 782719
 782447
 782432
 782377
 782196
 781977
 781952
 781941
 781872
 781781
 781700
 781592
 781534
 781495
 781489
 781438
 781414
 780999
 780986
 780956
 780925
 780736
 780734
 780635
 780570
 780564
 780327
 780219
 780052
 779883
 779564
 779400
 779368
 779305
 778955
 778932
 778887
 778585
 778534
 778347
 778281
 778192
 778128
 778041
 777991
 777844
 777815
 777777
 777769
 777664
 777623
 777409
 777345
 776794
 776744
 776642
 776613
 776572
 776308
 776262
 776259
 776138
 776052
 776028
 775944
 775927
 775609
 775439
 775374
 775315
 775247
 775229
 775205
 775054
 774925
 774869
 774825
 774617
 774577
 774512
 774135
 773804
 773793
 773788
 773472
 773437
 773400
 773337
 773237
 773181
 773176
 773093
 772976
 772958
 772891
 772870
 772700
 772660
 772633
 772572
 772476
 772465
 772384
 772354
 772337
 772269
 772145
 772087
 772041
 771892
 771842
 771691
 771682
 771664
 771595
 771588
 771583
 771389
 771211
 771186
 771140
 770949
 770855
 770736
 770546
 770501
 770321
 770190
 770029
 769994
 769932
 769769
 769732
 769430
 769385
 769114
 769060
 768965
 768937
 768809
 768804
 768754
 768597
 768545
 768355
 768331
 768269
 768060
 767735
 767606
 767541
 767497
 767364
 767304
 767295
 767176
 767172
 766902
 766854
 766825
 766749
 766620
 766521
 766294
 766173
 766066
 766049
 765952
 765853
 765644
 765484
 765292
 765270
 765068
 764972
 764872
 764783
 764678
 764652
 764652
 764466
 764253
 763993
 763832
 763748
 763694
 763587
 763581
 763577
 763000
 762878
 762743
 762693
 762690
 762632
 762625
 762449
 762356
 762315
 762233
 762128
 762000
 761914
 761895
 761652
 761597
 761511
 761432
 761402
 761133
 761004
 760932
 760857
 760727
 760527
 760413
 760333
 760194
 760177
 760146
 759973
 759935
 759759
 759746
 759457
 759166
 758973
 758963
 758899
 758866
 758830
 758754
 758745
 758506
 758458
 758396
 758320
 758217
 758127
 758102
 757880
 757801
 757783
 757725
 757498
 757420
 757285
 757231
 757228
 757226
 757145
 757090
 757045
 756830
 756723
 756679
 756618
 756613
 756579
 756461
 756414
 756279
 756165
 755760
 755580
 755518
 755320
 755306
 755115
 755082
 754910
 754875
 754776
 754768
 754639
 754486
 754428
 754349
 754336
 754296
 754139
 754098
 754030
 753766
 753623
 753552
 753363
 753180
 753176
 752941
 752470
 752467
 752381
 752380
 752155
 752040
 751922
 751874
 751661
 751597
 751540
 751494
 751197
 751163
 751122
 751056
 750984
 750790
 750776
 750623
 750508
 750506
 750438
 750401
 750229
 750129
 750032
 750000
 749830
 749776
 749753
 749667
 749660
 749583
 749582
 749564
 749498
 749425
 749326
 749230
 748803
 748775
 748708
 748700
 748524
 748415
 748400
 748327
 748254
 747973
 747754
 747751
 747697
 747683
 747680
 747656
 747621
 747499
 747489
 747462
 747436
 747359
 747353
 747265
 747151
 747021
 746792
 746781
 746741
 746722
 746500
 746325
 746289
 746224
 746009
 745830
 745641
 745627
 745483
 745473
 745454
 745425
 745412
 745218
 745159
 745058
 745003
 744996
 744926
 744923
 744922
 744771
 744768
 744768
 744687
 744687
 744655
 744531
 744401
 744396
 744364
 744027
 743999
 743930
 743626
 743606
 743274
 743005
 742960
 742957
 742811
 742664
 742599
 742465
 742461
 742246
 742107
 742076
 741774
 741737
 741711
 741618
 741615
 741578
 741541
 741400
 741395
 741151
 741089
 740980
 740804
 740738
 740535
 740498
 740412
 740400
 740293
 740189
 740071
 740022
 739948
 739693
 739480
 739430
 739105
 739039
 738978
 738974
 738961
 738938
 738589
 738575
 738552
 738313
 738120
 737847
 737795
 737756
 737735
 737606
 737477
 737451
 737432
 737257
 737150
 737002
 736961
 736814
 736791
 736571
 736365
 736252
 736191
 736026
 736002
 735961
 735929
 735575
 735533
 735529
 735513
 735446
 735431
 735367
 735325
 735161
 734829
 734784
 734771
 734655
 734313
 734245
 733817
 733687
 733681
 733638
 733631
 733591
 733409
 733396
 733223
 733100
 732917
 732591
 732543
 732428
 732296
 732289
 731898
 731897
 731790
 731707
 731477
 731326
 731316
 731258
 731200
 731154
 731009
 730773
 730560
 730457
 730403
 730388
 730333
 730270
 730146
 730097
 730068
 730064
 729909
 729651
 729540
 729521
 729482
 729459
 729291
 729020
 728932
 728813
 728772
 728765
 728745
 728682
 728625
 728476
 728271
 728143
 727711
 727503
 727395
 727353
 727308
 727201
 727178
 727033
 726920
 726787
 726464
 726421
 726344
 726315
 726063
 725949
 725723
 725646
 725610
 725605
 725593
 725477
 725436
 725295
 725218
 725152
 725086
 724874
 724579
 724501
 724088
 724054
 723813
 723809
 723809
 723785
 723773
 723712
 723683
 723492
 723143
 723104
 722863
 722857
 722847
 722786
 722760
 722759
 722691
 722379
 722242
 722190
 722150
 721870
 721747
 721735
 721545
 721499
 721404
 721199
 721161
 721083
 721053
 721018
 720987
 720935
 720879
 720670
 720574
 720520
 720434
 720253
 720183
 720127
 720079
 719633
 719522
 719519
 719455
 719444
 719379
 719240
 719151
 719054
 718981
 718963
 718875
 718853
 718831
 718817
 718784
 718737
 718256
 718203
 718136
 717961
 717737
 717734
 717708
 717439
 717331
 716883
 716860
 716661
 716660
 716624
 716520
 716410
 716358
 716343
 716299
 716274
 716106
 716078
 715867
 715703
 715555
 715523
 715408
 715383
 715280
 715221
 715178
 714983
 714962
 714898
 714892
 714691
 714530
 714322
 714285
 714103
 713942
 713902
 713810
 713523
 713461
 713459
 713428
 713246
 713167
 713152
 713050
 712974
 712834
 712793
 712630
 712533
 712489
 712480
 712462
 712413
 712182
 712177
 711846
 711705
 711536
 711126
 710994
 710907
 710723
 710608
 710498
 710406
 710302
 710289
 710179
 710131
 710081
 710044
 710022
 710013
 709932
 709909
 709908
 709835
 709654
 709381
 709099
 709049
 708930
 708734
 708630
 708623
 708620
 708506
 708389
 708225
 708097
 708009
 707781
 707767
 707661
 707642
 707631
 707448
 707381
 707376
 707351
 707320
 707317
 706923
 706912
 706708
 706455
 706357
 706323
 706201
 706039
 705813
 705540
 705488
 705246
 705189
 704895
 704711
 704703
 704534
 704460
 704410
 704100
 704002
 703813
 703703
 703643
 703610
 703581
 703470
 703383
 703161
 702795
 702770
 702598
 702442
 702329
 702312
 702245
 702205
 701784
 701777
 701661
 701613
 701556
 701409
 701405
 701358
 701341
 701287
 701241
 701175
 700970
 700811
 700789
 700573
 700357
 700333
 700262
 700207
 700198
 700193
 699905
 699882
 699769
 699678
 699588
 699454
 699346
 699185
 698950
 698923
 698814
 698724
 698722
 698575
 698470
 698469
 698428
 698160
 697952
 697865
 697817
 697771
 697674
 697652
 697595
 697537
 697514
 697158
 697072
 697035
 697031
 696891
 696821
 696767
 696759
 696652
 696632
 696618
 696436
 696267
 696262
 696185
 696152
 696146
 695835
 695754
 695610
 695311
 694838
 694796
 694445
 694438
 694346
 694234
 694233
 694106
 694077
 694033
 693987
 693729
 693514
 693427
 693333
 693290
 693088
 692991
 692961
 692780
 692669
 692479
 692468
 692307
 692112
 692005
 691939
 691562
 691518
 691201
 691148
 691099
 691074
 690935
 690926
 690866
 690828
 690765
 690585
 690553
 690409
 690381
 689826
 689699
 689684
 689583
 689572
 689503
 689437
 689239
 689187
 689075
 688781
 688667
 688648
 688524
 688417
 688289
 688219
 688216
 688156
 687976
 687949
 687847
 687841
 687841
 687772
 687641
 687500
 687441
 687358
 687310
 687212
 687057
 686976
 686962
 686938
 686873
 686819
 686801
 686785
 686773
 686754
 686576
 686557
 686549
 686349
 686263
 686252
 686170
 686075
 685907
 685682
 685605
 685569
 685188
 685098
 684994
 684775
 684741
 684616
 684603
 684597
 684509
 684436
 684370
 684341
 684245
 683858
 683854
 683626
 683483
 683467
 683462
 683290
 683234
 683215
 683204
 682947
 682877
 682842
 682746
 682692
 682679
 682679
 682586
 682539
 682431
 682338
 682312
 682131
 682083
 681978
 681972
 681918
 681859
 681782
 681751
 681209
 681151
 681109
 681085
 680949
 680851
 680570
 680235
 680109
 680000
 679924
 679887
 679830
 679738
 679590
 679511
 679373
 679301
 679143
 678753
 678635
 678385
 678304
 678169
 678095
 677918
 677882
 677873
 677850
 677633
 677595
 677460
 677397
 677331
 677296
 677185
 677021
 676975
 676953
 676810
 676724
 676579
 676563
 676496
 676463
 676314
 676195
 675726
 675675
 675624
 675450
 675438
 675422
 675383
 675324
 675117
 675013
 674913
 674913
 674838
 674806
 674765
 674641
 674576
 674520
 674519
 674485
 674231
 674171
 674027
 673797
 673772
 673738
 673724
 673553
 673211
 673208
 673127
 672872
 672586
 672385
 672289
 672181
 672153
 672054
 672044
 671887
 671691
 671591
 671559
 671540
 671503
 671366
 671361
 671043
 671023
 670937
 670662
 670538
 670354
 670247
 670134
 669966
 669939
 669862
 669802
 669695
 669688
 669634
 669408
 669332
 669310
 669297
 669172
 669110
 668930
 668830
 668829
 668829
 668693
 668621
 668352
 668249
 668016
 667976
 667845
 667843
 667778
 667611
 667514
 667176
 667155
 667016
 666996
 666980
 666666
 666666
 666666
 666666
 666666
 666309
 666229
 666175
 666121
 666118
 666095
 666059
 665881
 665851
 665658
 665558
 665410
 665399
 665339
 665256
 665091
 665024
 665019
 664982
 664935
 664921
 664831
 664830
 664824
 664733
 664647
 664596
 664584
 664402
 664353
 664247
 664230
 664199
 664023
 663712
 663580
 663554
 663200
 663026
 663008
 662925
 662911
 662837
 662729
 662660
 662571
 662525
 662392
 662308
 662213
 662192
 662082
 661999
 661938
 661929
 661774
 661733
 661727
 661654
 661552
 661392
 661385
 661354
 661283
 661056
 660884
 660832
 660766
 660609
 660477
 660432
 660315
 660307
 660285
 659973
 659945
 659845
 659762
 659723
 659706
 659637
 659529
 659372
 659258
 659074
 659072
 658837
 658823
 658806
 658779
 658757
 658670
 658362
 658119
 658086
 657770
 657662
 657631
 657465
 657438
 657438
 657114
 656931
 656867
 656859
 656687
 656682
 656585
 656430
 656389
 656244
 656027
 655894
 655892
 655791
 655790
 655756
 655646
 655553
 655515
 655437
 655367
 655297
 655180
 655172
 655023
 654974
 654905
 654822
 654790
 654618
 654521
 654170
 654135
 654123
 653982
 653975
 653839
 653779
 653763
 653707
 653645
 653578
 653377
 653266
 653229
 653082
 653041
 653007
 652954
 652849
 652782
 652741
 652670
 652651
 652641
 652611
 652599
 652595
 652439
 652422
 652379
 652299
 652234
 652223
 652090
 652005
 651889
 651858
 651807
 651656
 651612
 651304
 651279
 651193
 650990
 650969
 650663
 650193
 650184
 650037
 649983
 649971
 649869
 649653
 649596
 649572
 649502
 649477
 649225
 648955
 648807
 648406
 648297
 647850
 647668
 647627
 647611
 647592
 647580
 647577
 647527
 647517
 647270
 647264
 647164
 647157
 647144
 647018
 646955
 646810
 646703
 646661
 646460
 646398
 646393
 646387
 646336
 646270
 646209
 646133
 646017
 645858
 645741
 645410
 645347
 645333
 645145
 644986
 644865
 644837
 644583
 644533
 644459
 644124
 643802
 643547
 643360
 643083
 643062
 643058
 643038
 642902
 642708
 642632
 642608
 642602
 642369
 642334
 642199
 642162
 642092
 642071
 641807
 641782
 641742
 641740
 641666
 641661
 641554
 641534
 641358
 641343
 641116
 640995
 640890
 640794
 640550
 640545
 640372
 640364
 639974
 639826
 639771
 639596
 639475
 639443
 639426
 639393
 639315
 639240
 639037
 638917
 638904
 638786
 638742
 638735
 638660
 638461
 638430
 638399
 638332
 638297
 638161
 637923
 637913
 637866
 637421
 637381
 637371
 637204
 637040
 636835
 636833
 636817
 636654
 636627
 636600
 636509
 636499
 636471
 636424
 636275
 636168
 636091
 636088
 636022
 635996
 635871
 635867
 635865
 635854
 635823
 635794
 635788
 635745
 635629
 635491
 635467
 635312
 635273
 635256
 635126
 634965
 634920
 634873
 634727
 634686
 634580
 634540
 634442
 634205
 634199
 633846
 633760
 633718
 633679
 633620
 633491
 633346
 633199
 633116
 633064
 632987
 632911
 632779
 632754
 632624
 632624
 632552
 632544
 632519
 632426
 632381
 632326
 632312
 632110
 631905
 631811
 631797
 631789
 631728
 631691
 631690
 631578
 631482
 631475
 631397
 631345
 631264
 631222
 631166
 631156
 631123
 631085
 631077
 631011
 630769
 630568
 630538
 630533
 630370
 630370
 630349
 630280
 630279
 630252
 630166
 630043
 630011
 629983
 629936
 629892
 629844
 629593
 629587
 629562
 629418
 629396
 629301
 629214
 629192
 629032
 628954
 628880
 628860
 628780
 628757
 628756
 628691
 628642
 628431
 628312
 628201
 628148
 628033
 628015
 627934
 627906
 627882
 627564
 627550
 627479
 627451
 627450
 627438
 627381
 627372
 627372
 627364
 627231
 627075
 627071
 626791
 626776
 626749
 626530
 626410
 626398
 626215
 626182
 626119
 626097
 626044
 626034
 625727
 625565
 625446
 625398
 625379
 625346
 625257
 625241
 625231
 625074
 625016
 624796
 624697
 624418
 624344
 624244
 624185
 624161
 624060
 624010
 624009
 623795
 623785
 623652
 623549
 623103
 622910
 622714
 622599
 622547
 622445
 622309
 622110
 621994
 621985
 621977
 621951
 621808
 621685
 621671
 621640
 621621
 621572
 621569
 621420
 621409
 621306
 621301
 621300
 621295
 621257
 621120
 621057
 620990
 620915
 620907
 620798
 620578
 620348
 620334
 620319
 620288
 620167
 620057
 619958
 619930
 619835
 619790
 619675
 619644
 619531
 619392
 619365
 619260
 619187
 619080
 619047
 618856
 618794
 618614
 618508
 618488
 618296
 618101
 618090
 617984
 617969
 617820
 617714
 617252
 617125
 617002
 616924
 616922
 616894
 616858
 616817
 616812
 616729
 616710
 616672
 616627
 616589
 616474
 616332
 616178
 616161
 616161
 616142
 616052
 616012
 615996
 615938
 615927
 615894
 615842
 615720
 615594
 615405
 615384
 615349
 615299
 615227
 615210
 615010
 614929
 614761
 614716
 614694
 614517
 614309
 614274
 614267
 614224
 614148
 613928
 613907
 613902
 613882
 613866
 613804
 613793
 613441
 613365
 613052
 612903
 612901
 612827
 612809
 612758
 612552
 612375
 612336
 612333
 612167
 612154
 612004
 611843
 611828
 611688
 611676
 611551
 611464
 611194
 611039
 610769
 610732
 610609
 610588
 610587
 610514
 610169
 610001
 609961
 609750
 609018
 608957
 608945
 608830
 608566
 608312
 608219
 608108
 608058
 607969
 607866
 607812
 607799
 607729
 607682
 607608
 607596
 607504
 607488
 607407
 607360
 607041
 607023
 607016
 606838
 606694
 606609
 606456
 606454
 606440
 606410
 606196
 606032
 605947
 605862
 605856
 605829
 605797
 605753
 605741
 605538
 605395
 605333
 605279
 605169
 605146
 605010
 604967
 604836
 604540
 604463
 604449
 604432
 604395
 604148
 604124
 603908
 603889
 603785
 603762
 603745
 603524
 603423
 603351
 603351
 603118
 603118
 603111
 603069
 603018
 602790
 602717
 602505
 602409
 602406
 602324
 602203
 602110
 601788
 601698
 601602
 601592
 601586
 601490
 601317
 601307
 601297
 601100
 601036
 600994
 600973
 600971
 600938
 600907
 600832
 600823
 600772
 600419
 600348
 600314
 600220
 600218
 600190
 600175
 599999
 599999
 599999
 599909
 599797
 599689
 599448
 599408
 599367
 599321
 599212
 599201
 599001
 598926
 598746
 598718
 598711
 598659
 598492
 598466
 598369
 598214
 598017
 597972
 597947
 597919
 597828
 597827
 597798
 597750
 597649
 597416
 597256
 597236
 597131
 597094
 597093
 597071
 596638
 596456
 596070
 595769
 595764
 595680
 595667
 595652
 595621
 595493
 595374
 595351
 595335
 595323
 595237
 595106
 594951
 594886
 594755
 594713
 594594
 594559
 594438
 594438
 594423
 594390
 594369
 594339
 594230
 594138
 594023
 593838
 593810
 593800
 593796
 593678
 593627
 593451
 593360
 593246
 593214
 593204
 592935
 592903
 592751
 592651
 592592
 592353
 592233
 592208
 591863
 591780
 591753
 591750
 591746
 591722
 591570
 591467
 591432
 591428
 591263
 591201
 591147
 591119
 590932
 590900
 590837
 590739
 590642
 590470
 590428
 590341
 589941
 589706
 589663
 589510
 589375
 589358
 589195
 588823
 588764
 588700
 588562
 588535
 588530
 588437
 588381
 588370
 588265
 588132
 587553
 587532
 587528
 587422
 587417
 587408
 587040
 586838
 586816
 586710
 586700
 586598
 586595
 586304
 586258
 586095
 586035
 586019
 585563
 585414
 585134
 585067
 584975
 584767
 584755
 584754
 584689
 584689
 584609
 584588
 584487
 584456
 584357
 584354
 584301
 584225
 584197
 584135
 584070
 584035
 583985
 583925
 583777
 583757
 583740
 583727
 583686
 583673
 583652
 583580
 583539
 583528
 583519
 583222
 583141
 583054
 582967
 582938
 582919
 582764
 582147
 582090
 582026
 581893
 581881
 581674
 581578
 581536
 581285
 581279
 581118
 581087
 581000
 580872
 580863
 580807
 580746
 580720
 580625
 580599
 580375
 580320
 580318
 580318
 580293
 580201
 580086
 580071
 579936
 579842
 579795
 579563
 579525
 579479
 579452
 579445
 579277
 579174
 579163
 579081
 579055
 578815
 578812
 578785
 578663
 578160
 578076
 578059
 578016
 577911
 577769
 577769
 577547
 577536
 577419
 577407
 577224
 577129
 577015
 576883
 576825
 576811
 576760
 576542
 576540
 576518
 576492
 576459
 576454
 576441
 576364
 576175
 576144
 576125
 576121
 576015
 575899
 575876
 575869
 575839
 575815
 575774
 575279
 575260
 575188
 575160
 575150
 575097
 574924
 574891
 574848
 574769
 574719
 574257
 574235
 574202
 574140
 574047
 573984
 573906
 573839
 573753
 573683
 573593
 573386
 573386
 573344
 573325
 573282
 573169
 572751
 572649
 572612
 572473
 572466
 572400
 572321
 572000
 571868
 571805
 571529
 571527
 571519
 571517
 571441
 571428
 571397
 571386
 571332
 571264
 571205
 571099
 571018
 570997
 570950
 570934
 570745
 570733
 570634
 570562
 570528
 570492
 570362
 570117
 569968
 569941
 569926
 569872
 569596
 569518
 569420
 569391
 569194
 569115
 569064
 568990
 568927
 568888
 568795
 568559
 568477
 568292
 568279
 568191
 568139
 568075
 567999
 567949
 567685
 567680
 567622
 567605
 567543
 567477
 567464
 567401
 567341
 567285
 567281
 567166
 567088
 566877
 566871
 566834
 566621
 566614
 566431
 566406
 566084
 566001
 565524
 565194
 564932
 564568
 564514
 564426
 564327
 564251
 564215
 563926
 563803
 563744
 563571
 563555
 563363
 563256
 563240
 562900
 562875
 562660
 562629
 562596
 562464
 562002
 561612
 561561
 561553
 561549
 561272
 561131
 560885
 560857
 560827
 560751
 560606
 560485
 560202
 560130
 560102
 559664
 559661
 559624
 559560
 559390
 559369
 559311
 559307
 559255
 559081
 558804
 558747
 558474
 558468
 558284
 557928
 557765
 557725
 557652
 557315
 557303
 557251
 557248
 557200
 557029
 556853
 556835
 556815
 556412
 556393
 556263
 556025
 555922
 555809
 555794
 555769
 555763
 555696
 555612
 555555
 555543
 555278
 555004
 554860
 554663
 554616
 554549
 554545
 554281
 554224
 554055
 553888
 553839
 553596
 553495
 553424
 553412
 553369
 553210
 553142
 553124
 553100
 553052
 552999
 552855
 552787
 551724
 551484
 551384
 551332
 551308
 551140
 551084
 551012
 550961
 550882
 550728
 550658
 550447
 550268
 550256
 550125
 549971
 549965
 549739
 549693
 549604
 548812
 548804
 548689
 548613
 548552
 548304
 548153
 548129
 548004
 547854
 547560
 547467
 547447
 547174
 547089
 547005
 546944
 546865
 546827
 546746
 546693
 546652
 546623
 546464
 546354
 546141
 546046
 545871
 545783
 545779
 545720
 545454
 545454
 545454
 545331
 545209
 545192
 545166
 544757
 544755
 544730
 544545
 544518
 544472
 544321
 544239
 544031
 543942
 543899
 543788
 543750
 543644
 543505
 543438
 543358
 543255
 543255
 543230
 542857
 542709
 542694
 542643
 542589
 542568
 542533
 542429
 542223
 542120
 542003
 541976
 541962
 541948
 541917
 541840
 541785
 541723
 541692
 541657
 541604
 541466
 541378
 541372
 541319
 541307
 540985
 540932
 540813
 540800
 540750
 540633
 540570
 540499
 540458
 540435
 540188
 539877
 539765
 539687
 539223
 539206
 539151
 539130
 538826
 538763
 538696
 538616
 538604
 538382
 538264
 538167
 538165
 538129
 538125
 538114
 538030
 538011
 537670
 537523
 537203
 537031
 536951
 536948
 536929
 536910
 536891
 536867
 536669
 536605
 536489
 536476
 536390
 536369
 536365
 536277
 536178
 535949
 535782
 535640
 535265
 535250
 535211
 535101
 534872
 534780
 534706
 534657
 534611
 534493
 534425
 534333
 534268
 534231
 534223
 534208
 534128
 534102
 534097
 534095
 534089
 533919
 533821
 533792
 533743
 533715
 533705
 533303
 533255
 533255
 533214
 533120
 533039
 532941
 532608
 532605
 532324
 532258
 532247
 532103
 531966
 531957
 531506
 531505
 531343
 531207
 530878
 530820
 530622
 530542
 530406
 530310
 530224
 530145
 530051
 529945
 529938
 529712
 529709
 529701
 529643
 529292
 529240
 529121
 528540
 528387
 528354
 528258
 528243
 528049
 527999
 527892
 527838
 527771
 527745
 527562
 527554
 527517
 527177
 527147
 527103
 527083
 527032
 526932
 526875
 526721
 526655
 526633
 526570
 526547
 526405
 526370
 526235
 526132
 526033
 525835
 525816
 525813
 525794
 525684
 525358
 525252
 525099
 525046
 524824
 524262
 524238
 524193
 524171
 523809
 523783
 523711
 523707
 523706
 523628
 523628
 523613
 523599
 523589
 523407
 523359
 523311
 523257
 523225
 523209
 523060
 522926
 522914
 522860
 522672
 522654
 522648
 522571
 522520
 522448
 522325
 522230
 522041
 521955
 521774
 521751
 521371
 521287
 521264
 521111
 521001
 520917
 520917
 520856
 520852
 520833
 520575
 520297
 520224
 520055
 519934
 519753
 519518
 519426
 519182
 518849
 518828
 518715
 518658
 518619
 518561
 518361
 518348
 518208
 518195
 518060
 517969
 517903
 517846
 517688
 517635
 517612
 517123
 517005
 516942
 516792
 516787
 516773
 516542
 516517
 516462
 516407
 516372
 516313
 516309
 516305
 516280
 516241
 516142
 516020
 516004
 515925
 515909
 515882
 515781
 515723
 515709
 515656
 515646
 515625
 515566
 515465
 515437
 515348
 515112
 515082
 515015
 514895
 514802
 514682
 514653
 514643
 514520
 514499
 514434
 514425
 514371
 514009
 513687
 513367
 513258
 513153
 513052
 512972
 512839
 512830
 512759
 512403
 512350
 512078
 511861
 511829
 511606
 511377
 511107
 510993
 510913
 510608
 510551
 510516
 510426
 510328
 510225
 510100
 510089
 509993
 509987
 509950
 509937
 509826
 509720
 509665
 509616
 509473
 509406
 509341
 509311
 509245
 509163
 508771
 508731
 508421
 508347
 508327
 508255
 508059
 508052
 507965
 507934
 507798
 507692
 507608
 507462
 507350
 507334
 507289
 507282
 507244
 507232
 507119
 507032
 506941
 506810
 506769
 506753
 506696
 506607
 506431
 506281
 505809
 505576
 505555
 505212
 505015
 504805
 504800
 504522
 504499
 504486
 504380
 504224
 504155
 503971
 503941
 503810
 503712
 503675
 503637
 503328
 503286
 503237
 503182
 503114
 502973
 502920
 502849
 502844
 502826
 502664
 502455
 502433
 502256
 502246
 502208
 502179
 502158
 502147
 502124
 502004
 501944
 501867
 501841
 501840
 501660
 501590
 501546
 501466
 501385
 501324
 501206
 501063
 501045
 500845
 500789
 500780
 500631
 500605
 500536
 500406
 500282
 500248
 500018
 500000
 500000
 500000
 499894
 499744
 499445
 499435
 499375
 499172
 499163
 499013
 498871
 498660
 498596
 498376
 498078
 497850
 497763
 497534
 497428
 497404
 497377
 497298
 497237
 497142
 497041
 497027
 496893
 496825
 496774
 496745
 496579
 496210
 496057
 496036
 495631
 495622
 495618
 495325
 495255
 495227
 495221
 495184
 495036
 494949
 494942
 494880
 494632
 494623
 494537
 494463
 494382
 494143
 494134
 494061
 493795
 493718
 493689
 493575
 493514
 493478
 493390
 493314
 493251
 493096
 492926
 492907
 492857
 492816
 492587
 492087
 491980
 491763
 491614
 491573
 491480
 491344
 491339
 491259
 491240
 491121
 491087
 491083
 491012
 490971
 490909
 490716
 490656
 490418
 489932
 489746
 489671
 489553
 489538
 489503
 489496
 489454
 489010
 488888
 488888
 488888
 488816
 488760
 488732
 488663
 488652
 488428
 488228
 488176
 488157
 487974
 487858
 487773
 487614
 487571
 487538
 487510
 487428
 487272
 487156
 486979
 486852
 486737
 486635
 486486
 486338
 486265
 486258
 486162
 486075
 485859
 485826
 485714
 485703
 485311
 485263
 485177
 485041
 484915
 484717
 484450
 484348
 484343
 484194
 484149
 484054
 484017
 483950
 483887
 483712
 483568
 483483
 483429
 483350
 483266
 482973
 482840
 482633
 482571
 482560
 482447
 482397
 482260
 482260
 482138
 482113
 482110
 482084
 482071
 481744
 481686
 481611
 481581
 481435
 481350
 481295
 481198
 481146
 481086
 481065
 481041
 481031
 480948
 480836
 480773
 480439
 480317
 480250
 480198
 480049
 480044
 480044
 479903
 479746
 479741
 479668
 479532
 479528
 479152
 479140
 478777
 478741
 478533
 478373
 478326
 478321
 478177
 478085
 477928
 477751
 477621
 477565
 477556
 477477
 477272
 477138
 477113
 477108
 477056
 476953
 476844
 476827
 476791
 476706
 476650
 476618
 476612
 476514
 475989
 475780
 475694
 475654
 475629
 475618
 475583
 475543
 475534
 475471
 475425
 475309
 475152
 474996
 474911
 474870
 474826
 474714
 474529
 474373
 474303
 474272
 474162
 474103
 473857
 473736
 473712
 473703
 473649
 473637
 473575
 473556
 473546
 473409
 473370
 473307
 473186
 473055
 472935
 472865
 472779
 472662
 472612
 472580
 472527
 472517
 472092
 472065
 472061
 472061
 471930
 471476
 471400
 471168
 471103
 471056
 470984
 470908
 470899
 470869
 470697
 470616
 470480
 470274
 470032
 470025
 469964
 469741
 469649
 469577
 469483
 469309
 469256
 469195
 469178
 469134
 469069
 468991
 468919
 468893
 468714
 468396
 468196
 468139
 468020
 467980
 467930
 467809
 467648
 467640
 467557
 467384
 467219
 467191
 467121
 467047
 466676
 466666
 466666
 466594
 466515
 466044
 466023
 465932
 465346
 465163
 465138
 465088
 465031
 464982
 464909
 464879
 464831
 464780
 464595
 464443
 464432
 464311
 464310
 464259
 464204
 464144
 464113
 464096
 464026
 464013
 463989
 463740
 463733
 463546
 463543
 463496
 463469
 463231
 463196
 463087
 462848
 462651
 462546
 462472
 462287
 462228
 462046
 462039
 462034
 462018
 461967
 461883
 461763
 461538
 461493
 461450
 461440
 461085
 461050
 460878
 460710
 460708
 460572
 460565
 460559
 460551
 460549
 460518
 460514
 460407
 460369
 459991
 459970
 459950
 459718
 459716
 459690
 459667
 459657
 459432
 459154
 459121
 459064
 458963
 458929
 458875
 458598
 458584
 458540
 458455
 458248
 458237
 458228
 458202
 458201
 458169
 458039
 457905
 457831
 457798
 457669
 457507
 457441
 457285
 457248
 457084
 456854
 456830
 456692
 456508
 456502
 456427
 456192
 456160
 456085
 455885
 455846
 455772
 455699
 455653
 455617
 455543
 455403
 455375
 455371
 455256
 455060
 454884
 454833
 454801
 454545
 454221
 453853
 453841
 453799
 453760
 453649
 453641
 453568
 453426
 453336
 453253
 453206
 453124
 452830
 452794
 452792
 452760
 452751
 452619
 452572
 452516
 452380
 452357
 452294
 452033
 451995
 451927
 451770
 451355
 451320
 451255
 451253
 451224
 451148
 450728
 450637
 450635
 450528
 450468
 450466
 450417
 450308
 450149
 450143
 450089
 450045
 450007
 450004
 449983
 449971
 449612
 449484
 449375
 449352
 449263
 449060
 448942
 448818
 448771
 448760
 448562
 448495
 448462
 448348
 448181
 448176
 448150
 448123
 448019
 447870
 447761
 447505
 447468
 447330
 447281
 447273
 447204
 447058
 446905
 446838
 446828
 446802
 446671
 446588
 446464
 446289
 446234
 446209
 446177
 446162
 446153
 445948
 445904
 445852
 445848
 445783
 445720
 445600
 445281
 445276
 445241
 445184
 445109
 445062
 445011
 444979
 444633
 444534
 444385
 444345
 444312
 444083
 444068
 443820
 443819
 443680
 443423
 443322
 443225
 442857
 442493
 442480
 442469
 442434
 442322
 442314
 442303
 442199
 442151
 442123
 441963
 441880
 441873
 441837
 441767
 441601
 441594
 441556
 441509
 441316
 441285
 441229
 441176
 441165
 441124
 441104
 440993
 440993
 440913
 440745
 440694
 440664
 440626
 440559
 440366
 440347
 440099
 439834
 439814
 439539
 439327
 439266
 439131
 439072
 438801
 438786
 438692
 438663
 438632
 438549
 438542
 438351
 438241
 438067
 437968
 437887
 437682
 437677
 437566
 437500
 437361
 437341
 437201
 437145
 437125
 437019
 436860
 436787
 436707
 436624
 436536
 436434
 436429
 436419
 436409
 436377
 435923
 435873
 435782
 435757
 435652
 435504
 435470
 435443
 435331
 435290
 435153
 435114
 434814
 434632
 434524
 434494
 434451
 434096
 434083
 434083
 433876
 433734
 433676
 433626
 433331
 433186
 433109
 433107
 433035
 433028
 433001
 432908
 432776
 432705
 432651
 432553
 432297
 432203
 432194
 432019
 432013
 431979
 431965
 431906
 431899
 431690
 431634
 431513
 431012
 430976
 430620
 430384
 430236
 430070
 430069
 430018
 429997
 429915
 429911
 429834
 429154
 429069
 428954
 428949
 428927
 428777
 428751
 428545
 428294
 428283
 428081
 427989
 427912
 427851
 427792
 427690
 427584
 427382
 427368
 427296
 427284
 427227
 427131
 427085
 427082
 426952
 426791
 426768
 426705
 426684
 426510
 426506
 426375
 426176
 426102
 425982
 425931
 425700
 425678
 425668
 425531
 425502
 425396
 425338
 425257
 425249
 425012
 424985
 424980
 424962
 424953
 424909
 424871
 424639
 424518
 424038
 423701
 423475
 423390
 423308
 423173
 423160
 423093
 422984
 422900
 422673
 422537
 422265
 421969
 421635
 421344
 421326
 421305
 421111
 421004
 420876
 420825
 420606
 420497
 420417
 420414
 420394
 420339
 419928
 419844
 419698
 419696
 419653
 419505
 419395
 419253
 419161
 419138
 419023
 418921
 418767
 418700
 418439
 418439
 418369
 418300
 418150
 418027
 417914
 417875
 417786
 417672
 417558
 417538
 417364
 417217
 417189
 416861
 416842
 416698
 416526
 416498
 416474
 416342
 416243
 416153
 416110
 416004
 415769
 415752
 415746
 415721
 415611
 415387
 415370
 415367
 415216
 415206
 415056
 415045
 414883
 414877
 414781
 414487
 414411
 414152
 414115
 414099
 414050
 413878
 413840
 413803
 413780
 413722
 413696
 413159
 413046
 413043
 413018
 412896
 412312
 412286
 412151
 411941
 411859
 411533
 411012
 411008
 410727
 410700
 410681
 410680
 410624
 410596
 410564
 410550
 410434
 410416
 410409
 410390
 410385
 410383
 410363
 410260
 410023
 409963
 409909
 409605
 409584
 409488
 409287
 409207
 409189
 409084
 408888
 408872
 408743
 408733
 408629
 408519
 408305
 408202
 408127
 408125
 408124
 408121
 408010
 407912
 407817
 407725
 407643
 407573
 407376
 407358
 407357
 407197
 407085
 406822
 406760
 406644
 406449
 406358
 406143
 406126
 405665
 405339
 405037
 404993
 404958
 404956
 404951
 404777
 404696
 404695
 404692
 404621
 404533
 404191
 404068
 404060
 403896
 403868
 403726
 403566
 403469
 403461
 403389
 403362
 403332
 403224
 403170
 403096
 403043
 402915
 402796
 402658
 402556
 402551
 402498
 402491
 402456
 402382
 402344
 402256
 401863
 401672
 401637
 401628
 401518
 401420
 401361
 401358
 401173
 401089
 401046
 400786
 400613
 400530
 400254
 400239
 400050
 400000
 399999
 399999
 399938
 399861
 399798
 399617
 399614
 399540
 399419
 399396
 399392
 399389
 399355
 399316
 399271
 399251
 399197
 399138
 399129
 399035
 398765
 398388
 398383
 398146
 397984
 397926
 397905
 397882
 397715
 397630
 397624
 397584
 397419
 397375
 397345
 396993
 396972
 396963
 396944
 396897
 396798
 396689
 396628
 396518
 396261
 396226
 396120
 396092
 396086
 396069
 395960
 395945
 395839
 395791
 395769
 395564
 395480
 395470
 395373
 395330
 395314
 395266
 395214
 395209
 395181
 395169
 395058
 395019
 394957
 394943
 394762
 394756
 394753
 394652
 394625
 394437
 394118
 394072
 393961
 393893
 393740
 393399
 393320
 393316
 393300
 392865
 392723
 392706
 392660
 392601
 392550
 392482
 392361
 392263
 392249
 392166
 391941
 391815
 391670
 391528
 391517
 391166
 391089
 391004
 390965
 390942
 390887
 390634
 390583
 390513
 390400
 390335
 390235
 390159
 390151
 389969
 389910
 389823
 389784
 389477
 389339
 389227
 389001
 388923
 388888
 388875
 388859
 388736
 388670
 388611
 388610
 388609
 388452
 388421
 388392
 388180
 388137
 388090
 387984
 387949
 387669
 387668
 387527
 387438
 387411
 387331
 387322
 387319
 387261
 387222
 387055
 386944
 386852
 386838
 386575
 386535
 386338
 386208
 386191
 386098
 386040
 385937
 385917
 385874
 385863
 385794
 385688
 385612
 385550
 385506
 385199
 384916
 384803
 384801
 384363
 384280
 384188
 383969
 383925
 383764
 383699
 383647
 383625
 383339
 383320
 383191
 383131
 382917
 382848
 382785
 382741
 382731
 382465
 382410
 382337
 382296
 382128
 382081
 382070
 382032
 381983
 381980
 381944
 381901
 381887
 381777
 381745
 381521
 381491
 381443
 381373
 381322
 381275
 381130
 381121
 381088
 380972
 380666
 380658
 380397
 380373
 380353
 379912
 379906
 379818
 379746
 379719
 379532
 379183
 379101
 379082
 378845
 378762
 378757
 378671
 378662
 378246
 378156
 378138
 377908
 377815
 377652
 377644
 377613
 377593
 377573
 377573
 377466
 377411
 377335
 377267
 377121
 376945
 376941
 376811
 376746
 376654
 376647
 376628
 376543
 376513
 376319
 376304
 376290
 376239
 375979
 375950
 375866
 375835
 375697
 375356
 375293
 375283
 375259
 375256
 375118
 375081
 375067
 374814
 374805
 374717
 374710
 374551
 374439
 374312
 374283
 374281
 374219
 374170
 374068
 374062
 373982
 373900
 373847
 373767
 373515
 373456
 373436
 373303
 373070
 372593
 372492
 372485
 372410
 372093
 372042
 372042
 372041
 371838
 371692
 371638
 371619
 371355
 371253
 371135
 371084
 370911
 370881
 370786
 370776
 370637
 370526
 370465
 370150
 370121
 370084
 370068
 369924
 369698
 369654
 369466
 369433
 369307
 368985
 368906
 368871
 368832
 368809
 368731
 368527
 368499
 368277
 367680
 367667
 367661
 367380
 367375
 367346
 367288
 367243
 367222
 367190
 367122
 367121
 367063
 367017
 366863
 366798
 366589
 366578
 366531
 366157
 366086
 366053
 365866
 365733
 365603
 365512
 365400
 365228
 365129
 365117
 364858
 364848
 364806
 364803
 364633
 364344
 364334
 364289
 364243
 364191
 364092
 363996
 363636
 363336
 363279
 363259
 363188
 363158
 363127
 363071
 363019
 363001
 362972
 362730
 362654
 362586
 362434
 362409
 362297
 362273
 362023
 362016
 361965
 361876
 361805
 361648
 361344
 361296
 361178
 361046
 361045
 361014
 360996
 360665
 360467
 360427
 360264
 360228
 360191
 360159
 359973
 359877
 359843
 359685
 359670
 359609
 359443
 359187
 359168
 358950
 358851
 358842
 358818
 358705
 358573
 358411
 358208
 357450
 357288
 356988
 356877
 356778
 356673
 356591
 356321
 356305
 356149
 356063
 356056
 356027
 355805
 355702
 355687
 355675
 355643
 355530
 355368
 355276
 355229
 355140
 355062
 354951
 354921
 354838
 354602
 354575
 354571
 354559
 354430
 354230
 354181
 354079
 354019
 353923
 353880
 353829
 353751
 353685
 353476
 353384
 353282
 353006
 352883
 352601
 352531
 352462
 352331
 352320
 352215
 351865
 351648
 351648
 351565
 351446
 351299
 351208
 350877
 350544
 350323
 350306
 350135
 350127
 349999
 349999
 349972
 349767
 349679
 349664
 349593
 349448
 349326
 349233
 349197
 349119
 348864
 348816
 348785
 348368
 348306
 348258
 348222
 348091
 347992
 347950
 347926
 347799
 347718
 347707
 347598
 347473
 347447
 347415
 347099
 347076
 346975
 346874
 346845
 346693
 346650
 346474
 346405
 346387
 346348
 346005
 345852
 345775
 345742
 345635
 345167
 345158
 345132
 345105
 345011
 344999
 344896
 344875
 344734
 344724
 344664
 344468
 344352
 344329
 344192
 344048
 344045
 343980
 343949
 343814
 343794
 343711
 343621
 343511
 343451
 343203
 343151
 343132
 343123
 343059
 342465
 342395
 342342
 341991
 341824
 341809
 341447
 341191
 341149
 341047
 340972
 340971
 340928
 340839
 340826
 340789
 340784
 340675
 340659
 340432
 340370
 339950
 339869
 339864
 339847
 339658
 339545
 339361
 339073
 339031
 338999
 338970
 338865
 338824
 338819
 338744
 338637
 338632
 338435
 338422
 338303
 338291
 338235
 338083
 338081
 338005
 337721
 337696
 337648
 337578
 337575
 337509
 337499
 337290
 337284
 337054
 337000
 336894
 336870
 336699
 336569
 336490
 336448
 336382
 336305
 336303
 336163
 336149
 336111
 336028
 335742
 335702
 335588
 335564
 335519
 335353
 335339
 335114
 334909
 334908
 334743
 334728
 334360
 334254
 333947
 333778
 333742
 333707
 333639
 333570
 333420
 333333
 333333
 333333
 333333
 333333
 333299
 333236
 333210
 333165
 332600
 332410
 332292
 332071
 331795
 331765
 331568
 331544
 331521
 331105
 331058
 331047
 330999
 330950
 330806
 330760
 330663
 330645
 330578
 330294
 330243
 330192
 330170
 330122
 330088
 330041
 329985
 329770
 329531
 329454
 329442
 329396
 329252
 329216
 329070
 329015
 328768
 328732
 328700
 328611
 328563
 328532
 328388
 328379
 328173
 328137
 328052
 328025
 328000
 327887
 327768
 327725
 327662
 327454
 327402
 327358
 327315
 327228
 327138
 326899
 326895
 326862
 326834
 326763
 326624
 326575
 326454
 326315
 326211
 326155
 326112
 326101
 325812
 325666
 325323
 325170
 325142
 324979
 324960
 324874
 324753
 324730
 324636
 324487
 324458
 324366
 324353
 323943
 323776
 323708
 323597
 323562
 323470
 323368
 323257
 323182
 323051
 322949
 322676
 322675
 322561
 322157
 321952
 321783
 321778
 321637
 321562
 321385
 321378
 321229
 321128
 321104
 320934
 320846
 320764
 320742
 320634
 320612
 320541
 320535
 320468
 320433
 320397
 320367
 320214
 320183
 320097
 319796
 319742
 319581
 319578
 319394
 319361
 319358
 319287
 319282
 319018
 319002
 318931
 318818
 318598
 318573
 318571
 318459
 318416
 318240
 318101
 318058
 317833
 317596
 317569
 317262
 317190
 316987
 316981
 316787
 316717
 316635
 316605
 316568
 316438
 316362
 316246
 316089
 315891
 315789
 315637
 315550
 315416
 315385
 315382
 315381
 315369
 315352
 315307
 315235
 315226
 315154
 314943
 314917
 314916
 314769
 314737
 314722
 314701
 314631
 314623
 314447
 314431
 314366
 314164
 314079
 313953
 313886
 313843
 313735
 313725
 313725
 313582
 313531
 313503
 313339
 313309
 313193
 313039
 313034
 312690
 312673
 312596
 312500
 312460
 312277
 312195
 312048
 312024
 311996
 311902
 311890
 311692
 311526
 311384
 311338
 311281
 311222
 311203
 311054
 311029
 310940
 310934
 310909
 310776
 310703
 310636
 310618
 310355
 310351
 310189
 310129
 309981
 309818
 309587
 309542
 309353
 309352
 309319
 309175
 309137
 309111
 309047
 308957
 308936
 308861
 308772
 308759
 308727
 308489
 308239
 308009
 307793
 307777
 307763
 307739
 307719
 307578
 307479
 307363
 306865
 306737
 306489
 306488
 306301
 306212
 306155
 306097
 305995
 305929
 305754
 305606
 305521
 305454
 305436
 305406
 305396
 305350
 305263
 305243
 305075
 305075
 305052
 304568
 304341
 303948
 303729
 303510
 303448
 303438
 303303
 303288
 303252
 303117
 303031
 303030
 302932
 302859
 302698
 302636
 302610
 302600
 302573
 302565
 302564
 302411
 302269
 302136
 302118
 302063
 301972
 301887
 301801
 301641
 301580
 301573
 301555
 301429
 301340
 301230
 301018
 300954
 300903
 300843
 300561
 300546
 300462
 300368
 300319
 300186
 300054
 299999
 299916
 299790
 299693
 299645
 299538
 299334
 299239
 299193
 299158
 299044
 299011
 298952
 298875
 298867
 298850
 298735
 298532
 298432
 298412
 298381
 298366
 298360
 298108
 298084
 298009
 297810
 297727
 297541
 297470
 297399
 297314
 297260
 297172
 297071
 296823
 296739
 296619
 296610
 296605
 296469
 296442
 296388
 296259
 296091
 295959
 295937
 295931
 295900
 295735
 295573
 295433
 295355
 295270
 295202
 295189
 294994
 294939
 294748
 294705
 294688
 294595
 294534
 294314
 294288
 294117
 294109
 293844
 293767
 293745
 293634
 293631
 293627
 293609
 293571
 293513
 293265
 293039
 293026
 292967
 292494
 292418
 292380
 292378
 292307
 292104
 292067
 291984
 291865
 291808
 291779
 291696
 291601
 291539
 291496
 291100
 291008
 290983
 290825
 290797
 290782
 290575
 290546
 290505
 290504
 290219
 290186
 290131
 289787
 289658
 289634
 289591
 289532
 289411
 289385
 289222
 289131
 289116
 289060
 289024
 288929
 288918
 288841
 288647
 288456
 288387
 288231
 288174
 288153
 288117
 287943
 287636
 287603
 287519
 287353
 287308
 287296
 287277
 287184
 287162
 287141
 287013
 287002
 286966
 286902
 286842
 286828
 286749
 286719
 286699
 286552
 286545
 286533
 286472
 286463
 286395
 286349
 286345
 286304
 286202
 286032
 286009
 285626
 285619
 285617
 285582
 285571
 285556
 285312
 285149
 284934
 284921
 284862
 284799
 284677
 284604
 284427
 284297
 284026
 283927
 283858
 283805
 283793
 283489
 283370
 283338
 283166
 283158
 283095
 283083
 283040
 283035
 282894
 282820
 282807
 282774
 282290
 282189
 282053
 281982
 281948
 281932
 281931
 281879
 281703
 281643
 281632
 281616
 281602
 281585
 281437
 281098
 281055
 280991
 280985
 280554
 280414
 280300
 280188
 280021
 280014
 279835
 279635
 279322
 279227
 279086
 279058
 278911
 278860
 278820
 278704
 278659
 278606
 278520
 278441
 278349
 278311
 278218
 278005
 277849
 277611
 277593
 277527
 277446
 277436
 277356
 277232
 277200
 277040
 276875
 276556
 276271
 276190
 276053
 275955
 275947
 275608
 275604
 275391
 275343
 274970
 274930
 274907
 274825
 274608
 274519
 274229
 274193
 274135
 274084
 274015
 273904
 273756
 273690
 273629
 273368
 273350
 273108
 272816
 272727
 272578
 272480
 272415
 272222
 272114
 272099
 272065
 271902
 271894
 271779
 271575
 271508
 271437
 271378
 271330
 271247
 271202
 271155
 271143
 271053
 270935
 270831
 270715
 270565
 270470
 270389
 270272
 269870
 269767
 269704
 269662
 269662
 269458
 269393
 269368
 269340
 269329
 269321
 269213
 269187
 269085
 269017
 269010
 268983
 268873
 268777
 268702
 268661
 268425
 268199
 268110
 268106
 267991
 267981
 267870
 267842
 267823
 267672
 267652
 267422
 267273
 267223
 267200
 267070
 267008
 266996
 266753
 266737
 266715
 266666
 266666
 266459
 266458
 266406
 266395
 266388
 266370
 266306
 266241
 266160
 265861
 265748
 265508
 265361
 265342
 265113
 265022
 265005
 264975
 264891
 264864
 264863
 264793
 264728
 264692
 264690
 264668
 264632
 264505
 264462
 264449
 264026
 263984
 263945
 263902
 263885
 263675
 263593
 263525
 263493
 263351
 263331
 263099
 262768
 262759
 262724
 262691
 262645
 262602
 262552
 262516
 262343
 262295
 262087
 261997
 261941
 261732
 261204
 261178
 261118
 260589
 260367
 260242
 260207
 260162
 259628
 259563
 259560
 259500
 259479
 259448
 259269
 258913
 258874
 258816
 258791
 258752
 258700
 258641
 258494
 258375
 258315
 258176
 258119
 257680
 257665
 257659
 257577
 257570
 257454
 257388
 257299
 257063
 256997
 256896
 256797
 256658
 256637
 256376
 256368
 256241
 256107
 256083
 255975
 255718
 255637
 255513
 255364
 255191
 254994
 254959
 254872
 254802
 254788
 254569
 254545
 254475
 254403
 254240
 254227
 254148
 253968
 253846
 253845
 253802
 253786
 253561
 253491
 253426
 253196
 253187
 253133
 252833
 252692
 252532
 252488
 252438
 252309
 252244
 252228
 252208
 252175
 252123
 252093
 251966
 251953
 251910
 251848
 251786
 251572
 251231
 251121
 251076
 251035
 250879
 250829
 250805
 250794
 250722
 250708
 250687
 250674
 250641
 250530
 250493
 250460
 250449
 250384
 250300
 249344
 249158
 249023
 248868
 248826
 248519
 248506
 248419
 248388
 248334
 248091
 248062
 248021
 248009
 247972
 247920
 247776
 247749
 247711
 247666
 247644
 247534
 247517
 247483
 247424
 247137
 246908
 246613
 246598
 246438
 246422
 246251
 246046
 245875
 245741
 245702
 245491
 245353
 245144
 245138
 244818
 244789
 244725
 244725
 244613
 244435
 244397
 244265
 243958
 243847
 243673
 243531
 243454
 243426
 243040
 242929
 242922
 242709
 242662
 242657
 242594
 242452
 242429
 242306
 242239
 242033
 241913
 241855
 241832
 241827
 241613
 241529
 241483
 241365
 241335
 241232
 241056
 240875
 240839
 240644
 240613
 240538
 240449
 240403
 240400
 240270
 240188
 239981
 239858
 239703
 239685
 239632
 239631
 239425
 239316
 239306
 239207
 239172
 239143
 239041
 238758
 238710
 238680
 238629
 238617
 238578
 238442
 238410
 238249
 238143
 238084
 237837
 237666
 237628
 237621
 237493
 237246
 236960
 236867
 236616
 236498
 236316
 236304
 236220
 236134
 236057
 235934
 235792
 235762
 235692
 235663
 235274
 235208
 234663
 234590
 234385
 234360
 234118
 234042
 233839
 233506
 233418
 233408
 233350
 233297
 232948
 232882
 232717
 232474
 232409
 232389
 232385
 232373
 232335
 232142
 232067
 231999
 231683
 231502
 231475
 231457
 231394
 231192
 230900
 230691
 230609
 230460
 230341
 230271
 230184
 230121
 229945
 229775
 229618
 229550
 229508
 229212
 228919
 228670
 228650
 228649
 228648
 228578
 228571
 228486
 228462
 228438
 228393
 228232
 228080
 228060
 228015
 227873
 227770
 227722
 227564
 227547
 227005
 226898
 226786
 226761
 226747
 226560
 226504
 226156
 226143
 226130
 225926
 225837
 225806
 225691
 225666
 225661
 225428
 225408
 225386
 225352
 225053
 224972
 224956
 224924
 224840
 224834
 224618
 224451
 224403
 224341
 224330
 224242
 224235
 224149
 224043
 223903
 223885
 223787
 223746
 223647
 223566
 223560
 223529
 223528
 223266
 223102
 222995
 222987
 222929
 222897
 222731
 222525
 222254
 222229
 222222
 222161
 222026
 221940
 221933
 221781
 221579
 221558
 221439
 221405
 221341
 221303
 221251
 221211
 221171
 221130
 221035
 220867
 220664
 220411
 220306
 220064
 220013
 219825
 219736
 219711
 219603
 219512
 219418
 219303
 219274
 219199
 218998
 218712
 218707
 218658
 218641
 218633
 218623
 218604
 218544
 218487
 218443
 218387
 218352
 218330
 217859
 217747
 217646
 217573
 217438
 217391
 217282
 217139
 217054
 217054
 216926
 216881
 216839
 216777
 216710
 216199
 216193
 216086
 216061
 215936
 215853
 215840
 215542
 215506
 215421
 215363
 215323
 215264
 215231
 215154
 215065
 214876
 214876
 214783
 214516
 214438
 214364
 214301
 214236
 214104
 214102
 214059
 213962
 213560
 213514
 213486
 213257
 213050
 212937
 212669
 212522
 212477
 212456
 212435
 212414
 212296
 212279
 212252
 212228
 212157
 211898
 211759
 211143
 211022
 210779
 210764
 210739
 210733
 210669
 210440
 210424
 210386
 210359
 210252
 210143
 210015
 209991
 209939
 209935
 209922
 209891
 209867
 209687
 209662
 209302
 209296
 209146
 209066
 209045
 208825
 208629
 208592
 208561
 208294
 208201
 208173
 208171
 208159
 207740
 207501
 207292
 207225
 207139
 206896
 206872
 206817
 206700
 206672
 206669
 206629
 206599
 206508
 206487
 206447
 206422
 206406
 206260
 206185
 206106
 205664
 205541
 205278
 205166
 204970
 204633
 204566
 204564
 204537
 204427
 204338
 204301
 204301
 204251
 204250
 203800
 203698
 203671
 203416
 203389
 203295
 203291
 203256
 203160
 203134
 203091
 203088
 203062
 203022
 202995
 202964
 202848
 202806
 202797
 202781
 202780
 202741
 202453
 202409
 202312
 202247
 202080
 201937
 201849
 201706
 201627
 201616
 201485
 201426
 201261
 201238
 201078
 201065
 201015
 200800
 200657
 200533
 200485
 200400
 200232
 200082
 200034
 199999
 199915
 199886
 199815
 199692
 199652
 199651
 199608
 199507
 199204
 199088
 198772
 198564
 198423
 198412
 198379
 198313
 198282
 198246
 198096
 198083
 197952
 197863
 197783
 197409
 197237
 197056
 197000
 196938
 196919
 196634
 196550
 196230
 196195
 195999
 195892
 195876
 195685
 195568
 195555
 195365
 195319
 195134
 195064
 194912
 194608
 194583
 194393
 194353
 194278
 194174
 194154
 194133
 194126
 194029
 193909
 193475
 193438
 193153
 193018
 193003
 192982
 192791
 192697
 192408
 192289
 192241
 192182
 191934
 191919
 191833
 191829
 191780
 191754
 191587
 191533
 191021
 190904
 190862
 190853
 190718
 190714
 190604
 190386
 190201
 190166
 189956
 189801
 189743
 189716
 189587
 189587
 189551
 189545
 189533
 189485
 189478
 189340
 189336
 189282
 189241
 189189
 189123
 189061
 189018
 188978
 188730
 188710
 188146
 188131
 188079
 188000
 187993
 187935
 187827
 187775
 187636
 187600
 187579
 187542
 187526
 187500
 187327
 187293
 187165
 187078
 186875
 186701
 186572
 186560
 186491
 186386
 186371
 186356
 186152
 186112
 186088
 185974
 185852
 185741
 185584
 185372
 185108
 185077
 184986
 184750
 184425
 184394
 184369
 184271
 184261
 184246
 183942
 183768
 183719
 183716
 183549
 183547
 183486
 183411
 183225
 183098
 183095
 182956
 182734
 182640
 182581
 182456
 182427
 182387
 182250
 182112
 182029
 181996
 181818
 181802
 181611
 181306
 181174
 181061
 180799
 180688
 180588
 180523
 180464
 180429
 180131
 180094
 179871
 179837
 179784
 179702
 179574
 179534
 179523
 179403
 179157
 178841
 178804
 178770
 178764
 178559
 178447
 178343
 178343
 178330
 178281
 178137
 178035
 177952
 177587
 177575
 177558
 177504
 177126
 177071
 177020
 176893
 176679
 176629
 176539
 176470
 176356
 176060
 175954
 175769
 175697
 175673
 175590
 175543
 175416
 175398
 175365
 175269
 175257
 175157
 175098
 175003
 174372
 174235
 174170
 174111
 174061
 174047
 173512
 173395
 173394
 173245
 173155
 173040
 172985
 172933
 172850
 172843
 172407
 172407
 172370
 172227
 172183
 172105
 172090
 171929
 171894
 171764
 171736
 171690
 171662
 171650
 171503
 171428
 171196
 171114
 171090
 170951
 170772
 170604
 170567
 170496
 170413
 170212
 170132
 170100
 169914
 169594
 169387
 169371
 169312
 169230
 169211
 169129
 169096
 169042
 168967
 168818
 168796
 168786
 168698
 168674
 168650
 168555
 168470
 168441
 168440
 168412
 168217
 168112
 168076
 168073
 167960
 167745
 167664
 167453
 167440
 167237
 167172
 167065
 166939
 166887
 166637
 166526
 166455
 166394
 166291
 166221
 166182
 165980
 165882
 165713
 165710
 165586
 165562
 165394
 165196
 165107
 165027
 164951
 164763
 164675
 164628
 164586
 164523
 164464
 164416
 164380
 164264
 164158
 164151
 164105
 164081
 163991
 163938
 163908
 163815
 163779
 163430
 163182
 162943
 162715
 162525
 162093
 162026
 162017
 161938
 161718
 161549
 161521
 161505
 161443
 161133
 160995
 160952
 160807
 160322
 160319
 160171
 159652
 159442
 159407
 159405
 159356
 159319
 159305
 159094
 159033
 159031
 158968
 158962
 158798
 158758
 158730
 158670
 158669
 158590
 158496
 158423
 158410
 158315
 158311
 158243
 157894
 157846
 157529
 157431
 157396
 157371
 157266
 157244
 157207
 157205
 156816
 156801
 156714
 156705
 156621
 156525
 156512
 156318
 156297
 156194
 156143
 156086
 155970
 155963
 155858
 155790
 155655
 155367
 155361
 155290
 155181
 155117
 155019
 155018
 154888
 154636
 154534
 154495
 154303
 154180
 154092
 154088
 154074
 153921
 153873
 153794
 153792
 153549
 153536
 153522
 153256
 153232
 153153
 153046
 152982
 152974
 152907
 152762
 152515
 152416
 152349
 152022
 151920
 151898
 151801
 151685
 151456
 151384
 151282
 151273
 151038
 151023
 150835
 150748
 150731
 150729
 150684
 150478
 150300
 150246
 150057
 150048
 150034
 149994
 149899
 149888
 149797
 149756
 149718
 149676
 149625
 149523
 149397
 148955
 148825
 148815
 148774
 148494
 148443
 148370
 148266
 148246
 148178
 148126
 148063
 147934
 147882
 147879
 147621
 147601
 147361
 147262
 147185
 147136
 147049
 146987
 146749
 146718
 146651
 146648
 146529
 146523
 146381
 146265
 146254
 146085
 146058
 145891
 145865
 145836
 145742
 145695
 145602
 145503
 145428
 145407
 145383
 145362
 145324
 145158
 145127
 145100
 145085
 144859
 144808
 144643
 144560
 144528
 144493
 144370
 144157
 144146
 144076
 144029
 144009
 143942
 143866
 143807
 143522
 143484
 143367
 143310
 143269
 143194
 143125
 143073
 143046
 143028
 142916
 142816
 142522
 142495
 142377
 141925
 141832
 141808
 141675
 141643
 141592
 141510
 141405
 141339
 141001
 140942
 140803
 140787
 140619
 140615
 140604
 140584
 140541
 140508
 140298
 140181
 140106
 140026
 139931
 139689
 139646
 139572
 139234
 139136
 139065
 138984
 138975
 138775
 138749
 138722
 138632
 138347
 138300
 138249
 138084
 137977
 137906
 137831
 137793
 137751
 137591
 137123
 137019
 136947
 136916
 136688
 136589
 136569
 136510
 136474
 136446
 136441
 136348
 136133
 136051
 136000
 135506
 135493
 135485
 135374
 135192
 135151
 134984
 134881
 134734
 134728
 134677
 134649
 134601
 134587
 134462
 134453
 134395
 134375
 134306
 134294
 134046
 134003
 133849
 133757
 133689
 133594
 133562
 133454
 133366
 133333
 133191
 132902
 132617
 132394
 131952
 131805
 131357
 131346
 131343
 131305
 131233
 131197
 131129
 131022
 130156
 130105
 130029
 130021
 129993
 129750
 129745
 129523
 129499
 129407
 129341
 129336
 129209
 129181
 129152
 129080
 128837
 128835
 128699
 128595
 128593
 128583
 128542
 128538
 128535
 128418
 128292
 128118
 127991
 127905
 127886
 127599
 127490
 127369
 127216
 127204
 127172
 127142
 127071
 126901
 126855
 126820
 126666
 126664
 126528
 126386
 126346
 126172
 126133
 125959
 125897
 125879
 125857
 125628
 125536
 125506
 125317
 125307
 125259
 124857
 124830
 124729
 124687
 124540
 124422
 124308
 124103
 124024
 123867
 123844
 123760
 123727
 123567
 123446
 123248
 123226
 123127
 123107
 123047
 122749
 122732
 122673
 122666
 122661
 122651
 122507
 122483
 122302
 122279
 122224
 122199
 122078
 122054
 122034
 122033
 121895
 121874
 121747
 121533
 121430
 121295
 121130
 121114
 121014
 120835
 120769
 120716
 120687
 120481
 120346
 120234
 120151
 119758
 119726
 119717
 119692
 119503
 119473
 119447
 119440
 119278
 119244
 119233
 119133
 119031
 118984
 118972
 118845
 118794
 118790
 118691
 118548
 118461
 118381
 117969
 117903
 117885
 117847
 117845
 117677
 117647
 117480
 117468
 117452
 116845
 116832
 116695
 116601
 116509
 116154
 115953
 115949
 115878
 115826
 115761
 115663
 115627
 115566
 115442
 115421
 115360
 115315
 115259
 115241
 114854
 114570
 114335
 114319
 114273
 114111
 114086
 114039
 113847
 113629
 113428
 113293
 113228
 113189
 113106
 113008
 112995
 112749
 112713
 112639
 112515
 112332
 112258
 112181
 112112
 112095
 112061
 111697
 111676
 111441
 111283
 111245
 111128
 111059
 111026
 111020
 110987
 110846
 110762
 110749
 110713
 110424
 110410
 110198
 110036
 109849
 109835
 109572
 109570
 109542
 109465
 109451
 109394
 109287
 109115
 109090
 109090
 108890
 108712
 108619
 108457
 108402
 108373
 108297
 108296
 108150
 108016
 107907
 107711
 107701
 107668
 107605
 107448
 107448
 106925
 106859
 106830
 106729
 106624
 106608
 106507
 106382
 106285
 106262
 106115
 106090
 106030
 106007
 105907
 105858
 105166
 104924
 104890
 104743
 104586
 104562
 104507
 104078
 104071
 104018
 103943
 103896
 103854
 103649
 103581
 103510
 103490
 103480
 103365
 102974
 102889
 102428
 102424
 102394
 102282
 101972
 101941
 101915
 101890
 101871
 101832
 101809
 101784
 101629
 101574
 101362
 101343
 101211
 101134
 101082
 100818
 100779
 100757
 100655
 100568
 100477
 100388
 100273
 100181
 100147
 100109
 100056
 99974
 99959
 99906
 99866
 99765
 99688
 99567
 99526
 99429
 99377
 99167
 99094
 99071
 98878
 98706
 98534
 98443
 98342
 98261
 98258
 98219
 97927
 97819
 97801
 97746
 97560
 97554
 97451
 97179
 97127
 97117
 97070
 96835
 96801
 96774
 96600
 96600
 96492
 96300
 96091
 96066
 95801
 95757
 95645
 95644
 95619
 95523
 95247
 94814
 94803
 94773
 94719
 94696
 94672
 94668
 94594
 94528
 94498
 94390
 94218
 94163
 94132
 93885
 93861
 93625
 93578
 93453
 93330
 93168
 92630
 92592
 92561
 92511
 92282
 92280
 92261
 92135
 92116
 92041
 91328
 91210
 90948
 90909
 90822
 90807
 90757
 90718
 90535
 90422
 90392
 90262
 90134
 90060
 89948
 89909
 89877
 89866
 89865
 89829
 89821
 89635
 89602
 89402
 89267
 89017
 88998
 88979
 88969
 88901
 88748
 88600
 88522
 88504
 88291
 88272
 88263
 88148
 88127
 88096
 87953
 87333
 86880
 86769
 86681
 86662
 86552
 86450
 86444
 86441
 86351
 86320
 86226
 86184
 86131
 86095
 86079
 85629
 85624
 85440
 85345
 85304
 85287
 85160
 85106
 85095
 85079
 85002
 84985
 84862
 84776
 84745
 84725
 84447
 84362
 84288
 84231
 84153
 84143
 83929
 83890
 83600
 83571
 83442
 83170
 83153
 83150
 82880
 82781
 82772
 82756
 82655
 82634
 82628
 82500
 82361
 82228
 82194
 82117
 82003
 81954
 81687
 81385
 81369
 81281
 81186
 81127
 80914
 80893
 80872
 80872
 80808
 80774
 80755
 80665
 80425
 80347
 80342
 80314
 80267
 80261
 80231
 80206
 80127
 80103
 80009
 79953
 79888
 79695
 79610
 79335
 79275
 79155
 79105
 79098
 79056
 78845
 78633
 78431
 78422
 78349
 78294
 78206
 78065
 77944
 77881
 77806
 77735
 77708
 77678
 77489
 77311
 77298
 77230
 77200
 77156
 77040
 76767
 76767
 76759
 76541
 76478
 76256
 76246
 76118
 75944
 75897
 75804
 75799
 75741
 75649
 75580
 75278
 75138
 75017
 74988
 74902
 74866
 74715
 74588
 74574
 74511
 74435
 74375
 74319
 74319
 74207
 74204
 74173
 74170
 74163
 74074
 74000
 73884
 73754
 73739
 73727
 73529
 73519
 73483
 73379
 73316
 73313
 73313
 73178
 72976
 72946
 72936
 72921
 72862
 72808
 72760
 72710
 72628
 72543
 72429
 72304
 72155
 71998
 71945
 71904
 71857
 71618
 71585
 71469
 71460
 71316
 71054
 71049
 70989
 70897
 70896
 70766
 70282
 70087
 70020
 69962
 69943
 69886
 69803
 69746
 69714
 69679
 69318
 69039
 68985
 68921
 68882
 68808
 68672
 68644
 68558
 68543
 68537
 68399
 68277
 68233
 68037
 68025
 67929
 67582
 67517
 67052
 67024
 66893
 66840
 66806
 66279
 66202
 66033
 65966
 65911
 65900
 65864
 65787
 65584
 65508
 65413
 65393
 65295
 65176
 65138
 65099
 64945
 64834
 64822
 64807
 64761
 64425
 64331
 64264
 64257
 63895
 63809
 63654
 63593
 63524
 63345
 63336
 63333
 63296
 63279
 63045
 62966
 62777
 62732
 62442
 62418
 62334
 62301
 62264
 62247
 62216
 62125
 61939
 61863
 61813
 61639
 61606
 61547
 61435
 61415
 61148
 61116
 60998
 60867
 60838
 60812
 60736
 60631
 60473
 60457
 60379
 60175
 60089
 59999
 59798
 59792
 59686
 59627
 59584
 59493
 59488
 59481
 59154
 59148
 59145
 59077
 58447
 58443
 58017
 57797
 57767
 57712
 57627
 57565
 57543
 57521
 57501
 57298
 56962
 56928
 56903
 56903
 56660
 56641
 56533
 56461
 56441
 56435
 56366
 56338
 56300
 56199
 56191
 56105
 56065
 55842
 55495
 55454
 55415
 55358
 55152
 54955
 54878
 54830
 54796
 54605
 54539
 54536
 54467
 54125
 54080
 53785
 53709
 53683
 53626
 53584
 53227
 53200
 53186
 53140
 52841
 52778
 52631
 52364
 52288
 52078
 52068
 51892
 51596
 51551
 51353
 51314
 51275
 51250
 51239
 51159
 51155
 50903
 50900
 50605
 50599
 50561
 50025
 49819
 49756
 49592
 49432
 49324
 49272
 49130
 49122
 49057
 48965
 48418
 48409
 48285
 48206
 48185
 48147
 47801
 47786
 47538
 47403
 47333
 47277
 47226
 47195
 46965
 46899
 46817
 46580
 46538
 46474
 46348
 46242
 46054
 45910
 45837
 45555
 45406
 45402
 45355
 45347
 45273
 45244
 45210
 45155
 45115
 45054
 44902
 44847
 44838
 44720
 44466
 44444
 44318
 44160
 44113
 43855
 43754
 43565
 43478
 43317
 43287
 43253
 43229
 43196
 43160
 43147
 43137
 43082
 43005
 42878
 42739
 42726
 42619
 42613
 42603
 42543
 42418
 42372
 42362
 42305
 42269
 42253
 42094
 41997
 41988
 41963
 41932
 41717
 41712
 41387
 41314
 41084
 41056
 41047
 40945
 40724
 40647
 40602
 40531
 40323
 40102
 39911
 39763
 39629
 39519
 39447
 39447
 39334
 39179
 38845
 38789
 38789
 38768
 38697
 38622
 38285
 38283
 38126
 38081
 37878
 37823
 37692
 37593
 37552
 37507
 37447
 37435
 37406
 37404
 37351
 37275
 37184
 36981
 36474
 36449
 36279
 36165
 36111
 36027
 35987
 35986
 35934
 35862
 35778
 35609
 35160
 35042
 34944
 34890
 34853
 34693
 34642
 34472
 34463
 34354
 33958
 33613
 33601
 33480
 33175
 33144
 33001
 32952
 32530
 32482
 32296
 32123
 32075
 31990
 31949
 31897
 31721
 31695
 31641
 31621
 31541
 31406
 31368
 31317
 31229
 31116
 31046
 30876
 30738
 30732
 30666
 30646
 30634
 30531
 30469
 30462
 30436
 30389
 30355
 30350
 30300
 29978
 29920
 29880
 29802
 29753
 29720
 29645
 29219
 29214
 29210
 29126
 28942
 28884
 28877
 28809
 28795
 28782
 28727
 28706
 28699
 28663
 28594
 28585
 28371
 28272
 28272
 28169
 28095
 28094
 28062
 27998
 27927
 27853
 27839
 27687
 27377
 27312
 27255
 27239
 27100
 26931
 26916
 26873
 26781
 26713
 26708
 26707
 26609
 26484
 26462
 26350
 26346
 26267
 26248
 26075
 25984
 25904
 25838
 25825
 25767
 25749
 25718
 25598
 25592
 25583
 25500
 25450
 25316
 25230
 24999
 24861
 24821
 24812
 24776
 24538
 24390
 24379
 24349
 24317
 24314
 24091
 23942
 23820
 23748
 23668
 23599
 23555
 23453
 23430
 23410
 23342
 23188
 22892
 22777
 22682
 22537
 22475
 22099
 22050
 21875
 21686
 21629
 21383
 21348
 21114
 21006
 20838
 20746
 20653
 20490
 20394
 20374
 20346
 20243
 19987
 19810
 19782
 19759
 19644
 19607
 19404
 19378
 19323
 19247
 19222
 19038
 18886
 18857
 18834
 18770
 18676
 18593
 18577
 18505
 18400
 18300
 18238
 18181
 18064
 17990
 17921
 17767
 17647
 17291
 17241
 17155
 17087
 16935
 16693
 16494
 16258
 16210
 16166
 15709
 15564
 15499
 15483
 15235
 15195
 15078
 15045
 14892
 14760
 14748
 14720
 14695
 14585
 14583
 14570
 14558
 14542
 14462
 14423
 14142
 13873
 13774
 13493
 13281
 13266
 13254
 13201
 13094
 12961
 12941
 12563
 12502
 12322
 12081
 12012
 11952
 11876
 11698
 11528
 11466
 11401
 11370
 11310
 11204
 11032
 10989
 10920
 10830
 10796
 10435
 10346
 10277
 10208
 10130
 10118
 10101
 10071
 9964
 9884
 9800
 9780
 9668
 9567
 9559
 9511
 9477
 9327
 9273
 9029
 8978
 8973
 8952
 8818
 8802
 8474
 8343
 8336
 8206
 8000
 7980
 7939
 7832
 7817
 7725
 7589
 7562
 7432
 7017
 6948
 6829
 6825
 6761
 6726
 6724
 6535
 6447
 6366
 6096
 6005
 5953
 5933
 5916
 5618
 5456
 5301
 5268
 5262
 4936
 4934
 4913
 4878
 4774
 4540
 4275
 4039
 4017
 3946
 3923
 3738
 3720
 3629
 3484
 3312
 3210
 3047
 3013
 3005
 2989
 2867
 2704
 2616
 2497
 2470
 2373
 2079
 2079
 1701
 1637
 1544
 1322
 1271
 1133
 1073
 1049
 981
 901
 823
 788
 753
 592
 526
 73
 0
 0
 0
 0
 0
 0
 0
 0
 0
 0
 0
 