999854
 999735
 999671
 999669
 999586
 999520
 999082
 998874
 998829
 998665
 998594
 998483
 998448
 998436
 998281
 998204
 998111
 997924
 997869
 997786
 997759
 997626
 997380
 997274
 997244
 997196
 996888
 996753
 996548
 996536
 996487
 996476
 996226
 996209
 996191
 996137
 995979
 995887
 995670
 995591
 995515
 995367
 995232
 995200
 995171
 995101
 994888
 994848
 994610
 994582
 994426
 994395
 994102
 994079
 994066
 994034
 994016
 993993
 993894
 993878
 993756
 993716
 993524
 993502
 993041
 992913
 992640
 992599
 992401
 992387
 992366
 992304
 991999
 991968
 991819
 991804
 991804
 991795
 991763
 991624
 991464
 991304
 991263
 991165
 990978
 990859
 990753
 990728
 990541
 990328
 990185
 989980
 989879
 989697
 989695
 989674
 989550
 989511
 989464
 989463
 989310
 989216
 989031
 988854
 988834
 988802
 988766
 988686
 988667
 988397
 988344
 988326
 988319
 988306
 988194
 988089
 987916
 987470
 987399
 987387
 987353
 987297
 987236
 986748
 986738
 986459
 986379
 986336
 986275
 986076
 986061
 986041
 986013
 985994
 985955
 985673
 985607
 985417
 985364
 985106
 985047
 984977
 984810
 984717
 984688
 984675
 984675
 984610
 984543
 984473
 984404
 984296
 984126
 984000
 983986
 983984
 983845
 983831
 983829
 983729
 983658
 983537
 983513
 983361
 983305
 983276
 983261
 983210
 983102
 983039
 983010
 982898
 982795
 982720
 982658
 982531
 982179
 982110
 982032
 982020
 981976
 981937
 981853
 981791
 981703
 981657
 981566
 981291
 981242
 981181
 980853
 980573
 980439
 980344
 980228
 980120
 979841
 979812
 979591
 979562
 979398
 979367
 979296
 979045
 978847
 978630
 978516
 978509
 978378
 978321
 978075
 977850
 977777
 977695
 977662
 977648
 977628
 977517
 977266
 977230
 977080
 976950
 976914
 976802
 976736
 976734
 976640
 976588
 976470
 976436
 976197
 976092
 976000
 975770
 975556
 975486
 975460
 975311
 975258
 975188
 975182
 975154
 975146
 975016
 974993
 974991
 974765
 974640
 974612
 974310
 973969
 973815
 973631
 973617
 973593
 973470
 973418
 973376
 973356
 973230
 973104
 972972
 972953
 972944
 972852
 972713
 972636
 972624
 972602
 972522
 972481
 972342
 972332
 972277
 971903
 971867
 971847
 971838
 971801
 971771
 971755
 971658
 971500
 971415
 971383
 971168
 971113
 971088
 971062
 971023
 971021
 970930
 970819
 970768
 970699
 970535
 970397
 970361
 970341
 970294
 970240
 970225
 969987
 969972
 969937
 969913
 969762
 969712
 969543
 969449
 969008
 968713
 968709
 968627
 968553
 968476
 968368
 967975
 967971
 967950
 967830
 967767
 967732
 967574
 967537
 967485
 967465
 967445
 967409
 967378
 967184
 967085
 967081
 967006
 966810
 966737
 966620
 966587
 966568
 966507
 966464
 966194
 965968
 965864
 965780
 965716
 965591
 965559
 965421
 965376
 965339
 965235
 965226
 965156
 965121
 965067
 964983
 964981
 964856
 964769
 964605
 964492
 964219
 964092
 963654
 963625
 963534
 963481
 963414
 963375
 963338
 963255
 963053
 963031
 962994
 962926
 962755
 962674
 962655
 962622
 962588
 962477
 962324
 962210
 962180
 962109
 962101
 961926
 961743
 961730
 961722
 961606
 961494
 961474
 961285
 961119
 961105
 960931
 960905
 960744
 960569
 960237
 960184
 959683
 959676
 959430
 959402
 959355
 959252
 959249
 959041
 958740
 958725
 958603
 958461
 958427
 958426
 958333
 958115
 957926
 957822
 957805
 957637
 957544
 957382
 957337
 957297
 957277
 957015
 956873
 956854
 956778
 956772
 956731
 956718
 956674
 956641
 956610
 956521
 956457
 956433
 956347
 956333
 956009
 955939
 955900
 955800
 955784
 955698
 955456
 955444
 955401
 955367
 955303
 954982
 954775
 954714
 954674
 954639
 954572
 954498
 954474
 954278
 954251
 954198
 954198
 954193
 954142
 954068
 954030
 954018
 953901
 953752
 953719
 953585
 953579
 953567
 953488
 953488
 953271
 953223
 953220
 952658
 952504
 952453
 952382
 952379
 952308
 952225
 952193
 952170
 952002
 951945
 951854
 951822
 951773
 951769
 951740
 951655
 951494
 951178
 951121
 950935
 950884
 950819
 950815
 950799
 950478
 950406
 950097
 950044
 949904
 949839
 949817
 949651
 949579
 949540
 949494
 949383
 949337
 949310
 949241
 949060
 949018
 948977
 948712
 948365
 948335
 948238
 947979
 947803
 947801
 947702
 947653
 947260
 947173
 947022
 947020
 946965
 946955
 946847
 946761
 946698
 946681
 946566
 946247
 946066
 945904
 945673
 945544
 945538
 945390
 945178
 945171
 944962
 944899
 944843
 944671
 944618
 944471
 944337
 944254
 944219
 944176
 944164
 944130
 944128
 944105
 944079
 944055
 944043
 944008
 943978
 943734
 943610
 943582
 943491
 943437
 943373
 943321
 943319
 943020
 942952
 942870
 942683
 942334
 942199
 942184
 942128
 942115
 942051
 942020
 941836
 941737
 941649
 941548
 941546
 941417
 941402
 941310
 941176
 941143
 940814
 940716
 940699
 940673
 940525
 940489
 940438
 940267
 940252
 940217
 940106
 940033
 939936
 939894
 939749
 939652
 939586
 939482
 939462
 939405
 939334
 939256
 939215
 939059
 939042
 939024
 938956
 938822
 938740
 938642
 938619
 938553
 938530
 938417
 938303
 938279
 938130
 938120
 937707
 937679
 937606
 937558
 937378
 937368
 937308
 937285
 937280
 937092
 936896
 936707
 936462
 936289
 936273
 936166
 935943
 935178
 935118
 935064
 935048
 935038
 935025
 934993
 934466
 934442
 934432
 934414
 934373
 934355
 934118
 934058
 933986
 933912
 933906
 933866
 933774
 933729
 933621
 933449
 932972
 932782
 932738
 932653
 932644
 932618
 932291
 932253
 932249
 932227
 932032
 931937
 931719
 931642
 931536
 931470
 931157
 931106
 931034
 930956
 930891
 930672
 930513
 930487
 930429
 930303
 930084
 930006
 930002
 929936
 929835
 929824
 929725
 929652
 929344
 929270
 929265
 929007
 928952
 928923
 928441
 928352
 928111
 928056
 927895
 927781
 927669
 927621
 927619
 927562
 927490
 927466
 927428
 927351
 927289
 927281
 927249
 927164
 927084
 927032
 927029
 927019
 926807
 926784
 926645
 926579
 926557
 926301
 926267
 926161
 926045
 925992
 925690
 925500
 925265
 925233
 924838
 924833
 924796
 924789
 924771
 924747
 924424
 924399
 924178
 923854
 923469
 923430
 923372
 923320
 923205
 923179
 923143
 923052
 922926
 922656
 922519
 922411
 922404
 922321
 922100
 921924
 921893
 921820
 921796
 921711
 921710
 921691
 921681
 921663
 921509
 921417
 921192
 920979
 920792
 920696
 920611
 920536
 920459
 920139
 920122
 920023
 919896
 919866
 919803
 919755
 919698
 919527
 919401
 919388
 919255
 919173
 919124
 919046
 919018
 918916
 918871
 918691
 918653
 918590
 918523
 918424
 918238
 918220
 918145
 918071
 917958
 917858
 917791
 917747
 917679
 917320
 917304
 917268
 917047
 916932
 916917
 916902
 916838
 916789
 916761
 916544
 916500
 916478
 916412
 916399
 916383
 915967
 915955
 915954
 915914
 915560
 915452
 915415
 915377
 915320
 915265
 914844
 914812
 914768
 914756
 914739
 914729
 914709
 914338
 914313
 914252
 914230
 914223
 914062
 913747
 913699
 913605
 913600
 913580
 913570
 913405
 913400
 913363
 913336
 913327
 913163
 913080
 912942
 912922
 912838
 912834
 912769
 912738
 912709
 912616
 912606
 912567
 912508
 912459
 912453
 912294
 912144
 912080
 912025
 911948
 911842
 911764
 911694
 911629
 911542
 911477
 911408
 911242
 911214
 911196
 911126
 910847
 910722
 910578
 910188
 910048
 910002
 909778
 909736
 909718
 909712
 909646
 909538
 909521
 909426
 909173
 909090
 908981
 908848
 908748
 908742
 908682
 908522
 908480
 908462
 908456
 908403
 908043
 907990
 907756
 907695
 907637
 907586
 907482
 907174
 906945
 906898
 906854
 906821
 906621
 906605
 906579
 906474
 906419
 906328
 906135
 906089
 905894
 905636
 905623
 905528
 905492
 905314
 905152
 905122
 905019
 904850
 904782
 904756
 904709
 904522
 904195
 904041
 904032
 903962
 903648
 903616
 903589
 903576
 903543
 903487
 903453
 903358
 903354
 903043
 902971
 902761
 902698
 902530
 902338
 902299
 902127
 902083
 902072
 901971
 901839
 901726
 901713
 901647
 901501
 901415
 901257
 901255
 901057
 901038
 900935
 900828
 900816
 900809
 900738
 900701
 900540
 900455
 900284
 900156
 900062
 900000
 899999
 899953
 899880
 899817
 899796
 899646
 899603
 899547
 899408
 899382
 899261
 899143
 898960
 898958
 898782
 898720
 898609
 898565
 898412
 898374
 898241
 898153
 898048
 898032
 897958
 897945
 897867
 897858
 897828
 897755
 897685
 897675
 897604
 897059
 896951
 896812
 896705
 896668
 896527
 896408
 896051
 896047
 895968
 895958
 895937
 895934
 895862
 895692
 895572
 895416
 895404
 895356
 895300
 895297
 895217
 895195
 895107
 895018
 894979
 894119
 894117
 894117
 893998
 893926
 893848
 893662
 893499
 893300
 893129
 893096
 893038
 892798
 892778
 892651
 892592
 892511
 892483
 892433
 892425
 892414
 892253
 891923
 891832
 891777
 891687
 891578
 891495
 891436
 891393
 891290
 891282
 890912
 890713
 890466
 890442
 890364
 890256
 890110
 890006
 889984
 889896
 889890
 889812
 889808
 889716
 889709
 889656
 889529
 889428
 889240
 889230
 889216
 889117
 889011
 888992
 888888
 888666
 888319
 888251
 888231
 888141
 888137
 888135
 888009
 887853
 887833
 887810
 887773
 887558
 887518
 887446
 887413
 887387
 887296
 887252
 887231
 887166
 886771
 886771
 886692
 886687
 886590
 886532
 886451
 886383
 886292
 886287
 886260
 886108
 886072
 885992
 885914
 885909
 885837
 885754
 885624
 885484
 885447
 885427
 885397
 885395
 885294
 885278
 885268
 885125
 885114
 885057
 885018
 885010
 884773
 884770
 884679
 884608
 884596
 884289
 884287
 884141
 884117
 884029
 883636
 883309
 883295
 883140
 882933
 882916
 882873
 882790
 882688
 882567
 882526
 882398
 882295
 881810
 881708
 881673
 881578
 881463
 881417
 881381
 880986
 880923
 880895
 880738
 880570
 880298
 880268
 880149
 879977
 879925
 879804
 879759
 879561
 879430
 879181
 878948
 878875
 878847
 878718
 878582
 878509
 878311
 878057
 877943
 877868
 877596
 877468
 877358
 877325
 877256
 877250
 877216
 876799
 876321
 876212
 876207
 876093
 876053
 875883
 875880
 875599
 875504
 874970
 874897
 874895
 874579
 874568
 874478
 874393
 874299
 874260
 874214
 874056
 873808
 873748
 873700
 873549
 873384
 873327
 873323
 873273
 873223
 873137
 873056
 873053
 872894
 872858
 872834
 872778
 872666
 872621
 872614
 872612
 872611
 872588
 872545
 872285
 872039
 871879
 871702
 871644
 871599
 871455
 871382
 871232
 871088
 870967
 870914
 870836
 870692
 870617
 870549
 870479
 870012
 869883
 869863
 869863
 869850
 869829
 869814
 869568
 869568
 869353
 869349
 869295
 869238
 869206
 869177
 869086
 868930
 868867
 868721
 868716
 868699
 868606
 868557
 868552
 868469
 868457
 868400
 868263
 868253
 868226
 868111
 868090
 868086
 868082
 868027
 867909
 867897
 867879
 867871
 867871
 867561
 867507
 867503
 867449
 867256
 867245
 867136
 866643
 866609
 866582
 866552
 866444
 866425
 866355
 866317
 866312
 866298
 865999
 865979
 865970
 865950
 865882
 865857
 865730
 865649
 865585
 865572
 865359
 865042
 865016
 864819
 864733
 864512
 864443
 864360
 864185
 864111
 864064
 863958
 863930
 863685
 863566
 863548
 863417
 863379
 863301
 863209
 862842
 862817
 862810
 862781
 862424
 862410
 862377
 862293
 862237
 862190
 862190
 862035
 862020
 861887
 861814
 861759
 861737
 861697
 861559
 861485
 861467
 861366
 861332
 861248
 861106
 860986
 860952
 860842
 860788
 860771
 860721
 860542
 860409
 860146
 860077
 860014
 859837
 859794
 859520
 859490
 859410
 859211
 859125
 859081
 859052
 859021
 858909
 858569
 858507
 858408
 858334
 858260
 858163
 858137
 858135
 858091
 858037
 858026
 857952
 857891
 857888
 857761
 857538
 857480
 857456
 857333
 857284
 857249
 857216
 857048
 857047
 856893
 856861
 856800
 856688
 856531
 856185
 856004
 856004
 855988
 855974
 855784
 855710
 855469
 855153
 854853
 854829
 854765
 854732
 854650
 854581
 854284
 854234
 854226
 854075
 853995
 853932
 853895
 853838
 853833
 853829
 853738
 853385
 853353
 853302
 853002
 852810
 852713
 852660
 852567
 852224
 851802
 851771
 851745
 851548
 851498
 851461
 851383
 851375
 851350
 851303
 851168
 851090
 850834
 850606
 850562
 850212
 850173
 850127
 850055
 849915
 849785
 849705
 849674
 849514
 849443
 849381
 849367
 849211
 849170
 849037
 848952
 848934
 848933
 848690
 848678
 848605
 848603
 848352
 848256
 848167
 848162
 848026
 847971
 847906
 847833
 847801
 847753
 847642
 847633
 847603
 847340
 847084
 847047
 846896
 846655
 846585
 846507
 846272
 846156
 846139
 846122
 846044
 845965
 845920
 845882
 845711
 845506
 845377
 845276
 845272
 845247
 845198
 845152
 845074
 845070
 844996
 844720
 844543
 844383
 844287
 844201
 844191
 843884
 843671
 843480
 843456
 843384
 843225
 843225
 843138
 843137
 843059
 843037
 842929
 842762
 842695
 842601
 842588
 842488
 842435
 842360
 842318
 842287
 842217
 842105
 842022
 841913
 841830
 841463
 841231
 841094
 840990
 840938
 840797
 840704
 840457
 840277
 840212
 840172
 840000
 839905
 839738
 839250
 839014
 838957
 838909
 838764
 838758
 838756
 838733
 838695
 838439
 838366
 838269
 838185
 838177
 837993
 837930
 837930
 837849
 837734
 837696
 837636
 837447
 837237
 837176
 837060
 836873
 836823
 836795
 836670
 836613
 836549
 836516
 836433
 836294
 836193
 836162
 836144
 836131
 835830
 835809
 835773
 835495
 835374
 835364
 835171
 835168
 835119
 835110
 835069
 835010
 834984
 834825
 834632
 834626
 834523
 834429
 834400
 834311
 833920
 833839
 833820
 833799
 833795
 833699
 833519
 833510
 833460
 833339
 833327
 833171
 833039
 832957
 832917
 832716
 832654
 832392
 832196
 832195
 832004
 831981
 831967
 831737
 831530
 831509
 831462
 831447
 831425
 831325
 831278
 831213
 830847
 830703
 830533
 830479
 830385
 830359
 829939
 829937
 829838
 829835
 829756
 829665
 829439
 829416
 829312
 829290
 829221
 829033
 828918
 828917
 828856
 828765
 828724
 828422
 828374
 827885
 827870
 827838
 827739
 827708
 827586
 826787
 826581
 826506
 826446
 826381
 826363
 826255
 826086
 825867
 825857
 825814
 825676
 825536
 825473
 825357
 825101
 825078
 824967
 824821
 824537
 824413
 824307
 824289
 824164
 824151
 824147
 824096
 823999
 823904
 823791
 823628
 823529
 823529
 823395
 823371
 823312
 823293
 823188
 823141
 822994
 822882
 822823
 822754
 822679
 822631
 822472
 822382
 822276
 822187
 822126
 821882
 821656
 821456
 821400
 821250
 821189
 821130
 821006
 820818
 820763
 820751
 820737
 820707
 820678
 820620
 820408
 820334
 820234
 820031
 819972
 819839
 819672
 818950
 818927
 818877
 818523
 818433
 818283
 818272
 818270
 818181
 818181
 817947
 817927
 817869
 817839
 817805
 817775
 817647
 817623
 817581
 817562
 817484
 817362
 817154
 817149
 817099
 816980
 816906
 816852
 816677
 816629
 816595
 816491
 816283
 816161
 816068
 815996
 815959
 815929
 815701
 815637
 815588
 815480
 815470
 815410
 815329
 815185
 815180
 815165
 815163
 815142
 814997
 814893
 814884
 814751
 814626
 814512
 814482
 814454
 814432
 814383
 814328
 814310
 814174
 814112
 814084
 813983
 813981
 813915
 813824
 813762
 813701
 813520
 813422
 813399
 813358
 813208
 813162
 813124
 812720
 812556
 812477
 812406
 812383
 812307
 812305
 812251
 812047
 811999
 811760
 811701
 811588
 811524
 811408
 811406
 811338
 811252
 811122
 810946
 810919
 810899
 810768
 810660
 810557
 810552
 810259
 810257
 810175
 810126
 810089
 810043
 809992
 809952
 809939
 809594
 809490
 809399
 809323
 809303
 809274
 809115
 809111
 809087
 809043
 808870
 808669
 808648
 808569
 808549
 808430
 808394
 808325
 808324
 808290
 807918
 807886
 807590
 807579
 807509
 807486
 807460
 807343
 807141
 807129
 807095
 807017
 806924
 806750
 806510
 806417
 806379
 806349
 806233
 806030
 805990
 805986
 805826
 805797
 805762
 805422
 805395
 805381
 805194
 805135
 805107
 804878
 804724
 804580
 804504
 804462
 804347
 804195
 804185
 803974
 803960
 803862
 803668
 803609
 803527
 803511
 803438
 803217
 803190
 803099
 802928
 802791
 802768
 802740
 802708
 802602
 802568
 802250
 802226
 802108
 801706
 801691
 801681
 801580
 801481
 801325
 801268
 801072
 800989
 800938
 800782
 800734
 800725
 800668
 800541
 800403
 800312
 800227
 800157
 800056
 800019
 799999
 799867
 799827
 799724
 799633
 799514
 799241
 798971
 798969
 798933
 798920
 798883
 798743
 798723
 798585
 798353
 798308
 798219
 798156
 798130
 797883
 797788
 797611
 797547
 797542
 797486
 797230
 797200
 797199
 797155
 796896
 796731
 796717
 796669
 796644
 796617
 796467
 796093
 795987
 795931
 795928
 795838
 795750
 795744
 795435
 795376
 795305
 795218
 795186
 795124
 795040
 795020
 794989
 794851
 794758
 794661
 794659
 794570
 794533
 794366
 794069
 794018
 793946
 793929
 793727
 793698
 793388
 793367
 793286
 793059
 793051
 793028
 792946
 792828
 792782
 792680
 792618
 792458
 792438
 792125
 792125
 792068
 791846
 791820
 791772
 791735
 791489
 791444
 791336
 791257
 791244
 791159
 791147
 791089
 791059
 791046
 790998
 790917
 790915
 790645
 790559
 790534
 790406
 790257
 789993
 789904
 789775
 789670
 789486
 789417
 789370
 789047
 789028
 788884
 788612
 788583
 788551
 788463
 788309
 788238
 788208
 788153
 788027
 788013
 787883
 787851
 787834
 787831
 787714
 787616
 787569
 787476
 787405
 787079
 786961
 786839
 786800
 786772
 786509
 786396
 786247
 785867
 785714
 785685
 785583
 785517
 785168
 784981
 784923
 784771
 784516
 784313
 784301
 784172
 784087
 783950
 783479
 782962
 782857
 782718
 782563
 782527
 782493
 782485
 782353
 782338
 782208
 782174
 782133
 782124
 782028
 782022
 781822
 781765
 781705
 781593
 781446
 781388
 781372
 781212
 781194
 781020
 780953
 780788
 780714
 780525
 780453
 780413
 780405
 780231
 779999
 779816
 779617
 779527
 779524
 779450
 779341
 778960
 778730
 778633
 778565
 778289
 778099
 778073
 778050
 777777
 777676
 777311
 777245
 777110
 777031
 776806
 776792
 776718
 776404
 776244
 776119
 776072
 776041
 776025
 775901
 775887
 775868
 775865
 775757
 775672
 775487
 775379
 775354
 775280
 775193
 775061
 775037
 774933
 774895
 774511
 774502
 774418
 774300
 774062
 774025
 773921
 773902
 773748
 773734
 773651
 773628
 773489
 773453
 773419
 773196
 773183
 773139
 773138
 772518
 772511
 772410
 772306
 772151
 772036
 771906
 771870
 771863
 771860
 771799
 771767
 771613
 771546
 770949
 770935
 770897
 770887
 770880
 770769
 770423
 770334
 770198
 770140
 769981
 769928
 769922
 769848
 769823
 769631
 769499
 769285
 769274
 769218
 769073
 769028
 768989
 768905
 768684
 768409
 768370
 768363
 768328
 768177
 768139
 768100
 768071
 767892
 767682
 767665
 767662
 767614
 767481
 767473
 767441
 767430
 767381
 767266
 767258
 767164
 767065
 766553
 766519
 766290
 766205
 765998
 765919
 765897
 765591
 765469
 765219
 765190
 765039
 765022
 764955
 764794
 764788
 764317
 764163
 764044
 763995
 763913
 763895
 763840
 763689
 763651
 763638
 763588
 763470
 763268
 763205
 763155
 763117
 762955
 762886
 762829
 762657
 762488
 762480
 762280
 762239
 762152
 762057
 762005
 761741
 761644
 761492
 761436
 761357
 760584
 760324
 760235
 759953
 759737
 759637
 759625
 759592
 759326
 759297
 759206
 759180
 759044
 759003
 758937
 758491
 758302
 758153
 758150
 757701
 757671
 757607
 757585
 757567
 757291
 757262
 757066
 756894
 756874
 756460
 756378
 756319
 756173
 756145
 755959
 755694
 755664
 755564
 755557
 755511
 755484
 755417
 755279
 755187
 755173
 754977
 754889
 754827
 754780
 754608
 754507
 754400
 754162
 754101
 753981
 753914
 753812
 753693
 753442
 753424
 753363
 753346
 753298
 752999
 752914
 752913
 752888
 752815
 752811
 752792
 752785
 752646
 752453
 752445
 752302
 752280
 752260
 752225
 752101
 752081
 751919
 751801
 751550
 751210
 751130
 751072
 750867
 750791
 750766
 750726
 750723
 750543
 750499
 750489
 750373
 750172
 750122
 750084
 750000
 750000
 749917
 749793
 749706
 749691
 749494
 749478
 749432
 749326
 749298
 749161
 749049
 748976
 748911
 748802
 748786
 748743
 748709
 748595
 748487
 748047
 747936
 747928
 747711
 747599
 747268
 747261
 747195
 746997
 746928
 746758
 746415
 746159
 745943
 745880
 745816
 745622
 745598
 745572
 745349
 745338
 745085
 745017
 745007
 744977
 744952
 744685
 744447
 744348
 744311
 744307
 744275
 744268
 744130
 744128
 744122
 744080
 743889
 743871
 743813
 743663
 743602
 743589
 743358
 743317
 743246
 743184
 742986
 742840
 742663
 742584
 742574
 742506
 742342
 742302
 742115
 741935
 741750
 741606
 741538
 741536
 741523
 741460
 741363
 741343
 741156
 741151
 741116
 741093
 740975
 740960
 740740
 740585
 740527
 740486
 740377
 740337
 740298
 740259
 740187
 740180
 739872
 739375
 739221
 739216
 739200
 738983
 738895
 738849
 738626
 738620
 738613
 738339
 738261
 738200
 738138
 738137
 738048
 738026
 737830
 737693
 737689
 737620
 737564
 737431
 737373
 737243
 736918
 736899
 736842
 736751
 736749
 736711
 736327
 736327
 736316
 736212
 736196
 736134
 736108
 736004
 735966
 735833
 735751
 735688
 735619
 735430
 735289
 735214
 735165
 735037
 734970
 734964
 734232
 734172
 733966
 733776
 733607
 733594
 733466
 733384
 733381
 733342
 733300
 733266
 733180
 733008
 732980
 732969
 732937
 732904
 732883
 732572
 732443
 732397
 732307
 732268
 732247
 732071
 732071
 731982
 731860
 731685
 731467
 731207
 730951
 730909
 730593
 730550
 730482
 730465
 730327
 730223
 730181
 730125
 729649
 729587
 729574
 729501
 729270
 729227
 728738
 728566
 728480
 728375
 728367
 728324
 728199
 727954
 727690
 727676
 727440
 727279
 727206
 726875
 726646
 726579
 726311
 726046
 726021
 725775
 725757
 725730
 725718
 725639
 725581
 725319
 725097
 724969
 724933
 724757
 724721
 724684
 724618
 724501
 724444
 724397
 724376
 724136
 724066
 723978
 723957
 723928
 723895
 723753
 723665
 723489
 723461
 723384
 723270
 723151
 723122
 723102
 723076
 723051
 723015
 723008
 722993
 722829
 722821
 722747
 722739
 722504
 722140
 722134
 722041
 722033
 721905
 721544
 721495
 721382
 721328
 721321
 721273
 721229
 720925
 720831
 720765
 720636
 720613
 720589
 720468
 720464
 720379
 720372
 720175
 720144
 720143
 720117
 720046
 719999
 719993
 719910
 719844
 719795
 719698
 719674
 719581
 719422
 719391
 719342
 719340
 719294
 719147
 719146
 719130
 719115
 719029
 719025
 719022
 718849
 718830
 718790
 718750
 718732
 718425
 718179
 718167
 718126
 718106
 718105
 717977
 717945
 717764
 717601
 717541
 717418
 717411
 717342
 717222
 717205
 717144
 717065
 716897
 716828
 716784
 716704
 716577
 716552
 716389
 716313
 716312
 716279
 716248
 716106
 716096
 715927
 715817
 715780
 715700
 715214
 715115
 715092
 715025
 714951
 714880
 714576
 714513
 714508
 714499
 714498
 714413
 714388
 714113
 713988
 713450
 713307
 713194
 713067
 712820
 712692
 712665
 712601
 712574
 712567
 712541
 712494
 712488
 712385
 712277
 712167
 711929
 711895
 711843
 711725
 711706
 711680
 711539
 711500
 711382
 711272
 711224
 711221
 711162
 711099
 710950
 710916
 710560
 710495
 710479
 710422
 710257
 710151
 710036
 709976
 709969
 709940
 709938
 709651
 709581
 709466
 709322
 709173
 709126
 709051
 709016
 708803
 708654
 708644
 708523
 708294
 708078
 707760
 707748
 707482
 707470
 707442
 707297
 706998
 706829
 706813
 706765
 706666
 706563
 706542
 706234
 706231
 706224
 706147
 705933
 705882
 705691
 705470
 705394
 705098
 705094
 705094
 704936
 704893
 704759
 704642
 704573
 704524
 704506
 704418
 704303
 704015
 703891
 703834
 703711
 703544
 703471
 703373
 703335
 703275
 703224
 703097
 702842
 702832
 702790
 702768
 702675
 702625
 702581
 702425
 702374
 702247
 702205
 702175
 702107
 702036
 701992
 701950
 701902
 701855
 701612
 701497
 701482
 701401
 701381
 701345
 701248
 701193
 701128
 701036
 700907
 700820
 700186
 700186
 700180
 699933
 699913
 699912
 699795
 699785
 699704
 699616
 699387
 699339
 699293
 699140
 699131
 699107
 699055
 699038
 699003
 698964
 698871
 698554
 698537
 698253
 698077
 697970
 697819
 697816
 697799
 697593
 697536
 697522
 697341
 697108
 696929
 696907
 696757
 696721
 696682
 696629
 696614
 696596
 696505
 696489
 696470
 696428
 696355
 695885
 695852
 695806
 695450
 695350
 695168
 695113
 694875
 694763
 694666
 694613
 694419
 694333
 694145
 694074
 694057
 693850
 693830
 693693
 693675
 693673
 693558
 693417
 693345
 693262
 693234
 693229
 693206
 693144
 692768
 692743
 692618
 692611
 692595
 692505
 692395
 692392
 692307
 691873
 691792
 691774
 691228
 690992
 690830
 690507
 690473
 690440
 690390
 690334
 690178
 689972
 689906
 689901
 689784
 689765
 689698
 689625
 689579
 689549
 689549
 689494
 689386
 689313
 689138
 689124
 689061
 689023
 688920
 688912
 688872
 688808
 688752
 688666
 688636
 688634
 688581
 688550
 688422
 688172
 688078
 687805
 687772
 687763
 687662
 687656
 687624
 687540
 687500
 687358
 687292
 687045
 686689
 686634
 686622
 686618
 686600
 686567
 686234
 686177
 686163
 686059
 685953
 685917
 685895
 685873
 685525
 685479
 685358
 685351
 685258
 685246
 685163
 685088
 685045
 685002
 684855
 684807
 684445
 684356
 684082
 683977
 683965
 683912
 683893
 683674
 683636
 683636
 683497
 683245
 683038
 683026
 683018
 682983
 682730
 682528
 682510
 682495
 682382
 682381
 682192
 682181
 681338
 681196
 681168
 681060
 681053
 681037
 681031
 680956
 680919
 680914
 680787
 680735
 680592
 680555
 680405
 680343
 680311
 680126
 680109
 680096
 680095
 680075
 679972
 679972
 679744
 679628
 679438
 679420
 679366
 679328
 679278
 679274
 679221
 679087
 678759
 678727
 678713
 678581
 678490
 678450
 678430
 678158
 678122
 678010
 678006
 677981
 677443
 677385
 677280
 677165
 677162
 677130
 677077
 676927
 676681
 676513
 676469
 676428
 676402
 676305
 676188
 676133
 676096
 676074
 676032
 675925
 675917
 675662
 675422
 675300
 675248
 675043
 675011
 674989
 674823
 674822
 674773
 673924
 673899
 673893
 673869
 673719
 673676
 673631
 673575
 673488
 673293
 673101
 673047
 672972
 672969
 672858
 672796
 672790
 672597
 672421
 672330
 672248
 672227
 672186
 672174
 671926
 671857
 671839
 671807
 671777
 671757
 671742
 671699
 671611
 671587
 671499
 671453
 671314
 671280
 671235
 671206
 671202
 671055
 671024
 670922
 670909
 670831
 670715
 670570
 670486
 670459
 670329
 670321
 670290
 669914
 669585
 669565
 669421
 669403
 669403
 669262
 668997
 668903
 668779
 668762
 668670
 668497
 668410
 668315
 668228
 667919
 667757
 667727
 667586
 667312
 667307
 667222
 667157
 667119
 667063
 667027
 666893
 666802
 666666
 666666
 666567
 666267
 666116
 666080
 665996
 665836
 665807
 665803
 665614
 665397
 665287
 665041
 665025
 664867
 664772
 664639
 664619
 664521
 664248
 664168
 664163
 664107
 664099
 664097
 664082
 663951
 663802
 663801
 663776
 663600
 663571
 663339
 663316
 663279
 662993
 662850
 662514
 662437
 662429
 662334
 662328
 662313
 662256
 662235
 661887
 661826
 661715
 661693
 661660
 661561
 661557
 661555
 661381
 661305
 661198
 661189
 661016
 660985
 660874
 660614
 660410
 660283
 660036
 659907
 659517
 659511
 659304
 659032
 659006
 659001
 658962
 658941
 658919
 658916
 658821
 658679
 658642
 658578
 658575
 658230
 658182
 658025
 657944
 657822
 657798
 657774
 657729
 657480
 657342
 657203
 657070
 656940
 656656
 656595
 656464
 656143
 656023
 655957
 655903
 655718
 655714
 655711
 655652
 655607
 655403
 655350
 655213
 655188
 655072
 655054
 655010
 654972
 653933
 653794
 653773
 653751
 653702
 653651
 653618
 653603
 653543
 653542
 653471
 653327
 653321
 653250
 653061
 652987
 652924
 652892
 652869
 652738
 652484
 652415
 652366
 652264
 652173
 652173
 651994
 651985
 651966
 651744
 651685
 651659
 651543
 651311
 651226
 651106
 650856
 650666
 650571
 650570
 650566
 650463
 650420
 650207
 650027
 650013
 649868
 649857
 649736
 649711
 649698
 649694
 649623
 649367
 649354
 649214
 649167
 649156
 649074
 649000
 648966
 648926
 648812
 648762
 648719
 648714
 648643
 648551
 648440
 648261
 648204
 648184
 648150
 648051
 647756
 647750
 647305
 647278
 646878
 646853
 646768
 646711
 646646
 646525
 646515
 646486
 646417
 646380
 646344
 646340
 646139
 646131
 646036
 645884
 645833
 645704
 645632
 645502
 645433
 645259
 645193
 645170
 645007
 644933
 644878
 644696
 644592
 644474
 644433
 644390
 644357
 644332
 644171
 644154
 643936
 643902
 643752
 643496
 643454
 643326
 643223
 643141
 643118
 642881
 642857
 642767
 642248
 642233
 642180
 642167
 641893
 641821
 641819
 641787
 641611
 641517
 641343
 641285
 641234
 641148
 641001
 640879
 640809
 640635
 640625
 640547
 640523
 640449
 640446
 640329
 640230
 640223
 640212
 640172
 640000
 639999
 639874
 639772
 639639
 639428
 639399
 639326
 639230
 639174
 639148
 638965
 638666
 638629
 638603
 638489
 638351
 638198
 637901
 637881
 637822
 637762
 637651
 637386
 637385
 637381
 637365
 637262
 637199
 637157
 636832
 636735
 636704
 636584
 636557
 636546
 636363
 636363
 636272
 636136
 636091
 636088
 636073
 636041
 636028
 635727
 635637
 635557
 635549
 635518
 635492
 635409
 635400
 635370
 635273
 635211
 634984
 634983
 634852
 634805
 634588
 634368
 634275
 634215
 634210
 633951
 633931
 633912
 633894
 633788
 633387
 633335
 633287
 633270
 633231
 633213
 632987
 632910
 632907
 632833
 632715
 632653
 632569
 632423
 632271
 632229
 632147
 632105
 632068
 631948
 631942
 631940
 631900
 631842
 631615
 631251
 631231
 631016
 630717
 630706
 630652
 630642
 630627
 630562
 630466
 630179
 630114
 630109
 630087
 630082
 629961
 629913
 629759
 629592
 629423
 629337
 629283
 629097
 628978
 628974
 628865
 628726
 628458
 628340
 628241
 628234
 628210
 628116
 628080
 628051
 627715
 627427
 627335
 627257
 627151
 627118
 626954
 626936
 626835
 626700
 626559
 626511
 626480
 626279
 626225
 626100
 625952
 625916
 625897
 625734
 625612
 625417
 625216
 625091
 624525
 624364
 624330
 624216
 623900
 623843
 623732
 623655
 623602
 623488
 623405
 623359
 623214
 623209
 622700
 622576
 622539
 622516
 622406
 622176
 622145
 622114
 622061
 621743
 621733
 621425
 621228
 621116
 621087
 620844
 620790
 620720
 620592
 620482
 620333
 620177
 620158
 620118
 620019
 619948
 619746
 619510
 619175
 619058
 619030
 618983
 618965
 618961
 618952
 618823
 618737
 618257
 618162
 617876
 617658
 617647
 617501
 617347
 617262
 617204
 617153
 617083
 617006
 616887
 616853
 616833
 616822
 616792
 616789
 616782
 616779
 616768
 616677
 616543
 616436
 616419
 616356
 616343
 616303
 616047
 615859
 615726
 615657
 615520
 615519
 615393
 615230
 614996
 614987
 614939
 614878
 614862
 614853
 614790
 614678
 614581
 614530
 614485
 614459
 614387
 614356
 614315
 614199
 614141
 613833
 613727
 613702
 613649
 613588
 613442
 613423
 613402
 613309
 613138
 613089
 613020
 613000
 612891
 612680
 612667
 612565
 612544
 612476
 612289
 612171
 612144
 612131
 611781
 611661
 611554
 611464
 611433
 611259
 611116
 611027
 610941
 610933
 610848
 610767
 610682
 610655
 610623
 610025
 609971
 609791
 609786
 609741
 609676
 609559
 609533
 608770
 608710
 608455
 608217
 608184
 608130
 607864
 607861
 607788
 607568
 607538
 607471
 607464
 607411
 607354
 607240
 606970
 606966
 606835
 606477
 606436
 606255
 606115
 606074
 606060
 605975
 605612
 605522
 605072
 605070
 605033
 604981
 604839
 604810
 604591
 604585
 604425
 604354
 604322
 604315
 604291
 604268
 604088
 604010
 603874
 603799
 603773
 603773
 603260
 603231
 603178
 603161
 603136
 603083
 602980
 602976
 602938
 602888
 602825
 602803
 602687
 602657
 602640
 602610
 602509
 602483
 602472
 602329
 602326
 602274
 602255
 602240
 602215
 602038
 601957
 601956
 601939
 601936
 601771
 601754
 601483
 601457
 601025
 600768
 600708
 600441
 600414
 600000
 600000
 599935
 599876
 599806
 599713
 599689
 599537
 599402
 599291
 599034
 599023
 599001
 598699
 598679
 598540
 598508
 598413
 598393
 598392
 598183
 598127
 597962
 597793
 597761
 597697
 597665
 597569
 597443
 597358
 597014
 597011
 596978
 596856
 596847
 596825
 596775
 596763
 596468
 596266
 596154
 596125
 595986
 595921
 595894
 595889
 595840
 595815
 595812
 595810
 595600
 595567
 595483
 595310
 595263
 595029
 594811
 594756
 594642
 594594
 594594
 594573
 594520
 594319
 594187
 594136
 594089
 593931
 593893
 593888
 593750
 593712
 593665
 593430
 593353
 593348
 593279
 593128
 593124
 593012
 592983
 592840
 592778
 592623
 592592
 592505
 592443
 592403
 592142
 591870
 591811
 591755
 591719
 591709
 591394
 591351
 591277
 591150
 591023
 591009
 590995
 590993
 590863
 590637
 590596
 590540
 590539
 590504
 590384
 590217
 590039
 589904
 589845
 589743
 589654
 589614
 589504
 589483
 589316
 589284
 589206
 589078
 588649
 588553
 588537
 588424
 588354
 588345
 588226
 588168
 588081
 588069
 587989
 587870
 587624
 587397
 587389
 587387
 587380
 587240
 587192
 587154
 587014
 586934
 586725
 586609
 586518
 586503
 586420
 586403
 586235
 586151
 585849
 585733
 585724
 585703
 585553
 585373
 585318
 585179
 585158
 585018
 584978
 584940
 584875
 584684
 584595
 584416
 584374
 584270
 584125
 584122
 584070
 583937
 583925
 583831
 583742
 583660
 583643
 583543
 583500
 583394
 583345
 583122
 583109
 583095
 583081
 582992
 582983
 582940
 582884
 582627
 582582
 582514
 582457
 582436
 582390
 582278
 582111
 581967
 581944
 581789
 581771
 581760
 581675
 581654
 581532
 581280
 581128
 581057
 580969
 580855
 580796
 580732
 580611
 580524
 580193
 580157
 579957
 579799
 579714
 579698
 579453
 579269
 579261
 579141
 579058
 579050
 578998
 578998
 578563
 578360
 578313
 577876
 577642
 577617
 577494
 577368
 577368
 577311
 577235
 577217
 577136
 577125
 577123
 577120
 577092
 577041
 576832
 576744
 576482
 576470
 576364
 576213
 576156
 575949
 575726
 575609
 575570
 575501
 575306
 575232
 575227
 575211
 574911
 574857
 574356
 574211
 574180
 574141
 573748
 573729
 573676
 573483
 573436
 573331
 573277
 572812
 572753
 572690
 572589
 572502
 572438
 572354
 572306
 572219
 572192
 571933
 571746
 571619
 571428
 571428
 571428
 571213
 571166
 570924
 570837
 570621
 570502
 570452
 570429
 570394
 570388
 570377
 570316
 570223
 570202
 570081
 569906
 569715
 569710
 569506
 569475
 569416
 569176
 569130
 569003
 568935
 568845
 568803
 568749
 568627
 568597
 568206
 568008
 567846
 567776
 567686
 567667
 567624
 567567
 567562
 567390
 567252
 567216
 567158
 566799
 566784
 566631
 566352
 566193
 566168
 566113
 566025
 565941
 565859
 565832
 565717
 565678
 565640
 565577
 565464
 565291
 565034
 564958
 564878
 564877
 564530
 564398
 564354
 564346
 564306
 564252
 564222
 564125
 564108
 564093
 563944
 563938
 563919
 563852
 563765
 563701
 563665
 563467
 563254
 563204
 563149
 563086
 563045
 562997
 562874
 562807
 562783
 562367
 562275
 562213
 562175
 561983
 561434
 561403
 561396
 561367
 561326
 561255
 561096
 561029
 561004
 560975
 560726
 560535
 560460
 560345
 560335
 560145
 560138
 560117
 560051
 559999
 559978
 559967
 559965
 559941
 559932
 559776
 559521
 559467
 559311
 559198
 558927
 558823
 558694
 558678
 558605
 558605
 558366
 558363
 558299
 558278
 558010
 557989
 557920
 557830
 557710
 557571
 557521
 557490
 557483
 557316
 557233
 557022
 556906
 556880
 556861
 556850
 556656
 556635
 556428
 556271
 555799
 555632
 555534
 555528
 555473
 555433
 555234
 555212
 554929
 554853
 554848
 554766
 554752
 554547
 554525
 554511
 554438
 554342
 554296
 554280
 554229
 553946
 553909
 553908
 553828
 553752
 553557
 553494
 553409
 553356
 553268
 553204
 553060
 552962
 552937
 552906
 552836
 552828
 552608
 552587
 552475
 552464
 552331
 552301
 552204
 552134
 552022
 551957
 551596
 551578
 551335
 551314
 550992
 550849
 550758
 550679
 550560
 550244
 550078
 549917
 549903
 549863
 549832
 549817
 549812
 549778
 549333
 549303
 549294
 549277
 549270
 549160
 549090
 549012
 548850
 548819
 548797
 548696
 548672
 548514
 548494
 548232
 548193
 548110
 547540
 547497
 547469
 547220
 547164
 547004
 546861
 546723
 546678
 546618
 546533
 546506
 546432
 546255
 546121
 546071
 545851
 545475
 545454
 545454
 545371
 545279
 545199
 545129
 545084
 544935
 544748
 544567
 544396
 544381
 544119
 543926
 543869
 543623
 543613
 543561
 543415
 543365
 543340
 543291
 543132
 542930
 542845
 542797
 542627
 542375
 542189
 541987
 541858
 541838
 541758
 541698
 541646
 541595
 541547
 541471
 541419
 541353
 541176
 541166
 541119
 541077
 540944
 540429
 540356
 540316
 540290
 540277
 540159
 539971
 539917
 539884
 539701
 539396
 539356
 539304
 539190
 539135
 539005
 538961
 538861
 538850
 538706
 538608
 538571
 538510
 538388
 538226
 538180
 537878
 537723
 537409
 537304
 537234
 537230
 536945
 536766
 536616
 536600
 536589
 536585
 536566
 536537
 536435
 536181
 536137
 536090
 535967
 535898
 535782
 535601
 535566
 535269
 535263
 535218
 535181
 535078
 534954
 534755
 534660
 534600
 534498
 534424
 534397
 534083
 534031
 533929
 533907
 533900
 533880
 533839
 533609
 533588
 533259
 533164
 533133
 533083
 533012
 532934
 532911
 532546
 532475
 532120
 531985
 531979
 531979
 531822
 531623
 531616
 531598
 531547
 531487
 531461
 531291
 531235
 531182
 531178
 531120
 530995
 530918
 530878
 530767
 530712
 530562
 530556
 530185
 530149
 530077
 529764
 529588
 529579
 529267
 528978
 528966
 528882
 528648
 528541
 528498
 528473
 528378
 528264
 528165
 528107
 527806
 527694
 527677
 527515
 527472
 527303
 527172
 527147
 527043
 526987
 526911
 526812
 526724
 526717
 526641
 526457
 526361
 526317
 526206
 526171
 526073
 525912
 525819
 525782
 525718
 525702
 525451
 525359
 524887
 524810
 524619
 524605
 524553
 524227
 524152
 524019
 524004
 523940
 523910
 523872
 523853
 523707
 523663
 523646
 523338
 523138
 522894
 522829
 522772
 522772
 522568
 522442
 522388
 522349
 522264
 522152
 522139
 522088
 522066
 521918
 521873
 521720
 521692
 521681
 521676
 521625
 521453
 521419
 521281
 520673
 520421
 520325
 519820
 519724
 519662
 519627
 519451
 519351
 519267
 519179
 519104
 518954
 518740
 518725
 518616
 518614
 518412
 518117
 518086
 517926
 517865
 517808
 517688
 517647
 517548
 517399
 517355
 517293
 517282
 516613
 516493
 516429
 516100
 515945
 515887
 515879
 515776
 515708
 515698
 515600
 515433
 515313
 515259
 515044
 514888
 514851
 514713
 514703
 514675
 514540
 514529
 514463
 514280
 514241
 514000
 513773
 513631
 513486
 513424
 513397
 513397
 513221
 513192
 512979
 512950
 512906
 512840
 512544
 512497
 512417
 512410
 512268
 512201
 512071
 512036
 511995
 511868
 511859
 511840
 511838
 511835
 511570
 511280
 511202
 510862
 510787
 510629
 510616
 510585
 510577
 510496
 510373
 510312
 510236
 510228
 510212
 510198
 509984
 509946
 509867
 509562
 509455
 509214
 509162
 508982
 508932
 508860
 508697
 508640
 508632
 508474
 508444
 508395
 508181
 508131
 508130
 508006
 507945
 507925
 507852
 507848
 507658
 507614
 507592
 507565
 507537
 507390
 507171
 507021
 507015
 506904
 506779
 506760
 506696
 506666
 506595
 506583
 506581
 506531
 506498
 506406
 506393
 506306
 506265
 506260
 505978
 505972
 505882
 505849
 505691
 505679
 505608
 505528
 505400
 505346
 505242
 505130
 504841
 504731
 504553
 504546
 504541
 504518
 504454
 504363
 504251
 504145
 504094
 503981
 503807
 503521
 503431
 503358
 503299
 503192
 503157
 502852
 502824
 502820
 502742
 502642
 502472
 502342
 502284
 502275
 502171
 502126
 502057
 502057
 501972
 501829
 501756
 501754
 501750
 501708
 501672
 501659
 501632
 501606
 501595
 501590
 501518
 501515
 501274
 501144
 501057
 500672
 500367
 500179
 500105
 500000
 499715
 499680
 499482
 499345
 499249
 499178
 499159
 499150
 498917
 498822
 498793
 498599
 498293
 498209
 498141
 498094
 498067
 497796
 497628
 497589
 497336
 497295
 497288
 497099
 496838
 496630
 496588
 496497
 496353
 496331
 496308
 496204
 496151
 496114
 496034
 495974
 495948
 495722
 495599
 495505
 495486
 495475
 495369
 495364
 495136
 495128
 495105
 495071
 494984
 494924
 494899
 494392
 494358
 494347
 494252
 494242
 494044
 493833
 493814
 493794
 493577
 493465
 493342
 493134
 493114
 493032
 492951
 492950
 492871
 492871
 492783
 492574
 492549
 492431
 492405
 492394
 492358
 492346
 492289
 492260
 492189
 492075
 492065
 491975
 491925
 491894
 491847
 491641
 491624
 491515
 491382
 491379
 491365
 491331
 491157
 491135
 491000
 490884
 490654
 490507
 490472
 490455
 490414
 490396
 490304
 490097
 490003
 489913
 489655
 489582
 489533
 489524
 489488
 489361
 489314
 489213
 488966
 488932
 488817
 488759
 488676
 488403
 488385
 488380
 488331
 488107
 488059
 487970
 487884
 487827
 487784
 487747
 487738
 487609
 487557
 487309
 487054
 486965
 486916
 486819
 486728
 486720
 486632
 486160
 486159
 486158
 486129
 485875
 485815
 485714
 485669
 485667
 485607
 485592
 485469
 485368
 485344
 485288
 485220
 485207
 485195
 485179
 485117
 484986
 484848
 484780
 484639
 484584
 484414
 484387
 484355
 484249
 484223
 483951
 483870
 483836
 483833
 483814
 483741
 483729
 483704
 483648
 483639
 483610
 483602
 483381
 483307
 483294
 483209
 483143
 482993
 482823
 482631
 482625
 482372
 482076
 481938
 481933
 481909
 481835
 481804
 481595
 481374
 481095
 481000
 480864
 480806
 480784
 480740
 480729
 480651
 480553
 480519
 480412
 480336
 480112
 479477
 479384
 479116
 479054
 478850
 478843
 478787
 478715
 478559
 478556
 478426
 478342
 478330
 478145
 478103
 478043
 478008
 477872
 477870
 477866
 477857
 477623
 477429
 477351
 477291
 477168
 477082
 476767
 476582
 476571
 476538
 476496
 476469
 476437
 476190
 476152
 475832
 475816
 475783
 475777
 475675
 475665
 475570
 475420
 475288
 475161
 475137
 475100
 475080
 474826
 474696
 474644
 474627
 474313
 474181
 474164
 474142
 474111
 474110
 474103
 473964
 473926
 473657
 473357
 473317
 473110
 472693
 472566
 472505
 472478
 472326
 472238
 472092
 472049
 471997
 471977
 471955
 471862
 471773
 471696
 471691
 471669
 471558
 471526
 471374
 471354
 471259
 471065
 470906
 470808
 470773
 470752
 470590
 470588
 470539
 470400
 470334
 470332
 470327
 470033
 470022
 469920
 469842
 469809
 469779
 469714
 469444
 469244
 469089
 469046
 468961
 468723
 468578
 468486
 468448
 468299
 468246
 468104
 468096
 468038
 467951
 467757
 467726
 467710
 467588
 467447
 467444
 467226
 467116
 466941
 466890
 466885
 466812
 466760
 466579
 466555
 466439
 466414
 466256
 466141
 466138
 466135
 466027
 465940
 465892
 465854
 465680
 465409
 465261
 465116
 465097
 464923
 464894
 464679
 464671
 464650
 464504
 464243
 464163
 464155
 464121
 464099
 463878
 463813
 463683
 463486
 463484
 463291
 463261
 463222
 463073
 463064
 462942
 462915
 462879
 462598
 462235
 462165
 462055
 461897
 461889
 461798
 461592
 461396
 461327
 461302
 461151
 461063
 460740
 460615
 460456
 460432
 460396
 460374
 460265
 460009
 459907
 459905
 459893
 459878
 459744
 459727
 459711
 459580
 459333
 459228
 459016
 459011
 458533
 458354
 458239
 457919
 457906
 457538
 457387
 457300
 457223
 456953
 456946
 456826
 456727
 456716
 456669
 456618
 456513
 456456
 456361
 456338
 455844
 455838
 455769
 455769
 455719
 455592
 455445
 455316
 455290
 455117
 455026
 455003
 454984
 454921
 454779
 454772
 454733
 454691
 454454
 454270
 454109
 454031
 454030
 454001
 453825
 453815
 453736
 453504
 453467
 453428
 453422
 453092
 452926
 452910
 452768
 452605
 452568
 452562
 452545
 452523
 452517
 452261
 452205
 452137
 452074
 451944
 451794
 451773
 451649
 451628
 451621
 451603
 451595
 451538
 451528
 451466
 451364
 451335
 451285
 451196
 451063
 451042
 450948
 450870
 450786
 450611
 450539
 450444
 450399
 450275
 450201
 450098
 450063
 449962
 449763
 449672
 449670
 449458
 449292
 449165
 449162
 449117
 448785
 448758
 448610
 448580
 448546
 448469
 448443
 448193
 447922
 447876
 447800
 447663
 447646
 447590
 447511
 447482
 447157
 447151
 447069
 446955
 446761
 446622
 446379
 446321
 446220
 446046
 445896
 445881
 445848
 445846
 445706
 445640
 445621
 445605
 445508
 445333
 445329
 445326
 445231
 444940
 444805
 444545
 444252
 444185
 444130
 444097
 443929
 443853
 443522
 443512
 443221
 443202
 442876
 442829
 442467
 442403
 442394
 442194
 442136
 442021
 441993
 441895
 441804
 441737
 441669
 441614
 441587
 441584
 441490
 441362
 441349
 441321
 441080
 441001
 440993
 440944
 440918
 440852
 440809
 440771
 440677
 440524
 440425
 440382
 440284
 440236
 440118
 440110
 439828
 439679
 439450
 439399
 439308
 439144
 439075
 439065
 438879
 438831
 438775
 438587
 438461
 438378
 438356
 438264
 438215
 438192
 438124
 438032
 437797
 437627
 437570
 437415
 437266
 437192
 437171
 437087
 436992
 436781
 436719
 436716
 436659
 436584
 436485
 436391
 436337
 436319
 436280
 436233
 436227
 436222
 435970
 435897
 435835
 435806
 435687
 435684
 435594
 435467
 435435
 435368
 435340
 435294
 435257
 435138
 435111
 435004
 434737
 434495
 434416
 434402
 434327
 434325
 434005
 433992
 433962
 433953
 433938
 433896
 433773
 433759
 433515
 433455
 433340
 433307
 433302
 433158
 433156
 432975
 432942
 432889
 432771
 432700
 432519
 432518
 432314
 432186
 432065
 432060
 432050
 431909
 431760
 431677
 431649
 431486
 431356
 431353
 431092
 431064
 430778
 430769
 430698
 430642
 430555
 430398
 430296
 430244
 429729
 429527
 429505
 429461
 429410
 429271
 429271
 429212
 429037
 428912
 428774
 428571
 428571
 428351
 428349
 428292
 428232
 428227
 428123
 428120
 428093
 428086
 428083
 428041
 428020
 427963
 427878
 427826
 427787
 427502
 427355
 427314
 427304
 427256
 427214
 427129
 427109
 427045
 426924
 426773
 426465
 426217
 426197
 426157
 425668
 425605
 425592
 425525
 425419
 425383
 425237
 425208
 425177
 424707
 424674
 424583
 424555
 424534
 424511
 424301
 424178
 424156
 423799
 423768
 423465
 423458
 423162
 423110
 422971
 422955
 422909
 422867
 422446
 422275
 422193
 422145
 421734
 421728
 421700
 421573
 421455
 421437
 421432
 421377
 421057
 420903
 420726
 420690
 420613
 420579
 420548
 420511
 420507
 420497
 420284
 420168
 419632
 419592
 419468
 419291
 418924
 418835
 418713
 418645
 418642
 418406
 418214
 418003
 417943
 417897
 417874
 417853
 417763
 417711
 417632
 417245
 417195
 417022
 416789
 416757
 416708
 416666
 416524
 416478
 416297
 416271
 416213
 416037
 415988
 415967
 415767
 415701
 415094
 415016
 414989
 414878
 414814
 414787
 414766
 414759
 414544
 414321
 414214
 414162
 414158
 414088
 413995
 413959
 413915
 413766
 413529
 413414
 413307
 413287
 413139
 413109
 412952
 412693
 412613
 412518
 412477
 412461
 412372
 412034
 411931
 411847
 411801
 411646
 411226
 411224
 411214
 411047
 411042
 410909
 410687
 410662
 410443
 410260
 409993
 409731
 409696
 409361
 409266
 409153
 408987
 408900
 408886
 408868
 408733
 408361
 408229
 408079
 408062
 408005
 407871
 407798
 407650
 407257
 407026
 407021
 406853
 406779
 406583
 406537
 406520
 406505
 406497
 406389
 406264
 406187
 406066
 406047
 406004
 405951
 405911
 405805
 405748
 405691
 405571
 405389
 405165
 405059
 404981
 404773
 404677
 404673
 404604
 404567
 404541
 404462
 404251
 404187
 404180
 404161
 404140
 404072
 404059
 404044
 403718
 403578
 403496
 403390
 402990
 402939
 402730
 402457
 402413
 402356
 402343
 402323
 402298
 402235
 402234
 402215
 402205
 401816
 401813
 401709
 401407
 401309
 401085
 400712
 400671
 400449
 400417
 400032
 400000
 400000
 399999
 399942
 399804
 399705
 399650
 399579
 399294
 399256
 399113
 398667
 398659
 398495
 398449
 398431
 398429
 398420
 398315
 398070
 397741
 397456
 397415
 397402
 397143
 397069
 396922
 396774
 396655
 396469
 396447
 396241
 396055
 396009
 395773
 395756
 395498
 395471
 395314
 395298
 395082
 394957
 394896
 394567
 394561
 394553
 394451
 394268
 394106
 393871
 393857
 393850
 393258
 393234
 393139
 392942
 392887
 392763
 392757
 392749
 392681
 392681
 392498
 392445
 392350
 392252
 392220
 392096
 391861
 391811
 391594
 391585
 391566
 391460
 391446
 391431
 391430
 391392
 391304
 391236
 391209
 391065
 390990
 390752
 390663
 390572
 390543
 390405
 390370
 390333
 390319
 390319
 390261
 390243
 390163
 390067
 390011
 389943
 389730
 389367
 389121
 389062
 388965
 388957
 388852
 388793
 388763
 388537
 388518
 388416
 388273
 387663
 387617
 387330
 387301
 387279
 387168
 387096
 387059
 386969
 386930
 386772
 386758
 386474
 386408
 386384
 386315
 386186
 386057
 386025
 385932
 385914
 385906
 385786
 385685
 385678
 385467
 385441
 385416
 385329
 385250
 385230
 385082
 385069
 385066
 385014
 384939
 384911
 384824
 384823
 384799
 384797
 384719
 384672
 384441
 384384
 384367
 384262
 384152
 384133
 384103
 384026
 383976
 383877
 383801
 383771
 383599
 383541
 383535
 383471
 383420
 383281
 382978
 382948
 382848
 382684
 382660
 382548
 382505
 382454
 382444
 382284
 382097
 382071
 382022
 381886
 381536
 381506
 381477
 381461
 381391
 381386
 381143
 381121
 380652
 380587
 380445
 380345
 380319
 380119
 380066
 380000
 379953
 379764
 379746
 379738
 379605
 379367
 379294
 379214
 379036
 379012
 378975
 378933
 378759
 378407
 378378
 378189
 378163
 378058
 378003
 377917
 377662
 377532
 377340
 377202
 377179
 377099
 377093
 377067
 376940
 376872
 376847
 376797
 376497
 376337
 376129
 376127
 375712
 375661
 375628
 375550
 375510
 375504
 375309
 375269
 375000
 374983
 374960
 374938
 374718
 374287
 374226
 374156
 374129
 373850
 373786
 373737
 373709
 373377
 373302
 373226
 373226
 373107
 373076
 372972
 372854
 372759
 372563
 372558
 372549
 372439
 372239
 372204
 372153
 372129
 371987
 371719
 371686
 371672
 371665
 371481
 371334
 371122
 371086
 371026
 371008
 370995
 370902
 370869
 370425
 370251
 370223
 370172
 370068
 370021
 369922
 369899
 369789
 369739
 369738
 369685
 369641
 369619
 369526
 369524
 369497
 369422
 369376
 369344
 369337
 369279
 369147
 369017
 368693
 368515
 368421
 368336
 368152
 367990
 367932
 367890
 367860
 367804
 367802
 367798
 367681
 367646
 367510
 367441
 367375
 367256
 367162
 367100
 367083
 367070
 367055
 366966
 366944
 366899
 366273
 366197
 365882
 365591
 365580
 365568
 365521
 365173
 365161
 365081
 365010
 364982
 364916
 364780
 364769
 364601
 364494
 364288
 364161
 364130
 363942
 363920
 363642
 363508
 363466
 363315
 363278
 362897
 362732
 362699
 362694
 362654
 362649
 362562
 362290
 362267
 362071
 362061
 361992
 361888
 361732
 361602
 361572
 361430
 361308
 361204
 361106
 361001
 360888
 360663
 360627
 360563
 360547
 360512
 360257
 360232
 360146
 359957
 359500
 359497
 359205
 359124
 358971
 358931
 358799
 358787
 358786
 358417
 358403
 358279
 358257
 358250
 358093
 358067
 357644
 357629
 357295
 357231
 357221
 357204
 356977
 356880
 356822
 356742
 356740
 356321
 356293
 356260
 356062
 355881
 355831
 355809
 355784
 355542
 355340
 355329
 354995
 354985
 354954
 354871
 354838
 354799
 354723
 354717
 354639
 354542
 354482
 354409
 354372
 354297
 354265
 353958
 353814
 353703
 353584
 353496
 353336
 353197
 352941
 352755
 352621
 352321
 352297
 352201
 352027
 351968
 351937
 351866
 351856
 351771
 351498
 351351
 351349
 351291
 351097
 350973
 350870
 350847
 350724
 350631
 350583
 350508
 350336
 350306
 350289
 350233
 350158
 350093
 349970
 349961
 349660
 349529
 349461
 349426
 348925
 348786
 348383
 348264
 348178
 348071
 348006
 347907
 347904
 347361
 347211
 347197
 347128
 346936
 346796
 346710
 346630
 346613
 346500
 346401
 346298
 346180
 345537
 345531
 345362
 345306
 345296
 345295
 345281
 345218
 345044
 344957
 344678
 344581
 344567
 344436
 344314
 344180
 344066
 343789
 343733
 343722
 343393
 342838
 342545
 342483
 342281
 342281
 342222
 342084
 341944
 341921
 341835
 341695
 341618
 341567
 341414
 341367
 341167
 341115
 341052
 340966
 340903
 340892
 340876
 340814
 340779
 340748
 340740
 340695
 340659
 340445
 340318
 340300
 340120
 340113
 340012
 339988
 339854
 339805
 339774
 339767
 339527
 339469
 339303
 338857
 338847
 338688
 338557
 338504
 338199
 338100
 338052
 338030
 337962
 337925
 337792
 337746
 337712
 337662
 337594
 337571
 337552
 337548
 337485
 337444
 337394
 337362
 337251
 337184
 337179
 337077
 336818
 336503
 336490
 336440
 336391
 335909
 335859
 335696
 335634
 335550
 335517
 335483
 335461
 335386
 335370
 335135
 335031
 334586
 334526
 334525
 334136
 333957
 333527
 333333
 333333
 333145
 333101
 333028
 332428
 332425
 332411
 332366
 332202
 332152
 331948
 331923
 331912
 331874
 331752
 331602
 331553
 331511
 331407
 331308
 331171
 331079
 330946
 330852
 330739
 330508
 330427
 330381
 330077
 329926
 329896
 329868
 329569
 329132
 328997
 328963
 328830
 328509
 328259
 328118
 327947
 327601
 327567
 327485
 327469
 327433
 327333
 327331
 327310
 327255
 327246
 327146
 327077
 326839
 326757
 326672
 326620
 326424
 326319
 326315
 326307
 326053
 325961
 325821
 325779
 325507
 325433
 325246
 325000
 324879
 324822
 324727
 324578
 324475
 324461
 324208
 324156
 324119
 324099
 324076
 324055
 323917
 323650
 323643
 323589
 323552
 323484
 323465
 323332
 323005
 322790
 322645
 322551
 322533
 322424
 322365
 322314
 322255
 322185
 322158
 321835
 321752
 321703
 321602
 321442
 321373
 321334
 321216
 321212
 320709
 320522
 320450
 320373
 320271
 320212
 319938
 319682
 319639
 319613
 319595
 319559
 319352
 319174
 319130
 318898
 318820
 318764
 318698
 318677
 318582
 318559
 318546
 318376
 318276
 318210
 318139
 318026
 318006
 317926
 317894
 317661
 317626
 317480
 317444
 317425
 317178
 317152
 317084
 316974
 316970
 316932
 316844
 316822
 316717
 316699
 316560
 316534
 316503
 316342
 316310
 316293
 316066
 316023
 315690
 315543
 315524
 315466
 315153
 315151
 315127
 315048
 315033
 314980
 314848
 314733
 314717
 314685
 314606
 314523
 314340
 314333
 314324
 314309
 314261
 314156
 314132
 314099
 314087
 314080
 313910
 313848
 313805
 313665
 313617
 313574
 313537
 313489
 313299
 313283
 313127
 313061
 313053
 312928
 312926
 312896
 312825
 312806
 312623
 312331
 312246
 312210
 312096
 311999
 311963
 311940
 311818
 311788
 311735
 311590
 311572
 311528
 311491
 311293
 311055
 310920
 310898
 310828
 310661
 310627
 310595
 310553
 310463
 310359
 310344
 310320
 310155
 310085
 310034
 309982
 309764
 309547
 309511
 309242
 309239
 309150
 308994
 308852
 308832
 308798
 308791
 308678
 308647
 308431
 308329
 308186
 308153
 307996
 307995
 307990
 307967
 307962
 307920
 307877
 307692
 307601
 307446
 307403
 307388
 307321
 307120
 306993
 306946
 306944
 306935
 306933
 306883
 306855
 306836
 306733
 306600
 306398
 306356
 306236
 305882
 305747
 305703
 305652
 305598
 305555
 305386
 305312
 305212
 305106
 305027
 304872
 304636
 304520
 304453
 304452
 304444
 304437
 304420
 304276
 304230
 304059
 304010
 303829
 303749
 303731
 303700
 303690
 303616
 303583
 303546
 303342
 303212
 303189
 303122
 302997
 302978
 302963
 302738
 302714
 302708
 302375
 302233
 302116
 302005
 301939
 301800
 301782
 301767
 301663
 301648
 301418
 301354
 301342
 301147
 301013
 300988
 300826
 300822
 300729
 300726
 300466
 300451
 300394
 300280
 300255
 300166
 300121
 300097
 300074
 299898
 299864
 299853
 299850
 299633
 299630
 299410
 299310
 299293
 299058
 299048
 298864
 298829
 298802
 298769
 298670
 298585
 298523
 298521
 298508
 298506
 298451
 298332
 298232
 298229
 298050
 298044
 297972
 297530
 297435
 297423
 297188
 297135
 297116
 296902
 296796
 296730
 296600
 296576
 296573
 296323
 296115
 295976
 295703
 295577
 295573
 295476
 295467
 295240
 295169
 295138
 295126
 295080
 294901
 294895
 294732
 294583
 294506
 294412
 294397
 294382
 294307
 294209
 294183
 293992
 293947
 293779
 293715
 293670
 293551
 293445
 293322
 293241
 293219
 292929
 292909
 292862
 292682
 292560
 292482
 292472
 292402
 292400
 292326
 292323
 292100
 291891
 291882
 291752
 291574
 291536
 291185
 291178
 291149
 291123
 291117
 291053
 290999
 290867
 290698
 290672
 290518
 290342
 290286
 290273
 290205
 289972
 289847
 289840
 289729
 289582
 289530
 289521
 289440
 289381
 289288
 289214
 289153
 289076
 289061
 288893
 288669
 288557
 288480
 288453
 288399
 288379
 288378
 288044
 288042
 288027
 287815
 287692
 287652
 287600
 287545
 287390
 287333
 287315
 287278
 287277
 287070
 287058
 286978
 286972
 286919
 286773
 286736
 286622
 286551
 286442
 286406
 286268
 286241
 286022
 285990
 285714
 285714
 285631
 285556
 285509
 285406
 285345
 285317
 285273
 285240
 285009
 284924
 284916
 284883
 284842
 284773
 284622
 284403
 284128
 283965
 283948
 283924
 283854
 283834
 283684
 283666
 283634
 283510
 283349
 283215
 283067
 283007
 282919
 282786
 282774
 282664
 282660
 282550
 282508
 282497
 282418
 282384
 282051
 282049
 282039
 281762
 281706
 281703
 281632
 281564
 281524
 281513
 281444
 281304
 281058
 280980
 280978
 280896
 280863
 280858
 280607
 280607
 280606
 280180
 280042
 280039
 279944
 279892
 279709
 279562
 279422
 279416
 279069
 278915
 278900
 278899
 278698
 278463
 278422
 278408
 278158
 278148
 277950
 277900
 277627
 277601
 277545
 277442
 277418
 277394
 277314
 277260
 277027
 276943
 276687
 276595
 276474
 276387
 276383
 276363
 275956
 275707
 275675
 275608
 275588
 275587
 275404
 275326
 275132
 275052
 274956
 274831
 274654
 274496
 274479
 274478
 274408
 274174
 274129
 274064
 274032
 273990
 273786
 273333
 273318
 273264
 273161
 273159
 273142
 273140
 273064
 273060
 273011
 272966
 272727
 272544
 272474
 272360
 272324
 272281
 272185
 272108
 271911
 271908
 271747
 271734
 271576
 271555
 271514
 271485
 271484
 271456
 271426
 271369
 271239
 271140
 271067
 270999
 270850
 270693
 270597
 270406
 270379
 270290
 270264
 270177
 270056
 270033
 270021
 269726
 269665
 269529
 269461
 268842
 268744
 268683
 268640
 268156
 268147
 268140
 268098
 268096
 268077
 268071
 267977
 267963
 267833
 267593
 267578
 267563
 267382
 267278
 267220
 267187
 267062
 266796
 266621
 266608
 266565
 266401
 266286
 266259
 266202
 266094
 266072
 265988
 265913
 265859
 265662
 265482
 264945
 264878
 264595
 264438
 264378
 264319
 264069
 263984
 263982
 263918
 263724
 263653
 263631
 263554
 263511
 263466
 263302
 263219
 263131
 262954
 262804
 262661
 262648
 262623
 262472
 262340
 262266
 262210
 262032
 261891
 261829
 261796
 261794
 261744
 261610
 261545
 261435
 261363
 261267
 261146
 261062
 260952
 260770
 260482
 260273
 260268
 260237
 260140
 259972
 259860
 259822
 259786
 259667
 259666
 259587
 259504
 259386
 259308
 259259
 259162
 258788
 258585
 258580
 258461
 258363
 258064
 258064
 257846
 257818
 257796
 257680
 257262
 257216
 257157
 257054
 256819
 256788
 256612
 256585
 256533
 256435
 256429
 256387
 256308
 256279
 256220
 256165
 256151
 256113
 256087
 255784
 255613
 255421
 255348
 255172
 254854
 254835
 254830
 254461
 254413
 254374
 254343
 254279
 254006
 253990
 253764
 253754
 253639
 253617
 253542
 253284
 253273
 253091
 253012
 252986
 252805
 252796
 252673
 252671
 252617
 252503
 252481
 252374
 252330
 252311
 252206
 252054
 251891
 251857
 251793
 251728
 251709
 251700
 251676
 251621
 251618
 251495
 251299
 251252
 251143
 251087
 251028
 250975
 250975
 250868
 250801
 250762
 250742
 250678
 250666
 250658
 250642
 250614
 250538
 250507
 250273
 250111
 250090
 250065
 250060
 250000
 249546
 249448
 249440
 249350
 249199
 249144
 248985
 248978
 248909
 248815
 248760
 248708
 248600
 248456
 248336
 247974
 247949
 247843
 247839
 247545
 247240
 247232
 247207
 247137
 247135
 247039
 246915
 246671
 246652
 246535
 246376
 246332
 246294
 246191
 246178
 246043
 246025
 245901
 245884
 245714
 245532
 245509
 245360
 245298
 245283
 245182
 245087
 244976
 244965
 244733
 244650
 244643
 244581
 244566
 244563
 244465
 244438
 244291
 244085
 243999
 243999
 243913
 243902
 243807
 243799
 243624
 243614
 243599
 243589
 243243
 243225
 242938
 242872
 242780
 242725
 242718
 242715
 242706
 242614
 242452
 242424
 242304
 242212
 241991
 241960
 241876
 241843
 241797
 241793
 241728
 241635
 241498
 241392
 241379
 241316
 241306
 241081
 241029
 240909
 240894
 240628
 240601
 240483
 240399
 240330
 240325
 240125
 240082
 240000
 239837
 239704
 239689
 239484
 239312
 239298
 239250
 239175
 238991
 238842
 238786
 238784
 238668
 238510
 238483
 238470
 238412
 238326
 238270
 238143
 238140
 237939
 237778
 237687
 237623
 237528
 237373
 237323
 237288
 237125
 237042
 236781
 236743
 236709
 236702
 236326
 236291
 236126
 236072
 236032
 235903
 235730
 235678
 235659
 235426
 235408
 235266
 235099
 234863
 234816
 234750
 234734
 234587
 234476
 234345
 234310
 234219
 233956
 233906
 233896
 233801
 233782
 233707
 233596
 233581
 233276
 233239
 233153
 233003
 232610
 232402
 232391
 232264
 232191
 231984
 231954
 231931
 231482
 231368
 231069
 230967
 230921
 230891
 230889
 230843
 230814
 230793
 230603
 230386
 230367
 230335
 230330
 229990
 229917
 229901
 229756
 229683
 229663
 229531
 229512
 229419
 229240
 229128
 229110
 229102
 229032
 228996
 228956
 228813
 228773
 228746
 228641
 228477
 228404
 228337
 228279
 228132
 228088
 227985
 227797
 227272
 226956
 226812
 226730
 226678
 226562
 226456
 226200
 226137
 226019
 225742
 225643
 225500
 225025
 224983
 224785
 224719
 224538
 224350
 224212
 224092
 223854
 223835
 223829
 223591
 223541
 223539
 223467
 223461
 223388
 223167
 222900
 222793
 222629
 222351
 222348
 222320
 222222
 222222
 222043
 222036
 221485
 221366
 221350
 221343
 220879
 220867
 220792
 220741
 220705
 220645
 220264
 220198
 220162
 220006
 219984
 219942
 219794
 219716
 219640
 219590
 219538
 219524
 219413
 219215
 218993
 218904
 218760
 218728
 218666
 218634
 218574
 218573
 218484
 218412
 218380
 218362
 218332
 218274
 218135
 218045
 218031
 218009
 217873
 217860
 217797
 217711
 217629
 217573
 217441
 217176
 217142
 217140
 217042
 216846
 216807
 216767
 216719
 216150
 215776
 215686
 215623
 215570
 215388
 215043
 215028
 214985
 214914
 214840
 214808
 214795
 214793
 214602
 214594
 214529
 214409
 214256
 214066
 213960
 213711
 213574
 213543
 213520
 213115
 213017
 212931
 212908
 212748
 212743
 212515
 212436
 212435
 212389
 212309
 212062
 211989
 211969
 211895
 211735
 211625
 211618
 211609
 211569
 211369
 211302
 211244
 210957
 210627
 210612
 210482
 210359
 210224
 210084
 209973
 209956
 209928
 209893
 209808
 209798
 209781
 209755
 209751
 209646
 209634
 209618
 209550
 209466
 209436
 209262
 209258
 209178
 208940
 208812
 208690
 208448
 208378
 208350
 208251
 208244
 208098
 208066
 207898
 207847
 207649
 207560
 207475
 207449
 207407
 207256
 207146
 207063
 207057
 206951
 206908
 206890
 206880
 206856
 206820
 206464
 206333
 206261
 206215
 205924
 205877
 205626
 205490
 205472
 205357
 205262
 205092
 204948
 204396
 204387
 204270
 204156
 204128
 204103
 204002
 203957
 203955
 203791
 203784
 203662
 203549
 203473
 203371
 203287
 203103
 203103
 202989
 202881
 202819
 202815
 202809
 202794
 202312
 202185
 202164
 202134
 201937
 201793
 201770
 201743
 201680
 201583
 201550
 201535
 201444
 201420
 201328
 201174
 201102
 201053
 201038
 201026
 200894
 200885
 200850
 200742
 200478
 200470
 200468
 200415
 200364
 200334
 200333
 200328
 200194
 200146
 199999
 199999
 199999
 199933
 199824
 199802
 199635
 199618
 199586
 199573
 199560
 199449
 199215
 199161
 198895
 198740
 198556
 198275
 198199
 198117
 198096
 198062
 198059
 198016
 197994
 197882
 197808
 197803
 197751
 197474
 197385
 197247
 197237
 197199
 197128
 197076
 196916
 196721
 196588
 196494
 196432
 196335
 196197
 195885
 195771
 195432
 195402
 195215
 195164
 195104
 195100
 194797
 194419
 194100
 194086
 194074
 193965
 193854
 193710
 193636
 193434
 193200
 192973
 192848
 192779
 192771
 192674
 192660
 192615
 192558
 192525
 192513
 192504
 192349
 192219
 191933
 191888
 191878
 191820
 191709
 191693
 191529
 191498
 191488
 191468
 191333
 191321
 191311
 191258
 191032
 190789
 190760
 190476
 190463
 190080
 190078
 189979
 189890
 189838
 189626
 189617
 189551
 189513
 189508
 189204
 189145
 188693
 188679
 188551
 188512
 188481
 188318
 188235
 188056
 187872
 187670
 187479
 187472
 187401
 187366
 187360
 187336
 187265
 187083
 187042
 186666
 186575
 186440
 186418
 186336
 186301
 186239
 186046
 185806
 185577
 185446
 185415
 185300
 185210
 185069
 185064
 184973
 184836
 184834
 184761
 184734
 184691
 184554
 184233
 184223
 184147
 184016
 183844
 183723
 183722
 183520
 183449
 183425
 183378
 183374
 183351
 183328
 183310
 183240
 183168
 182963
 182711
 182701
 182591
 182579
 182453
 182391
 182360
 182328
 182141
 181986
 181855
 181818
 181818
 181818
 181781
 181571
 181553
 181437
 181356
 181338
 181256
 181094
 181081
 180835
 180749
 180715
 180704
 180641
 180412
 180347
 180281
 180169
 179942
 179907
 179898
 179802
 179763
 179670
 179633
 179543
 179431
 179359
 179190
 178971
 178858
 178815
 178814
 178786
 178675
 178582
 178559
 178362
 178362
 178056
 177891
 177871
 177750
 177713
 177440
 177407
 177383
 177302
 177262
 177240
 176975
 176895
 176790
 176776
 176534
 176441
 176409
 176186
 176026
 175895
 175867
 175788
 175738
 175675
 175557
 175506
 175505
 175454
 175346
 175127
 174957
 174863
 174707
 174656
 174499
 174240
 174213
 173948
 173841
 173674
 173631
 173176
 173132
 172908
 172665
 172601
 172552
 172413
 172355
 172293
 172106
 172039
 171999
 171990
 171912
 171719
 171673
 171642
 171577
 171495
 171482
 171428
 171379
 171248
 171064
 171054
 170985
 170966
 170937
 170915
 170614
 170603
 170566
 170176
 170092
 169937
 169907
 169832
 169787
 169683
 169683
 169671
 169545
 169533
 169351
 169308
 169300
 169138
 169136
 168881
 168814
 168781
 168727
 168581
 168559
 168455
 168414
 168196
 168164
 168151
 168081
 168072
 168040
 167971
 167922
 167852
 167407
 167218
 167143
 167106
 167095
 166795
 166666
 166666
 166635
 166213
 166153
 166010
 165919
 165743
 165601
 165550
 165332
 164950
 164882
 164877
 164855
 164773
 164647
 164641
 164627
 164571
 164508
 164394
 164147
 164135
 164037
 164019
 164003
 163845
 163784
 163673
 163636
 163616
 163596
 163495
 163148
 163113
 163051
 163040
 162949
 162932
 162899
 162672
 162536
 161909
 161703
 161493
 161361
 161228
 161187
 161028
 161010
 160865
 160801
 160683
 160640
 160626
 160602
 160525
 160427
 160396
 160324
 160058
 160011
 159569
 159105
 159028
 158752
 158655
 158558
 158508
 158436
 158326
 158325
 158297
 158273
 158267
 158157
 158130
 158098
 158043
 157904
 157897
 157894
 157864
 157747
 157741
 157695
 157626
 157598
 157595
 157545
 157502
 157477
 157444
 157363
 157232
 156983
 156972
 156939
 156932
 156804
 156692
 156311
 156276
 156275
 156229
 156184
 156112
 156109
 156024
 155963
 155889
 155852
 155800
 155516
 155421
 155314
 155013
 154908
 154858
 154763
 154725
 154398
 154366
 154286
 154266
 154068
 154056
 154040
 154003
 153990
 153854
 153820
 153660
 153589
 153581
 153411
 153377
 153328
 153260
 153226
 153221
 153203
 153164
 153094
 153034
 152994
 152617
 152617
 152579
 152565
 152177
 152117
 152008
 151816
 151454
 151437
 151203
 151138
 150842
 150837
 150730
 150720
 150548
 150485
 150442
 150324
 150290
 150275
 150000
 149789
 149725
 149720
 149709
 149508
 149494
 149366
 149365
 149360
 149353
 149210
 149065
 148877
 148805
 148610
 148585
 148521
 148379
 148366
 148217
 148198
 148183
 148109
 147975
 147783
 147783
 147613
 147611
 147588
 147486
 147471
 147436
 147336
 147299
 147290
 147254
 147168
 147093
 147089
 147075
 146875
 146853
 146727
 146610
 146519
 146466
 146312
 146158
 146115
 145985
 145852
 145788
 145702
 145536
 145530
 145525
 145297
 145178
 144957
 144911
 144903
 144877
 144835
 144814
 144763
 144637
 144606
 144584
 144494
 144265
 144199
 144187
 144171
 144167
 144144
 144124
 144013
 144005
 144000
 143721
 143504
 143393
 143338
 143248
 143174
 143122
 143044
 143007
 142904
 142857
 142857
 142783
 142775
 142677
 142637
 142443
 142437
 142403
 142382
 142343
 142328
 142317
 142305
 142271
 142078
 142056
 142014
 141919
 141772
 141753
 141661
 141620
 141542
 141065
 141049
 140927
 140889
 140463
 140461
 140298
 140173
 140110
 139922
 139874
 139796
 139569
 139443
 139340
 139307
 139188
 138943
 138942
 138894
 138831
 138824
 138781
 138683
 138524
 138211
 137851
 137825
 137814
 137717
 137519
 137459
 137365
 137351
 137173
 137017
 136921
 136882
 136687
 136496
 136488
 136342
 136334
 136063
 135978
 135935
 135929
 135896
 135773
 135728
 135640
 135590
 135581
 135498
 135483
 135451
 135422
 135397
 135306
 135296
 135198
 135020
 134930
 134910
 134908
 134890
 134883
 134792
 134688
 134609
 134449
 134347
 134286
 134260
 133944
 133840
 133714
 133659
 133628
 133609
 133571
 133502
 133485
 133453
 133444
 133408
 133343
 133313
 133216
 133111
 133002
 132915
 132731
 132584
 132582
 132360
 132232
 132063
 132007
 131995
 131773
 131614
 131578
 131569
 131502
 131490
 131341
 131286
 131285
 131277
 131163
 131147
 131113
 130928
 130778
 130680
 130644
 130597
 130578
 130304
 130205
 130201
 130097
 129930
 129876
 129629
 129598
 129544
 129525
 129484
 128903
 128831
 128808
 128724
 128606
 128246
 128218
 128151
 128026
 127933
 127892
 127555
 127487
 127486
 127264
 127005
 126499
 126271
 126098
 126091
 126025
 125673
 125594
 125581
 125531
 125434
 125269
 125238
 125139
 125060
 125055
 125029
 124984
 124889
 124885
 124812
 124759
 124645
 124606
 124392
 124375
 124267
 124216
 124197
 123809
 123751
 123614
 123537
 123409
 123318
 123185
 123151
 123043
 123033
 123018
 122997
 122739
 122704
 122542
 122490
 122436
 122309
 122183
 121945
 121920
 121902
 121610
 121598
 121506
 121184
 120975
 120927
 120892
 120778
 120772
 120724
 120522
 120469
 120200
 119907
 119901
 119658
 119658
 119601
 119547
 119532
 119449
 119331
 119327
 119292
 119091
 119066
 118934
 118814
 118800
 118358
 118347
 118279
 118251
 117902
 117726
 117549
 117535
 117417
 117076
 117069
 116963
 116883
 116809
 116745
 116705
 116640
 116607
 116591
 116296
 115879
 115822
 115802
 115646
 115624
 115534
 115488
 115403
 115363
 115321
 115307
 115166
 114815
 114754
 114717
 114690
 114628
 114263
 114073
 113821
 113759
 113541
 113087
 113050
 113023
 112548
 112514
 112480
 112479
 112469
 112424
 112336
 112310
 112211
 112181
 112132
 112107
 112099
 111922
 111789
 111739
 111719
 111714
 111576
 111542
 111473
 111060
 110969
 110865
 110636
 110272
 110233
 110231
 110064
 110053
 110022
 109998
 109930
 109858
 109606
 109557
 109507
 109422
 109393
 109333
 109333
 109032
 108986
 108808
 108744
 108374
 108370
 108277
 108159
 108073
 108025
 107962
 107936
 107837
 107612
 107579
 107453
 107242
 107120
 107067
 107047
 106982
 106937
 106859
 106694
 106630
 106579
 106444
 106434
 105907
 105810
 105740
 105706
 105576
 105358
 105160
 105146
 105100
 104936
 104930
 104677
 104672
 104522
 104460
 104294
 104283
 104255
 104153
 104144
 103999
 103849
 103811
 103754
 103703
 103571
 103569
 103560
 103365
 102993
 102974
 102967
 102947
 102941
 102935
 102673
 102661
 102626
 102559
 102556
 102509
 102481
 102219
 102125
 101991
 101981
 101744
 101632
 101596
 101567
 101503
 101461
 101247
 101204
 101063
 100752
 100673
 100274
 100264
 100191
 100102
 99923
 99876
 99873
 99811
 99444
 99421
 99363
 99193
 99133
 99102
 99040
 98996
 98908
 98677
 98534
 98465
 98459
 98436
 98389
 98297
 98169
 98133
 98115
 98000
 97736
 97727
 97698
 97572
 97560
 97542
 97315
 97192
 97159
 97152
 96937
 96814
 96805
 96762
 96743
 96712
 96686
 96385
 96353
 96305
 96290
 96278
 96063
 96032
 95949
 95872
 95814
 95777
 95690
 95620
 95516
 95496
 95430
 95391
 95285
 95280
 95269
 95231
 95227
 95121
 95115
 95049
 95025
 94857
 94751
 94685
 94638
 94436
 94420
 94334
 93919
 93864
 93821
 93761
 93622
 93398
 93195
 92796
 92694
 92636
 92329
 92073
 92027
 91354
 91326
 91314
 91162
 91108
 91020
 90843
 90832
 90783
 90647
 90614
 90435
 90433
 90431
 90380
 90214
 90154
 90085
 90000
 89895
 89664
 89610
 89588
 89520
 89452
 89436
 89138
 88942
 88927
 88875
 88867
 88847
 88818
 88739
 88648
 88641
 88607
 88607
 88521
 88516
 88445
 88282
 88268
 87996
 87985
 87927
 87920
 87218
 87210
 87152
 86963
 86956
 86914
 86868
 86849
 86717
 86676
 86367
 86359
 86124
 86030
 85964
 85790
 85647
 85585
 85580
 85563
 85406
 85052
 84981
 84977
 84917
 84752
 84297
 84167
 84024
 83969
 83481
 83467
 83267
 83160
 83089
 83039
 83012
 82889
 82835
 82710
 82685
 82585
 82436
 82385
 82210
 82121
 81969
 81743
 81521
 81514
 81355
 81204
 80923
 80908
 80836
 80766
 80763
 80697
 80684
 80620
 80578
 80570
 80566
 80453
 80432
 80392
 80120
 80022
 79860
 79834
 79744
 79646
 79439
 79350
 79319
 79292
 79161
 79067
 79002
 78954
 78908
 78782
 78586
 78430
 78381
 78350
 78130
 77911
 77685
 77619
 77577
 77557
 77402
 77402
 77339
 77312
 77259
 77251
 77248
 77220
 76923
 76907
 76749
 76610
 76517
 76200
 76097
 76053
 75934
 75880
 75757
 75630
 75454
 75240
 75116
 75001
 74969
 74895
 74840
 74745
 74592
 74573
 74539
 74429
 74412
 74380
 74273
 74235
 74181
 74116
 74103
 74062
 73938
 73572
 73506
 73416
 73236
 73170
 73127
 73100
 72807
 72694
 72187
 72073
 72000
 71962
 71942
 71778
 71763
 71711
 71555
 71350
 71204
 71127
 70923
 70579
 70441
 70424
 70362
 70175
 70175
 69977
 69919
 69842
 69829
 69280
 69279
 69132
 69119
 68916
 68770
 68728
 68384
 68304
 68263
 68080
 68033
 67970
 67558
 67526
 67415
 67329
 67277
 67226
 67219
 67077
 67054
 67034
 67024
 67007
 66937
 66830
 66730
 66722
 66720
 66713
 66666
 66602
 66403
 66270
 65938
 65888
 65648
 65558
 65552
 65547
 65522
 65312
 65036
 65009
 64916
 64724
 64516
 64342
 64140
 64126
 63906
 63894
 63834
 63673
 63492
 63263
 62734
 62708
 62385
 62305
 62222
 61897
 61860
 61796
 61723
 61573
 61032
 61032
 60941
 60931
 60829
 60820
 60750
 60746
 60606
 60543
 60445
 60023
 59907
 59719
 59647
 59343
 59238
 59154
 59023
 58980
 58947
 58926
 58889
 58608
 58607
 58589
 58566
 58563
 58534
 58514
 58512
 58391
 58346
 58219
 58156
 58112
 58106
 58080
 57949
 57939
 57927
 57870
 57692
 57557
 57541
 57350
 57342
 57208
 57160
 57059
 56947
 56910
 56832
 56700
 56618
 56561
 56495
 56469
 56436
 56423
 56230
 56016
 55961
 55810
 55684
 55594
 55592
 55537
 55430
 55304
 55115
 54885
 54526
 54516
 54513
 54376
 54345
 54135
 53966
 53958
 53611
 53475
 53408
 53371
 53346
 53343
 53333
 53283
 53167
 53089
 53071
 53070
 52814
 52653
 52591
 52222
 52212
 52205
 52109
 52064
 51906
 51693
 51651
 51546
 51439
 51404
 51402
 51241
 51150
 51144
 51088
 51020
 50632
 50566
 50242
 50205
 50203
 50156
 49942
 49926
 49773
 49675
 49649
 49626
 49400
 49237
 49115
 49061
 48976
 48893
 48677
 48655
 48460
 48000
 47883
 47678
 47579
 47572
 47142
 47133
 47070
 47040
 46844
 46594
 46460
 46421
 46209
 45797
 45774
 45662
 45637
 45583
 45571
 45531
 45523
 45352
 45218
 45210
 45081
 45042
 44967
 44944
 44820
 44719
 44692
 44648
 44619
 44596
 44572
 44476
 44434
 44426
 44193
 44054
 43902
 43747
 43674
 43583
 43314
 43307
 43033
 42989
 42982
 42944
 42819
 42645
 42644
 42624
 42554
 42526
 42353
 42079
 41974
 41808
 41797
 41656
 41538
 41435
 41423
 41322
 41142
 40982
 40934
 40851
 40730
 40675
 40665
 40645
 40641
 40582
 40438
 39955
 39933
 39913
 39785
 39639
 39473
 39416
 39387
 39262
 39185
 39111
 38905
 38876
 38790
 38770
 38664
 38622
 38365
 38345
 38159
 38147
 38107
 38087
 38085
 38084
 38007
 37902
 37879
 37789
 37667
 37603
 37397
 37392
 37343
 37247
 37247
 37246
 37134
 37051
 36981
 36851
 36735
 36575
 36556
 36552
 36534
 36459
 36189
 36169
 36130
 36101
 35934
 35794
 35690
 35685
 35666
 35325
 35288
 35260
 35243
 34988
 34979
 34703
 34656
 34601
 34334
 34294
 34095
 33970
 33776
 33700
 33647
 33510
 33354
 33351
 33320
 33289
 33045
 33041
 32928
 32692
 32613
 32503
 32465
 32447
 32388
 32371
 32269
 32258
 32185
 32042
 31808
 31768
 31724
 31659
 31655
 31563
 31386
 31278
 30562
 30365
 30008
 29938
 29866
 29687
 29684
 29670
 29498
 29497
 29485
 29425
 29385
 29343
 29284
 29237
 29153
 29122
 28949
 28752
 28731
 28711
 28661
 28618
 28604
 28601
 28599
 28554
 28476
 28324
 28246
 28244
 28016
 27989
 27968
 27847
 27847
 27674
 27669
 27379
 27305
 27061
 26707
 26445
 26380
 26296
 26143
 26134
 26122
 25856
 25848
 25559
 25326
 25264
 25170
 25084
 24907
 24867
 24816
 24778
 24722
 24687
 24498
 23709
 23642
 23498
 23397
 23182
 22933
 22928
 22894
 22756
 22734
 22659
 22599
 22549
 22456
 22413
 22137
 22135
 22109
 22020
 22019
 22006
 21857
 21800
 21700
 21367
 21341
 21323
 21297
 21201
 21097
 20947
 20800
 20785
 20683
 20645
 20541
 20536
 20408
 20369
 20294
 20262
 20108
 19995
 19716
 19375
 19286
 19138
 19108
 19062
 19047
 18910
 18826
 18768
 18646
 18644
 18643
 18627
 18593
 18584
 18559
 18465
 18429
 18404
 18199
 18181
 17989
 17818
 17543
 17494
 17492
 17409
 17237
 17029
 16976
 16950
 16918
 16896
 16789
 16695
 16547
 16216
 16179
 16116
 15977
 15887
 15717
 15503
 15487
 15335
 15325
 15160
 14925
 14861
 14819
 14812
 14629
 14561
 14492
 14320
 14104
 14091
 13618
 13510
 13215
 13199
 13181
 13025
 12989
 12987
 12969
 12939
 12836
 12707
 12683
 12630
 12629
 12517
 12403
 12381
 12298
 12223
 12166
 11983
 11811
 11772
 11764
 11673
 11659
 11537
 11532
 11495
 11320
 11189
 11126
 11065
 10981
 10693
 10471
 10304
 10166
 10135
 10101
 9892
 9882
 9792
 9713
 9708
 9429
 9225
 9041
 8895
 8662
 8609
 8574
 8485
 8388
 8206
 8174
 7824
 7623
 7615
 7582
 7420
 7408
 7367
 7343
 7330
 7257
 7244
 7208
 7150
 7099
 7065
 7000
 6896
 6889
 6585
 6566
 6358
 6237
 6080
 5917
 5902
 5874
 5846
 5754
 5702
 5580
 5510
 5394
 5376
 5359
 5229
 5107
 5008
 4982
 4957
 4838
 4830
 4735
 4709
 4553
 4334
 4210
 4197
 4182
 4114
 4020
 3941
 3851
 3656
 3379
 3371
 3339
 3319
 3221
 3192
 3097
 3053
 2979
 2940
 2859
 2849
 2816
 2761
 2729
 2549
 2459
 2325
 2233
 2163
 1904
 1869
 1660
 1648
 1612
 1082
 702
 651
 489
 0
 0
 0
 0
 0
 0
 0
 0
 0
 0
 0
 