461
 882
 888
 1306
 1557
 1597
 2083
 2359
 2518
 2684
 2790
 3040
 3249
 3287
 3336
 3537
 3990
 4273
 4349
 4487
 4697
 4761
 4820
 5449
 5584
 5704
 5993
 6152
 6341
 6543
 6651
 7081
 7427
 7553
 7597
 8190
 8278
 8304
 8420
 8519
 8682
 8742
 8819
 8876
 9021
 9293
 9650
 9739
 9921
 10172
 10191
 10228
 10761
 10849
 10924
 11173
 11487
 11597
 11838
 12066
 12347
 12657
 12921
 13133
 13370
 13620
 13647
 14041
 14159
 14489
 14720
 14788
 15376
 15786
 15923
 15965
 16194
 16351
 16402
 16601
 16811
 16940
 17318
 17563
 17721
 18014
 18141
 18170
 18296
 18432
 18786
 18889
 19401
 19554
 19807
 19956
 20230
 20455
 20520
 20735
 20985
 21099
 21218
 21736
 21886
 22173
 22309
 22369
 22504
 22907
 23033
 23498
 23633
 23804
 24006
 24043
 24239
 24351
 24487
 24528
 24576
 24660
 24903
 24944
 25126
 25407
 25481
 25616
 25846
 26254
 26350
 26428
 26445
 26511
 26750
 27225
 27294
 27692
 27749
 27996
 28092
 28237
 28436
 28592
 28785
 28796
 28890
 29002
 29225
 29284
 29438
 29948
 30181
 30299
 30616
 30666
 31208
 31586
 31964
 32051
 32289
 32513
 32633
 33122
 33163
 33572
 34022
 34217
 34477
 34665
 34853
 35064
 35141
 35250
 35452
 35646
 35803
 35854
 36017
 36185
 36408
 36635
 37037
 37334
 37404
 37510
 37571
 37638
 38237
 38343
 38445
 38516
 38614
 39047
 39168
 39218
 39358
 39409
 39755
 39784
 39955
 40222
 40247
 40467
 40579
 40600
 40775
 40886
 40937
 41234
 41400
 41519
 42022
 42501
 42569
 42851
 43397
 43421
 43531
 43675
 44085
 44251
 44663
 44705
 44815
 44934
 45270
 45496
 45624
 45746
 46076
 46106
 46186
 46462
 46525
 46657
 46799
 47126
 47423
 47956
 47993
 48023
 48225
 48436
 49056
 49355
 49428
 49573
 49683
 49925
 49575
 49502
 49369
 49158
 48730
 48317
 48033
 47997
 47971
 47512
 47263
 47061
 46722
 46612
 46508
 46255
 46119
 46084
 45865
 45724
 45525
 45333
 45238
 44861
 44708
 44703
 44546
 44169
 43871
 43660
 43441
 43403
 43007
 42849
 42536
 42176
 41885
 41407
 41331
 41184
 40890
 40808
 40647
 40581
 40508
 40335
 40234
 40103
 39938
 39756
 39705
 39361
 39265
 39208
 39119
 38747
 38561
 38491
 38369
 38334
 37754
 37600
 37537
 37444
 37391
 37074
 36790
 36563
 36315
 36055
 35926
 35814
 35689
 35514
 35387
 35235
 35111
 35056
 34746
 34642
 34450
 34065
 33806
 33535
 33156
 32923
 32548
 32330
 32145
 32045
 31747
 31424
 30699
 30631
 30588
 30220
 29971
 29943
 29311
 29238
 29116
 28991
 28881
 28792
 28734
 28502
 28322
 28128
 28085
 27848
 27703
 27475
 27272
 26978
 26660
 26448
 26434
 26422
 26301
 26021
 25709
 25567
 25443
 25285
 25067
 24910
 24793
 24578
 24554
 24518
 24443
 24276
 24092
 24032
 23850
 23671
 23584
 23187
 23010
 22546
 22372
 22355
 22283
 21992
 21747
 21265
 21214
 21004
 20784
 20722
 20463
 20262
 20227
 19883
 19577
 19438
 19211
 18843
 18712
 18400
 18264
 18160
 18111
 17893
 17653
 17447
 17169
 16918
 16711
 16443
 16381
 16215
 16055
 15943
 15830
 15778
 14799
 14769
 14561
 14183
 14146
 14012
 13632
 13582
 13314
 13114
 12714
 12559
 12247
 11941
 11601
 11493
 11250
 11053
 10916
 10812
 10655
 10208
 10188
 9995
 9908
 9726
 9475
 9035
 8924
 8820
 8743
 8698
 8546
 8430
 8386
 8287
 8205
 7858
 7578
 7438
 7126
 6692
 6570
 6441
 6159
 6076
 5707
 5611
 5482
 4968
 4794
 4717
 4599
 4408
 4305
 4077
 3791
 3338
 3304
 3263
 3149
 2939
 2727
 2556
 2376
 2210
 1646
 1579
 1309
 1024
 887
 509
 448
 183
 