106
 317
 454
 864
 1051
 1152
 1177
 1338
 1699
 1798
 2111
 2126
 2446
 2480
 2653
 2866
 3220
 3476
 4000
 4160
 4280
 4753
 4847
 4996
 5141
 5198
 5415
 5602
 5647
 5660
 5710
 6256
 6430
 6647
 6949
 7107
 7298
 7540
 7802
 8060
 8248
 8345
 8428
 8905
 9014
 9112
 9621
 9885
 9923
 10441
 10827
 11042
 11251
 11374
 11485
 11911
 12086
 12182
 12318
 12471
 12828
 12911
 12984
 13153
 13547
 13627
 13652
 13812
 14063
 14247
 14389
 14465
 14661
 14726
 14737
 15150
 15549
 15671
 15937
 16033
 16135
 16390
 16479
 16689
 17059
 17234
 17418
 17560
 17612
 17743
 18121
 18297
 18393
 18605
 18699
 19025
 19252
 19441
 19552
 19659
 19733
 19850
 19935
 20146
 20221
 20586
 20609
 20768
 20796
 21057
 21166
 21337
 21544
 21874
 21922
 22192
 22306
 22470
 22600
 22634
 23029
 23122
 23198
 23442
 23737
 23930
 23973
 24372
 24395
 25189
 25258
 25356
 25652
 25862
 26275
 26564
 26590
 26849
 26923
 27139
 27312
 27493
 27729
 27943
 28210
 28356
 28493
 28762
 28869
 28970
 29115
 29221
 29364
 29403
 29553
 30024
 30268
 30509
 30738
 31108
 31252
 31412
 31675
 32409
 32528
 32775
 33003
 33175
 33312
 33392
 33665
 33907
 34083
 34288
 34888
 35009
 35068
 35457
 35751
 35989
 36164
 36310
 36329
 36456
 36845
 37017
 37222
 37434
 37961
 38148
 38344
 38578
 38701
 38888
 39000
 39007
 39427
 39444
 40288
 40531
 40617
 40687
 40730
 40793
 41033
 41342
 41505
 41664
 41813
 42143
 42342
 42509
 42688
 42819
 42835
 42996
 43125
 43463
 43525
 43800
 43930
 44069
 44451
 44742
 44779
 45062
 45417
 45507
 45571
 45692
 46007
 46159
 46345
 46501
 46641
 46839
 47204
 47298
 47412
 47866
 48241
 48517
 48602
 48870
 49005
 49068
 49429
 49471
 49738
 49888
 49489
 49459
 49291
 49058
 48959
 48793
 48561
 48283
 48198
 47421
 47407
 47273
 46984
 46689
 46620
 46383
 46197
 46140
 45701
 45680
 45554
 45420
 45189
 45043
 44752
 44471
 44262
 43935
 43816
 43690
 43484
 43139
 43106
 42985
 42826
 42697
 42632
 42489
 42267
 42126
 41741
 41660
 41371
 41164
 40881
 40750
 40716
 40654
 40568
 40379
 39778
 39438
 39330
 39005
 38951
 38735
 38690
 38543
 38219
 38059
 37750
 37317
 37127
 36872
 36759
 36342
 36311
 36197
 36001
 35859
 35695
 35094
 35061
 34929
 34520
 34085
 33908
 33855
 33552
 33388
 33284
 33006
 32892
 32684
 32477
 31706
 31634
 31308
 31214
 31042
 30645
 30423
 30152
 29853
 29426
 29376
 29305
 29135
 29055
 28929
 28832
 28694
 28470
 28316
 28158
 27849
 27586
 27489
 27199
 26957
 26860
 26799
 26586
 26519
 26085
 25854
 25490
 25287
 25211
 24589
 24384
 24280
 23943
 23778
 23469
 23219
 23137
 23076
 22666
 22608
 22591
 22377
 22202
 21972
 21883
 21670
 21482
 21219
 21119
 21039
 20783
 20697
 20601
 20235
 20213
 19986
 19889
 19806
 19665
 19635
 19521
 19308
 19113
 18936
 18676
 18572
 18367
 18154
 17816
 17706
 17602
 17425
 17397
 17182
 16836
 16635
 16474
 16367
 16088
 15966
 15923
 15635
 15383
 15122
 14729
 14708
 14610
 14458
 14370
 14066
 13855
 13797
 13649
 13588
 13281
 13117
 12913
 12833
 12597
 12354
 12293
 12123
 11976
 11624
 11421
 11275
 11060
 10941
 10520
 10040
 9913
 9652
 9540
 9049
 8976
 8881
 8415
 8343
 8171
 8025
 7701
 7397
 7232
 6963
 6927
 6625
 6429
 6137
 5667
 5653
 5646
 5566
 5242
 5186
 5019
 4941
 4813
 4474
 4245
 4030
 3489
 3230
 3024
 2698
 2652
 2477
 2277
 2113
 1922
 1768
 1554
 1212
 1162
 1094
 1047
 510
 435
 108
 40
 0
 