9987
 9732
 9675
 9600
 9529
 9423
 9249
 9225
 9175
 9076
 9044
 8977
 8901
 8772
 8652
 8596
 8496
 8416
 8250
 8053
 7987
 7956
 7944
 7909
 7863
 7686
 7636
 7331
 7233
 7233
 7205
 7128
 6998
 6978
 6973
 6837
 6696
 6696
 6670
 6526
 6463
 6291
 6165
 5982
 5897
 5798
 5735
 5551
 5438
 5400
 5304
 5124
 5014
 4944
 4905
 4836
 4691
 4604
 4586
 4525
 4064
 4028
 3792
 3592
 3437
 3384
 3282
 3234
 3170
 3137
 3097
 3017
 2944
 2917
 2889
 2686
 2640
 2497
 2327
 2257
 2029
 1809
 1774
 1757
 1577
 1486
 1424
 1315
 1255
 1158
 1084
 1036
 554
 490
 441
 232
 207
 199
 116
 47
 