9900
 9811
 9807
 9794
 9574
 9568
 9545
 9391
 9308
 9200
 9036
 8970
 8909
 8900
 8847
 8844
 8721
 8569
 8442
 8268
 8134
 8130
 8075
 7854
 7846
 7736
 7394
 7293
 7271
 7214
 6893
 6823
 6764
 6725
 6550
 6529
 6401
 6201
 5807
 5728
 5675
 5656
 5538
 5495
 5493
 5487
 5458
 5427
 5301
 5250
 5204
 5107
 4964
 4964
 4850
 4811
 4780
 4754
 4681
 4472
 4445
 4152
 4045
 3975
 3936
 3694
 3632
 3562
 3428
 3423
 3389
 3171
 3155
 2941
 2920
 2871
 2862
 2858
 2784
 2438
 2316
 2307
 1860
 1836
 1755
 1686
 1478
 1461
 1257
 1123
 1063
 855
 824
 770
 726
 471
 459
 423
 307
 272
 