9827
 9777
 9770
 9694
 9690
 9660
 9588
 9509
 9490
 9400
 9254
 9248
 9126
 9097
 9074
 8845
 8808
 8784
 8731
 8722
 8537
 8535
 8455
 8328
 7947
 7946
 7775
 7594
 7457
 7349
 7346
 7340
 7155
 7148
 7132
 6763
 6495
 6340
 6277
 6236
 6086
 6074
 5959
 5852
 5756
 5703
 5680
 5380
 5365
 5110
 5060
 4985
 4887
 4771
 4733
 4438
 4398
 4366
 4203
 4000
 3998
 3972
 3710
 3635
 3612
 3553
 3551
 3549
 3513
 3322
 3195
 3042
 2962
 2862
 2857
 2819
 2606
 2452
 2151
 1844
 1823
 1807
 1738
 1501
 1428
 1240
 1129
 1055
 1032
 1004
 986
 957
 901
 803
 726
 715
 578
 529
 466
 25
 