529
 715
 803
 957
 1004
 1055
 1240
 1501
 1807
 1844
 2452
 2819
 2862
 3042
 3322
 3549
 3553
 3635
 3972
 4000
 4366
 4438
 4771
 4985
 5110
 5380
 5703
 5852
 6074
 6236
 6340
 6763
 7148
 7340
 7349
 7594
 7946
 8328
 8535
 8722
 8784
 8845
 9097
 9248
 9400
 9509
 9660
 9694
 9777
 9827
 9770
 9690
 9588
 9490
 9254
 9126
 9074
 8808
 8731
 8537
 8455
 7947
 7775
 7457
 7346
 7155
 7132
 6495
 6277
 6086
 5959
 5756
 5680
 5365
 5060
 4887
 4733
 4398
 4203
 3998
 3710
 3612
 3551
 3513
 3195
 2962
 2857
 2606
 2151
 1823
 1738
 1428
 1129
 1032
 986
 901
 726
 578
 466
 25
 