49277
 48854
 48649
 48477
 48306
 48125
 48053
 47697
 47495
 47331
 47145
 47097
 46967
 46728
 46665
 46642
 46249
 45911
 45288
 45039
 44845
 44509
 44405
 44358
 44232
 44204
 44000
 43929
 43853
 43806
 43574
 43315
 43171
 43025
 42761
 42538
 42276
 41729
 41393
 40979
 40697
 40458
 40342
 40060
 39916
 39780
 39410
 39151
 39031
 38983
 38867
 38726
 38498
 38390
 38230
 38113
 37882
 37645
 37569
 37451
 37327
 37279
 37162
 37046
 36558
 36488
 36054
 35937
 35655
 35600
 35523
 35262
 34771
 34583
 34391
 34048
 33884
 33748
 33434
 33317
 33134
 32938
 32859
 32678
 32259
 32189
 31717
 31604
 31572
 31245
 31028
 30643
 30403
 29935
 29865
 29617
 29286
 29228
 29051
 28836
 28812
 28652
 28376
 28092
 28030
 27820
 27609
 27533
 26901
 26771
 26229
 26205
 26157
 26068
 25903
 25899
 25799
 25551
 25302
 25073
 25015
 24926
 24491
 24395
 24176
 23787
 23555
 23372
 23350
 23229
 23121
 23051
 22873
 22784
 22421
 22314
 22190
 22094
 21808
 21751
 21446
 21313
 21130
 21042
 20837
 20753
 20618
 20224
 20135
 19885
 19548
 19456
 19369
 19261
 18985
 18942
 18786
 18473
 18137
 17766
 17581
 17371
 17195
 17133
 17044
 16935
 16617
 16393
 16333
 16222
 16169
 16028
 15903
 15811
 15708
 15405
 15215
 15042
 14814
 14763
 14542
 14325
 14191
 14018
 13623
 13130
 13064
 12698
 12603
 12558
 12318
 11880
 11836
 11688
 11602
 11571
 11292
 11112
 10423
 10108
 10074
 9829
 9710
 9594
 9481
 9399
 9080
 8849
 8767
 8532
 8346
 8218
 7870
 7602
 7349
 7148
 6831
 6623
 6226
 6126
 5753
 5473
 5457
 5303
 5110
 4806
 4705
 4588
 4523
 4216
 4025
 3719
 3562
 3353
 3153
 2884
 2431
 2222
 1948
 1814
 1764
 1376
 1184
 1147
 897
 849
 418
 378
 303
 199
 364
 399
 749
 873
 1114
 1161
 1262
 1749
 1806
 1923
 2094
 2313
 2609
 3109
 3204
 3530
 3660
 3734
 4030
 4478
 4545
 4687
 4759
 4998
 5263
 5344
 5461
 5729
 5904
 6181
 6448
 6780
 6886
 7268
 7578
 7845
 8167
 8284
 8363
 8547
 8783
 8902
 9389
 9406
 9491
 9613
 9788
 9943
 10092
 10129
 10816
 11291
 11492
 11599
 11611
 11762
 11851
 12017
 12326
 12574
 12631
 12959
 13091
 13583
 13666
 14049
 14193
 14435
 14561
 14796
 14872
 15069
 15372
 15564
 15733
 15840
 15945
 16142
 16210
 16320
 16385
 16495
 16732
 17042
 17110
 17188
 17290
 17402
 17680
 17965
 18261
 18558
 18884
 18966
 19047
 19318
 19374
 19506
 19752
 19930
 20139
 20250
 20722
 20808
 21028
 21104
 21210
 21322
 21513
 21754
 22060
 22127
 22302
 22364
 22699
 22854
 23047
 23055
 23202
 23256
 23366
 23447
 23649
 24092
 24213
 24459
 24890
 24932
 25024
 25146
 25468
 25756
 25829
 25902
 25972
 26113
 26204
 26209
 26396
 26842
 27518
 27582
 27685
 27922
 28060
 28243
 28457
 28772
 28825
 28908
 29202
 29269
 29411
 29719
 29928
 30338
 30475
 31001
 31209
 31368
 31580
 31716
 31810
 32254
 32607
 32733
 32868
 33093
 33286
 33354
 33439
 33763
 33953
 34270
 34575
 34662
 35061
 35279
 35560
 35635
 35801
 36051
 36161
 36520
 36681
 37119
 37270
 37309
 37419
 37548
 37593
 37851
 37923
 38147
 38315
 38436
 38673
 38731
 38873
 39010
 39067
 39258
 39574
 39834
 40002
 40327
 40405
 40536
 40732
 41275
 41553
 41737
 42470
 42561
 42779
 43050
 43302
 43383
 43672
 43827
 43922
 43999
 44194
 44221
 44336
 44377
 44414
 44823
 44929
 45202
 45424
 46111
 46370
 46652
 46718
 46965
 47076
 47110
 47314
 47339
 47687
 47885
 48113
 48126
 48397
 48534
 48803
 48997
 49409
 49528
 