9675
 9529
 9249
 9175
 9044
 8901
 8652
 8496
 8250
 7987
 7944
 7863
 7636
 7233
 7205
 6998
 6973
 6696
 6670
 6463
 6165
 5897
 5735
 5438
 5304
 5014
 4905
 4691
 4586
 4064
 3792
 3437
 3282
 3170
 3097
 2944
 2889
 2640
 2327
 2029
 1774
 1577
 1424
 1255
 1084
 554
 441
 207
 116
 47
 199
 232
 490
 1036
 1158
 1315
 1486
 1757
 1809
 2257
 2497
 2686
 2917
 3017
 3137
 3234
 3384
 3592
 4028
 4525
 4604
 4836
 4944
 5124
 5400
 5551
 5798
 5982
 6291
 6526
 6696
 6837
 6978
 7128
 7233
 7331
 7686
 7909
 7956
 8053
 8416
 8596
 8772
 8977
 9076
 9225
 9423
 9600
 9732
 9987
 