9732
 9584
 9487
 9370
 9221
 9160
 9043
 8907
 8772
 8642
 8589
 8439
 8214
 8171
 7967
 7549
 7276
 7262
 7163
 7035
 6940
 6460
 6315
 6176
 6160
 6057
 5366
 5287
 4818
 4605
 4348
 3983
 3841
 3669
 3120
 2590
 2352
 1871
 1841
 1642
 1591
 1544
 1483
 1343
 1262
 1052
 902
 593
 207
 15
 280
 900
 995
 1215
 1303
 1415
 1505
 1589
 1596
 1795
 1860
 2000
 2409
 2603
 3192
 3681
 3899
 4193
 4408
 4732
 4870
 5297
 5808
 6093
 6174
 6253
 6398
 6587
 7016
 7043
 7170
 7268
 7458
 7850
 8100
 8191
 8281
 8498
 8632
 8743
 8790
 9034
 9084
 9178
 9239
 9403
 9501
 9677
 9757
 9789
 