9825
 9619
 9326
 9165
 8428
 8284
 8021
 7954
 7797
 7714
 7692
 7478
 7241
 7169
 7031
 6885
 6508
 6097
 5818
 5755
 5534
 5426
 5129
 4835
 4782
 4646
 4446
 3991
 3884
 3541
 3236
 2867
 2813
 2686
 2638
 2538
 2409
 2126
 1967
 1729
 1650
 1318
 1156
 1075
 909
 754
 596
 473
 433
 413
 473
 506
 601
 780
 1057
 1093
 1221
 1368
 1672
 1829
 2083
 2377
 2498
 2540
 2670
 2726
 2845
 3201
 3255
 3585
 3959
 4005
 4583
 4672
 4798
 4933
 5325
 5534
 5703
 5791
 6035
 6306
 6714
 6926
 7163
 7224
 7444
 7586
 7695
 7731
 7902
 8006
 8134
 8354
 8925
 9230
 9450
 9819
 9910
 9958
 