8685
 43666
 539
 9597
 42150
 25816
 47119
 13310
 8798
 33290
 4844
 20547
 34545
 41335
 163
 14683
 20452
 7918
 48851
 35178
 20651
 17709
 7751
 1238
 38287
 3142
 2377
 36124
 40609
 13744
 33430
 25745
 45586
 29778
 3161
 28238
 19509
 20672
 8210
 12477
 32630
 23629
 19628
 39185
 46364
 12790
 11292
 23828
 41978
 27556
 528
 7431
 49006
 34627
 32146
 5733
 33005
 4744
 29369
 16246
 31440
 27052
 7297
 25178
 29866
 7797
 730
 43942
 41526
 22295
 19834
 35530
 42477
 35238
 34710
 49978
 20002
 21943
 18892
 32565
 17204
 23915
 33439
 16082
 13133
 19899
 20169
 36206
 7434
 40951
 3522
 33616
 17716
 4183
 8329
 36899
 6407
 2643
 49198
 49541
 9863
 32524
 44933
 49166
 36974
 22191
 31550
 8439
 37629
 24187
 42943
 13422
 20188
 28994
 8139
 44019
 41181
 14144
 1041
 35188
 39124
 20104
 15339
 15174
 47483
 1738
 42062
 34187
 49231
 21621
 43735
 42688
 20576
 39747
 28429
 48591
 17702
 18113
 26382
 29306
 25238
 4944
 15732
 39119
 5768
 25871
 27954
 20439
 41434
 3302
 15574
 28499
 6600
 17909
 22468
 22403
 30808
 40890
 26384
 32503
 22780
 38442
 18104
 35738
 9758
 20157
 17191
 48204
 27428
 40899
 38955
 19853
 15824
 41986
 31578
 26828
 9342
 33058
 754
 38142
 18886
 16197
 26006
 23733
 37296
 10376
 29797
 49697
 9391
 43360
 43949
 21879
 22612
 24290
 15310
 7640
 19575
 14754
 46340
 49898
 18087
 46343
 1981
 29095
 22204
 8097
 3652
 25841
 26612
 10865
 42842
 21399
 10421
 21780
 11914
 27074
 44389
 9781
 12085
 3550
 9596
 22424
 15515
 42765
 13580
 26656
 49405
 26878
 35470
 16588
 17049
 6986
 35840
 10698
 23748
 42632
 28571
 31460
 40766
 18950
 14789
 28985
 28175
 41944
 48930
 3619
 23747
 46452
 23070
 12320
 11274
 43073
 2743
 13528
 32540
 44437
 27373
 18718
 5068
 32790
 10162
 37568
 41171
 15044
 24747
 43348
 1735
 44302
 7083
 32757
 45646
 28869
 35553
 9145
 30925
 31638
 6311
 5086
 26416
 33945
 17697
 25162
 10882
 24027
 48208
 21038
 42426
 16887
 3640
 29178
 49849
 40087
 7545
 28761
 8766
 16618
 14916
 33745
 187
 0
 40340
 41301
 11009
 39441
 43167
 44840
 31278
 33733
 12209
 34384
 30364
 18121
 5145
 14664
 40598
 40512
 16038
 8788
 42655
 2937
 4862
 6222
 33431
 34149
 21467
 12977
 982
 39673
 22396
 1936
 31800
 1332
 5845
 27340
 14326
 16789
 9142
 7523
 6723
 12754
 32019
 46685
 48256
 42822
 44628
 41929
 46117
 29525
 15320
 26159
 23662
 27851
 35026
 27581
 19061
 6821
 5148
 44520
 623
 31116
 3209
 6248
 31263
 31304
 18544
 28848
 48482
 35415
 42696
 20131
 23225
 34969
 24174
 22978
 3106
 26691
 44993
 472
 42023
 1642
 18636
 34731
 408
 46670
 38176
 48018
 23389
 44606
 16837
 3238
 46416
 4081
 6452
 5032
 48124
 43024
 45623
 7716
 34350
 2077
 26685
 39475
 38196
 11576
 25915
 45306
 30259
 47719
 49158
 7880
 3974
 8005
 9839
 19478
 34260
 12808
 26201
 45454
 42616
 6290
 39958
 6413
 22510
 47601
 6260
 10184
 17865
 6643
 20776
 14981
 5700
 8526
 2437
 46235
 31080
 44754
 47541
 17269
 33542
 5128
 49072
 4859
 5210
 2634
 16097
 27191
 25006
 40272
 14188
 29631
 4422
 30734
 37711
 17834
 24860
 38806
 47191
 25498
 46921
 30177
 47680
 37977
 8597
 9619
 34319
 3917
 49915
 37937
 34896
 25650
 32335
 8948
 17206
 8012
 38301
 18964
 38342
 5830
 41391
 13554
 18130
 20985
 4496
 21333
 14739
 16168
 2845
 17609
 6762
 27895
 34933
 42025
 18026
 40052
 5006
 14586
 34174
 13928
 37344
 5565
 