49528
 49409
 49277
 48997
 48854
 48803
 48649
 48534
 48477
 48397
 48306
 48126
 48125
 48113
 48053
 47885
 47697
 47687
 47495
 47339
 47331
 47314
 47145
 47110
 47097
 47076
 46967
 46965
 46728
 46718
 46665
 46652
 46642
 46370
 46249
 46111
 45911
 45424
 45288
 45202
 45039
 44929
 44845
 44823
 44509
 44414
 44405
 44377
 44358
 44336
 44232
 44221
 44204
 44194
 44000
 43999
 43929
 43922
 43853
 43827
 43806
 43672
 43574
 43383
 43315
 43302
 43171
 43050
 43025
 42779
 42761
 42561
 42538
 42470
 42276
 41737
 41729
 41553
 41393
 41275
 40979
 40732
 40697
 40536
 40458
 40405
 40342
 40327
 40060
 40002
 39916
 39834
 39780
 39574
 39410
 39258
 39151
 39067
 39031
 39010
 38983
 38873
 38867
 38731
 38726
 38673
 38498
 38436
 38390
 38315
 38230
 38147
 38113
 37923
 37882
 37851
 37645
 37593
 37569
 37548
 37451
 37419
 37327
 37309
 37279
 37270
 37162
 37119
 37046
 36681
 36558
 36520
 36488
 36161
 36054
 36051
 35937
 35801
 35655
 35635
 35600
 35560
 35523
 35279
 35262
 35061
 34771
 34662
 34583
 34575
 34391
 34270
 34048
 33953
 33884
 33763
 33748
 33439
 33434
 33354
 33317
 33286
 33134
 33093
 32938
 32868
 32859
 32733
 32678
 32607
 32259
 32254
 32189
 31810
 31717
 31716
 31604
 31580
 31572
 31368
 31245
 31209
 31028
 31001
 30643
 30475
 30403
 30338
 29935
 29928
 29865
 29719
 29617
 29411
 29286
 29269
 29228
 29202
 29051
 28908
 28836
 28825
 28812
 28772
 28652
 28457
 28376
 28243
 28092
 28060
 28030
 27922
 27820
 27685
 27609
 27582
 27533
 27518
 26901
 26842
 26771
 26396
 26229
 26209
 26205
 26204
 26157
 26113
 26068
 25972
 25903
 25902
 25899
 25829
 25799
 25756
 25551
 25468
 25302
 25146
 25073
 25024
 25015
 24932
 24926
 24890
 24491
 24459
 24395
 24213
 24176
 24092
 23787
 23649
 23555
 23447
 23372
 23366
 23350
 23256
 23229
 23202
 23121
 23055
 23051
 23047
 22873
 22854
 22784
 22699
 22421
 22364
 22314
 22302
 22190
 22127
 22094
 22060
 21808
 21754
 21751
 21513
 21446
 21322
 21313
 21210
 21130
 21104
 21042
 21028
 20837
 20808
 20753
 20722
 20618
 20250
 20224
 20139
 20135
 19930
 19885
 19752
 19548
 19506
 19456
 19374
 19369
 19318
 19261
 19047
 18985
 18966
 18942
 18884
 18786
 18558
 18473
 18261
 18137
 17965
 17766
 17680
 17581
 17402
 17371
 17290
 17195
 17188
 17133
 17110
 17044
 17042
 16935
 16732
 16617
 16495
 16393
 16385
 16333
 16320
 16222
 16210
 16169
 16142
 16028
 15945
 15903
 15840
 15811
 15733
 15708
 15564
 15405
 15372
 15215
 15069
 15042
 14872
 14814
 14796
 14763
 14561
 14542
 14435
 14325
 14193
 14191
 14049
 14018
 13666
 13623
 13583
 13130
 13091
 13064
 12959
 12698
 12631
 12603
 12574
 12558
 12326
 12318
 12017
 11880
 11851
 11836
 11762
 11688
 11611
 11602
 11599
 11571
 11492
 11292
 11291
 11112
 10816
 10423
 10129
 10108
 10092
 10074
 9943
 9829
 9788
 9710
 9613
 9594
 9491
 9481
 9406
 9399
 9389
 9080
 8902
 8849
 8783
 8767
 8547
 8532
 8363
 8346
 8284
 8218
 8167
 7870
 7845
 7602
 7578
 7349
 7268
 7148
 6886
 6831
 6780
 6623
 6448
 6226
 6181
 6126
 5904
 5753
 5729
 5473
 5461
 5457
 5344
 5303
 5263
 5110
 4998
 4806
 4759
 4705
 4687
 4588
 4545
 4523
 4478
 4216
 4030
 4025
 3734
 3719
 3660
 3562
 3530
 3353
 3204
 3153
 3109
 2884
 2609
 2431
 2313
 2222
 2094
 1948
 1923
 1814
 1806
 1764
 1749
 1376
 1262
 1184
 1161
 1147
 1114
 897
 873
 849
 749
 418
 399
 378
 364
 303
 199
 