49944
 49905
 49798
 49487
 49481
 49394
 49337
 49256
 49004
 48944
 48862
 48804
 48791
 48675
 48467
 48464
 48421
 48401
 48391
 48248
 48151
 48034
 47932
 47790
 47783
 47580
 47416
 47398
 47222
 47101
 47064
 46973
 46944
 46867
 46805
 46635
 46594
 46410
 46320
 46270
 46209
 45823
 45733
 45614
 45512
 45428
 45155
 45049
 45005
 44920
 44864
 44836
 44811
 44749
 44651
 44564
 44489
 44459
 44261
 44201
 44193
 44048
 43951
 43873
 43790
 43673
 43561
 43512
 43487
 43463
 43416
 43331
 43169
 43113
 43084
 43067
 42911
 42460
 42350
 42292
 42192
 42056
 41939
 41908
 41821
 41721
 41580
 41493
 41207
 41198
 41060
 40909
 40846
 40806
 40328
 40316
 40312
 40307
 40293
 39888
 39827
 39818
 39735
 39725
 39657
 39612
 39509
 39396
 39297
 39266
 39160
 39137
 38916
 38891
 38802
 38604
 38521
 38466
 38366
 38080
 38028
 37998
 37992
 37956
 37932
 37880
 37785
 37608
 37603
 37559
 37527
 37500
 37328
 37275
 37232
 37020
 36930
 36903
 36676
 36601
 36278
 36194
 36071
 36023
 36016
 36012
 35970
 35967
 35915
 35873
 35722
 35570
 35363
 35357
 35160
 35124
 34760
 34640
 34628
 34577
 34421
 34410
 34384
 34320
 34271
 34056
 33925
 33859
 33785
 33710
 33645
 33537
 33507
 33298
 33197
 32795
 32773
 32657
 32540
 32462
 32333
 32274
 32251
 32118
 32112
 32071
 32023
 32013
 32011
 31951
 31947
 31923
 31879
 31857
 31603
 31578
 31270
 31259
 31161
 30912
 30863
 30679
 30588
 30531
 30521
 30479
 30403
 30326
 30317
 29999
 29951
 29925
 29893
 29694
 29678
 29523
 29510
 29319
 29221
 29064
 28925
 28824
 28823
 28745
 28700
 28482
 28441
 28256
 28017
 27979
 27839
 27751
 27703
 27701
 27496
 27455
 27183
 27176
 27005
 26956
 26874
 26790
 26738
 26730
 26433
 26338
 26316
 26247
 26187
 26018
 25970
 25966
 25888
 25866
 25773
 25677
 25637
 25606
 25577
 25549
 25527
 25432
 25424
 25256
 25204
 25151
 25026
 24812
 24749
 24719
 24656
 24497
 24395
 24321
 23890
 23639
 23590
 23172
 22932
 22885
 22881
 22680
 22645
 22634
 22544
 22522
 22509
 22151
 22143
 22106
 22052
 21955
 21893
 21695
 21679
 21453
 21417
 21358
 21314
 21196
 21150
 21131
 20700
 20596
 20391
 20372
 20159
 19938
 19927
 19792
 19487
 19475
 19473
 19384
 19311
 19251
 19182
 19003
 18986
 18976
 18959
 18916
 18885
 18854
 18640
 18637
 18560
 18317
 18163
 17851
 17848
 17755
 17729
 17726
 17717
 17580
 17376
 17332
 17331
 17219
 17185
 16901
 16853
 16386
 16345
 16285
 16102
 16071
 16044
 15773
 15652
 15404
 15403
 15316
 15252
 15123
 15111
 15086
 14894
 14659
 14590
 14573
 14536
 14413
 14386
 14246
 14052
 13994
 13973
 13958
 13932
 13686
 13662
 13594
 13421
 13381
 13303
 13256
 13192
 13178
 12974
 12916
 12643
 12558
 12534
 12412
 12264
 12231
 12224
 12144
 12026
 11970
 11739
 11636
 11622
 11559
 11538
 11490
 11421
 11365
 11358
 11088
 10764
 10668
 10610
 10603
 10390
 10342
 10167
 10059
 10048
 9769
 9728
 9715
 9663
 9605
 9551
 9543
 9466
 9314
 9146
 9060
 8919
 8833
 8708
 8527
 8436
 8330
 8231
 8155
 8074
 8070
 7915
 7738
 7668
 7605
 7307
 7065
 7045
 6630
 6583
 6509
 6448
 6262
 6136
 5956
 5783
 5781
 5752
 5606
 5515
 5392
 5238
 5190
 5077
 5046
 5027
 4931
 4820
 4813
 4542
 4436
 4356
 4241
 4073
 3946
 3849
 3815
 3768
 3743
 3707
 3634
 3439
 3338
 3212
 3073
 2965
 2838
 2758
 2629
 2536
 2533
 2488
 2487
 2351
 1986
 1967
 1424
 1385
 1174
 1159
 1064
 924
 727
 638
 601
 574
 393
 343
 131
 