49991
 49721
 49487
 49415
 49414
 49377
 49178
 48899
 48892
 48856
 48699
 48624
 48608
 48576
 48406
 48401
 48280
 47992
 47983
 47908
 47526
 47515
 47494
 47446
 47376
 47357
 47198
 47160
 46911
 46863
 46816
 46611
 46422
 46210
 46170
 46153
 46094
 46011
 45992
 45843
 45763
 45675
 45530
 45384
 45231
 45114
 44886
 44737
 44568
 44557
 44417
 44205
 44168
 44132
 43961
 43935
 43849
 43798
 43786
 43696
 43620
 43502
 43498
 43480
 43478
 43256
 43171
 43078
 42959
 42924
 42889
 42885
 42815
 42794
 42616
 42574
 42036
 41904
 41889
 41886
 41876
 41845
 41825
 41810
 41670
 41664
 41614
 41530
 41186
 40933
 40930
 40878
 40793
 40753
 40277
 40244
 40206
 40184
 39988
 39971
 39568
 39515
 39432
 39130
 38909
 38896
 38786
 38685
 38658
 38642
 38603
 38558
 38448
 38368
 38349
 38337
 38281
 38103
 37577
 37573
 37176
 37167
 36842
 36803
 36774
 36767
 36661
 36647
 36225
 36211
 36194
 36140
 36117
 36046
 35979
 35900
 35891
 35677
 35622
 35621
 35578
 35449
 35287
 35236
 35191
 35166
 35159
 34901
 34808
 34742
 34714
 34506
 34502
 34465
 34377
 34246
 34168
 33980
 33840
 33654
 33515
 33421
 33333
 33078
 33020
 32835
 32757
 32590
 32580
 32295
 32093
 31938
 31495
 31479
 31364
 31342
 31196
 30754
 30576
 30489
 30389
 30284
 30172
 29911
 29855
 29853
 29849
 29768
 29710
 29609
 29581
 29525
 29498
 29497
 29480
 29132
 29075
 29028
 29019
 28814
 28719
 28661
 28421
 28188
 28012
 28002
 27889
 27440
 26715
 26484
 26482
 26423
 26143
 25908
 25906
 25722
 25555
 25251
 25228
 25152
 24985
 24934
 24873
 24609
 24593
 24578
 24054
 24036
 23719
 23652
 23648
 23607
 23539
 23535
 23490
 23363
 23270
 23104
 23074
 23065
 22964
 22936
 22790
 22764
 22642
 22632
 22584
 22577
 22507
 22466
 22449
 22210
 22166
 22139
 22119
 22087
 21986
 21880
 21869
 21553
 21503
 21484
 21380
 21274
 21260
 21160
 21013
 20909
 20851
 20729
 20676
 20598
 20493
 20445
 20427
 20373
 20293
 20278
 20184
 20152
 20146
 20131
 20034
 19810
 19748
 19603
 19592
 19508
 19485
 19330
 19250
 19199
 19048
 18964
 18790
 18676
 18574
 18554
 18546
 18515
 18483
 18384
 18239
 18163
 18068
 17974
 17971
 17905
 17671
 17568
 17432
 17367
 17321
 17311
 17240
 17239
 17202
 17163
 17139
 17065
 16784
 16783
 16722
 16687
 16600
 16595
 16216
 16156
 16107
 16022
 15950
 15795
 15788
 15752
 15534
 15493
 15488
 15260
 15231
 15158
 14955
 14780
 14715
 14585
 14564
 14513
 14449
 14439
 14298
 14214
 14213
 14077
 14076
 13970
 13853
 13794
 13784
 13414
 13274
 13031
 13029
 12908
 12877
 12830
 12818
 12665
 12618
 12543
 12411
 12293
 12245
 12225
 12174
 11746
 11538
 11421
 11350
 11138
 11068
 11042
 10997
 10865
 10830
 10819
 10710
 10702
 10598
 10571
 10398
 10368
 9830
 9814
 9752
 9699
 9655
 9211
 9172
 9032
 8996
 8828
 8785
 8767
 8734
 8635
 8346
 8277
 8266
 8214
 8051
 8045
 8044
 8034
 8014
 7941
 7836
 7351
 7302
 7255
 7174
 7162
 7039
 7025
 7024
 7002
 6692
 6667
 6644
 6635
 6573
 6562
 6537
 6338
 6095
 6083
 6052
 5947
 5877
 5791
 5741
 5672
 5594
 5342
 5080
 5075
 5049
 4957
 4840
 4783
 4719
 4715
 4487
 4454
 4394
 4297
 4050
 3979
 3944
 3906
 3888
 3828
 3755
 3536
 3407
 3297
 3292
 3258
 2956
 2875
 2832
 2804
 2737
 2690
 2684
 2683
 2637
 2630
 2507
 2477
 2170
 2119
 2056
 2050
 1892
 1867
 1775
 1738
 1605
 1532
 1193
 1142
 1082
 927
 900
 896
 835
 753
 582
 402
 323
 202
 