85
 381
 386
 399
 541
 634
 662
 700
 848
 899
 1056
 1063
 1079
 1204
 1284
 1332
 1473
 1515
 1531
 1597
 1617
 1665
 1667
 1712
 1777
 1923
 2234
 2511
 2540
 2614
 2735
 2738
 2747
 2777
 2916
 3072
 3099
 3125
 3132
 3162
 3366
 3421
 3455
 3486
 3925
 3954
 4030
 4144
 4268
 4731
 4825
 4878
 4895
 5111
 5136
 5166
 5230
 5315
 5390
 5396
 5420
 5448
 5476
 5562
 5830
 5865
 5930
 6138
 6257
 6385
 6452
 6571
 6706
 6743
 6949
 7114
 7116
 7149
 7294
 7305
 7395
 7474
 7499
 7613
 7699
 7951
 7985
 8153
 8356
 8372
 8592
 8898
 8899
 9203
 9301
 9434
 9514
 9818
 9828
 9988
 