45
 95
 178
 188
 198
 215
 246
 346
 402
 450
 571
 613
 632
 659
 666
 689
 710
 791
 816
 884
 1132
 1416
 1452
 1543
 1662
 1670
 1766
 1861
 1904
 2014
 2149
 2168
 2344
 2368
 2646
 2760
 2875
 2963
 2977
 3161
 3199
 3325
 3364
 3608
 3721
 3800
 3855
 3865
 3907
 4011
 4047
 4169
 4239
 4348
 4417
 4432
 4444
 4474
 4509
 4735
 4838
 4850
 4981
 4983
 5032
 5117
 5588
 5686
 5726
 5818
 5848
 5937
 5942
 5999
 6151
 6192
 6296
 6345
 6497
 6644
 6768
 6919
 6934
 7092
 7178
 7203
 7274
 7424
 7431
 7958
 8443
 8555
 8586
 8953
 8992
 8995
 9478
 9606
 9668
 9692
 