92
 143
 187
 352
 362
 391
 402
 472
 485
 866
 936
 981
 1074
 1270
 1391
 1441
 1600
 1680
 1752
 1873
 1939
 2060
 2093
 2171
 2204
 2421
 2644
 2694
 2775
 2828
 3013
 3142
 3259
 3579
 3601
 4154
 4160
 4173
 4387
 4402
 4449
 4498
 4633
 4655
 5080
 5196
 5258
 5290
 5414
 5441
 5563
 5580
 5647
 5726
 5740
 5763
 5792
 5816
 5822
 5845
 6020
 6274
 6312
 6475
 6486
 6523
 6756
 6809
 6875
 6885
 6919
 6960
 7019
 7041
 7137
 7276
 7461
 7711
 7747
 7824
 8120
 8148
 8306
 8346
 8450
 8659
 8693
 8929
 8986
 9315
 9329
 9387
 9399
 9420
 9575
 9632
 9669
 9805
 9894
 9897
 