49625
 49535
 49498
 49386
 49151
 49028
 48783
 48681
 48569
 48395
 48310
 48115
 47993
 47741
 47590
 47422
 47371
 47034
 46694
 46434
 46249
 46057
 46017
 45915
 45492
 45367
 45268
 45193
 45004
 44635
 44542
 44341
 44088
 43855
 43619
 43548
 43513
 43264
 43005
 42557
 42372
 42147
 41987
 41913
 41740
 41264
 40909
 40823
 40602
 40305
 40270
 40103
 39913
 39807
 39492
 39464
 39376
 39142
 39017
 38761
 38660
 38158
 37880
 37513
 37252
 36980
 36570
 36285
 35966
 35866
 35691
 35467
 35422
 35146
 34995
 34845
 34228
 33925
 33685
 33555
 33222
 33078
 32860
 32775
 32689
 32579
 32129
 31577
 31413
 31078
 30759
 30620
 30414
 30201
 30175
 30052
 29886
 29728
 29570
 29423
 29184
 29081
 28898
 28649
 28567
 28430
 28011
 27726
 27581
 27115
 26625
 26591
 26539
 26359
 26248
 26142
 26033
 25994
 25769
 25396
 24965
 24709
 24482
 24177
 24085
 24053
 24001
 23950
 23889
 23760
 23686
 23419
 23203
 23162
 23073
 23018
 22831
 22715
 22576
 22276
 22181
 22024
 21901
 21397
 21097
 20921
 20717
 20443
 20425
 20305
 20071
 19695
 19551
 19159
 19083
 19034
 18847
 18740
 18395
 18152
 18086
 17697
 17623
 17274
 17122
 16849
 16801
 16435
 16375
 16176
 16007
 15897
 15828
 15483
 15203
 15072
 14788
 14564
 14539
 14264
 14125
 14065
 13946
 13865
 13571
 13236
 13093
 12903
 12783
 12692
 12428
 12186
 11903
 11861
 11661
 11586
 11503
 11354
 11325
 11017
 10692
 10281
 10242
 10113
 9961
 9913
 9338
 9005
 8582
 8111
 7926
 7647
 7593
 7201
 6827
 6681
 6612
 6432
 6262
 5852
 5738
 5228
 4936
 4629
 4578
 4458
 4170
 4076
 3868
 3811
 3759
 3595
 3546
 3333
 3214
 2717
 2309
 2192
 1761
 1702
 1347
 1240
 1187
 1063
 941
 721
 610
 557
 108
 29
 322
 600
 704
 932
 973
 1146
 1223
 1280
 1522
 1741
 2160
 2223
 2610
 3168
 3299
 3519
 3564
 3710
 3800
 3854
 3950
 4163
 4182
 4479
 4597
 4687
 5084
 5417
 5801
 6227
 6282
 6469
 6621
 6698
 7025
 7265
 7625
 7681
 8085
 8429
 8765
 9006
 9878
 9961
 10050
 10200
 10257
 10638
 10760
 11030
 11330
 11376
 11559
 11610
 11706
 11868
 12094
 12300
 12470
 12762
 12903
 13047
 13094
 13244
 13696
 13936
 14039
 14122
 14193
 14302
 14541
 14746
 14974
 15133
 15449
 15725
 15862
 15930
 16051
 16339
 16393
 16549
 16841
 17092
 17219
 17441
 17643
 17750
 18126
 18388
 18584
 18810
 19000
 19047
 19104
 19436
 19569
 19847
 20280
 20381
 20426
 20557
 20868
 20974
 21234
 21768
 21974
 22066
 22211
 22319
 22652
 22788
 22851
 23033
 23082
 23186
 23338
 23606
 23731
 23844
 23921
 23960
 24019
 24069
 24105
 24294
 24695
 24894
 25376
 25560
 25911
 26025
 26107
 26224
 26321
 26431
 26584
 26624
 26656
 27237
 27692
 27962
 28313
 28460
 28638
 28797
 29020
 29171
 29398
 29544
 29668
 29862
 30036
 30133
 30181
 30320
 30582
 30719
 30835
 31256
 31421
 31843
 32291
 32608
 32746
 32836
 32966
 33094
 33522
 33628
 33872
 34051
 34406
 34980
 35062
 35328
 35462
 35514
 35724
 35957
 36037
 36329
 36913
 37065
 37271
 37529
 38013
 38391
 38722
 38965
 39137
 39359
 39424
 39473
 39740
 39868
 39993
 40217
 40272
 40399
 40677
 40884
 41106
 41343
 41740
 41921
 42040
 42215
 42555
 42768
 43147
 43421
 43544
 43593
 43777
 43884
 44162
 44400
 44558
 44966
 45080
 45235
 45358
 45372
 45682
 45961
 46051
 46155
 46422
 46562
 46968
 47063
 47391
 47500
 47608
 47870
 48037
 48184
 48332
 48428
 48613
 48687
 48871
 49107
 49188
 49477
 49534
 49617
 49820
 49842
 