49782
 49618
 49412
 48783
 48684
 48552
 48462
 47819
 47578
 47313
 46933
 46800
 46554
 46453
 46170
 45974
 45831
 45714
 45511
 45333
 45203
 45137
 44915
 44589
 44169
 43960
 43909
 43790
 43511
 43360
 43185
 43103
 42896
 42798
 42484
 42469
 42454
 42360
 42240
 42118
 41562
 41452
 41217
 40922
 40672
 40433
 40268
 40062
 39954
 39822
 39773
 39504
 39240
 39195
 39074
 38910
 38662
 38572
 38104
 37759
 37531
 37320
 37170
 37006
 36850
 36556
 36479
 36329
 36122
 35736
 35699
 35607
 35319
 35120
 34934
 34822
 34646
 34528
 34032
 33637
 33113
 33001
 32617
 32569
 32234
 32180
 31990
 31885
 31699
 31539
 31318
 31101
 30940
 30803
 30470
 30041
 29584
 29415
 29033
 28930
 28523
 28205
 28112
 28005
 27918
 27525
 27042
 26868
 26666
 26488
 26470
 26339
 26013
 25670
 25414
 25378
 25132
 24983
 24930
 24851
 24774
 24600
 24461
 24341
 24245
 24051
 23768
 23621
 23541
 23489
 23444
 23086
 23030
 22842
 21712
 21585
 21175
 21072
 20739
 20661
 20140
 20131
 20083
 19812
 19637
 19596
 19421
 19267
 19247
 19192
 18817
 18758
 18328
 18253
 18148
 18061
 17822
 17624
 17386
 17216
 16926
 16829
 16814
 16610
 16396
 16384
 16357
 16096
 15965
 15841
 15562
 15315
 15154
 14931
 14705
 14669
 14355
 14068
 13887
 13397
 13170
 12949
 12663
 12643
 12423
 12327
 12256
 11913
 11871
 11402
 11175
 10605
 10291
 10194
 10146
 10034
 9986
 9804
 9611
 9451
 9435
 9221
 9018
 8657
 8475
 8360
 7905
 7543
 7317
 7035
 6862
 6466
 6033
 5833
 5489
 5383
 5232
 5016
 4829
 4620
 4426
 4322
 4229
 3838
 3723
 3604
 3511
 3237
 2902
 2577
 2345
 2236
 2175
 2066
 1916
 1659
 1304
 1235
 1094
 896
 731
 557
 515
 512
 318
 255
 178
 95
 27
 25
 41
 158
 199
 316
 417
 512
 518
 721
 879
 945
 1135
 1290
 1344
 1670
 2013
 2161
 2234
 2278
 2564
 2639
 3021
 3508
 3578
 3691
 3755
 3966
 4291
 4413
 4565
 4723
 4920
 5102
 5275
 5388
 5556
 5882
 6282
 6499
 6968
 7271
 7469
 7899
 8296
 8417
 8478
 8729
 9167
 9364
 9440
 9482
 9619
 9973
 10014
 10114
 10147
 10203
 10427
 10930
 11357
 11589
 11913
 12114
 12291
 12384
 12554
 12659
 12735
 13126
 13250
 13439
 14043
 14203
 14616
 14682
 14898
 15081
 15158
 15339
 15695
 15921
 15999
 16202
 16384
 16385
 16488
 16808
 16825
 16835
 17125
 17223
 17598
 17712
 17987
 18074
 18208
 18316
 18689
 18785
 18977
 19222
 19263
 19406
 19430
 19613
 19696
 19999
 20096
 20139
 20614
 20700
 20835
 21163
 21279
 21670
 22444
 22972
 23056
 23372
 23485
 23529
 23545
 23694
 23888
 24202
 24301
 24451
 24596
 24634
 24851
 24907
 24947
 25021
 25262
 25413
 25593
 25863
 26150
 26454
 26479
 26620
 26717
 26909
 27474
 27645
 27959
 28098
 28177
 28349
 28914
 28978
 29384
 29569
 29740
 30107
 30643
 30866
 31007
 31264
 31456
 31638
 31768
 31986
 32171
 32204
 32326
 32608
 32880
 33066
 33521
 33784
 34513
 34588
 34792
 34857
 35097
 35132
 35524
 35657
 35714
 35791
 36164
 36427
 36493
 36577
 36996
 37163
 37209
 37460
 37626
 37928
 38231
 38654
 38698
 38933
 39128
 39224
 39357
 39650
 39787
 39893
 40014
 40183
 40311
 40508
 40863
 41151
 41368
 41543
 41812
 42153
 42323
 42436
 42461
 42475
 42703
 42878
 42946
 43164
 43301
 43500
 43655
 43854
 43957
 44071
 44319
 44727
 44975
 45165
 45328
 45432
 45525
 45811
 45853
 46121
 46238
 46521
 46664
 46853
 46935
 47414
 47815
 48233
 48503
 48621
 48687
 48873
 49588
 49728
 49805
 49859
 