0
 0
 0
 0
 0
 0
 0
 128
 476
 769
 961
 1116
 1228
 1285
 1334
 1462
 1721
 2061
 2205
 2388
 2398
 2439
 2579
 2643
 2892
 2980
 3085
 3128
 3520
 3529
 3556
 3832
 3850
 3894
 4000
 4018
 4144
 4145
 4159
 4341
 4395
 4490
 4651
 4674
 4781
 5027
 5102
 5103
 5193
 5332
 5482
 5610
 5734
 5896
 5905
 5914
 5918
 6012
 6086
 6120
 6206
 6387
 6473
 6485
 6570
 6784
 6837
 6987
 7088
 7159
 7359
 7477
 7529
 7566
 7801
 7889
 8065
 8298
 8304
 8571
 8860
 9352
 9374
 9474
 9535
 9716
 9760
 9800
 9803
 9917
 10075
 10237
 10249
 10371
 10382
 10418
 10430
 10462
 10473
 10622
 10688
 10724
 10784
 10811
 11133
 11136
 11257
 11350
 11406
 12137
 12253
 12262
 12304
 12405
 12461
 12555
 12619
 12721
 12760
 12919
 13242
 13402
 13546
 13565
 13578
 13703
 13775
 13970
 14172
 14316
 14441
 14492
 14545
 14793
 14817
 14889
 14938
 14939
 15570
 15598
 15654
 15901
 15925
 15929
 16020
 16041
 16120
 16595
 16885
 16933
 16945
 17104
 17116
 17138
 17395
 17662
 17674
 17826
 17857
 17891
 17941
 18046
 18281
 18508
 18624
 18892
 19289
 19393
 19413
 19468
 19479
 19924
 20308
 20508
 20578
 20583
 20587
 20648
 20669
 20716
 20847
 20931
 20933
 21001
 21003
 21055
 21102
 21158
 21193
 21271
 21394
 21563
 21688
 21780
 21985
 22291
 22366
 22547
 22609
 22844
 22988
 23058
 23084
 23208
 23208
 23354
 23354
 23405
 23491
 23589
 23633
 23665
 23753
 23764
 23787
 23809
 23816
 23848
 24065
 24164
 24210
 24316
 24919
 24928
 25000
 25013
 25126
 25194
 25502
 25580
 25796
 25806
 26055
 26259
 26315
 26447
 26591
 26640
 26651
 26835
 26836
 26843
 26927
 27019
 27034
 27036
 27171
 27171
 27347
 27348
 27359
 27390
 27397
 27448
 27449
 27454
 27522
 27687
 27700
 27757
 28037
 28344
 28386
 28407
 28417
 28597
 28731
 28818
 28835
 28899
 28983
 29003
 29006
 29043
 29191
 29192
 29279
 29365
 29591
 29757
 29761
 29903
 29951
 30106
 30128
 30197
 30505
 30554
 30811
 30897
 30993
 31350
 31364
 31372
 31387
 31750
 31976
 32014
 32142
 32329
 32335
 32358
 32495
 32534
 32611
 32694
 32818
 32834
 32957
 33006
 33134
 33414
 33473
 33516
 33689
 33751
 33845
 33846
 33851
 33962
 34031
 34124
 34224
 34370
 34558
 34591
 34788
 34803
 34838
 34971
 35097
 35205
 35283
 35294
 35369
 35405
 35502
 35531
 35634
 35688
 35875
 36181
 36216
 36235
 36695
 36714
 36739
 36761
 36765
 36812
 36891
 37063
 37081
 37218
 37220
 37275
 37327
 37425
 37512
 37670
 37764
 38233
 38246
 38329
 38334
 38402
 38466
 38472
 38504
 38612
 38802
 38842
 38933
 39025
 39338
 39614
 40187
 40417
 40583
 40605
 40723
 40768
 40816
 40859
 40868
 40883
 40915
 41195
 41286
 41597
 41778
 42090
 42133
 42183
 42380
 42505
 42659
 42961
 42987
 43299
 43349
 43399
 43445
 43451
 43633
 43668
 43806
 43943
 43946
 43969
 43992
 44325
 44398
 44414
 44415
 44510
 44679
 44779
 44827
 44893
 44931
 44994
 45004
 45013
 45123
 45127
 45135
 45191
 45346
 45569
 45665
 45952
 45973
 45985
 46008
 46068
 46176
 46195
 46229
 46315
 46692
 46835
 47097
 47136
 47507
 47539
 47556
 47595
 47692
 47711
 47804
 47824
 48019
 48627
 48790
 48820
 48899
 48911
 48951
 48960
 49001
 49111
 49143
 49264
 49272
 49275
 49554
 49618
 49619
 49865
 49932
 50071
 50384
 50482
 50593
 50596
 50713
 50923
 51031
 51074
 51092
 51211
 51216
 51454
 51590
 51624
 51698
 51837
 51868
 51896
 52238
 52275
 52410
 52720
 52803
 52863
 52990
 53229
 53364
 53701
 53774
 54013
 54075
 54310
 54334
 54422
 54532
 54603
 54814
 54922
 54960
 54961
 54964
 55010
 55031
 55045
 55136
 55177
 55266
 55305
 55318
 55439
 55461
 55478
 55543
 55879
 56024
 56149
 56149
 56221
 56249
 56314
 56396
 56521
 56522
 56757
 56913
 56964
 57096
 57383
 57807
 57828
 57943
 57945
 58049
 58273
 58286
 58635
 58796
 58837
 59025
 59085
 59128
 59186
 59276
 59342
 59403
 59453
 59508
 59625
 59633
 59692
 59723
 59753
 59758
 59766
 59815
 59918
 60127
 60356
 60682
 60812
 60935
 61088
 61347
 61349
 61545
 61563
 61597
 61617
 61678
 61684
 61707
 61918
 62010
 62049
 62080
 62111
 62179
 62295
 62671
 62820
 63101
 63180
 63182
 63255
 63303
 63331
 63398
 63455
 63549
 63585
 63781
 63837
 63846
 63913
 63986
 63995
 64011
 64032
 64075
 64076
 64417
 64593
 64784
 64896
 65153
 65264
 65382
 65390
 65548
 65601
 65656
 65771
 65801
 66000
 66018
 66098
 66265
 66417
 66563
 66572
 66613
 66742
 66977
 67012
 67037
 67148
 67214
 67226
 67301
 67342
 67421
 67546
 67575
 67614
 67631
 67733
 67738
 67749
 67761
 67787
 67816
 67841
 68024
 68038
 68070
 68108
 68173
 68281
 68298
 68353
 68398
 68430
 68557
 68612
 68799
 68849
 69247
 69249
 69293
 69356
 69367
 69537
 69554
 69621
 69669
 69867
 69930
 69998
 70211
 70273
 70331
 70440
 70484
 70521
 70596
 70683
 70858
 70927
 70997
 71073
 71084
 71090
 71144
 71223
 71296
 71303
 71318
 71380
 71405
 71428
 71581
 71835
 71837
 71841
 72031
 72199
 72306
 72355
 72843
 72878
 73314
 73323
 73453
 73511
 73593
 73645
 73730
 73783
 73787
 73815
 73843
 73964
 74196
 74201
 74285
 74317
 74430
 74469
 74509
 74618
 74664
 74676
 74678
 74736
 75009
 75033
 75043
 75055
 75106
 75145
 75423
 75759
 75789
 75806
 76403
 76775
 76783
 76985
 77002
 77126
 77215
 77589
 77611
 77940
 78079
 78215
 78658
 78741
 78769
 78929
 79029
 79079
 79320
 79350
 79363
 79551
 79605
 80034
 80072
 80191
 80218
 80359
 80401
 80502
 80742
 80825
 81125
 81277
 81492
 81594
 81713
 81902
 82247
 82387
 82569
 82688
 82700
 82826
 82892
 83368
 83377
 83479
 83509
 83755
 83813
 84024
 84043
 84251
 84423
 84538
 84544
 84638
 84729
 84815
 84853
 84873
 84919
 84969
 85015
 85098
 85106
 85251
 85455
 85457
 85581
 85598
 85650
 85840
 85880
 86276
 86300
 86350
 86382
 86413
 86588
 86617
 86649
 86708
 86795
 86834
 86875
 86944
 86947
 86969
 87195
 87285
 87385
 87431
 87743
 87949
 88211
 88217
 88241
 88649
 88756
 88812
 88845
 89097
 89311
 89610
 89765
 89786
 89819
 89857
 90115
 90379
 90473
 90497
 90504
 90586
 90592
 90612
 90614
 90714
 90724
 90725
 90819
 90909
 90942
 90992
 91088
 91185
 91316
 91430
 91677
 91775
 92058
 92305
 92416
 92431
 92563
 92580
 92665
 92675
 92681
 92729
 92871
 92943
 93002
 93006
 93047
 93075
 93138
 93432
 93806
 93960
 94007
 94129
 94258
 94270
 94312
 94342
 94392
 94468
 94703
 94755
 94857
 95074
 95400
 95426
 95572
 95652
 95723
 95827
 95907
 95925
 96021
 96125
 96315
 96347
 96385
 96393
 96432
 96551
 96800
 96819
 96825
 96863
 97003
 97165
 97571
 97718
 97837
 97860
 97970
 98081
 98219
 98495
 98511
 98522
 98659
 98927
 98935
 99051
 99201
 99244
 99268
 99415
 99501
 99544
 99553
 99774
 99923
 99999
 100094
 100129
 100191
 100308
 100408
 100433
 100462
 100564
 100572
 100653
 100672
 100816
 100855
 100888
 100946
 101019
 101087
 101156
 101165
 101230
 101380
 101557
 101568
 101592
 101632
 101673
 101788
 101896
 102198
 102473
 102488
 102715
 102867
 103090
 103151
 103294
 103436
 103492
 103948
 104029
 104045
 104098
 104117
 104190
 104304
 104538
 104547
 104709
 104985
 105006
 105020
 105283
 105566
 105633
 105668
 105674
 105694
 105701
 105729
 105905
 106163
 106197
 106238
 106532
 106575
 107040
 107269
 107282
 107449
 107496
 107752
 107812
 108176
 108273
 108359
 108417
 108439
 108444
 108564
 108581
 108660
 108703
 108885
 108933
 108936
 108986
 109427
 109502
 109503
 109568
 109624
 109838
 109975
 110081
 110595
 110638
 110694
 110711
 110862
 111118
 111185
 111385
 111583
 111759
 111833
 111867
 111889
 111929
 112166
 112347
 112402
 112786
 112945
 112964
 113010
 113046
 113191
 113274
 113366
 113435
 113622
 113653
 113735
 113767
 113776
 113786
 113881
 113908
 113912
 114108
 114140
 114173
 114233
 114503
 114670
 114719
 114869
 114970
 115127
 115238
 115241
 115287
 115593
 115849
 115908
 116125
 116279
 116287
 116305
 116491
 116527
 116582
 116596
 116642
 116738
 116808
 116864
 116891
 116928
 117148
 117306
 117441
 117486
 117604
 117965
 118018
 118051
 118104
 118109
 118327
 118725
 118967
 119104
 119170
 119187
 119483
 119512
 119550
 119583
 119727
 119828
 119853
 119911
 119980
 120016
 120037
 120171
 120474
 120533
 120574
 120643
 120758
 120830
 120873
 120973
 121176
 121308
 121364
 121521
 121539
 122025
 122045
 122047
 122098
 122124
 122133
 122167
 122250
 122322
 122448
 122493
 122510
 122684
 122877
 122957
 122970
 123006
 123127
 123296
 123357
 123404
 123465
 123476
 123477
 123614
 123670
 123879
 123938
 124075
 124314
 124375
 124740
 124816
 124992
 125272
 125412
 125699
 125766
 125821
 125834
 125864
 125915
 126194
 126365
 126517
 126562
 126622
 127061
 127099
 127172
 127285
 127350
 127456
 127458
 127502
 127615
 127615
 127642
 127642
 128202
 128205
 128212
 128310
 128661
 129043
 129280
 129496
 129511
 129801
 129814
 129987
 130037
 130060
 130460
 130467
 130630
 130689
 130747
 130751
 130888
 130964
 131013
 131112
 131328
 131371
 131524
 131611
 131741
 131850
 131876
 131914
 132053
 132217
 132286
 132408
 132436
 132450
 132469
 132540
 132609
 132696
 132702
 132837
 132854
 132879
 132895
 132936
 132948
 133059
 133132
 133187
 133215
 133269
 133386
 133394
 133448
 133682
 133781
 133834
 134097
 134132
 134172
 134250
 134282
 134293
 134380
 134403
 134491
 134529
 134583
 134770
 134789
 135007
 135020
 135081
 135135
 135155
 135170
 135234
 135380
 135411
 135427
 135625
 135667
 135687
 135867
 135898
 135979
 136206
 136242
 136363
 136402
 136509
 136558
 136568
 136665
 136748
 136978
 137075
 137254
 137395
 137426
 137436
 137442
 137542
 137664
 137834
 137868
 137897
 138131
 138135
 138149
 138397
 138398
 138549
 138626
 138705
 138762
 138908
 138973
 139106
 139374
 139416
 139484
 139541
 139560
 139667
 139688
 139765
 139813
 139956
 140052
 140084
 140140
 140327
 140691
 140764
 140845
 141083
 141100
 141196
 141320
 141344
 141393
 141470
 141535
 141567
 141621
 141779
 142426
 142498
 142523
 142535
 142548
 143010
 143469
 143495
 143658
 143849
 144540
 144561
 144656
 144749
 144854
 145039
 145222
 145344
 145357
 145421
 145512
 145527
 145661
 145794
 146067
 146404
 146405
 146438
 146464
 146525
 146731
 146869
 146927
 146927
 147053
 147250
 147289
 147544
 147571
 147651
 147668
 147709
 147869
 147887
 147947
 148060
 148300
 148356
 148450
 148521
 148536
 148738
 148936
 148968
 149079
 149131
 149142
 149287
 149473
 149473
 149486
 149573
 149954
 150142
 150361
 150793
 150889
 150935
 151126
 151148
 151157
 151181
 151310
 151437
 151472
 151531
 151546
 151560
 151584
 151772
 151826
 151915
 152002
 152048
 152133
 152333
 152409
 152489
 152548
 152586
 152613
 152736
 152935
 153061
 153067
 153105
 153131
 153196
 153231
 153266
 153315
 153454
 153467
 153468
 153488
 153509
 153579
 153911
 153924
 154244
 154258
 154277
 154331
 154475
 154700
 154709
 154754
 155172
 155261
 155349
 155354
 155439
 155733
 155980
 156087
 156140
 156317
 156391
 156461
 156566
 156600
 156611
 156790
 156801
 156854
 157013
 157083
 157141
 157268
 157286
 157362
 157377
 157409
 157432
 157599
 157841
 157859
 157950
 157975
 157985
 158096
 158118
 158145
 158228
 158240
 158493
 158607
 158717
 158795
 158919
 158928
 159032
 159069
 159526
 159732
 159820
 159855
 159980
 160129
 160251
 160296
 160319
 160405
 160537
 160652
 160656
 160772
 160791
 160849
 160883
 161101
 161105
 161110
 161169
 161179
 161185
 161407
 161480
 161570
 161671
 161794
 161971
 162143
 162206
 162372
 162440
 162449
 162492
 162509
 162784
 162790
 162813
 162948
 163098
 163355
 163551
 163650
 163742
 163799
 163920
 164086
 164089
 164091
 164174
 164175
 164206
 164449
 164570
 164613
 164667
 164737
 164754
 164933
 164985
 165054
 165148
 165215
 165647
 165939
 166166
 166218
 166246
 166286
 166294
 166333
 166527
 166666
 166776
 166881
 166902
 166974
 166998
 167094
 167593
 167677
 167695
 167727
 168090
 168227
 168349
 168547
 168634
 168847
 169188
 169266
 169281
 169561
 169644
 169775
 170162
 170212
 170779
 170899
 170948
 171032
 171111
 171610
 171629
 171632
 171741
 171929
 172004
 172164
 172223
 172252
 172285
 172295
 172382
 172436
 172546
 172599
 172881
 172889
 173016
 173020
 173034
 173107
 173128
 173260
 173346
 173407
 173720
 173934
 174042
 174272
 174781
 174815
 174826
 174851
 175100
 175294
 175407
 175426
 175533
 175829
 175905
 175977
 176024
 176045
 176058
 176066
 176098
 176119
 176388
 176414
 176518
 176626
 176665
 176895
 176935
 177106
 177365
 177378
 177502
 177642
 177667
 177670
 177704
 177737
 177810
 178200
 178215
 178273
 178367
 178375
 178485
 178564
 178643
 178644
 178759
 178920
 178980
 178983
 179021
 179077
 179107
 179177
 179276
 179282
 179312
 179461
 179611
 179641
 179799
 179928
 179970
 179982
 180112
 180209
 180237
 180275
 180445
 180539
 180550
 180785
 180794
 180926
 180949
 181008
 181034
 181341
 181569
 181614
 181677
 181729
 181790
 181818
 181818
 181818
 181822
 182082
 182146
 182349
 182526
 182776
 182832
 182845
 182860
 183125
 183179
 183326
 183544
 183786
 183870
 183908
 183972
 184035
 184039
 184103
 184234
 184393
 184402
 184466
 184497
 184661
 184719
 184831
 184834
 184886
 184911
 184915
 184945
 184989
 185034
 185039
 185071
 185082
 185088
 185104
 185148
 185175
 185184
 185217
 185218
 185646
 185698
 185805
 186010
 186100
 186152
 186241
 186243
 186370
 186522
 186634
 186649
 186662
 186757
 186803
 186915
 186945
 187038
 187077
 187078
 187094
 187119
 187149
 187182
 187327
 187330
 187476
 187829
 187935
 187939
 188065
 188138
 188262
 188442
 188820
 188922
 189015
 189015
 189096
 189116
 189150
 189157
 189175
 189229
 189397
 189454
 189489
 189655
 189655
 189754
 189940
 189947
 190117
 190208
 190262
 190326
 190425
 190535
 190646
 190669
 190827
 190969
 191229
 191231
 191575
 191584
 191590
 191619
 191659
 191728
 191801
 192223
 192229
 192236
 192307
 192326
 192351
 192401
 192461
 192560
 192856
 193145
 193147
 193236
 193266
 193441
 193443
 193461
 193556
 193587
 193726
 193767
 193843
 193921
 194082
 194113
 194385
 194871
 195011
 195038
 195076
 195310
 195587
 195617
 196065
 196196
 196201
 196340
 196521
 196692
 196800
 196815
 196820
 196947
 197007
 197017
 197269
 197298
 197493
 197495
 197525
 197623
 197645
 197774
 197783
 198062
 198245
 198367
 198369
 198470
 198494
 198599
 198633
 198782
 199186
 199218
 199235
 199477
 199542
 199656
 199727
 199896
 200000
 200110
 200279
 200371
 200554
 200560
 200684
 201310
 201483
 201529
 201557
 201651
 201724
 201793
 201934
 201955
 202110
 202163
 202180
 202199
 202305
 202405
 202453
 202565
 202865
 202949
 203104
 203131
 203287
 203389
 203441
 203518
 203602
 203667
 203948
 203999
 204227
 204275
 204301
 204357
 204624
 204720
 204994
 205050
 205340
 205366
 205565
 205625
 205658
 205787
 205812
 205927
 206061
 206095
 206117
 206186
 206423
 206532
 206683
 206753
 206755
 206757
 206909
 206921
 206928
 206999
 207007
 207622
 207628
 207848
 207893
 207987
 208009
 208146
 208193
 208305
 208342
 208440
 208486
 208622
 208662
 208718
 208841
 208985
 209031
 209032
 209119
 209273
 209310
 209528
 209663
 209787
 209941
 210048
 210058
 210108
 210123
 210142
 210167
 210188
 210208
 210250
 210288
 210322
 210392
 210428
 210526
 210703
 210963
 210987
 211062
 211077
 211254
 211300
 211351
 211495
 211602
 211681
 211818
 211989
 212271
 212335
 212602
 212765
 212926
 213049
 213093
 213127
 213342
 213531
 213610
 213833
 213851
 214035
 214180
 214464
 214496
 214536
 214593
 214815
 214829
 214879
 214922
 214925
 214970
 215003
 215046
 215208
 215277
 215308
 215328
 215341
 215524
 215559
 215568
 215604
 215627
 215826
 215970
 216236
 216261
 216348
 216363
 216386
 216432
 216455
 216474
 216606
 216610
 216698
 216724
 216734
 216766
 216777
 216815
 217373
 217703
 217716
 217729
 217754
 217835
 218136
 218316
 218421
 218468
 218518
 218687
 218691
 218720
 218727
 218832
 218837
 218942
 219058
 219186
 219214
 219247
 219255
 219739
 220194
 220210
 220385
 220452
 220518
 220574
 220747
 220800
 220874
 221064
 221087
 221235
 221241
 221273
 221311
 221432
 221536
 221543
 221752
 221777
 221804
 221880
 221906
 222483
 222721
 222789
 222873
 222947
 223079
 223156
 223276
 223291
 223297
 223310
 223404
 223480
 223582
 223585
 223734
 223827
 223919
 224538
 224668
 224807
 225024
 225157
 225174
 225314
 225528
 225638
 225647
 225923
 226003
 226026
 226070
 226170
 226255
 226364
 226617
 226618
 226628
 226768
 227016
 227138
 227373
 227469
 227557
 227650
 227845
 227848
 228074
 228332
 228462
 228534
 228625
 228647
 228725
 228785
 228885
 228904
 229032
 229168
 229210
 229231
 229257
 229379
 229508
 229603
 229607
 229824
 229939
 229985
 230009
 230028
 230125
 230171
 230175
 230565
 230623
 230941
 230966
 230966
 230983
 231021
 231386
 231428
 231428
 231710
 231822
 232125
 232305
 232424
 232582
 232697
 232932
 232995
 233104
 233162
 233409
 233421
 233452
 233472
 233486
 233584
 233736
 233958
 234006
 234109
 234157
 234179
 234179
 234319
 234342
 234416
 234529
 234544
 234597
 234701
 234831
 234975
 235051
 235064
 235267
 235289
 235381
 235401
 235501
 235521
 235566
 235632
 235853
 235976
 236133
 236236
 236375
 236454
 236597
 236615
 236627
 236781
 236787
 236877
 236946
 237089
 237154
 237339
 237430
 237433
 237492
 237829
 237869
 237953
 237958
 238221
 238346
 238352
 238369
 238385
 238447
 238504
 238546
 238562
 238573
 238656
 238675
 238789
 238790
 238872
 238881
 239068
 239110
 239196
 239314
 239573
 239715
 239896
 239927
 240076
 240204
 240232
 240268
 240619
 240732
 240803
 240941
 241077
 241148
 241163
 241166
 241233
 241273
 241324
 241528
 241569
 241750
 241832
 241847
 241960
 242056
 242082
 242175
 242240
 242279
 242321
 242421
 242498
 242515
 242543
 242706
 242902
 242928
 243017
 243057
 243125
 243126
 243128
 243230
 243772
 243806
 243871
 243873
 243880
 243883
 244094
 244112
 244193
 244206
 244212
 244389
 244486
 244586
 244586
 244705
 244725
 244884
 244971
 245083
 245115
 245188
 245322
 245535
 245799
 245986
 246001
 246113
 246204
 246304
 246400
 246404
 246938
 247045
 247068
 247157
 247314
 247579
 247636
 247804
 247805
 248070
 248265
 248435
 248592
 248616
 248677
 248748
 248760
 249084
 249204
 249256
 249271
 249273
 249423
 249634
 249706
 249737
 249759
 249800
 249839
 249889
 249931
 249967
 250126
 250152
 250282
 250312
 250416
 250455
 250539
 250555
 250799
 250804
 250805
 250882
 251059
 251199
 251296
 251339
 251450
 251551
 251599
 251632
 251711
 251881
 251887
 251998
 252033
 252066
 252075
 252389
 252452
 252511
 252872
 252892
 252974
 253009
 253091
 253161
 253208
 253346
 253459
 253529
 253584
 253603
 253686
 253886
 254114
 254158
 254165
 254218
 254224
 254342
 254354
 254419
 254676
 254681
 254896
 254958
 255050
 255181
 255588
 255614
 255668
 255819
 255831
 255836
 255843
 255935
 255980
 256027
 256039
 256097
 256155
 256176
 256207
 256636
 257217
 257378
 257396
 257415
 257446
 257503
 257595
 257707
 257751
 257833
 257919
 257967
 258133
 258138
 258175
 258231
 258401
 258491
 258523
 258572
 258601
 258639
 258648
 258717
 258842
 258975
 259308
 259413
 259414
 259467
 259532
 259668
 259682
 259815
 260206
 260407
 260526
 260548
 260624
 260644
 260659
 260698
 260710
 260837
 260844
 260920
 260998
 261143
 261460
 261472
 261503
 261556
 261655
 261712
 261739
 261809
 261816
 261849
 261886
 261968
 261984
 262078
 262106
 262115
 262130
 262199
 262516
 262525
 262597
 262615
 262683
 262692
 262742
 262845
 263018
 263100
 263117
 263157
 263157
 263313
 263389
 263453
 263530
 263534
 263565
 263583
 263654
 263687
 263705
 263785
 264006
 264034
 264034
 264231
 264238
 264254
 264446
 264474
 264495
 264513
 264596
 264598
 264666
 264773
 264920
 264964
 264981
 264988
 265004
 265038
 265233
 265407
 265422
 265454
 265574
 265873
 265948
 266129
 266138
 266449
 266508
 266551
 266577
 266590
 266655
 266812
 266831
 267063
 267079
 267116
 267170
 267225
 267334
 267490
 267539
 267623
 267634
 267645
 267653
 267775
 267930
 268083
 268160
 268233
 268244
 268394
 268488
 268536
 268640
 268664
 268670
 268695
 268825
 268902
 268964
 268996
 269028
 269112
 269204
 269225
 269230
 269230
 269299
 269331
 269449
 269650
 269756
 269839
 269869
 270021
 270107
 270129
 270131
 270196
 270428
 270516
 270530
 270623
 270743
 270802
 270829
 270873
 270943
 271036
 271058
 271063
 271183
 271312
 271428
 271448
 271987
 272096
 272189
 272271
 272441
 272869
 272914
 272987
 273047
 273150
 273432
 273716
 273913
 274058
 274213
 274306
 274336
 274421
 274464
 274499
 274699
 274716
 274765
 274774
 274820
 274845
 274951
 274952
 275141
 275234
 275249
 275386
 275519
 275550
 275678
 275776
 275807
 275853
 275874
 275930
 275991
 276142
 276298
 276304
 276315
 276353
 276434
 276760
 276796
 276894
 277033
 277061
 277066
 277110
 277148
 277316
 277401
 277444
 277509
 277623
 277721
 277777
 277810
 277843
 278060
 278141
 278169
 278325
 278442
 278688
 278917
 278990
 279123
 279345
 279382
 279499
 279549
 279622
 279746
 279763
 279832
 279880
 280092
 280141
 280303
 280395
 280562
 280593
 280673
 281048
 281338
 281405
 281708
 281861
 281893
 281940
 281983
 282093
 282415
 282443
 282518
 282697
 282775
 282783
 282836
 282974
 283097
 283118
 283139
 283149
 283153
 283185
 283209
 283209
 283224
 283384
 283421
 283457
 283657
 283825
 283999
 284124
 284177
 284333
 284471
 285060
 285322
 285645
 285651
 285714
 285759
 285804
 285853
 286146
 286149
 286309
 286587
 286661
 286787
 286915
 286981
 287050
 287128
 287206
 287304
 287404
 287516
 287568
 287683
 287805
 287914
 288232
 288259
 288547
 288612
 288617
 288637
 288639
 288784
 289160
 289262
 289364
 289422
 289787
 289830
 289848
 289990
 290044
 290067
 290090
 290141
 290242
 290309
 290458
 290467
 290555
 290788
 290806
 290820
 290835
 290843
 290892
 290929
 291242
 291260
 291444
 291476
 291489
 291516
 291517
 291537
 291614
 291618
 291885
 292079
 292116
 292142
 292258
 292426
 292444
 292534
 292794
 292862
 293052
 293292
 293398
 293446
 293463
 293650
 293663
 294021
 294114
 294162
 294312
 294343
 294467
 294643
 294682
 294699
 294743
 294761
 294778
 294835
 294857
 294889
 294930
 294955
 295102
 295378
 295378
 295386
 295406
 295470
 295498
 295529
 295639
 295650
 295714
 295874
 295893
 296010
 296035
 296132
 296133
 296204
 296236
 296367
 296414
 296462
 296543
 296621
 296690
 296725
 296786
 296863
 296948
 296974
 297051
 297117
 297323
 297340
 297891
 297902
 297956
 297983
 298175
 298267
 298712
 298880
 298903
 298916
 298931
 299006
 299131
 299300
 299336
 299386
 299754
 299973
 299975
 300000
 300124
 300314
 300316
 300409
 300446
 300478
 300570
 300637
 300644
 300676
 300774
 300806
 300958
 301037
 301068
 301247
 301299
 301471
 301525
 301525
 301649
 301796
 301892
 301966
 302005
 302053
 302114
 302284
 302701
 302924
 303017
 303138
 303139
 303164
 303299
 303397
 303537
 303537
 303591
 303642
 303762
 303989
 304060
 304112
 304306
 304338
 304433
 304456
 304467
 304639
 304744
 304753
 304865
 305007
 305068
 305079
 305366
 305417
 305464
 305549
 305617
 305649
 305810
 305915
 305950
 306107
 306173
 306230
 306426
 306451
 306479
 306560
 306618
 306692
 306754
 306756
 306870
 306970
 307003
 307109
 307148
 307220
 307276
 307492
 307692
 307692
 307807
 307911
 308013
 308112
 308141
 308212
 308304
 308337
 308392
 308519
 308650
 308653
 308952
 308958
 309030
 309103
 309119
 309156
 309368
 309615
 309794
 309923
 309975
 310168
 310185
 310199
 310202
 310226
 310292
 310352
 310620
 310628
 310659
 310680
 310771
 310982
 311009
 311111
 311219
 311478
 311503
 311549
 311603
 311759
 311846
 311878
 312268
 312380
 312388
 312485
 312655
 312826
 312842
 313026
 313270
 313289
 313443
 313446
 313515
 313670
 313712
 313750
 313831
 313841
 314021
 314363
 314368
 314373
 314420
 314532
 314564
 314633
 314641
 314720
 314838
 314851
 314925
 315093
 315123
 315276
 315334
 315343
 315375
 315575
 315615
 315651
 315697
 315989
 316090
 316363
 316439
 316523
 316593
 316693
 316717
 316795
 316798
 316871
 316926
 317025
 317181
 317213
 317370
 317387
 317391
 317478
 317580
 317601
 317657
 317671
 317672
 317686
 317730
 317757
 317814
 317836
 317856
 317883
 317998
 318171
 318431
 318498
 318560
 318625
 318627
 318688
 318791
 318964
 318978
 319030
 319103
 319131
 319277
 319382
 319518
 319548
 319551
 319578
 319984
 320147
 320341
 320396
 320433
 320438
 320461
 320613
 320742
 320848
 320917
 321046
 321068
 321158
 321264
 321278
 321428
 321431
 321476
 321493
 321679
 321685
 321704
 321735
 321827
 321984
 322191
 322735
 322823
 322879
 322886
 322926
 322956
 323006
 323160
 323190
 323254
 323268
 323403
 323413
 323469
 323613
 323694
 323754
 324079
 324434
 324604
 324764
 324907
 324937
 325052
 325112
 325121
 325160
 325211
 325221
 325323
 325323
 325356
 325496
 325552
 325613
 325669
 325895
 326538
 326666
 326771
 326796
 326817
 326904
 326958
 326978
 327151
 327500
 327743
 327845
 328055
 328227
 328323
 328482
 328487
 328601
 328633
 328646
 328664
 328695
 328708
 328773
 328821
 328888
 328908
 328995
 329032
 329244
 329376
 329409
 329578
 329595
 329661
 329727
 329822
 329869
 330219
 330270
 330271
 330387
 330688
 330780
 330981
 330981
 331125
 331290
 331317
 331358
 331374
 331405
 331478
 331511
 331599
 331639
 331706
 331801
 331866
 331877
 331966
 332099
 332239
 332290
 332302
 332449
 332537
 332874
 332951
 333017
 333061
 333076
 333122
 333151
 333233
 333233
 333544
 333629
 333659
 333814
 333827
 333830
 333875
 334045
 334087
 334091
 334415
 334584
 334646
 334713
 334759
 334981
 335114
 335176
 335177
 335356
 335568
 335621
 335634
 335761
 335819
 335888
 335901
 335949
 335997
 336176
 336302
 336312
 336397
 336480
 336483
 336543
 336801
 336803
 336812
 336886
 336896
 336943
 336987
 337179
 337276
 337304
 337350
 337368
 337501
 337519
 337650
 337787
 337789
 337791
 337907
 338137
 338154
 338184
 338221
 338234
 338326
 338350
 338440
 338466
 338491
 338668
 338940
 339231
 339248
 339627
 339639
 339973
 340081
 340209
 340218
 340242
 340303
 340357
 340478
 340525
 340571
 340643
 340775
 340807
 340930
 340971
 340996
 341246
 341645
 341735
 341968
 342012
 342033
 342091
 342105
 342265
 342306
 342398
 342476
 342574
 342770
 342916
 343014
 343042
 343125
 343126
 343223
 343443
 343558
 343569
 343935
 343968
 344030
 344102
 344125
 344217
 344390
 344462
 344509
 344522
 344598
 344603
 344657
 344941
 345008
 345034
 345131
 345166
 345259
 345305
 345367
 345470
 345559
 345711
 345824
 345911
 346085
 346225
 346382
 346434
 346467
 346603
 346700
 346793
 346842
 346853
 346857
 346879
 346910
 347011
 347090
 347180
 347207
 347395
 347458
 347508
 347807
 347914
 347949
 347973
 348045
 348288
 348329
 348340
 348466
 348509
 348705
 348785
 348859
 348933
 349023
 349235
 349312
 349325
 349506
 349668
 349775
 349818
 349848
 349881
 349883
 350026
 350072
 350140
 350381
 350423
 350455
 350543
 350546
 350595
 350938
 351161
 351212
 351282
 351366
 351370
 351415
 351449
 351641
 351821
 351897
 352174
 352201
 352210
 352434
 352477
 352698
 352941
 352999
 353051
 353233
 353363
 353435
 353670
 353687
 353743
 353750
 353804
 353839
 353894
 353952
 354037
 354189
 354285
 354387
 354653
 354750
 354923
 354963
 354984
 355188
 355529
 355538
 355658
 355684
 355769
 355803
 356010
 356052
 356160
 356235
 356364
 356399
 356420
 356532
 356589
 356613
 356638
 356708
 356904
 357029
 357073
 357089
 357248
 357279
 357349
 357422
 357434
 357506
 357601
 357603
 357879
 357901
 357955
 357976
 358020
 358022
 358080
 358286
 358308
 358450
 358528
 358559
 358582
 358868
 358911
 359083
 359336
 359508
 359519
 359575
 359665
 359827
 359914
 360178
 360246
 360465
 360584
 360588
 360698
 361240
 361338
 361354
 361502
 361636
 361702
 361873
 361904
 362030
 362046
 362121
 362128
 362138
 362148
 362151
 362378
 362467
 362502
 362515
 362565
 362711
 362763
 362774
 363035
 363047
 363065
 363103
 363138
 363515
 363668
 363773
 363913
 364065
 364169
 364264
 364540
 364578
 364646
 364855
 364864
 364964
 365064
 365066
 365300
 365390
 365408
 365453
 365680
 365690
 365809
 366301
 366415
 366590
 366622
 366625
 366688
 366832
 366863
 367117
 367264
 367366
 367417
 367574
 367576
 367684
 367704
 367709
 367935
 367951
 368001
 368333
 368681
 368764
 369015
 369156
 369361
 369369
 369409
 369441
 369632
 369917
 370182
 370197
 370242
 370267
 370329
 370364
 370575
 370828
 370874
 370957
 371036
 371060
 371219
 371400
 371481
 371534
 371769
 371835
 371936
 372015
 372379
 372420
 372593
 372612
 372614
 372624
 372637
 372666
 372944
 372965
 373057
 373216
 373325
 373341
 373531
 373903
 373920
 373956
 373983
 374014
 374268
 374586
 374794
 374843
 374874
 375000
 375000
 375029
 375086
 375099
 375216
 375330
 375339
 375345
 375424
 375449
 375875
 375986
 376086
 376091
 376190
 376251
 376278
 376420
 376431
 376696
 377053
 377093
 377190
 377234
 377278
 377377
 377516
 377526
 377711
 377769
 377846
 377853
 378104
 378126
 378601
 378719
 378731
 378738
 378752
 378815
 378868
 378873
 379074
 379312
 379437
 379932
 380192
 380264
 380686
 380696
 380697
 380713
 380775
 380952
 381097
 381146
 381188
 381303
 381357
 381728
 381746
 381836
 381942
 382133
 382233
 382248
 382260
 382525
 382608
 382608
 382745
 382854
 382964
 382988
 382993
 383033
 383248
 383300
 383483
 383508
 383535
 383658
 383938
 384118
 384488
 384495
 384573
 384622
 384836
 384865
 384978
 385086
 385138
 385498
 385570
 385654
 385685
 385798
 385827
 385940
 386122
 386202
 386354
 386449
 386508
 386611
 386641
 386721
 386743
 386832
 386835
 386991
 387020
 387319
 387426
 387623
 387743
 387763
 387774
 387809
 387840
 388019
 388051
 388170
 388331
 388349
 388372
 388502
 388508
 388520
 388726
 388731
 388744
 388987
 389135
 389171
 389199
 389400
 389664
 389682
 389882
 390002
 390362
 390410
 390551
 390703
 391174
 391183
 391201
 391231
 391250
 391445
 391658
 391747
 391752
 391862
 391919
 392039
 392122
 392147
 392314
 392405
 392804
 392831
 392959
 393009
 393306
 393321
 393347
 393571
 393667
 393692
 393825
 393900
 393904
 393910
 394010
 394137
 394212
 394395
 394519
 394528
 394548
 394597
 394615
 394659
 394865
 394956
 395264
 395348
 395726
 395833
 395917
 395933
 395949
 395970
 396004
 396183
 396215
 396507
 396892
 396988
 397068
 397092
 397176
 397186
 397310
 397517
 397539
 397671
 397705
 397787
 397856
 397999
 398238
 398770
 398809
 398836
 398977
 399111
 399113
 399352
 399436
 399545
 399585
 399613
 399684
 399769
 399999
 399999
 400174
 400216
 400351
 400606
 400608
 400653
 400661
 400884
 400927
 400956
 400993
 401038
 401387
 401388
 401453
 401835
 402006
 402031
 402199
 402201
 402248
 402298
 402405
 402489
 402788
 402895
 403012
 403073
 403253
 403386
 403541
 403586
 403754
 403822
 403863
 404170
 404306
 404392
 404436
 404608
 404659
 404761
 404814
 404874
 405214
 405222
 405240
 405498
 405734
 405893
 405909
 405960
 405984
 406274
 406310
 406315
 406462
 406504
 406678
 406720
 406878
 406907
 406934
 406976
 407362
 407607
 407678
 407742
 407800
 408028
 408031
 408127
 408146
 408357
 408538
 408575
 408780
 408839
 408876
 408967
 409090
 409090
 409135
 409342
 409522
 409547
 409622
 409743
 409996
 410002
 410053
 410111
 410121
 410428
 410529
 410558
 410721
 410746
 410944
 411032
 411043
 411101
 411135
 411224
 411364
 411572
 411649
 411683
 411748
 411961
 412030
 412235
 412468
 412476
 412572
 412586
 412657
 413202
 413328
 413461
 413478
 413623
 413625
 413823
 414069
 414069
 414159
 414189
 414285
 414538
 414575
 414603
 414715
 414881
 414924
 415132
 415537
 415553
 415614
 415616
 415704
 416162
 416387
 416413
 416482
 416711
 416731
 416776
 416803
 416823
 417052
 417125
 417647
 417703
 417707
 417721
 417747
 417922
 418069
 418096
 418138
 418509
 418526
 418673
 418995
 419140
 419208
 419235
 419242
 419699
 419709
 419731
 419886
 419912
 420000
 420270
 420442
 420494
 420545
 420555
 420744
 420994
 421105
 421179
 421269
 421313
 421378
 421499
 421504
 421551
 421631
 421768
 421807
 421956
 422021
 422269
 422322
 422553
 422571
 422859
 422915
 422929
 422976
 423061
 423159
 423222
 423285
 423326
 423336
 423346
 423348
 423542
 423589
 423598
 423710
 423795
 423859
 423879
 423904
 423940
 424060
 424188
 424215
 424395
 424531
 424554
 424618
 424628
 424750
 424991
 425000
 425076
 425313
 425343
 425387
 425412
 425461
 425531
 425538
 425617
 425623
 425680
 425776
 425786
 425837
 425925
 425979
 425989
 426395
 426442
 426462
 426602
 426716
 426781
 426892
 427217
 427374
 427578
 427965
 428104
 428178
 428282
 428764
 428824
 428829
 429158
 429165
 429249
 429276
 429329
 429341
 429456
 429564
 429577
 429629
 429733
 429883
 430015
 430021
 430079
 430104
 430157
 430240
 430312
 430453
 430475
 430729
 430771
 430781
 430835
 430845
 430858
 430860
 431054
 431195
 431212
 431216
 431335
 431424
 431443
 431476
 431480
 431631
 431770
 431805
 431905
 432104
 432203
 432267
 432346
 432416
 432493
 432495
 432774
 432835
 433534
 433539
 433556
 433579
 433617
 433667
 433765
 433774
 433774
 433827
 433848
 433876
 434089
 434100
 434225
 434243
 434341
 434562
 434675
 434701
 434773
 435025
 435235
 435313
 435501
 435505
 435510
 435735
 435742
 435767
 435883
 435952
 436076
 436158
 436208
 436258
 436268
 436477
 436483
 436562
 436619
 436717
 436768
 436773
 436814
 436949
 437052
 437176
 437339
 437625
 437721
 437750
 437855
 437969
 438045
 438121
 438229
 438239
 438298
 438316
 438356
 438412
 438481
 438524
 438546
 438624
 438652
 438783
 438789
 438868
 438889
 439062
 439134
 439208
 439227
 439330
 439349
 439393
 439403
 439452
 439487
 439487
 439624
 440487
 440565
 440632
 440645
 440657
 440904
 440970
 441023
 441053
 441060
 441215
 441502
 441791
 441819
 441834
 441860
 441887
 442086
 442287
 442307
 442528
 442545
 442603
 442700
 442714
 442726
 443006
 443025
 443151
 443203
 443224
 443316
 443605
 443657
 443659
 443674
 443737
 443814
 443830
 443843
 443857
 443859
 443903
 444006
 444055
 444190
 444311
 444475
 444778
 444855
 445008
 445039
 445054
 445182
 445411
 445579
 445628
 445917
 445966
 445978
 445978
 446009
 446040
 446182
 446222
 446438
 446439
 446510
 446520
 446599
 446611
 446731
 446741
 446859
 447121
 447570
 447605
 447820
 447821
 448283
 448325
 448404
 448438
 448644
 448669
 448702
 448704
 449046
 449280
 449495
 449588
 449639
 449805
 450006
 450033
 450048
 450104
 450122
 450191
 450270
 450572
 450572
 450632
 450719
 450764
 450802
 450929
 451011
 451075
 451430
 451460
 451546
 451583
 451610
 451672
 451871
 452021
 452082
 452123
 452260
 452267
 452283
 452833
 453028
 453192
 453321
 453344
 453404
 453500
 453503
 453528
 453565
 453748
 453922
 454121
 454291
 454346
 454429
 454487
 454499
 454600
 454638
 454655
 454680
 454801
 455415
 455479
 455536
 455593
 455622
 455798
 455886
 456000
 456080
 456149
 456262
 456270
 456521
 456537
 456652
 456666
 456677
 457043
 457186
 457340
 457359
 457514
 457730
 457733
 457743
 457772
 457831
 458266
 458277
 458345
 458353
 458451
 458618
 458747
 458810
 458857
 458876
 458914
 459071
 459072
 459150
 459179
 459203
 459267
 459395
 459566
 459587
 459759
 459776
 459987
 460152
 460228
 460270
 460272
 460328
 460389
 460440
 460495
 460570
 460637
 460639
 460664
 460784
 460829
 460859
 460861
 460980
 460994
 461052
 461053
 461056
 461302
 461303
 461980
 462250
 462335
 462420
 462449
 462456
 462897
 462897
 462967
 462980
 463004
 463435
 463625
 463779
 463811
 463829
 463931
 464141
 464196
 464226
 464306
 464331
 464536
 464672
 464829
 465010
 465055
 465074
 465126
 465136
 465483
 465602
 465682
 465863
 465956
 466081
 466165
 466196
 466202
 466216
 466497
 466634
 466666
 466683
 466695
 466865
 466964
 467229
 467290
 467370
 467376
 467425
 467452
 467466
 467655
 467659
 467702
 467911
 468097
 468099
 468178
 468280
 468706
 468710
 468718
 468893
 469060
 469215
 469249
 469306
 469328
 469368
 469452
 469553
 469657
 469750
 469879
 470090
 470108
 470144
 470185
 470201
 470203
 470293
 470333
 470385
 470420
 470503
 470588
 470785
 470967
 471019
 471053
 471061
 471246
 471273
 471316
 471331
 471479
 471507
 471545
 471926
 472019
 472106
 472190
 472378
 472428
 472446
 472492
 472527
 472555
 472565
 472631
 472774
 472857
 472948
 473174
 473222
 473226
 473338
 473342
 473493
 473562
 473684
 473705
 473777
 473841
 473944
 474025
 474228
 474439
 474543
 474704
 474823
 475090
 475157
 475162
 475389
 475479
 475493
 475667
 475708
 475758
 475783
 476015
 476069
 476086
 476124
 476139
 476152
 476205
 476250
 476394
 476408
 476586
 476656
 476790
 476807
 476869
 476879
 477011
 477293
 477295
 477452
 477479
 477507
 477575
 477609
 477712
 478001
 478084
 478128
 478344
 478581
 478645
 478759
 478798
 478873
 478902
 478905
 479028
 479046
 479153
 479171
 479209
 479324
 479407
 479486
 479720
 479892
 479930
 480031
 480090
 480237
 480259
 480399
 480765
 480897
 481046
 481414
 481442
 481449
 481569
 481907
 481988
 482123
 482262
 482288
 482484
 482618
 482715
 482813
 482897
 483131
 483146
 483155
 483269
 483420
 483428
 483487
 483568
 483634
 483831
 483839
 483864
 483900
 483935
 484030
 484066
 484122
 484212
 484371
 484449
 484847
 484927
 485063
 485074
 485149
 485177
 485186
 485250
 485289
 485297
 485304
 485326
 485347
 485419
 485573
 485575
 485695
 485781
 485850
 485859
 485886
 485965
 486175
 486289
 486300
 486630
 486855
 486856
 486897
 486971
 487177
 487269
 487271
 487350
 487649
 487714
 487778
 487804
 487820
 487826
 487986
 488107
 488402
 488422
 488540
 488574
 488609
 488649
 489041
 489204
 489368
 489464
 489467
 489655
 489669
 489732
 489793
 489836
 489915
 489980
 490003
 490029
 490041
 490072
 490112
 490576
 490589
 490618
 490652
 490664
 490666
 490826
 491150
 491362
 491387
 491422
 491622
 491738
 491799
 491924
 492144
 492319
 492446
 492447
 493039
 493091
 493120
 493190
 493389
 493670
 493683
 493844
 494222
 494246
 494377
 494388
 494459
 494538
 494594
 494611
 494630
 494645
 494649
 494841
 494846
 494896
 495042
 495157
 495194
 495245
 495382
 495384
 495444
 495473
 495648
 495714
 495719
 495973
 496099
 496175
 496204
 496210
 496495
 496510
 496658
 496775
 496871
 496935
 497019
 497031
 497108
 497139
 497291
 497504
 497516
 497632
 497742
 497752
 497765
 497962
 497996
 498016
 498101
 498173
 498328
 498425
 498498
 498681
 498701
 498799
 498802
 498852
 498918
 499108
 499232
 499447
 499554
 499717
 499740
 499742
 499820
 499823
 499867
 499885
 