0
 0
 0
 0
 0
 422
 441
 593
 681
 821
 892
 1325
 1466
 1746
 2047
 2136
 2468
 2611
 2705
 2706
 2732
 2754
 2754
 2867
 2993
 3010
 3105
 3247
 3282
 3334
 3492
 3536
 3587
 3665
 3708
 3827
 3856
 4137
 4223
 4323
 4346
 4542
 4731
 4814
 5099
 5178
 5457
 5582
 5691
 6023
 6041
 6071
 6187
 6308
 6390
 6618
 6630
 6814
 6896
 7019
 7128
 7304
 7418
 7474
 7650
 7835
 8059
 8248
 8275
 8303
 8443
 8542
 8750
 8981
 9042
 9107
 9176
 9177
 9392
 9426
 9504
 9743
 9868
 9896
 9899
 10133
 10640
 10653
 10773
 10876
 10877
 10928
 11396
 11420
 11552
 11575
 11627
 11685
 11734
 11785
 12124
 12208
 12275
 12382
 12445
 12474
 12664
 12820
 13077
 13242
 13295
 13353
 13415
 13504
 13611
 13633
 13678
 13742
 13833
 14168
 14173
 14200
 14224
 14421
 14524
 14554
 14660
 14662
 14780
 15061
 15076
 15122
 15128
 15210
 15211
 15327
 15363
 15396
 15407
 15408
 15440
 15544
 15558
 15570
 15702
 15749
 15901
 15990
 16083
 16243
 16283
 16300
 16356
 16576
 16630
 16791
 16820
 16897
 17026
 17412
 17715
 17858
 17879
 18012
 18110
 18167
 18176
 18176
 18470
 18992
 19086
 19321
 19655
 19718
 19756
 19759
 20038
 20216
 20242
 20372
 20400
 20653
 20654
 20734
 20738
 20741
 20821
 20867
 20906
 20928
 21044
 21154
 21168
 21269
 21367
 21448
 21492
 21530
 21616
 21691
 21746
 21784
 21812
 22056
 22117
 22128
 22195
 22292
 22319
 22345
 22422
 22547
 22576
 22639
 22856
 23119
 23172
 23268
 23364
 23384
 23402
 23604
 23730
 23814
 23917
 24170
 24175
 24221
 24297
 24394
 24795
 24848
 25142
 25358
 25473
 25528
 25621
 25821
 25832
 25857
 25907
 25939
 25963
 26252
 26299
 26406
 26593
 26814
 27008
 27076
 27250
 27283
 27368
 27480
 27533
 27639
 27695
 27881
 27903
 27934
 27993
 28149
 28288
 28354
 28532
 28606
 28824
 28838
 29032
 29260
 29302
 29407
 29455
 29535
 29606
 29688
 29697
 29723
 29763
 29820
 30060
 30140
 30152
 30234
 30393
 30440
 30481
 30565
 30888
 31841
 32035
 32394
 32411
 32503
 32755
 32816
 32822
 32913
 32981
 33014
 33671
 33711
 33800
 33907
 34002
 34162
 34185
 34231
 34344
 34345
 34347
 34487
 34506
 34604
 34860
 34934
 35013
 35460
 35483
 35544
 35626
 35686
 35705
 35740
 35744
 35846
 35898
 36021
 36065
 36142
 36334
 36405
 36412
 36419
 36494
 36577
 36618
 36635
 36779
 36789
 36828
 36934
 37154
 37517
 38221
 38439
 38597
 38650
 38679
 38828
 38861
 38871
 38890
 39054
 39226
 39255
 39279
 39292
 39297
 39393
 39458
 39525
 39657
 39714
 39775
 40012
 40035
 40138
 40173
 40401
 40684
 40750
 41034
 41284
 41324
 41461
 41529
 41567
 41608
 41682
 41760
 41767
 41797
 41838
 42128
 42180
 42245
 42326
 42335
 42356
 42484
 42519
 42553
 42561
 42584
 42652
 42855
 42986
 43019
 43055
 43130
 43219
 43252
 43264
 43343
 43454
 43478
 43593
 43630
 43660
 43695
 43904
 44052
 44204
 44292
 44363
 44384
 44428
 44473
 44543
 44545
 44595
 44651
 44790
 44832
 44896
 44937
 45017
 45019
 45132
 45154
 45164
 45587
 45711
 46090
 46174
 46235
 46251
 46365
 46421
 46638
 46806
 46845
 47042
 47059
 47447
 47511
 47517
 47519
 47590
 47611
 47889
 48067
 48135
 48315
 48437
 48532
 48602
 48628
 48635
 48866
 48869
 49102
 49220
 49455
 49618
 49770
 49789
 49861
 49970
 49985
 50055
 50138
 50168
 50305
 50632
 50648
 50759
 50893
 51322
 51577
 51618
 51979
 51988
 52063
 52120
 52136
 52326
 52443
 52465
 52571
 52631
 52829
 52915
 52955
 53047
 53102
 53109
 53324
 53405
 53459
 53549
 53597
 53693
 54024
 54216
 54253
 54281
 54307
 54321
 54445
 54509
 54606
 54620
 54764
 54789
 55080
 55098
 55271
 55368
 55411
 55457
 55605
 55651
 55662
 55818
 55932
 56092
 56325
 56376
 56377
 56453
 56488
 56603
 56994
 57228
 57391
 57532
 57584
 57668
 57692
 57717
 57731
 57986
 58022
 58166
 58213
 58360
 58523
 58534
 58670
 58690
 58700
 58823
 59045
 59161
 59300
 59310
 59392
 59418
 59421
 59512
 59523
 59523
 59544
 59581
 59683
 59704
 59745
 59789
 59884
 59926
 60162
 60193
 60216
 60227
 60263
 60380
 60404
 60444
 60478
 60479
 60523
 60531
 60578
 60581
 60663
 60720
 60784
 61078
 61094
 61189
 61260
 61390
 61406
 61452
 61462
 61505
 61506
 61561
 61572
 61728
 61761
 61895
 62070
 62135
 62168
 62205
 62210
 62298
 62312
 62322
 62345
 62469
 62561
 62599
 62610
 62694
 62810
 63025
 63037
 63046
 63063
 63182
 63224
 63261
 63280
 63318
 63398
 63631
 63721
 63781
 63940
 64064
 64071
 64149
 64210
 64406
 64650
 64913
 64980
 65209
 65217
 65357
 65471
 65548
 65771
 65864
 65869
 65896
 65970
 66033
 66111
 66122
 66148
 66502
 66565
 66572
 66607
 66847
 66871
 66887
 67065
 67134
 67176
 67307
 67474
 67525
 67529
 67571
 67741
 67811
 68158
 68370
 68418
 68465
 68472
 68796
 68834
 68946
 69231
 69316
 69402
 69519
 69713
 69875
 69936
 70089
 70247
 70262
 70422
 70690
 70769
 70902
 71167
 71248
 71300
 71370
 71484
 71595
 71646
 71658
 71662
 71912
 71984
 72093
 72182
 72358
 72453
 72616
 72936
 73073
 73097
 73587
 73659
 73679
 73758
 73804
 74007
 74295
 74301
 74400
 74571
 74628
 74743
 74867
 74925
 75086
 75117
 75170
 75215
 75419
 75421
 75808
 75897
 75968
 76007
 76126
 76156
 76159
 76294
 76387
 76400
 76420
 76426
 76559
 76666
 76683
 76857
 76869
 77047
 77074
 77346
 77411
 77532
 77540
 77557
 77565
 77654
 77739
 77837
 77903
 78104
 78134
 78223
 78249
 78271
 78418
 78545
 78686
 78905
 79024
 79119
 79137
 79152
 79278
 79425
 79619
 79626
 79670
 79676
 79879
 79981
 80226
 80441
 80573
 80639
 80782
 80919
 81076
 81087
 81132
 81280
 81521
 81625
 81884
 81938
 82062
 82156
 82251
 82298
 82500
 82751
 82769
 82811
 82941
 82980
 83034
 83177
 83237
 83240
 83267
 83286
 83403
 83724
 83805
 83843
 83909
 84011
 84021
 84060
 84143
 84164
 84174
 84181
 84294
 84448
 84490
 84493
 84674
 84700
 84791
 84867
 84926
 84942
 85013
 85078
 85092
 85119
 85229
 85298
 85365
 85395
 85521
 85587
 85845
 85888
 85903
 86060
 86243
 86566
 86628
 86632
 86716
 86722
 86730
 86750
 86988
 86994
 87113
 87193
 87234
 87280
 87371
 87401
 87411
 87446
 87479
 87537
 87574
 87606
 87618
 87773
 87782
 87813
 87884
 87890
 88012
 88128
 88155
 88242
 88337
 88475
 88557
 88656
 88666
 88705
 88795
 88953
 89026
 89063
 89132
 89201
 89277
 89392
 89392
 89668
 89774
 89810
 89969
 89970
 89986
 90079
 90148
 90215
 90325
 90568
 90816
 90901
 90904
 90909
 91022
 91119
 91356
 91656
 91706
 91764
 91807
 91962
 92077
 92132
 92148
 92180
 92240
 92303
 92343
 92387
 92592
 92903
 93140
 93225
 93399
 93447
 93470
 93495
 93538
 93623
 93633
 93811
 93878
 93902
 93933
 94021
 94117
 94445
 94523
 94763
 94798
 94992
 95078
 95252
 95446
 95466
 95496
 95963
 96018
 96035
 96279
 96544
 96663
 96725
 96730
 96780
 96834
 96867
 96895
 96948
 97091
 97194
 97205
 97560
 97826
 97839
 97857
 97899
 97911
 98183
 98388
 98426
 98436
 98588
 98770
 98846
 98965
 99217
 99223
 99296
 99390
 99413
 99767
 99894
 99898
 100178
 100362
 100437
 100490
 100502
 100577
 100601
 100618
 100669
 100740
 100836
 100845
 100946
 101015
 101017
 101018
 101029
 101040
 101091
 101145
 101162
 101356
 101485
 101570
 101623
 101703
 101756
 101911
 101917
 102076
 102247
 102383
 102528
 102583
 102618
 102623
 102684
 102691
 102810
 103181
 103321
 103370
 103370
 103437
 103451
 103493
 103500
 103606
 103644
 103707
 103934
 103941
 104015
 104094
 104119
 104228
 104354
 104599
 104695
 104729
 104797
 104817
 104845
 104914
 104975
 105061
 105362
 105398
 105883
 105985
 106010
 106035
 106092
 106112
 106262
 106493
 106494
 106508
 106557
 106587
 106699
 106761
 106974
 107121
 107272
 107328
 107377
 107391
 107598
 107651
 107727
 107837
 107906
 107920
 107962
 107984
 108005
 108006
 108031
 108516
 108539
 108684
 108891
 108919
 108930
 109024
 109109
 109308
 109369
 109551
 109667
 109708
 109716
 109843
 110032
 110113
 110256
 110333
 110379
 110429
 110516
 110518
 110539
 110626
 110628
 110703
 110764
 110805
 110845
 111092
 111276
 111339
 111500
 111673
 111675
 111754
 111861
 112013
 112021
 112075
 112187
 112220
 112242
 112608
 112646
 112731
 112756
 112848
 113149
 113397
 113475
 113627
 113718
 113930
 114004
 114024
 114116
 114128
 114135
 114183
 114360
 114373
 114487
 114497
 114499
 114558
 114762
 114965
 115003
 115109
 115211
 115479
 115529
 115549
 115722
 115879
 116019
 116073
 116084
 116249
 116279
 116317
 116424
 116559
 116712
 117200
 117280
 117353
 117401
 117989
 118095
 118192
 118244
 118297
 118365
 118500
 118508
 118608
 118635
 118673
 118811
 118951
 118953
 119193
 119217
 119232
 119270
 119358
 119847
 119934
 120036
 120111
 120192
 120240
 120353
 120512
 120703
 120850
 120946
 120993
 121111
 121115
 121163
 121212
 121364
 121558
 121971
 121973
 122046
 122197
 122291
 122294
 122302
 122304
 122341
 122369
 122585
 122607
 122627
 122653
 122683
 122755
 122914
 122983
 123003
 123221
 123484
 123595
 123819
 123835
 123858
 123931
 124067
 124116
 124131
 124402
 124417
 124470
 124566
 124645
 124777
 125000
 125035
 125129
 125427
 125472
 125494
 125596
 125899
 126015
 126024
 126420
 126509
 126658
 126765
 126937
 127125
 127167
 127295
 127302
 127315
 127442
 127562
 127602
 127610
 127701
 127737
 127985
 128357
 128482
 128522
 128543
 128645
 128653
 128658
 128794
 128818
 128830
 128847
 128883
 128918
 128923
 128940
 129311
 129607
 129681
 129882
 130164
 130299
 130305
 130389
 130555
 130613
 130664
 130710
 130902
 131040
 131090
 131259
 131297
 131309
 131369
 131522
 131681
 131697
 131858
 131919
 131949
 132064
 132075
 132231
 132501
 132548
 132611
 132630
 132717
 132780
 132838
 132852
 132861
 133050
 133147
 133282
 133429
 133517
 133681
 133799
 133808
 133862
 133933
 133955
 134069
 134101
 134223
 134297
 134302
 134334
 134417
 134552
 134573
 134793
 134797
 134819
 134843
 134931
 135043
 135104
 135209
 135339
 135430
 135559
 136088
 136125
 136135
 136341
 136363
 136375
 136498
 136573
 136651
 136660
 136837
 136961
 137038
 137065
 137126
 137130
 137196
 137299
 137474
 137484
 137528
 137592
 137649
 137784
 137855
 138081
 138129
 138143
 138330
 138366
 138378
 138427
 138489
 138748
 138930
 139038
 139055
 139063
 139072
 139136
 139242
 139305
 139410
 139610
 139648
 139683
 139800
 139936
 139984
 140171
 140283
 140497
 140642
 140649
 140661
 140665
 140747
 140805
 140906
 141032
 141166
 141183
 141497
 141538
 141566
 141600
 141871
 141893
 141902
 141990
 142071
 142132
 142197
 142239
 142276
 142412
 142511
 142570
 142667
 142752
 142779
 142831
 142989
 143242
 143336
 143571
 143620
 143692
 144225
 144354
 144506
 144758
 144933
 145183
 145188
 145195
 145294
 145431
 145494
 145497
 145519
 145561
 145564
 145588
 145633
 145662
 146070
 146086
 146118
 146140
 146163
 146269
 146309
 146855
 146977
 147074
 147082
 147218
 147272
 147291
 147416
 147739
 147794
 148047
 148239
 148283
 148503
 148511
 148559
 148730
 148829
 148908
 149081
 149272
 149276
 149431
 149463
 149482
 149554
 149666
 149911
 149979
 150008
 150105
 150273
 150305
 150435
 150452
 150475
 150475
 150490
 150573
 150677
 150718
 150920
 151016
 151018
 151356
 151363
 151456
 151472
 151522
 151711
 151727
 151788
 152076
 152271
 152317
 152542
 152747
 152789
 152792
 152940
 152950
 152979
 153061
 153075
 153123
 153140
 153434
 153438
 153767
 153799
 153846
 154081
 154115
 154138
 154194
 154268
 154380
 154467
 154531
 154705
 154823
 154867
 155219
 155284
 155373
 156028
 156028
 156058
 156348
 156726
 156862
 156862
 156884
 157159
 157187
 157189
 157352
 157354
 157403
 157519
 157727
 157779
 157781
 157825
 157992
 158012
 158074
 158249
 158300
 158356
 158430
 158451
 158462
 158511
 158906
 159072
 159221
 159449
 159492
 159508
 159769
 159805
 159825
 159851
 159932
 159999
 160269
 160298
 160327
 160347
 160441
 160589
 160760
 160784
 160817
 160863
 160881
 160890
 160903
 160940
 161038
 161051
 161426
 161490
 161553
 161664
 161684
 161699
 161891
 162071
 162162
 162415
 162501
 162593
 162696
 162771
 162866
 163021
 163387
 163528
 163558
 163619
 163690
 163753
 163824
 163953
 163999
 164293
 164321
 164579
 164621
 164634
 164690
 164824
 164853
 164855
 164973
 164992
 164997
 165175
 165216
 165269
 165682
 165721
 165750
 165752
 165757
 165856
 165904
 166379
 166429
 166581
 166666
 166666
 166666
 166728
 166739
 166981
 167085
 167144
 167152
 167185
 167193
 167319
 167324
 167326
 167487
 167567
 167612
 167680
 167860
 167882
 167915
 168077
 168160
 168263
 168291
 168587
 168706
 169002
 169333
 169383
 169421
 169445
 169669
 169756
 169855
 169909
 169932
 170018
 170116
 170183
 170431
 170474
 170588
 170674
 170699
 170748
 170825
 170847
 170938
 170954
 170970
 170999
 171139
 171202
 171235
 171540
 171549
 171662
 171674
 171720
 171740
 171809
 171924
 172103
 172210
 172245
 172273
 172318
 172454
 172527
 172562
 172563
 172612
 172621
 172929
 173081
 173113
 173228
 173267
 173353
 173410
 173442
 173649
 173820
 174135
 174184
 174351
 174540
 174698
 174738
 174749
 174757
 174766
 174826
 174843
 174897
 175060
 175395
 175405
 175539
 175622
 175703
 175951
 176005
 176075
 176205
 176232
 176283
 176353
 176462
 176529
 176534
 176662
 176724
 176839
 176917
 176972
 177353
 177389
 177409
 177411
 177481
 177898
 177938
 178008
 178068
 178168
 178181
 178208
 178210
 178224
 178541
 178638
 178688
 178711
 178792
 178954
 179002
 179142
 179299
 179324
 179375
 179402
 179448
 179472
 179717
 179811
 179908
 179929
 179947
 180045
 180079
 180212
 180252
 180410
 180420
 180451
 180476
 180515
 180520
 180554
 180631
 180722
 181043
 181049
 181125
 181282
 181313
 181531
 181571
 181646
 181749
 181883
 182051
 182074
 182222
 182259
 182261
 182294
 182559
 182582
 182664
 182681
 182751
 182931
 183554
 183563
 183615
 183745
 184210
 184277
 184368
 184381
 184390
 184488
 184504
 184558
 184622
 184667
 184753
 184807
 185082
 185214
 185378
 185385
 185484
 185711
 185761
 185819
 186086
 186143
 186255
 186333
 186622
 186643
 186645
 186710
 186721
 186727
 186784
 186817
 186819
 186899
 186967
 187022
 187093
 187170
 187235
 187287
 187420
 187463
 187571
 187783
 187898
 187963
 188238
 188268
 188300
 188344
 188366
 188482
 188599
 188602
 188708
 188722
 188797
 188932
 188987
 189273
 189287
 189290
 189309
 189385
 189531
 189582
 189889
 190297
 190421
 190488
 190719
 190850
 190913
 190991
 191190
 191192
 191261
 191263
 191297
 191339
 191523
 191529
 191531
 191695
 191710
 191783
 191840
 191842
 191881
 191931
 191980
 192004
 192182
 192234
 192240
 192307
 192307
 192307
 192414
 192424
 192504
 192608
 192758
 192965
 192976
 193042
 193077
 193244
 193246
 193304
 193476
 193487
 193515
 193548
 193626
 193806
 193830
 193870
 193981
 194074
 194271
 194341
 194439
 194515
 194548
 194613
 194726
 194732
 194843
 195161
 195243
 195252
 195403
 195425
 195467
 195511
 195533
 195759
 195769
 195772
 195936
 196199
 196330
 196346
 196508
 196509
 196515
 196573
 196795
 196795
 196800
 196921
 196948
 197003
 197011
 197054
 197059
 197068
 197416
 197423
 197494
 197508
 197577
 197595
 197747
 197775
 197776
 197847
 197871
 198064
 198162
 198195
 198233
 198251
 198286
 198338
 198380
 198382
 198502
 198563
 198571
 198588
 198734
 198799
 198853
 198878
 199095
 199190
 199493
 199594
 199780
 199839
 199940
 200037
 200118
 200176
 200435
 200466
 200538
 200682
 200747
 200758
 200859
 200929
 200980
 200992
 201028
 201057
 201150
 201315
 201438
 201547
 201634
 201809
 201826
 201890
 201965
 202019
 202099
 202223
 202384
 202390
 202537
 202573
 202671
 202738
 203029
 203130
 203274
 203450
 203510
 203531
 203750
 203840
 203957
 204278
 204322
 204949
 204980
 205012
 205022
 205195
 205392
 205421
 205605
 205892
 206095
 206119
 206143
 206302
 206539
 206629
 206676
 206755
 206825
 206849
 207198
 207266
 207484
 207500
 207569
 207676
 207779
 207982
 208119
 208232
 208245
 208385
 208745
 209046
 209116
 209124
 209147
 209203
 209205
 209273
 209311
 209412
 209459
 209462
 209502
 209511
 209522
 209545
 209730
 209748
 210081
 210158
 210194
 210228
 210249
 210322
 210373
 210762
 210784
 210900
 210910
 211010
 211088
 211105
 211141
 211170
 211171
 211494
 211508
 211519
 211535
 211594
 211629
 211640
 211715
 211800
 211811
 211854
 211960
 211965
 212012
 212328
 212389
 212396
 212642
 212659
 212742
 212808
 212962
 213168
 213380
 213555
 213797
 213807
 213995
 214015
 214452
 214540
 214558
 214662
 214715
 214738
 214774
 214784
 214805
 214820
 214823
 214877
 214887
 214949
 215029
 215064
 215089
 215388
 215477
 215573
 215604
 215632
 215664
 215699
 215744
 215828
 215869
 215896
 215921
 216017
 216180
 216503
 216521
 216577
 216651
 216785
 217040
 217110
 217337
 217769
 217780
 217938
 218433
 218438
 218553
 218588
 218665
 218744
 218750
 218871
 219075
 219359
 219393
 219409
 219660
 219750
 219776
 219847
 219884
 220054
 220195
 220235
 220287
 220454
 220481
 220533
 220679
 220690
 220939
 220968
 221087
 221099
 221124
 221279
 221311
 221374
 221450
 221594
 221640
 221720
 221772
 221784
 221864
 221917
 221927
 221937
 222154
 222287
 222363
 222535
 222543
 222544
 222573
 222966
 223284
 223285
 223346
 223360
 223455
 223586
 223588
 223767
 223834
 223931
 223969
 224081
 224220
 224246
 224274
 224297
 224528
 224590
 224677
 224688
 224707
 224733
 224983
 224995
 225105
 225151
 225157
 225343
 225462
 225464
 225472
 225586
 225656
 225939
 226000
 226190
 226350
 226423
 226451
 226639
 226743
 227012
 227172
 227272
 227687
 227735
 227825
 227942
 227947
 228130
 228262
 228432
 228528
 228539
 228547
 228551
 228642
 228646
 228719
 228735
 228840
 228841
 228898
 228994
 229111
 229191
 229228
 229353
 229426
 229645
 229715
 229937
 229954
 230055
 230168
 230286
 230344
 230433
 230454
 230458
 230519
 230542
 230573
 230849
 230978
 231151
 231173
 231237
 231346
 231468
 231484
 231545
 231579
 231810
 231958
 232027
 232157
 232211
 232247
 232314
 232372
 232419
 232542
 232565
 232594
 232854
 232982
 233017
 233131
 233206
 233369
 233439
 233683
 233752
 233758
 233832
 233861
 233992
 234052
 234075
 234177
 234342
 234370
 234384
 234480
 234505
 234730
 234753
 234814
 234886
 234994
 235042
 235103
 235241
 235413
 235452
 235591
 235769
 235849
 235897
 235929
 236273
 236363
 236439
 236582
 236712
 236730
 236735
 237085
 237113
 237127
 237226
 237289
 237366
 237383
 237403
 237404
 237508
 237757
 237793
 237798
 237916
 238051
 238095
 238102
 238109
 238207
 238230
 238243
 238551
 238644
 238645
 238670
 238936
 239169
 239179
 239282
 239308
 239366
 239434
 239897
 239923
 240041
 240078
 240134
 240488
 240503
 240509
 240629
 240950
 241012
 241014
 241045
 241571
 241735
 241741
 241747
 241847
 242147
 242334
 242368
 242526
 242699
 242789
 242821
 242833
 242933
 242933
 242966
 243038
 243207
 243220
 243257
 243325
 243363
 243593
 243649
 243787
 243831
 243871
 243929
 243952
 244039
 244068
 244204
 244248
 244286
 244332
 244366
 244642
 244860
 245169
 245280
 245282
 245451
 245723
 245780
 245896
 245902
 245995
 246056
 246307
 246414
 246515
 246517
 246731
 246853
 246981
 246986
 247017
 247213
 247276
 247362
 247488
 247491
 247568
 247814
 247826
 247967
 247974
 247997
 248085
 248087
 248130
 248274
 248343
 248467
 248678
 248863
 249106
 249136
 249197
 249337
 249386
 249624
 249914
 250017
 250081
 250083
 250549
 250704
 250752
 250956
 251000
 251103
 251323
 251345
 251373
 251458
 251588
 251844
 251928
 251953
 251958
 251975
 252032
 252136
 252391
 252403
 252653
 252702
 252703
 252716
 252848
 252876
 252901
 253099
 253186
 253303
 253338
 253389
 253568
 254074
 254314
 254339
 254497
 254575
 254673
 254744
 254782
 254968
 255304
 255333
 255359
 255439
 255520
 255656
 256140
 256216
 256228
 256467
 256763
 256765
 256777
 257108
 257203
 257230
 257265
 257323
 257436
 257479
 257572
 257676
 257825
 257837
 257940
 258089
 258098
 258137
 258228
 258389
 258392
 258519
 258963
 258964
 259000
 259121
 259142
 259189
 259298
 259319
 259459
 259494
 259564
 259579
 259623
 259641
 259734
 259862
 259978
 260158
 260177
 260361
 260370
 260414
 260422
 260573
 260854
 260874
 260935
 261003
 261194
 261259
 261385
 261394
 261672
 261750
 261791
 261898
 262109
 262252
 262367
 262542
 262560
 262582
 262699
 262953
 263157
 263157
 263159
 263301
 263556
 263662
 263801
 263888
 263907
 263986
 264018
 264125
 264167
 264448
 264450
 264705
 264854
 264868
 264915
 265057
 265117
 265121
 265161
 265214
 265215
 265285
 265391
 265403
 265469
 265497
 265617
 265853
 265917
 265964
 265991
 266143
 266307
 266345
 266383
 266385
 266474
 266578
 266603
 266609
 266933
 267015
 267134
 267158
 267203
 267379
 267389
 267396
 267445
 267459
 267545
 267732
 268131
 268242
 268359
 268390
 268417
 268421
 268664
 268746
 268814
 268845
 268958
 268990
 269031
 269068
 269167
 269409
 269443
 269460
 269513
 269516
 269628
 269691
 269747
 269772
 269895
 269911
 269964
 270055
 270384
 270418
 270679
 270720
 270823
 270908
 270933
 271053
 271282
 271443
 271446
 271452
 271470
 271491
 271734
 271826
 272189
 272230
 272251
 272255
 272619
 272676
 272939
 273012
 273140
 273363
 273645
 273674
 273977
 274108
 274116
 274117
 274145
 274239
 274279
 274343
 274703
 274706
 274921
 274924
 275002
 275112
 275165
 275171
 275429
 275526
 275542
 275690
 275813
 275891
 276018
 276292
 276302
 276328
 276397
 276491
 276595
 276707
 276884
 276978
 277105
 277171
 277480
 277703
 277749
 277777
 277986
 278313
 278413
 278587
 278631
 278730
 278744
 279011
 279013
 279102
 279316
 279438
 279463
 279626
 279632
 279655
 279672
 279691
 279767
 279844
 280016
 280113
 280311
 280487
 280542
 280574
 280771
 280925
 280983
 281071
 281084
 281104
 281110
 281341
 281609
 281623
 281629
 281797
 281847
 281988
 282047
 282208
 282510
 282523
 282586
 282682
 282985
 283108
 283291
 283498
 283531
 283717
 283868
 284099
 284103
 284331
 284379
 284407
 284513
 284530
 284587
 284597
 284712
 284773
 284808
 284829
 285031
 285151
 285245
 285352
 285376
 285381
 285384
 285410
 285424
 285447
 285488
 285509
 285567
 285644
 285714
 285767
 285908
 285966
 286017
 286078
 286177
 286429
 286656
 286666
 287105
 287112
 287149
 287162
 287230
 287474
 287671
 287714
 287884
 287916
 287988
 288002
 288034
 288135
 288261
 288267
 288390
 288490
 288594
 288622
 288689
 288906
 289024
 289252
 289257
 289289
 289365
 289434
 289469
 289577
 289775
 289869
 289941
 289950
 290043
 290063
 290138
 290270
 290369
 290588
 290813
 291002
 291146
 291201
 291368
 291565
 291861
 291863
 292006
 292105
 292245
 292349
 292370
 292461
 292508
 292768
 292857
 292914
 293189
 293333
 293365
 293629
 293650
 293719
 293964
 294104
 294140
 294155
 294281
 294330
 294416
 294642
 294935
 294972
 295313
 295669
 295755
 295828
 295939
 296061
 296133
 296489
 296629
 296668
 296738
 296841
 296865
 296970
 297416
 297441
 298110
 298196
 298228
 298820
 298824
 298938
 298941
 299082
 299217
 299404
 299479
 299500
 299637
 299716
 299725
 299822
 299921
 300041
 300044
 300201
 300417
 300450
 300539
 300632
 300650
 300723
 300745
 300838
 300886
 301095
 301112
 301188
 301203
 301205
 301433
 301439
 301444
 301449
 301459
 301650
 301717
 301756
 301791
 301901
 302117
 302158
 302186
 302200
 302214
 302257
 302265
 302541
 302593
 302902
 302905
 302959
 302970
 303041
 303516
 303576
 303642
 303669
 303829
 303851
 304108
 304175
 304207
 304232
 304305
 304550
 304878
 304891
 305036
 305126
 305475
 305570
 305668
 305709
 305754
 305788
 305851
 306122
 306144
 306163
 306297
 306302
 306433
 306683
 306689
 306892
 306930
 307017
 307020
 307063
 307076
 307144
 307462
 307601
 307935
 308077
 308200
 308256
 308313
 308404
 308536
 308581
 308735
 308740
 308764
 308916
 309116
 309133
 309177
 309194
 309244
 309267
 309317
 309399
 309418
 309469
 309590
 309681
 309734
 309789
 309791
 309877
 310027
 310361
 310403
 310477
 310841
 310935
 311256
 311475
 311502
 311520
 311618
 311652
 311839
 311902
 312042
 312178
 312415
 312420
 312428
 312465
 312564
 312701
 312839
 312855
 312933
 312978
 313010
 313162
 313236
 313242
 313263
 313272
 313322
 313381
 313456
 313466
 313512
 313588
 313850
 313873
 313967
 314445
 314568
 314754
 314953
 314960
 314992
 315199
 315201
 315229
 315603
 315789
 315814
 315908
 316028
 316075
 316108
 316109
 316242
 316244
 316326
 316434
 316711
 316738
 316766
 316959
 317017
 317087
 317301
 317515
 317582
 317669
 317708
 317830
 317846
 317911
 318047
 318063
 318181
 318287
 318317
 318385
 318432
 318593
 318686
 318727
 318944
 318993
 319191
 319224
 319270
 319515
 319628
 319713
 319745
 319874
 320025
 320032
 320036
 320182
 320255
 320300
 320427
 320690
 320714
 320813
 321102
 321417
 321596
 321599
 321719
 321780
 321839
 321878
 321885
 321951
 322255
 322269
 322396
 322399
 322559
 322596
 322691
 322757
 322832
 322841
 322944
 323116
 323304
 323328
 323420
 323421
 323546
 323613
 323693
 324137
 324239
 324282
 324491
 324561
 324785
 324800
 324880
 324890
 324946
 324988
 325207
 325472
 325599
 325916
 326053
 326069
 326145
 326230
 326438
 326480
 326517
 326611
 326710
 326711
 326849
 326980
 327326
 327504
 327643
 327656
 327805
 327883
 327921
 328160
 328198
 328205
 328463
 328655
 328710
 328726
 329031
 329044
 329284
 329291
 329332
 329405
 329406
 329545
 329564
 329579
 329600
 329653
 329880
 329915
 329938
 330331
 330478
 330588
 330665
 330665
 330666
 330719
 330750
 330819
 330823
 330849
 330911
 330932
 331058
 331210
 331297
 331306
 331312
 331329
 331338
 331356
 331470
 331529
 331550
 331689
 331991
 332037
 332083
 332309
 332320
 332395
 332763
 332820
 333343
 333375
 333680
 333880
 334119
 334240
 334256
 334284
 334302
 334366
 334451
 334582
 334812
 334853
 334969
 335035
 335094
 335137
 335160
 335218
 335416
 335591
 335867
 336064
 336073
 336077
 336089
 336134
 336165
 336265
 336274
 336498
 336638
 336767
 336890
 337035
 337188
 337209
 337223
 337310
 337525
 337562
 337859
 337884
 337919
 338044
 338111
 338202
 338536
 338593
 338912
 338991
 339244
 339387
 339397
 339502
 339506
 339522
 339561
 339712
 339734
 339816
 339823
 339873
 339947
 340168
 340243
 340253
 340489
 340560
 340565
 340607
 340764
 340776
 340780
 340958
 341036
 341116
 341219
 341341
 341564
 341696
 341815
 341885
 341887
 341896
 341970
 342026
 342191
 342330
 342584
 342808
 342818
 343116
 343292
 343419
 343525
 343586
 343631
 343654
 343731
 343778
 343904
 343954
 344039
 344109
 344120
 344170
 344338
 344505
 344622
 344627
 344629
 344792
 344805
 344913
 345080
 345081
 345121
 345269
 345430
 345509
 345590
 345762
 345843
 345849
 346072
 346106
 346245
 346340
 346387
 346409
 346520
 346617
 346692
 346726
 346732
 346790
 347110
 347215
 347296
 347440
 347582
 347785
 347823
 347826
 347894
 347906
 347909
 347951
 347981
 348017
 348095
 348158
 348359
 348708
 348817
 348907
 349060
 349074
 349137
 349206
 349550
 349723
 349921
 349952
 350078
 350085
 350087
 350562
 350581
 350628
 350661
 350692
 350889
 350920
 351449
 351754
 351779
 351843
 351910
 351961
 352069
 352484
 352503
 352534
 352657
 352713
 352754
 352892
 353097
 353114
 353182
 353218
 353248
 353302
 353636
 353681
 353695
 353772
 353815
 353866
 353876
 353889
 353954
 354217
 354336
 354529
 354626
 354656
 354665
 354733
 354805
 355069
 355082
 355130
 355151
 355385
 355598
 356236
 356462
 356576
 356592
 356592
 356637
 356749
 356753
 357007
 357040
 357111
 357121
 357142
 357289
 357290
 357566
 357622
 357727
 357864
 357941
 358157
 358271
 358276
 358435
 358490
 358763
 359004
 359005
 359064
 359065
 359205
 359459
 359477
 359689
 359724
 359752
 359825
 359890
 359890
 360012
 360153
 360179
 360219
 360231
 360238
 360327
 360357
 360465
 360824
 360904
 360919
 361066
 361147
 361165
 361167
 361200
 361254
 361469
 361501
 361521
 361571
 361680
 361749
 361772
 361853
 361962
 362066
 362068
 362408
 362525
 362624
 362825
 362832
 362930
 363032
 363161
 363203
 363347
 363446
 363454
 363521
 363636
 363715
 363874
 363914
 363978
 364047
 364050
 364233
 364349
 364547
 364634
 364685
 364731
 364908
 364990
 365344
 365859
 365950
 366102
 366374
 366412
 366480
 366496
 366712
 366979
 367040
 367108
 367158
 367163
 367296
 367299
 367435
 367491
 367552
 367607
 367730
 367750
 367820
 368008
 368047
 368059
 368306
 368421
 368480
 368565
 368843
 368882
 369052
 369173
 369297
 369346
 369429
 369460
 369493
 369536
 369614
 369936
 369975
 370060
 370091
 370100
 370119
 370131
 370155
 370235
 370605
 370646
 370807
 370838
 370858
 370937
 370985
 371010
 371037
 371431
 371435
 371462
 371511
 371535
 371571
 371640
 372045
 372114
 372278
 372298
 372365
 372374
 372396
 372420
 372552
 372577
 372867
 372971
 373310
 373421
 373542
 374020
 374185
 374342
 374654
 374694
 374889
 374894
 374896
 374912
 374979
 375000
 375031
 375277
 375721
 375757
 375811
 375830
 375901
 376069
 376144
 376169
 376180
 376197
 376198
 376345
 376523
 376542
 376591
 376644
 376722
 376744
 376849
 376898
 377005
 377018
 377089
 377202
 377277
 377506
 377569
 377674
 377727
 377804
 377814
 377894
 377986
 378045
 378658
 378676
 378812
 378950
 378991
 379101
 379404
 379565
 379601
 379618
 379678
 379787
 380000
 380106
 380132
 380345
 380547
 380740
 380850
 380890
 380897
 380905
 380947
 381386
 381421
 381426
 381433
 381574
 381644
 381660
 381821
 381993
 382096
 382293
 382295
 382352
 382465
 382518
 382630
 382697
 382740
 382825
 383046
 383333
 383432
 383458
 383555
 383944
 384044
 384147
 384210
 384318
 384338
 384482
 384484
 384485
 384555
 384572
 384655
 384708
 384905
 385167
 385360
 385572
 385663
 385744
 385889
 385920
 386014
 386037
 386052
 386443
 386460
 386548
 386685
 386948
 386999
 387088
 387423
 387557
 387625
 387739
 387934
 388027
 388225
 388411
 388423
 388542
 388566
 388590
 388612
 388688
 388874
 388990
 389077
 389142
 389403
 389414
 389439
 389447
 389468
 389558
 389822
 389861
 389929
 390156
 390221
 390263
 390309
 390363
 390458
 390507
 390774
 390826
 391261
 391555
 391663
 392042
 392056
 392104
 392249
 392312
 392637
 392670
 392734
 392870
 392947
 393178
 393203
 393355
 393361
 393518
 393584
 393640
 393676
 393727
 393847
 393870
 393939
 393949
 394626
 394860
 394930
 394976
 395003
 395115
 395197
 395469
 395484
 395494
 395565
 395607
 395619
 395705
 395741
 395908
 396057
 396093
 396157
 396307
 396486
 396630
 396768
 396801
 396821
 396958
 396966
 396983
 397079
 397185
 397291
 397301
 397301
 397322
 397391
 397643
 397700
 397788
 397962
 398177
 398223
 398407
 398410
 398483
 398688
 398729
 398756
 398759
 398956
 398988
 399043
 399068
 399218
 399284
 399427
 399684
 399999
 400000
 400113
 400129
 400181
 400260
 400293
 400320
 400366
 400574
 400690
 400779
 400846
 400943
 400972
 401101
 401147
 401302
 401505
 401621
 401764
 401819
 401932
 402006
 402068
 402086
 402601
 402625
 402675
 402777
 403121
 403135
 403336
 403464
 403467
 403524
 403551
 403623
 403750
 404022
 404104
 404315
 404580
 404759
 404804
 405048
 405188
 405220
 405303
 405405
 405531
 405599
 405664
 405725
 405737
 405754
 405851
 405852
 405869
 405882
 405999
 406154
 406160
 406293
 406334
 406589
 406746
 406824
 406890
 406927
 407026
 407571
 407697
 407705
 407728
 407900
 408346
 408356
 408461
 408550
 408628
 408730
 408773
 408807
 408826
 408865
 408930
 409020
 409151
 409482
 409607
 409741
 409836
 409967
 410149
 410181
 410221
 410238
 410282
 410360
 410457
 410587
 410774
 411058
 411115
 411125
 411135
 411412
 411453
 411463
 411772
 411895
 412019
 412040
 412114
 412518
 412641
 412756
 412800
 412991
 413123
 413323
 413346
 413438
 413613
 413711
 413934
 414007
 414090
 414127
 414152
 414237
 414344
 414356
 414417
 414424
 414522
 414642
 414719
 414749
 414792
 414863
 415009
 415034
 415105
 415255
 415274
 415331
 415465
 415527
 415730
 415860
 415903
 415991
 416173
 416195
 416250
 416265
 416796
 416908
 417086
 417124
 417189
 417202
 417251
 417338
 417474
 417660
 417790
 417933
 418000
 418055
 418083
 418141
 418283
 418430
 418436
 418515
 418675
 418696
 418760
 419003
 419010
 419087
 419092
 419243
 419354
 419680
 419728
 419799
 419856
 420017
 420022
 420087
 420293
 420415
 420437
 420473
 420708
 420844
 420878
 421052
 421052
 421088
 421344
 421415
 421572
 421631
 421731
 421785
 421897
 421920
 422087
 422122
 422134
 422337
 422384
 422463
 422468
 422511
 422523
 422528
 422635
 422824
 423098
 423147
 423608
 423755
 423815
 423856
 423944
 424024
 424247
 424479
 424520
 424528
 424570
 424778
 424831
 424844
 425076
 425125
 425162
 425196
 425393
 425643
 425685
 425728
 425745
 425759
 425818
 425929
 425977
 426174
 426327
 426372
 426405
 426488
 426746
 426861
 426973
 426995
 427064
 427072
 427108
 427173
 427243
 427303
 427425
 427461
 427516
 427523
 427656
 427757
 427792
 427925
 428000
 428015
 428044
 428055
 428254
 428272
 428323
 428332
 428398
 428571
 428663
 428762
 428796
 428799
 429020
 429077
 429186
 429205
 429339
 429349
 429538
 429609
 429774
 429792
 429827
 429829
 429894
 429900
 430036
 430045
 430049
 430207
 430327
 430340
 430638
 430680
 430691
 430713
 430817
 430907
 431089
 431107
 431197
 431288
 431336
 431406
 431584
 431658
 431771
 431823
 431838
 431871
 431887
 431968
 432085
 432124
 432177
 432469
 432486
 432517
 432751
 432850
 432876
 433333
 433560
 433742
 433862
 433870
 433962
 434052
 434079
 434231
 434309
 434417
 434426
 434460
 434632
 434670
 434815
 435101
 435175
 435240
 435327
 435797
 435912
 436049
 436108
 436206
 436224
 436250
 436266
 436329
 436366
 436482
 436650
 436760
 436777
 436918
 437537
 437546
 437591
 437595
 437837
 437879
 438022
 438150
 438219
 438297
 438347
 438430
 438644
 438722
 438724
 438800
 438814
 438947
 439022
 439080
 439135
 439194
 439418
 439420
 439444
 439468
 439511
 439579
 439646
 439663
 439682
 439708
 439783
 439791
 440193
 440229
 440298
 440387
 440390
 440598
 440715
 440803
 440853
 441163
 441356
 441411
 441518
 441857
 441969
 442212
 442216
 442242
 442337
 442402
 442447
 442448
 442455
 442692
 442874
 443143
 443231
 443604
 443683
 443707
 443725
 443811
 443886
 443894
 443978
 444048
 444207
 444270
 444321
 444534
 444565
 444656
 444678
 444688
 444700
 444727
 444803
 444849
 445186
 445313
 445434
 445539
 445607
 445738
 445945
 446007
 446044
 446078
 446132
 446146
 446153
 446162
 446218
 446289
 446354
 446524
 446542
 446769
 446770
 446830
 447248
 447289
 447301
 447540
 447595
 447752
 447912
 447947
 447958
 448137
 448222
 448248
 448291
 448373
 448439
 448460
 448810
 449083
 449212
 449217
 449564
 449811
 449833
 449953
 450058
 450262
 450390
 450490
 450515
 450664
 450693
 450805
 451086
 451466
 451545
 451658
 451824
 451990
 452210
 452256
 452272
 452528
 452837
 452906
 452967
 452982
 453045
 453158
 453197
 453255
 453288
 453366
 453374
 453561
 453720
 453791
 453827
 454041
 454314
 454425
 454535
 454673
 454894
 455121
 455200
 455252
 455281
 455359
 455592
 455600
 455601
 455744
 455751
 455986
 456146
 456302
 456312
 456369
 456383
 456475
 456591
 456732
 456744
 456907
 456998
 457049
 457078
 457129
 457132
 457200
 457295
 458075
 458106
 458221
 458287
 458306
 458320
 458378
 458466
 458494
 458564
 458891
 458931
 458993
 459016
 459255
 459340
 459355
 459436
 459668
 459707
 459709
 459815
 459861
 459890
 459971
 460090
 460317
 460498
 460502
 460938
 461059
 461128
 461312
 461346
 461392
 461432
 461538
 461573
 461575
 461663
 461666
 461712
 461780
 461860
 461908
 461967
 462070
 462077
 462142
 462352
 462383
 462426
 462468
 462475
 462475
 462522
 462523
 462563
 462640
 462816
 463081
 463213
 463222
 463392
 463496
 463571
 463595
 463599
 463726
 463922
 463954
 464221
 464486
 464600
 464674
 464748
 464960
 465181
 465321
 465567
 465576
 465793
 465811
 465970
 466274
 466340
 466560
 466659
 466700
 466813
 466924
 467126
 467161
 467358
 467466
 467470
 467545
 467579
 467782
 467792
 467873
 467883
 467908
 468023
 468087
 468109
 468172
 468348
 468401
 468463
 468473
 468493
 468668
 468833
 468861
 468972
 468987
 469044
 469110
 469149
 469289
 469319
 469466
 469482
 469565
 469597
 469642
 469705
 469803
 469916
 469981
 470255
 470373
 470542
 470663
 470715
 470886
 470907
 470917
 470953
 471084
 471193
 471298
 471343
 471362
 471466
 471498
 471602
 471628
 471720
 471774
 471795
 471923
 472227
 472253
 472322
 472327
 472400
 472508
 472509
 472878
 472899
 472910
 473321
 473321
 473510
 473526
 473610
 473776
 473829
 473985
 474096
 474380
 474475
 474633
 474665
 474820
 474880
 474957
 474969
 475014
 475142
 475162
 475170
 475462
 475466
 475675
 475737
 475767
 475800
 475842
 476002
 476072
 476099
 476190
 476298
 476613
 476982
 477128
 477228
 477956
 477963
 478016
 478021
 478072
 478260
 478270
 478296
 478354
 478390
 478452
 478554
 478594
 478620
 478622
 478632
 478711
 478723
 478829
 479132
 479144
 479155
 479160
 479228
 479262
 479424
 479437
 479478
 479509
 479523
 479605
 479611
 479628
 479634
 479843
 479894
 479940
 480013
 480127
 480226
 480449
 480519
 480554
 480995
 481188
 481368
 481374
 481385
 481404
 481422
 481520
 481565
 481572
 481607
 481699
 481862
 481867
 481995
 482012
 482064
 482404
 482564
 482606
 482768
 482908
 482998
 483240
 483352
 483375
 483388
 483437
 483480
 483508
 483516
 483582
 483622
 483708
 483949
 484011
 484202
 484429
 484651
 484663
 484846
 484942
 485056
 485194
 485258
 485286
 485468
 485496
 485543
 485572
 485574
 485623
 485624
 485692
 485779
 485793
 485801
 485817
 485832
 485868
 485912
 485919
 485998
 486251
 486410
 486913
 487364
 487394
 487673
 487730
 487832
 487973
 488069
 488138
 488354
 488480
 488608
 488648
 488753
 488775
 488830
 488882
 488904
 488914
 489071
 489101
 489172
 489272
 489440
 489458
 489509
 489510
 489549
 489576
 489693
 489761
 489795
 490022
 490509
 490522
 490527
 490584
 490704
 490728
 490775
 490822
 490857
 490934
 491109
 491362
 491494
 491580
 491711
 491789
 491795
 491804
 491931
 492052
 492151
 492314
 492537
 492711
 492759
 492764
 492816
 492820
 492852
 492888
 492896
 492905
 492990
 493162
 493227
 493323
 493346
 493567
 493808
 493863
 493882
 494084
 494119
 494588
 494728
 494769
 494771
 494818
 494999
 495014
 495370
 495650
 495840
 495945
 495953
 496031
 496267
 496278
 496297
 496379
 496434
 496474
 496488
 496520
 496653
 496899
 496976
 497007
 497137
 497155
 497220
 497241
 497343
 497503
 497764
 497878
 497918
 497944
 498196
 498489
 499007
 499029
 499029
 499234
 499245
 499451
 499668
 499672
 499672
 499715
 499729
 