0
 0
 0
 0
 0
 0
 0
 112
 118
 140
 166
 333
 431
 662
 1019
 1179
 1270
 1322
 1348
 1388
 1401
 1654
 1699
 1762
 1834
 1901
 2217
 2252
 2363
 2398
 2525
 2576
 2583
 2667
 2685
 2756
 2758
 2913
 3044
 3123
 3155
 3160
 3410
 3649
 3686
 3964
 4050
 4128
 4250
 4712
 5110
 5415
 5463
 5477
 5716
 5875
 5905
 6079
 6112
 6141
 6187
 6284
 6450
 6652
 6756
 6779
 6779
 6836
 6858
 6931
 7630
 7674
 7775
 7778
 8037
 8070
 8319
 8747
 8862
 8908
 9126
 9180
 9200
 9363
 9452
 9709
 9724
 9829
 10041
 10566
 10674
 11043
 11244
 11339
 11339
 11388
 11445
 11639
 11904
 11955
 11955
 12386
 12491
 12493
 12607
 12615
 12658
 12672
 12674
 12848
 13019
 13130
 13144
 13298
 13368
 13382
 13471
 13493
 13597
 13666
 13686
 13715
 13779
 13804
 13932
 14042
 14129
 14184
 14237
 14484
 14620
 14637
 14988
 14994
 15012
 15133
 15138
 15357
 15392
 15401
 15557
 15654
 15722
 15973
 16117
 16206
 16228
 16473
 16586
 16615
 16624
 16630
 16669
 16708
 16887
 16990
 17115
 17367
 17372
 17509
 17595
 17834
 17969
 18056
 18195
 18216
 18224
 18292
 18325
 18518
 18585
 18630
 18873
 18973
 19011
 19399
 19433
 19437
 19458
 19467
 19478
 19499
 19593
 19703
 19726
 19861
 19883
 20608
 21120
 21178
 21303
 21497
 21781
 21871
 21917
 21950
 22168
 22344
 22765
 22883
 22981
 23161
 23174
 23234
 23510
 23600
 23794
 23809
 23835
 24054
 24233
 24306
 24476
 24479
 24774
 24790
 24827
 24828
 24852
 25053
 25101
 25188
 25250
 25273
 25361
 25506
 25606
 25664
 25692
 26080
 26096
 26134
 26220
 26236
 26255
 26271
 26356
 26462
 26538
 26604
 26831
 26871
 26962
 27016
 27150
 27182
 27242
 27786
 28122
 28468
 28508
 28544
 28652
 28829
 28849
 28875
 29064
 29107
 29137
 29319
 29340
 29363
 29411
 29485
 29496
 29588
 29709
 29729
 29860
 29984
 30196
 30517
 30576
 30628
 30630
 30704
 30890
 30905
 31029
 31185
 31326
 31468
 31630
 31692
 31706
 31776
 31879
 31922
 31987
 32060
 32151
 32230
 32252
 32319
 32381
 32572
 32604
 32648
 32922
 32943
 33201
 33318
 33511
 33572
 33902
 34041
 34077
 34104
 34161
 34215
 34254
 34270
 34296
 34425
 34482
 34726
 34824
 34886
 35143
 35167
 35748
 35868
 35874
 35903
 35908
 35926
 36066
 36113
 36212
 36585
 36707
 36742
 36798
 36963
 37142
 37197
 37557
 37675
 37898
 37906
 37915
 37924
 38100
 38135
 38201
 38225
 38596
 38763
 38907
 39068
 39152
 39327
 39338
 39761
 40087
 40123
 40173
 40194
 40268
 40322
 40337
 40498
 40508
 40748
 40756
 40811
 40891
 40914
 41151
 41188
 41243
 41311
 41371
 41521
 41533
 41569
 41725
 41878
 41902
 41980
 42062
 42117
 42410
 42418
 42564
 42567
 42685
 42778
 42803
 42956
 42958
 43008
 43037
 43268
 43296
 43415
 43437
 43478
 43761
 43776
 43934
 43937
 44008
 44106
 44329
 44358
 44383
 44393
 44407
 44467
 44517
 44591
 44683
 44684
 44721
 44776
 44935
 44980
 45122
 45129
 45403
 45431
 45740
 45750
 45944
 46130
 46466
 46714
 47018
 47088
 47104
 47323
 47338
 47413
 47560
 47612
 47628
 47784
 48145
 48453
 48554
 48910
 48936
 48968
 49140
 49195
 49291
 49321
 49380
 49399
 49415
 49452
 49457
 49477
 49689
 49759
 49849
 49884
 49917
 49953
 49958
 50038
 50212
 50222
 50377
 50400
 50407
 50407
 50434
 50447
 50695
 50897
 50906
 50909
 50935
 51168
 51359
 51399
 51457
 51493
 51738
 51750
 51913
 51942
 51976
 52293
 52364
 52419
 52442
 52451
 52483
 52540
 52566
 52781
 52846
 53081
 53533
 53694
 53813
 53846
 53856
 53865
 53921
 53930
 54065
 54353
 54399
 54655
 54895
 54916
 54964
 55034
 55077
 55149
 55263
 55358
 55371
 55478
 55533
 55642
 55768
 55809
 55986
 56013
 56034
 56043
 56146
 56158
 56203
 56210
 56258
 56307
 56473
 56665
 56709
 56823
 56989
 57036
 57157
 57206
 57241
 57385
 57497
 57669
 57722
 57746
 57757
 57770
 57894
 57930
 57945
 58060
 58124
 58135
 58172
 58335
 58398
 58534
 58614
 58615
 58893
 58976
 59011
 59231
 59347
 59479
 59539
 59546
 59580
 59590
 59638
 59664
 59726
 59730
 59730
 59762
 59861
 60024
 60080
 60153
 60703
 60754
 60787
 60822
 61041
 61202
 61543
 61759
 61803
 61824
 62171
 62340
 62453
 62523
 62604
 62648
 62671
 62676
 62740
 62818
 62821
 62821
 62856
 62873
 63106
 63185
 63194
 63198
 63254
 63479
 63614
 63652
 63692
 63775
 63867
 63953
 63959
 64276
 64447
 64479
 64592
 64787
 65041
 65064
 65105
 65142
 65255
 65272
 65341
 65543
 65658
 65703
 65762
 65766
 65921
 66019
 66038
 66043
 66062
 66141
 66243
 66252
 66624
 66699
 66701
 66706
 66726
 66844
 66871
 67021
 67107
 67150
 67496
 67579
 67664
 68284
 68390
 68435
 68485
 68506
 68761
 68910
 68956
 68994
 69339
 69506
 69523
 69651
 69732
 69768
 69773
 69833
 69861
 69950
 69964
 69990
 70083
 70434
 70438
 70490
 70527
 70541
 70599
 70666
 70707
 70935
 71017
 71054
 71112
 71193
 71338
 71545
 71729
 71841
 71886
 71933
 72077
 72289
 72298
 72695
 72728
 73001
 73015
 73083
 73108
 73149
 73256
 73294
 73468
 73567
 73568
 73659
 73869
 73956
 73979
 74020
 74087
 74128
 74201
 74277
 74344
 74507
 74976
 75168
 75320
 75493
 75522
 75553
 75790
 75899
 76081
 76121
 76144
 76179
 76190
 76203
 76379
 76415
 76427
 76516
 76761
 76997
 77031
 77088
 77161
 77298
 77337
 77430
 77741
 77827
 78074
 78284
 78362
 78644
 78676
 78713
 78799
 79119
 79302
 79310
 79327
 79404
 79548
 79630
 79749
 80380
 80542
 80604
 80787
 80790
 80885
 80943
 80960
 81015
 81138
 81138
 81238
 81291
 81305
 81410
 81422
 81504
 81590
 81677
 81826
 81830
 81941
 81948
 81972
 82038
 82254
 82287
 82302
 82471
 82557
 82685
 82730
 82743
 82949
 83050
 83244
 83268
 83368
 83552
 83653
 83666
 83801
 83801
 83815
 83820
 83887
 83904
 84027
 84113
 84158
 84188
 84193
 84210
 84273
 84299
 84358
 84461
 84795
 84817
 85092
 85256
 85275
 85338
 85403
 85410
 85414
 85417
 85442
 85480
 85550
 85643
 85704
 85744
 85892
 85892
 86109
 86419
 86441
 86647
 86772
 86790
 86874
 86890
 86961
 86983
 87011
 87071
 87114
 87180
 87306
 87370
 87406
 88193
 88277
 88440
 88516
 88570
 88637
 88722
 89161
 89167
 89252
 89285
 89289
 89335
 89472
 89561
 89728
 89775
 89839
 89854
 89877
 90375
 90536
 90665
 91052
 91150
 91424
 91531
 91567
 91958
 92204
 92292
 92341
 92464
 92470
 92561
 92592
 92729
 92808
 92834
 92864
 92868
 92917
 92968
 92977
 93168
 93204
 93333
 93377
 93439
 93505
 93569
 93589
 93594
 93610
 93818
 94070
 94438
 94446
 94587
 94726
 94755
 94822
 94844
 95298
 95498
 95510
 95753
 95846
 95996
 96068
 96192
 96255
 96273
 96303
 96306
 96385
 96396
 96709
 97085
 97119
 97286
 97340
 97484
 97751
 97831
 97842
 97868
 97877
 98047
 98104
 98112
 98130
 98261
 98462
 98598
 98622
 98690
 98700
 98760
 98870
 98970
 99266
 99320
 99448
 99470
 99616
 99697
 100006
 100389
 100399
 100421
 100625
 100844
 100913
 100981
 101163
 101219
 101295
 101391
 101587
 101616
 101684
 101711
 101774
 101796
 101809
 101905
 102036
 102178
 102181
 102270
 102303
 102339
 102415
 102521
 102574
 102933
 103040
 103107
 103325
 103448
 103533
 103550
 103650
 103705
 103781
 103952
 103960
 103998
 104037
 104074
 104566
 104581
 104596
 104617
 104628
 104633
 104712
 104746
 104756
 104965
 105034
 105081
 105116
 105242
 105443
 105504
 105567
 105594
 105676
 105687
 106306
 106368
 106377
 106553
 106562
 106709
 106717
 106735
 106738
 107154
 107420
 107556
 107592
 107879
 108053
 108130
 108152
 108244
 108269
 108576
 108705
 108713
 108778
 108941
 109000
 109013
 109019
 109096
 109119
 109241
 109375
 109403
 109445
 109449
 109736
 109738
 109839
 109890
 109973
 110041
 110176
 110182
 110199
 110203
 110327
 110365
 110437
 110469
 110473
 110600
 110619
 110648
 110664
 110737
 110742
 110816
 110830
 110987
 111009
 111081
 111132
 111150
 111154
 111260
 111284
 111298
 111368
 111634
 111806
 111905
 112072
 112123
 112262
 112265
 112337
 112699
 112744
 112904
 112925
 112965
 113087
 113131
 113258
 113316
 113373
 113404
 113468
 113889
 113941
 114106
 114182
 114275
 114428
 114449
 114533
 114615
 114649
 114728
 114830
 114886
 114897
 114942
 115023
 115161
 115181
 115287
 115295
 115384
 115479
 115577
 115598
 115655
 115820
 116005
 116007
 116032
 116502
 116504
 116634
 116704
 116717
 116743
 116754
 116880
 116881
 117029
 117056
 117072
 117309
 117348
 117426
 117540
 117574
 117582
 117758
 117806
 117910
 118107
 118174
 118210
 118227
 118346
 118482
 118545
 118638
 118645
 118658
 118698
 118729
 118801
 118816
 118843
 118975
 119344
 120068
 120086
 120116
 120398
 120431
 120804
 120856
 121049
 121092
 121122
 121265
 121467
 121648
 121674
 121734
 121747
 121758
 121820
 121844
 122047
 122081
 122158
 122222
 122254
 122272
 122312
 122441
 122485
 122497
 123233
 123318
 123386
 123466
 123508
 123593
 123641
 123729
 123845
 123949
 124019
 124040
 124373
 124459
 124467
 124472
 124509
 124616
 124733
 124747
 124928
 124936
 124990
 125158
 125268
 125332
 125533
 125595
 125603
 125610
 125640
 125730
 125754
 125856
 125984
 126036
 126096
 126180
 126188
 126300
 126590
 126654
 126865
 126905
 126964
 127053
 127075
 127226
 127258
 127397
 127541
 127763
 127765
 127835
 127906
 127983
 128140
 128221
 128353
 128379
 128394
 128894
 128979
 129044
 129141
 129267
 129268
 129318
 129439
 129484
 129675
 129787
 129812
 129883
 130267
 130306
 130341
 130373
 130427
 130457
 130511
 130618
 130678
 130764
 130825
 130844
 131206
 131377
 131528
 131707
 131905
 131914
 131948
 131953
 132022
 132098
 132106
 132282
 132358
 132596
 132644
 132965
 133121
 133126
 133237
 133288
 133713
 133720
 133763
 133778
 133779
 133972
 133995
 134032
 134073
 134216
 134328
 134482
 134604
 134695
 134802
 134889
 134918
 135198
 135219
 135383
 135391
 135435
 135558
 135573
 135617
 135626
 135828
 135934
 135977
 135983
 136096
 136096
 136279
 136287
 136363
 136484
 136486
 136679
 136915
 137192
 137302
 137386
 137458
 137494
 137537
 137599
 137705
 137722
 137739
 137741
 137828
 137932
 138056
 138120
 138241
 138461
 138506
 138676
 138793
 139103
 139312
 139516
 139518
 139586
 139782
 139836
 139896
 140008
 140045
 140144
 140202
 140205
 140345
 140350
 140354
 140420
 140427
 140492
 140596
 140657
 140738
 140752
 140779
 140943
 141077
 141370
 141381
 141440
 141530
 141755
 141757
 141799
 141887
 141941
 141975
 142070
 142181
 142201
 142330
 142389
 142458
 142494
 142496
 142719
 142739
 142857
 142857
 142857
 143031
 143041
 143048
 143177
 143332
 143386
 143574
 143792
 143872
 144117
 144300
 144312
 144330
 144372
 144553
 144565
 144571
 144588
 144665
 144670
 144890
 144897
 145015
 145053
 145056
 145190
 145263
 145448
 145621
 145700
 145772
 145794
 145795
 145905
 146022
 146121
 146160
 146191
 146341
 146342
 146343
 146496
 146507
 146513
 146575
 146583
 146643
 146735
 146800
 146938
 147058
 147323
 147573
 147953
 148048
 148216
 148234
 148291
 148304
 148560
 148614
 148675
 148708
 148720
 148742
 148835
 148876
 148925
 148967
 148975
 148989
 149053
 149056
 149114
 149171
 149181
 149260
 149309
 149319
 149333
 149473
 149570
 149601
 149692
 149959
 149993
 150418
 150496
 150497
 150607
 150743
 150758
 150851
 150988
 151069
 151825
 152041
 152138
 152263
 152480
 152639
 152690
 152704
 152711
 152939
 153062
 153084
 153239
 153266
 153292
 153333
 153335
 153374
 153465
 153500
 153692
 153712
 153748
 153783
 153790
 153846
 153846
 153875
 153888
 154082
 154156
 154181
 154295
 154327
 154339
 154372
 154437
 154798
 154895
 154956
 154981
 154994
 155145
 155327
 155362
 155435
 155498
 155540
 155565
 155685
 155741
 155784
 155968
 156027
 156133
 156141
 156283
 156432
 156577
 156687
 156806
 156810
 156864
 156933
 157332
 157702
 157703
 157715
 158026
 158031
 158055
 158348
 158434
 158494
 158666
 158846
 159114
 159186
 159591
 159598
 159972
 159987
 160000
 160031
 160105
 160237
 160354
 160407
 160487
 160772
 160794
 161004
 161471
 161752
 161912
 161947
 162046
 162162
 162163
 162262
 162274
 162370
 162425
 162426
 162442
 162455
 162488
 162553
 162748
 163120
 163187
 163213
 163265
 163470
 163590
 163767
 163840
 163902
 163934
 163968
 164070
 164075
 164086
 164096
 164170
 164260
 164356
 164388
 164453
 164486
 164500
 164517
 164605
 164647
 164702
 165045
 165117
 165161
 165241
 165374
 165374
 165588
 165595
 165803
 165821
 165883
 165913
 165989
 166050
 166379
 166523
 166539
 166601
 166605
 166623
 166666
 166666
 166666
 166676
 166695
 166722
 166878
 167013
 167023
 167057
 167069
 167077
 167330
 167379
 167388
 167539
 167640
 167676
 167681
 167720
 168047
 168077
 168115
 168116
 168150
 168161
 168251
 168297
 168316
 168359
 168416
 168444
 168464
 168674
 168991
 168992
 168994
 169037
 169144
 169209
 169339
 169435
 169594
 169682
 169693
 169769
 169771
 170096
 170103
 170207
 170293
 170376
 170443
 170448
 170988
 171003
 171042
 171089
 171162
 171216
 171260
 171632
 171762
 171800
 171841
 172091
 172176
 172321
 172479
 172679
 172693
 172794
 172804
 172861
 172906
 172912
 173266
 173283
 173367
 173437
 173466
 173474
 173551
 173637
 173708
 173897
 174060
 174061
 174233
 174256
 174274
 174283
 174581
 174613
 174660
 174676
 174880
 174911
 175027
 175058
 175066
 175133
 175213
 175459
 175557
 175852
 175895
 175988
 176138
 176320
 176347
 176436
 176665
 176857
 176882
 176973
 177385
 177482
 177486
 177894
 177927
 177958
 177967
 178076
 178094
 178150
 178514
 178518
 178571
 178621
 178681
 178774
 178787
 178831
 178958
 178968
 178976
 179004
 179096
 179255
 179538
 179615
 179676
 179762
 179837
 179857
 180109
 180132
 180157
 180361
 180428
 180644
 180705
 180765
 180786
 180851
 180891
 181094
 181217
 181239
 181251
 181788
 181998
 182060
 182083
 182293
 182429
 182432
 182654
 182940
 183049
 183074
 183211
 183222
 183331
 183426
 183739
 183769
 183805
 183850
 184117
 184326
 184422
 184471
 184584
 184829
 184895
 185093
 185097
 185239
 185280
 185303
 185372
 185536
 185714
 185830
 185872
 185893
 186087
 186307
 186772
 186802
 186829
 187043
 187111
 187122
 187608
 187705
 187809
 188036
 188057
 188073
 188126
 188131
 188248
 188306
 188328
 188465
 188650
 188782
 188855
 188927
 189020
 189040
 189194
 189219
 189377
 189429
 189442
 189726
 189753
 189765
 189864
 190037
 190134
 190137
 190403
 190476
 190679
 190698
 191351
 191437
 191593
 191667
 191730
 191773
 191796
 191824
 191825
 191932
 192021
 192117
 192423
 192458
 192607
 192630
 192729
 192919
 193313
 193387
 193402
 193441
 193714
 193746
 193752
 193766
 193773
 193838
 194047
 194097
 194103
 194124
 194183
 194310
 194440
 194763
 194948
 194949
 194989
 195402
 195566
 195652
 195761
 195856
 195982
 196127
 196341
 196495
 196617
 196631
 196750
 196754
 196850
 196929
 197096
 197135
 197150
 197193
 197194
 197204
 197297
 197542
 197577
 197860
 198124
 198127
 198331
 198445
 198569
 198752
 198754
 198813
 198927
 199129
 199148
 199229
 199348
 199831
 199899
 200000
 200000
 200059
 200300
 200308
 200558
 200587
 200619
 200620
 200627
 200773
 200810
 200875
 201110
 201513
 201617
 201645
 201853
 201942
 201978
 202237
 202342
 202368
 202465
 202474
 202485
 202566
 202700
 202772
 202881
 202985
 203389
 203424
 203561
 203572
 203792
 203793
 204025
 204199
 204359
 204385
 204554
 204624
 204643
 204761
 204804
 204927
 205038
 205084
 205100
 205109
 205128
 205128
 205259
 205263
 205269
 205518
 205592
 205687
 205712
 205771
 205825
 205848
 205961
 206005
 206280
 206407
 206457
 206484
 206496
 206571
 206593
 206728
 206929
 206939
 207001
 207024
 207172
 207246
 207317
 207350
 207410
 207426
 207477
 207558
 207656
 207696
 207744
 208045
 208147
 208237
 208245
 208325
 208530
 208766
 208824
 208882
 208883
 208905
 209081
 209093
 209094
 209123
 209179
 209185
 209302
 209375
 209380
 209825
 209882
 209939
 210386
 210453
 210526
 210526
 210539
 210597
 210690
 210746
 210816
 210926
 210957
 211041
 211211
 211241
 211373
 211472
 211500
 211598
 211847
 211850
 211916
 212013
 212198
 212258
 212265
 212405
 212798
 212875
 212952
 213348
 213397
 213454
 213697
 213790
 213916
 214078
 214095
 214190
 214228
 214249
 214595
 214612
 214652
 214790
 214969
 215035
 215191
 215191
 215254
 215295
 215300
 215434
 215458
 215554
 215699
 215860
 216028
 216101
 216162
 216226
 216233
 216316
 216364
 216513
 216529
 216567
 216577
 216708
 216779
 216790
 216849
 217087
 217250
 217337
 217421
 217490
 217588
 217629
 217632
 217703
 217819
 217897
 217962
 217981
 217990
 218026
 218120
 218249
 218250
 218267
 218326
 218493
 218505
 218551
 218646
 218750
 218957
 218961
 218968
 219106
 219396
 219424
 219504
 219566
 219754
 219875
 220300
 220452
 220477
 220603
 220733
 220952
 220992
 221192
 221462
 221535
 221781
 222185
 222227
 222272
 222532
 222744
 222836
 222965
 222982
 223022
 223072
 223124
 223192
 223404
 223460
 223598
 223649
 223762
 223853
 223926
 223946
 224056
 224120
 224177
 224513
 224793
 224815
 224821
 224826
 224884
 224925
 225260
 225305
 225321
 225407
 225422
 225493
 225508
 225511
 225664
 225735
 225818
 225978
 226016
 226227
 226311
 226362
 226376
 226436
 226552
 226896
 227318
 227521
 227529
 227708
 227764
 227890
 227897
 227933
 227972
 228004
 228238
 228272
 228398
 228420
 228495
 228512
 228577
 228728
 228911
 229049
 229064
 229081
 229107
 229140
 229595
 229596
 229619
 229747
 229749
 229821
 230013
 230033
 230039
 230044
 230046
 230323
 230458
 230462
 230751
 231030
 231119
 231331
 231355
 231366
 231372
 231377
 231496
 231598
 231601
 231723
 231736
 231818
 231980
 232064
 232068
 232113
 232208
 232334
 232369
 232394
 232625
 232671
 232817
 232820
 232835
 232996
 233009
 233021
 233036
 233054
 233066
 233081
 233434
 233575
 233601
 233739
 233833
 233976
 234197
 234206
 234241
 234261
 234379
 234530
 234597
 234620
 234700
 234703
 234727
 234731
 234874
 235212
 235501
 235606
 235849
 236123
 236353
 236452
 236509
 236551
 236569
 236663
 236714
 236851
 236968
 236975
 237022
 237261
 237424
 237531
 237541
 237738
 237780
 237808
 238738
 238759
 238780
 238865
 238997
 239029
 239130
 239252
 239415
 239526
 239542
 239550
 239590
 239742
 239844
 239849
 239853
 239953
 240115
 240143
 240150
 240261
 240539
 240599
 240641
 240793
 240815
 240925
 240926
 240961
 241020
 241026
 241075
 241118
 241287
 241410
 241415
 241465
 241515
 241661
 241733
 241806
 242156
 242362
 242555
 242812
 242857
 242937
 243309
 243644
 243741
 243966
 244150
 244217
 244390
 244598
 244685
 244774
 244807
 244958
 244998
 245091
 245378
 245515
 245566
 245636
 245681
 245717
 245738
 245746
 245751
 245811
 245984
 246081
 246111
 246113
 246156
 246160
 246456
 246716
 246756
 246984
 247109
 247433
 247679
 247876
 248079
 248260
 248315
 248356
 248384
 248391
 248424
 249018
 249182
 249199
 249240
 249252
 249275
 249343
 249374
 249449
 249648
 249744
 249773
 249867
 250000
 250000
 250034
 250101
 250198
 250392
 250524
 250633
 250752
 250792
 251053
 251066
 251151
 251357
 251388
 251540
 251576
 251721
 251842
 251892
 251915
 252269
 252436
 252515
 252521
 252598
 252713
 252803
 252932
 253061
 253089
 253273
 253284
 253310
 253312
 253322
 253361
 253376
 253479
 253542
 253577
 253584
 253611
 253699
 253938
 254026
 254188
 254290
 254466
 254467
 254479
 254542
 254592
 254770
 254782
 254815
 254880
 254922
 255029
 255056
 255132
 255215
 255259
 255403
 255451
 255734
 255846
 255852
 256097
 256109
 256142
 256376
 256410
 256424
 256483
 256544
 256678
 256804
 256880
 256907
 256916
 256969
 257011
 257033
 257061
 257095
 257142
 257339
 257343
 257520
 257534
 257592
 257729
 257829
 257880
 257886
 258122
 258149
 258224
 258272
 258384
 258597
 258674
 258828
 258938
 259109
 259154
 259232
 259247
 259401
 259524
 259561
 259654
 259919
 259937
 260130
 260204
 260377
 260449
 260499
 260542
 260570
 260643
 260681
 260843
 261004
 261033
 261070
 261186
 261316
 261545
 261551
 261553
 261622
 261718
 261778
 261820
 261867
 261879
 261985
 262161
 262216
 262379
 262432
 262484
 262484
 262512
 262523
 262610
 262672
 262682
 262729
 262758
 262911
 262937
 263020
 263228
 263250
 263261
 263382
 263422
 263450
 263451
 263643
 263692
 263736
 263750
 263814
 264001
 264107
 264132
 264150
 264332
 264413
 264417
 264461
 264496
 264527
 264573
 264652
 264758
 264850
 264991
 265114
 265334
 265580
 265614
 265701
 265716
 265983
 265990
 266002
 266005
 266120
 266136
 266167
 266329
 266473
 266704
 266910
 267089
 267497
 267604
 267704
 267710
 267741
 267762
 267804
 267860
 268070
 268157
 268455
 268705
 268895
 268994
 269629
 269725
 269862
 270108
 270230
 270348
 270364
 270404
 270428
 270788
 270842
 270860
 270872
 270978
 271141
 271271
 271477
 271543
 272138
 272325
 272457
 272577
 272673
 272804
 272843
 272873
 273077
 273241
 273409
 273431
 273527
 273592
 273700
 274040
 274040
 274088
 274358
 274365
 274505
 274506
 274508
 274722
 274739
 274791
 274820
 274879
 274931
 275015
 275243
 275286
 275381
 275456
 275568
 275759
 275916
 275919
 276171
 276248
 276329
 276361
 276516
 276530
 276536
 276572
 276591
 276625
 276794
 276857
 276864
 276906
 276970
 277045
 277144
 277203
 277398
 277617
 277678
 277711
 277749
 278063
 278174
 278688
 278692
 278859
 278947
 278969
 279069
 279195
 279260
 279269
 279289
 279294
 279369
 279472
 279475
 279562
 279654
 279978
 279983
 280291
 280297
 280317
 280569
 280784
 280851
 281143
 281170
 281370
 281478
 281558
 281933
 281996
 282020
 282034
 282112
 282253
 282301
 282503
 282604
 282726
 282821
 283066
 283310
 283539
 283626
 283676
 283702
 283733
 283784
 283907
 283971
 284116
 284122
 284145
 284448
 284523
 284612
 284660
 284679
 284764
 284891
 284963
 285075
 285085
 285207
 285215
 285281
 285324
 285547
 285548
 285641
 285670
 285714
 285731
 285755
 285758
 285911
 286009
 286089
 286089
 286137
 286283
 286323
 286507
 286528
 286547
 286563
 286659
 286704
 286790
 286839
 286881
 286906
 286915
 287118
 287153
 287313
 287369
 287589
 287711
 287814
 287873
 287915
 287946
 287965
 287970
 287981
 288072
 288082
 288093
 288193
 288204
 288236
 288461
 288712
 288772
 288856
 288959
 288981
 288993
 289000
 289071
 289119
 289175
 289217
 289309
 289353
 289357
 289404
 289681
 289681
 289716
 290148
 290170
 290171
 290210
 290268
 290322
 290448
 290534
 290657
 290680
 290884
 291259
 291343
 291370
 291415
 291474
 291626
 291650
 291744
 291845
 291846
 292237
 292246
 292272
 292306
 292320
 292332
 292416
 292468
 292528
 292726
 292927
 292944
 292948
 293065
 293094
 293139
 293226
 293258
 293351
 293527
 293568
 293739
 293782
 293873
 293939
 293945
 293985
 294275
 294308
 294480
 294851
 294874
 294918
 295038
 295076
 295081
 295292
 295400
 295475
 295564
 295729
 295828
 295975
 296099
 296101
 296250
 296367
 296464
 296477
 296498
 296532
 296580
 296670
 296699
 296830
 296841
 297073
 297074
 297115
 297133
 297193
 297216
 297297
 297370
 297438
 297661
 298062
 298117
 298184
 298571
 298624
 298728
 298914
 298917
 298925
 299113
 299152
 299187
 299307
 299384
 299443
 299475
 299656
 299669
 299704
 299751
 299782
 299835
 299881
 299999
 300279
 300294
 300438
 300464
 300489
 300507
 300644
 300801
 301009
 301083
 301096
 301121
 301233
 301302
 301557
 301607
 301796
 301818
 301917
 302069
 302105
 302116
 302231
 302275
 302455
 302457
 302606
 302663
 302715
 302730
 302880
 302939
 302973
 303009
 303167
 303234
 303273
 303548
 303612
 303627
 303633
 303642
 303703
 303810
 304095
 304109
 304112
 304279
 304347
 304408
 304469
 304569
 304573
 304914
 304938
 305050
 305289
 305374
 305483
 305540
 305785
 305791
 305888
 305948
 305966
 306019
 306034
 306255
 306269
 306329
 306391
 306485
 306513
 306515
 306605
 306659
 306741
 307057
 307106
 307154
 307162
 307405
 307456
 307571
 307692
 307787
 307990
 308029
 308214
 308222
 308293
 308532
 308562
 308645
 308768
 308853
 308888
 309002
 309145
 309171
 309221
 309342
 309368
 309374
 309530
 309654
 309796
 309871
 309889
 309898
 309909
 309993
 310124
 310154
 310157
 310215
 310377
 310666
 310734
 310763
 311231
 311651
 311694
 311768
 311787
 311995
 312000
 312310
 312319
 312403
 312447
 312462
 313042
 313217
 313220
 313597
 313664
 313696
 313713
 313987
 314095
 314131
 314151
 314177
 314440
 314516
 314546
 314636
 314831
 314840
 315237
 315270
 315293
 315418
 315440
 315689
 315693
 315742
 315811
 315895
 315948
 316133
 316424
 316509
 316631
 316814
 316842
 316875
 317104
 317190
 317191
 317277
 317394
 317402
 317440
 317544
 317629
 317666
 317784
 317870
 317927
 318208
 318298
 318307
 318451
 318466
 318826
 318861
 318891
 318902
 319004
 319033
 319040
 319391
 319618
 319772
 319812
 319948
 319964
 320050
 320365
 320437
 320559
 320747
 320776
 320813
 320973
 321461
 321493
 321568
 321714
 321832
 321849
 321877
 321904
 322280
 322285
 322302
 322493
 322838
 322926
 323054
 323090
 323193
 323207
 323255
 323259
 323327
 323627
 323652
 323716
 323775
 323803
 323854
 323988
 324020
 324047
 324130
 324165
 324213
 324318
 324499
 324812
 324907
 324948
 325182
 325367
 325401
 325443
 325444
 325537
 325545
 325564
 325589
 325602
 325605
 325685
 325767
 325773
 326062
 326086
 326130
 326172
 326357
 326507
 326646
 326686
 326859
 326909
 327032
 327392
 327526
 327676
 327808
 327898
 328056
 328101
 328131
 328145
 328267
 328338
 328378
 328469
 328495
 328559
 328697
 328729
 328741
 328742
 328767
 328839
 328874
 328910
 328977
 329071
 329090
 329118
 329130
 329235
 329268
 329290
 329508
 329555
 329764
 329898
 329943
 329964
 330011
 330042
 330097
 330108
 330580
 330780
 330990
 331286
 331292
 331311
 331320
 331398
 331506
 331685
 332002
 332094
 332155
 332265
 332297
 332359
 332528
 332549
 332670
 332776
 332840
 333094
 333333
 333333
 333333
 333382
 333636
 333648
 333723
 333797
 333949
 333976
 334005
 334179
 334321
 334344
 334509
 334588
 334701
 334819
 334928
 334995
 335025
 335216
 335604
 335780
 335784
 335787
 335880
 335981
 336073
 336126
 336157
 336182
 336257
 336310
 336519
 336522
 336546
 336609
 336609
 336640
 336801
 336823
 336846
 336854
 336978
 337018
 337238
 337257
 337308
 337325
 337363
 337387
 337560
 337566
 337633
 337761
 337779
 337876
 338151
 338217
 338218
 338257
 338485
 338729
 338838
 339181
 339184
 339207
 339297
 339616
 339793
 339937
 340279
 340458
 340565
 340676
 340718
 340864
 340929
 341185
 341196
 341363
 341624
 341639
 341767
 341881
 342052
 342110
 342200
 342376
 342752
 342753
 342835
 342856
 343034
 343047
 343094
 343271
 343298
 343412
 343484
 343642
 343759
 343790
 343967
 344108
 344189
 344193
 344285
 344551
 344666
 344706
 344745
 344769
 344784
 344945
 345106
 345224
 345248
 345258
 345359
 345369
 345411
 345427
 345443
 345493
 345705
 346025
 346102
 346207
 346212
 346376
 346392
 346446
 346880
 346938
 346970
 346987
 347157
 347304
 347385
 347727
 347740
 347962
 348044
 348096
 348167
 348274
 348319
 348443
 348607
 348727
 348839
 348938
 348951
 349070
 349349
 349445
 349469
 349491
 349702
 349706
 349830
 349861
 350022
 350132
 350491
 350550
 350576
 350687
 350951
 351111
 351276
 351300
 351422
 351562
 351562
 351569
 351596
 351742
 351799
 351837
 351851
 351916
 351944
 352017
 352290
 352401
 352515
 352553
 352586
 352662
 352941
 352944
 353316
 353345
 353375
 353383
 353385
 353683
 353764
 353906
 354163
 354219
 354314
 354374
 354545
 354768
 354824
 354995
 355016
 355149
 355287
 355523
 355663
 355707
 355737
 355752
 355903
 356010
 356159
 356226
 356379
 356473
 356499
 356523
 356542
 356601
 356715
 356795
 356814
 356860
 356902
 356939
 356962
 357316
 357321
 357352
 357469
 357670
 357681
 357722
 357842
 357921
 357959
 358226
 358231
 358261
 358315
 358407
 358585
 358751
 358756
 358758
 358816
 359013
 359290
 359297
 359502
 359537
 359578
 359627
 359688
 359694
 360034
 360129
 360143
 360308
 360442
 360491
 360584
 360655
 360661
 360666
 360768
 360813
 360879
 360932
 361251
 361386
 361507
 361592
 361623
 361768
 362129
 362211
 362244
 362307
 362323
 362355
 362426
 362492
 362627
 362640
 362962
 362976
 363115
 363230
 363336
 363486
 363592
 363608
 363618
 363723
 363798
 363926
 364081
 364110
 364261
 364317
 364322
 364588
 364594
 364614
 364787
 364891
 364893
 365337
 365460
 365753
 365990
 366148
 366225
 366739
 366791
 366795
 366899
 366927
 366976
 367039
 367119
 367136
 367339
 367346
 367455
 367506
 367515
 367533
 367570
 367773
 367799
 367957
 368012
 368048
 368261
 368268
 368352
 368380
 368434
 368505
 368601
 368687
 368898
 368905
 368910
 369085
 369187
 369267
 369278
 369412
 369561
 369594
 369637
 369699
 369888
 369931
 369988
 370015
 370070
 370091
 370147
 370455
 370463
 370512
 370515
 370566
 370568
 370656
 370663
 370698
 370735
 371108
 371254
 371395
 371396
 371444
 371480
 371481
 371498
 371515
 371595
 371640
 371644
 371787
 371819
 371980
 372119
 372126
 372195
 372345
 372442
 372453
 372915
 372931
 373237
 373352
 373399
 373419
 373472
 373492
 373779
 373805
 373837
 373883
 374130
 374332
 374374
 374529
 374642
 374724
 374837
 374845
 374875
 375103
 375289
 375326
 375513
 375579
 375751
 375872
 376044
 376137
 376210
 376390
 376450
 377073
 377095
 377099
 377153
 377286
 377779
 377796
 377805
 378048
 378181
 378334
 378733
 378745
 378878
 378882
 378950
 379254
 379352
 379397
 379423
 379562
 379625
 379778
 379907
 379965
 380065
 380151
 380292
 380362
 380390
 380421
 380427
 380442
 380530
 380538
 380718
 380770
 380857
 380945
 380952
 381115
 381133
 381235
 381330
 381419
 381569
 381579
 381823
 381909
 382120
 382161
 382281
 382315
 382352
 382872
 383060
 383075
 383392
 383600
 383610
 383614
 383679
 383701
 383769
 383771
 383792
 383806
 383817
 383918
 384026
 384039
 384154
 384160
 384218
 384345
 384745
 384879
 385076
 385179
 385228
 385391
 385440
 385526
 385788
 385968
 385975
 385984
 385997
 386036
 386036
 386038
 386277
 386294
 386323
 386367
 386370
 386381
 386429
 386603
 386608
 386912
 386939
 387123
 387164
 387165
 387218
 387323
 387513
 387513
 387548
 387573
 387693
 387799
 387875
 387908
 388058
 388415
 388520
 388530
 388633
 388675
 388682
 388742
 388864
 388888
 388896
 388993
 389014
 389413
 389775
 389858
 389963
 389995
 390018
 390367
 390408
 390449
 390450
 390547
 390563
 390835
 391359
 391379
 391778
 391866
 391935
 392013
 392042
 392064
 392085
 392096
 392238
 392514
 392675
 392850
 393004
 393123
 393152
 393153
 393388
 393507
 393795
 394010
 394070
 394104
 394308
 394402
 394439
 394449
 394466
 394652
 394812
 394839
 394891
 394921
 395007
 395082
 395103
 395155
 395188
 395195
 395208
 395590
 395600
 395662
 395746
 395770
 395886
 395937
 396116
 396327
 396412
 396470
 396616
 396657
 396728
 396766
 396806
 396880
 396927
 396982
 396994
 397138
 397285
 397361
 397411
 397483
 397574
 397640
 397721
 397726
 397737
 397763
 397887
 397940
 397978
 398111
 398199
 398244
 398343
 398461
 398560
 398562
 398591
 398663
 398679
 399005
 399055
 399342
 399405
 399427
 399490
 399491
 399875
 400029
 400062
 400114
 400158
 400252
 400421
 400577
 400610
 400682
 400730
 400789
 400819
 400900
 400997
 401021
 401066
 401161
 401179
 401224
 401459
 401463
 401676
 401706
 401714
 401726
 401876
 402102
 402112
 402163
 402190
 402192
 402195
 402480
 402499
 402508
 402606
 402616
 402719
 402877
 402946
 403197
 403209
 403252
 403321
 403425
 403439
 403449
 403614
 403741
 403800
 403807
 403959
 403964
 403988
 404410
 404761
 404780
 404862
 404909
 405080
 405204
 405230
 405301
 405341
 405350
 405421
 405425
 405554
 405633
 405635
 406036
 406234
 406234
 406698
 406705
 406954
 407187
 407234
 407237
 407261
 407322
 407426
 407439
 407485
 407524
 407759
 407857
 407956
 407984
 408020
 408150
 408212
 408258
 408284
 408385
 408401
 408418
 408437
 408753
 408942
 409358
 409378
 409522
 409690
 409708
 409768
 409772
 409782
 409880
 409888
 409966
 409977
 410020
 410070
 410331
 410341
 410431
 410461
 410700
 410719
 410722
 410847
 410872
 410953
 411027
 411107
 411159
 411358
 411392
 411604
 411627
 411764
 412128
 412155
 412233
 412237
 412334
 412479
 412661
 412864
 413047
 413095
 413160
 413312
 413338
 413498
 413569
 413603
 413783
 413831
 413903
 413907
 414025
 414059
 414077
 414120
 414243
 414402
 414449
 414493
 414723
 414876
 414881
 414960
 415069
 415203
 415208
 415240
 415282
 415522
 415584
 415662
 415718
 415738
 415789
 415855
 415887
 415909
 416173
 416314
 416329
 416461
 416467
 416512
 416820
 416851
 416879
 416893
 416933
 416952
 416988
 417034
 417061
 417368
 417505
 417541
 417732
 417755
 417802
 417814
 417837
 417961
 417999
 418118
 418225
 418452
 418660
 418699
 418814
 418867
 418912
 419008
 419049
 419183
 419270
 419354
 419630
 419818
 419853
 419882
 419918
 419955
 420135
 420194
 420383
 420524
 420536
 420553
 420811
 420822
 420881
 420989
 421100
 421133
 421259
 421313
 421472
 421496
 421542
 421568
 421589
 421613
 421680
 421713
 422083
 422130
 422238
 422239
 422314
 422384
 422468
 422787
 422798
 422842
 422912
 422981
 423076
 423097
 423471
 423485
 423744
 423848
 423903
 423999
 424005
 424124
 424133
 424153
 424305
 424367
 424586
 424696
 424833
 424892
 425011
 425105
 425163
 425203
 425348
 425782
 425789
 425804
 425860
 425863
 425944
 426013
 426131
 426146
 426371
 426398
 426428
 426515
 426519
 426546
 426575
 426735
 426815
 427107
 427283
 427362
 427394
 427669
 427724
 428072
 428139
 428151
 428179
 428345
 428378
 428396
 428584
 428601
 428642
 428659
 428745
 428835
 428946
 429149
 429196
 429241
 429640
 429643
 429848
 429958
 430118
 430280
 430375
 430379
 430419
 430570
 430737
 430817
 430841
 430846
 430933
 431229
 431339
 431440
 431479
 431544
 431805
 431969
 432047
 432335
 432437
 432478
 432595
 432639
 432713
 432770
 432987
 433131
 433183
 433245
 433249
 433281
 433396
 433456
 433681
 433925
 434094
 434150
 434188
 434331
 434515
 434586
 434618
 434704
 434768
 434866
 435021
 435064
 435074
 435136
 435352
 435472
 435572
 435573
 435684
 435747
 435994
 436035
 436113
 436231
 436367
 436411
 436645
 436646
 436696
 436757
 436918
 436943
 437033
 437072
 437271
 437304
 437357
 437417
 437420
 437491
 437702
 437770
 438557
 438560
 438651
 439329
 439546
 439822
 439906
 439931
 439937
 440032
 440105
 440188
 440352
 440448
 440509
 440522
 440528
 440813
 440974
 440982
 441084
 441176
 441295
 441334
 441335
 441432
 441652
 441667
 441690
 441706
 441738
 441752
 441791
 441923
 441963
 442025
 442070
 442352
 442516
 442752
 442999
 443217
 443337
 443392
 443474
 443606
 444028
 444083
 444145
 444258
 444308
 444310
 444373
 444418
 444438
 444444
 444444
 444743
 444867
 445035
 445471
 445572
 445661
 445785
 446348
 446808
 446846
 446888
 447082
 447137
 447338
 447378
 447477
 447567
 447617
 447622
 447896
 447931
 447973
 448134
 448362
 448485
 448492
 448614
 448650
 448691
 448717
 448979
 449109
 449212
 449311
 449312
 449347
 449452
 449688
 449779
 449942
 450109
 450168
 450226
 450352
 450429
 450500
 450542
 450664
 450777
 451018
 451086
 451122
 451215
 451230
 451313
 451452
 451500
 451670
 451757
 451886
 451926
 451945
 451961
 452176
 452287
 452465
 452627
 452697
 452705
 452886
 452908
 452916
 452973
 453144
 453146
 453347
 453460
 453496
 453609
 453771
 454015
 454207
 454320
 454372
 454396
 454431
 454441
 454458
 454477
 454748
 454955
 455041
 455088
 455089
 455163
 455202
 455626
 455708
 455801
 456037
 456206
 456226
 456378
 456504
 456509
 456545
 456601
 456773
 456780
 456896
 457000
 457234
 457278
 457500
 457501
 457622
 457831
 457865
 457920
 457922
 457978
 458028
 458241
 458371
 458544
 458643
 458646
 458718
 459308
 459375
 459396
 459494
 459519
 459742
 459810
 459817
 459863
 459933
 460047
 460206
 460216
 460234
 460251
 460388
 460538
 460568
 460621
 460624
 460646
 460675
 460774
 460957
 460989
 461018
 461132
 461225
 461355
 461450
 461538
 461773
 461790
 461905
 461918
 462241
 462385
 462441
 462499
 462636
 462641
 462835
 462962
 463027
 463225
 463249
 463251
 463279
 463636
 464353
 464891
 465077
 465218
 465231
 465269
 465486
 465492
 465710
 465913
 465920
 466456
 466520
 466633
 466904
 466930
 467018
 467121
 467336
 467527
 467565
 467574
 467918
 467971
 468161
 468277
 468367
 468489
 468558
 468568
 468654
 468860
 468873
 468964
 468974
 469002
 469114
 469261
 469284
 469335
 469424
 469473
 469644
 469660
 469696
 469906
 469920
 470107
 470157
 470529
 470675
 470966
 470974
 471063
 471354
 471399
 471447
 471525
 471534
 471558
 471567
 471590
 471648
 471768
 472034
 472158
 472167
 472256
 472270
 472432
 472478
 472543
 472612
 472855
 472940
 473053
 473143
 473200
 473559
 473567
 473593
 473636
 473655
 473675
 473805
 473838
 473859
 474277
 474379
 474418
 474458
 474928
 475026
 475027
 475336
 475377
 475460
 475479
 476101
 476190
 476439
 476486
 476721
 476896
 476906
 476989
 477042
 477221
 477308
 477442
 477607
 477633
 477650
 477661
 477720
 477760
 477809
 477821
 477861
 478101
 478168
 478298
 478311
 478331
 478547
 478604
 478642
 478652
 478721
 478802
 478822
 478908
 479005
 479030
 479188
 479234
 479376
 479497
 479721
 479864
 479915
 479919
 480009
 480346
 480362
 481001
 481003
 481248
 481280
 481563
 481626
 481784
 481876
 482157
 482340
 482517
 482582
 482672
 482869
 482896
 482976
 483048
 483110
 483265
 483271
 483304
 483802
 483849
 483870
 483959
 484033
 484188
 484377
 484618
 484653
 484935
 485010
 485029
 485062
 485391
 485406
 485406
 485799
 485844
 485906
 485938
 486039
 486142
 486178
 486183
 486212
 486215
 486277
 486355
 486390
 486706
 486729
 486748
 486800
 486852
 486984
 487009
 487186
 487331
 487461
 487466
 487500
 487520
 487531
 487794
 487800
 487804
 487876
 487882
 488003
 488034
 488071
 488280
 488461
 488534
 488888
 489013
 489038
 489565
 489636
 489665
 489762
 489809
 489974
 489996
 490044
 490082
 490154
 490322
 490411
 490440
 490521
 490561
 490658
 490811
 490834
 490933
 491015
 491078
 491123
 491150
 491150
 491233
 491243
 491266
 491422
 491697
 491698
 491755
 492101
 492232
 492279
 492313
 492449
 492531
 492636
 492805
 492810
 492815
 492890
 493065
 493185
 493308
 493319
 493340
 493393
 493470
 493481
 493492
 493501
 493562
 493669
 493686
 493832
 493839
 494091
 494158
 494185
 494302
 494467
 494530
 494692
 494849
 494854
 494991
 495245
 495361
 495559
 495639
 495941
 495963
 495990
 495991
 496005
 496097
 496122
 496283
 496339
 496599
 496674
 497016
 497202
 497413
 497536
 497589
 497750
 497755
 497785
 497794
 497862
 497952
 497994
 498027
 498221
 498353
 498682
 498743
 498803
 498841
 498864
 499192
 499677
 499741
 499747
 499861
 499895
 499958
 