99744
 99256
 98616
 98531
 98392
 98050
 97859
 97625
 97482
 97036
 96755
 96690
 96648
 96593
 96490
 96378
 96299
 96226
 96059
 95905
 95770
 95640
 95430
 95314
 95203
 94469
 94371
 94275
 94080
 93977
 93807
 93768
 93429
 93330
 93044
 92424
 92278
 91479
 91304
 91200
 91138
 90920
 90898
 90766
 90594
 90443
 90363
 90240
 90131
 90114
 89505
 89338
 89312
 89256
 89228
 88716
 88401
 88259
 88018
 87580
 87392
 87303
 87152
 87017
 86467
 85955
 85849
 85774
 85332
 85068
 84771
 84723
 84504
 84337
 84167
 83903
 83520
 83370
 83099
 82958
 82761
 82105
 81797
 81437
 81289
 80983
 80914
 80846
 80539
 80185
 79712
 79688
 79655
 79245
 79148
 78939
 78490
 78383
 78264
 77777
 77586
 77496
 77267
 77165
 77022
 76849
 76736
 76665
 76504
 76293
 76213
 75953
 75677
 75564
 75257
 75065
 74829
 74611
 74359
 74265
 74033
 73822
 73773
 73546
 73540
 73390
 73246
 72892
 72779
 72606
 72249
 71980
 71914
 71776
 71512
 71000
 70937
 70694
 70518
 70215
 70119
 70034
 69969
 69756
 69608
 69505
 69434
 69376
 69200
 69038
 68920
 68750
 68514
 68396
 68172
 68016
 67610
 67535
 67476
 67310
 67066
 66807
 66745
 66339
 66026
 65943
 65670
 65505
 65319
 65221
 65049
 64867
 64847
 64425
 64309
 64228
 63580
 63186
 63085
 62849
 62593
 62568
 62477
 62270
 62144
 61838
 61715
 61539
 61421
 61171
 60884
 60807
 60691
 60466
 60358
 60309
 60212
 60000
 59580
 59486
 58778
 58557
 58363
 57974
 57939
 57766
 57616
 57359
 57195
 57090
 56852
 56504
 56417
 56115
 55778
 55461
 55386
 55257
 55154
 55070
 54907
 54607
 54385
 54149
 53929
 53750
 53468
 53339
 53187
 53161
 52607
 52250
 52192
 52097
 51602
 51476
 51118
 50791
 50085
 50074
 49882
 49773
 49638
 48986
 48716
 48522
 48183
 48120
 48066
 47723
 47607
 47351
 47215
 47119
 46998
 46306
 46093
 45946
 45642
 45312
 45168
 45115
 45108
 44991
 44973
 44951
 44800
 44764
 44433
 44371
 44229
 44052
 43579
 43431
 43238
 43134
 43017
 42857
 42592
 42355
 41982
 41795
 41733
 41590
 41565
 41270
 41210
 40985
 40625
 40540
 40484
 40438
 40254
 40109
 40053
 39593
 39406
 39263
 39046
 38996
 38696
 38673
 38399
 37992
 37758
 37504
 37450
 37355
 37190
 37011
 36955
 36847
 36755
 36514
 36368
 36133
 35671
 35542
 35446
 35208
 35030
 34940
 34836
 34543
 34479
 34306
 34222
 34040
 33548
 33463
 33439
 33333
 33255
 32870
 32611
 32503
 32395
 32212
 32133
 31955
 31591
 31415
 31273
 31022
 30697
 30460
 30267
 30111
 29913
 29838
 29787
 29258
 29128
 29063
 28562
 28445
 28171
 28054
 28031
 27880
 27707
 27538
 27429
 27200
 27169
 27131
 26818
 26686
 26581
 26492
 26380
 26002
 25864
 25473
 25339
 25136
 24757
 24423
 24358
 24258
 24215
 23594
 23053
 23022
 22879
 22640
 22454
 22391
 22231
 22090
 22008
 21896
 21250
 21203
 21061
 20835
 20498
 20273
 20173
 19722
 19583
 19567
 19371
 19216
 19087
 18711
 18468
 18371
 18000
 17811
 17640
 17356
 16904
 16606
 16154
 16005
 15863
 15730
 15285
 15144
 14968
 14920
 14828
 14686
 14428
 14179
 13937
 13800
 13627
 13556
 13359
 13133
 12513
 12465
 12348
 12308
 12057
 11836
 11152
 10665
 10500
 10385
 10284
 10130
 9819
 9644
 9525
 9398
 9196
 9090
 8689
 8347
 8278
 8198
 8127
 8040
 7859
 7519
 7057
 6957
 6768
 6597
 6530
 6468
 6110
 6067
 5826
 5689
 5581
 5438
 5252
 5169
 5072
 4899
 4804
 4104
 3901
 3806
 3664
 3435
 3294
 3098
 2997
 2938
 2564
 2219
 2143
 1960
 1862
 1602
 1468
 1307
 989
 716
 617
 573
 384
 309
 164
 93
 185
 363
 464
 579
 623
 889
 1163
 1402
 1555
 1639
 1929
 1983
 2146
 2441
 2859
 2981
 3074
 3260
 3392
 3507
 3697
 3859
 4085
 4459
 4810
 4991
 5138
 5204
 5371
 5557
 5600
 5740
 6009
 6091
 6358
 6498
 6556
 6723
 6807
 7005
 7276
 7830
 7990
 8072
 8175
 8211
 8344
 8406
 8959
 9155
 9305
 9453
 9541
 9769
 10083
 10168
 10308
 10454
 10555
 10745
 11505
 11936
 12287
 12325
 12454
 12505
 12870
 13171
 13523
 13612
 13771
 13833
 14050
 14285
 14598
 14775
 14904
 14924
 15062
 15195
 15541
 15763
 15877
 16034
 16295
 16804
 17056
 17415
 17696
 17858
 18173
 18389
 18636
 18818
 19138
 19348
 19523
 19571
 19602
 19869
 20269
 20307
 20526
 20849
 21102
 21208
 21382
 22007
 22019
 22136
 22295
 22406
 22622
 22735
 22995
 23041
 23467
 23893
 24224
 24316
 24367
 24705
 24932
 25267
 25466
 25563
 25883
 26005
 26384
 26527
 26658
 26772
 27103
 27137
 27182
 27411
 27505
 27651
 27760
 27909
 28051
 28155
 28296
 28536
 28618
 29064
 29177
 29555
 29827
 29911
 30017
 30143
 30425
 30549
 30787
 31192
 31409
 31515
 31654
 32061
 32186
 32334
 32492
 32521
 32702
 32927
 33284
 33394
 33455
 33488
 33998
 34097
 34239
 34351
 34515
 34691
 34910
 34944
 35185
 35412
 35498
 35670
 35704
 36280
 36420
 36545
 36805
 36954
 37006
 37029
 37279
 37416
 37482
 37742
 37874
 38253
 38529
 38691
 38756
 39037
 39111
 39299
 39407
 39987
 40099
 40161
 40390
 40448
 40525
 40581
 40681
 41014
 41221
 41425
 41567
 41676
 41760
 41858
 42241
 42373
 42599
 42870
 43089
 43216
 43277
 43448
 43935
 44127
 44343
 44405
 44730
 44790
 44914
 44970
 44978
 45040
 45111
 45127
 45238
 45571
 45748
 46008
 46151
 46658
 47044
 47182
 47236
 47579
 47617
 47832
 48071
 48168
 48333
 48663
 48777
 49062
 49761
 49847
 50021
 50084
 50320
 50857
 51286
 51537
 52039
 52135
 52247
 52410
 52870
 53174
 53327
 53389
 53632
 53814
 53960
 54250
 54518
 54711
 54910
 55100
 55207
 55361
 55404
 55577
 55788
 56213
 56444
 56593
 57063
 57165
 57335
 57412
 57619
 57790
 57950
 58316
 58431
 58717
 59399
 59560
 59917
 60162
 60272
 60330
 60432
 60647
 60779
 60813
 61005
 61197
 61535
 61678
 61769
 62030
 62165
 62361
 62557
 62576
 62651
 63019
 63168
 63564
 63936
 64257
 64363
 64707
 64849
 64938
 65182
 65277
 65367
 65638
 65814
 66011
 66230
 66666
 66760
 67005
 67285
 67391
 67489
 67598
 67832
 68152
 68197
 68403
 68548
 68753
 69022
 69082
 69329
 69399
 69503
 69524
 69703
 69897
 70020
 70080
 70152
 70468
 70635
 70837
 70987
 71409
 71771
 71865
 71939
 72050
 72465
 72655
 72855
 73112
 73248
 73427
 73544
 73557
 73814
 74016
 74076
 74309
 74428
 74823
 75060
 75173
 75331
 75586
 75867
 76190
 76214
 76481
 76593
 76707
 76811
 76952
 77071
 77221
 77446
 77506
 77725
 78196
 78267
 78432
 78556
 78977
 79166
 79482
 79673
 79694
 79872
 80356
 80718
 80891
 80945
 80984
 81344
 81705
 82032
 82546
 82921
 83017
 83186
 83477
 83770
 84129
 84286
 84461
 84555
 84724
 84811
 85138
 85518
 85838
 85943
 86133
 86692
 87019
 87249
 87388
 87519
 87734
 88053
 88264
 88711
 88999
 89253
 89293
 89335
 89373
 89893
 90122
 90135
 90269
 90401
 90507
 90607
 90843
 90909
 91041
 91171
 91230
 91351
 91916
 92336
 92427
 93194
 93333
 93539
 93783
 93913
 94014
 94214
 94323
 94388
 94988
 95266
 95345
 95456
 95715
 95898
 96041
 96191
 96250
 96374
 96468
 96505
 96624
 96675
 96710
 96930
 97400
 97607
 97769
 98005
 98370
 98465
 98582
 98775
 99455
 99754
 99888
 