99338
 99216
 98986
 98880
 98852
 98726
 98333
 98168
 98031
 97882
 97601
 97579
 97532
 97490
 97009
 96857
 96760
 96512
 96242
 96000
 95949
 95924
 95442
 95230
 95059
 94989
 94863
 94642
 94334
 94036
 93648
 93489
 92852
 92783
 92465
 92389
 92255
 92019
 91871
 91415
 91176
 91029
 90989
 90767
 90596
 90543
 90429
 90190
 90158
 90082
 89962
 89804
 89473
 89302
 89172
 89001
 88544
 88406
 88198
 88088
 88030
 87815
 87694
 87467
 87310
 86942
 86904
 86765
 86598
 86497
 86463
 86165
 86041
 85986
 85822
 85805
 85751
 85570
 85483
 85294
 85136
 84762
 84621
 84430
 84210
 84026
 83936
 83657
 83492
 83158
 82996
 82729
 82649
 82329
 82290
 82284
 82245
 82146
 82008
 81636
 81608
 81200
 80896
 80796
 80707
 80327
 79887
 79791
 79696
 79602
 79458
 79070
 78959
 78842
 78694
 78462
 78390
 78213
 78073
 77862
 77644
 77518
 77215
 77143
 76782
 76550
 76451
 76358
 75913
 75742
 75535
 75425
 75315
 74909
 74751
 74625
 74589
 74560
 74294
 74089
 73783
 73599
 73533
 73372
 73242
 73187
 72966
 72729
 72592
 72585
 72384
 72235
 72012
 71792
 71282
 71055
 70852
 70730
 70408
 70170
 69990
 69822
 69519
 69384
 69047
 68581
 68219
 67777
 67663
 67459
 67225
 66843
 66802
 66601
 66292
 65340
 65279
 65043
 64894
 64818
 64601
 64590
 64408
 64240
 63738
 63392
 63333
 63280
 62720
 62692
 62536
 62434
 62401
 62307
 62204
 61885
 61744
 61665
 61534
 61247
 61154
 60967
 60778
 60651
 60481
 60367
 60191
 59934
 59843
 59192
 58949
 58863
 58348
 58149
 58006
 57860
 57707
 56940
 56694
 56260
 56231
 56211
 55994
 55737
 55646
 55535
 55376
 55291
 55076
 54895
 54846
 54702
 54655
 54420
 54272
 54125
 53911
 53789
 53562
 53546
 53295
 53136
 52990
 52748
 52474
 52053
 51910
 51177
 50749
 50428
 50195
 49828
 49607
 49296
 49191
 49106
 48678
 48482
 48184
 48055
 47898
 47383
 47211
 46972
 46876
 46749
 46501
 46405
 46169
 45814
 45687
 45678
 45429
 45333
 45130
 44877
 44793
 44495
 44349
 44120
 44040
 43967
 43391
 43311
 43143
 43096
 43012
 42630
 42504
 42424
 42146
 41445
 41186
 41013
 40718
 40455
 40242
 40041
 40020
 39943
 39610
 39266
 39047
 39024
 38512
 38142
 37781
 37568
 37526
 37218
 37167
 37012
 36971
 36866
 36630
 36481
 36362
 36342
 36178
 35975
 35937
 35855
 35794
 35678
 35529
 35170
 34976
 34741
 34580
 34502
 34321
 34233
 34072
 33907
 33810
 33758
 33378
 33333
 33311
 33241
 33153
 32878
 32708
 32674
 32579
 32402
 32339
 32140
 31804
 31693
 31644
 31338
 30560
 30372
 30058
 29948
 29690
 29310
 29171
 28985
 28591
 28475
 28405
 28268
 28174
 28143
 28079
 27733
 27503
 27367
 27184
 26965
 26760
 26637
 26399
 25862
 25694
 25627
 25502
 25452
 25147
 25072
 24930
 24750
 24258
 24097
 23818
 23110
 23024
 22820
 22483
 22438
 22235
 21905
 21610
 21540
 21115
 21052
 20797
 20473
 20131
 19697
 19555
 19355
 19013
 18980
 18723
 18613
 18433
 18232
 18041
 17808
 17504
 17407
 17034
 16901
 16615
 16265
 16140
 15988
 15863
 15645
 15470
 15363
 15243
 14968
 14842
 14607
 14445
 13994
 13892
 13448
 13296
 13152
 13016
 12768
 12547
 12486
 12289
 12099
 12002
 11924
 11456
 11346
 11058
 10563
 10513
 10401
 10194
 9902
 9784
 9689
 9608
 9344
 9327
 8873
 8677
 8586
 8064
 7926
 7788
 7745
 7354
 7133
 6976
 6929
 6584
 6444
 6307
 5970
 5811
 5495
 5317
 5090
 4446
 4393
 4261
 4177
 4080
 3973
 3826
 3790
 3639
 3313
 3105
 3003
 2691
 2467
 2325
 2012
 1687
 1499
 1453
 1375
 968
 873
 742
 663
 204
 0
 613
 710
 817
 874
 1320
 1442
 1475
 1559
 1810
 2174
 2333
 2607
 2766
 3016
 3128
 3398
 3731
 3816
 3866
 4025
 4128
 4253
 4307
 4394
 4546
 5259
 5461
 5732
 5959
 6038
 6423
 6470
 6748
 6940
 7037
 7288
 7365
 7748
 7834
 7933
 8401
 8624
 8709
 9139
 9339
 9531
 9656
 9701
 9866
 10128
 10361
 10456
 10529
 11043
 11273
 11383
 11597
 12000
 12063
 12203
 12458
 12498
 12671
 12864
 13061
 13221
 13393
 13625
 13895
 14361
 14505
 14680
 14871
 15216
 15302
 15415
 15558
 15805
 15912
 16044
 16159
 16423
 16639
 17011
 17304
 17429
 17695
 17861
 18117
 18397
 18447
 18719
 18817
 19010
 19053
 19381
 19613
 19730
 20347
 20633
 20966
 21068
 21292
 21558
 21626
 22064
 22238
 22448
 22531
 23023
 23079
 23769
 24016
 24182
 24295
 24873
 25031
 25123
 25310
 25501
 25510
 25644
 25704
 26164
 26556
 26749
 26928
 27015
 27278
 27443
 27516
 27753
 28086
 28146
 28176
 28275
 28474
 28564
 28682
 29163
 29251
 29379
 29697
 29999
 30221
 30452
 31215
 31524
 31688
 31701
 31959
 32238
 32358
 32425
 32628
 32682
 32807
 33049
 33231
 33286
 33330
 33354
 33666
 33780
 33848
 33964
 34078
 34290
 34337
 34512
 34658
 34876
 35163
 35389
 35568
 35764
 35836
 35924
 35961
 36162
 36287
 36349
 36386
 36553
 36804
 36892
 37011
 37156
 37190
 37477
 37561
 37600
 37850
 38212
 38680
 39031
 39167
 39523
 39838
 39999
 40035
 40095
 40401
 40588
 40996
 41130
 41303
 41847
 42390
 42429
 42511
 42728
 43070
 43137
 43182
 43321
 43572
 44007
 44042
 44201
 44420
 44720
 44851
 44982
 45213
 45348
 45651
 45681
 45759
 46099
 46315
 46471
 46528
 46844
 46919
 47008
 47364
 47446
 47956
 48109
 48332
 48634
 48759
 49161
 49225
 49349
 49629
 50120
 50322
 50671
 51170
 51671
 52002
 52183
 52549
 52952
 53129
 53215
 53527
 53556
 53703
 53868
 54112
 54223
 54290
 54561
 54663
 54799
 54852
 54913
 55144
 55369
 55422
 55580
 55696
 55782
 56205
 56216
 56248
 56571
 56783
 57372
 57713
 57878
 58134
 58153
 58548
 58934
 58970
 59529
 59880
 59977
 60308
 60425
 60535
 60684
 60821
 61012
 61235
 61426
 61559
 61691
 61780
 62134
 62210
 62324
 62405
 62528
 62637
 62717
 63079
 63296
 63391
 63723
 63779
 64326
 64541
 64591
 64814
 64820
 64910
 65113
 65298
 65457
 66566
 66650
 66813
 66934
 67385
 67537
 67716
 68120
 68458
 69015
 69370
 69508
 69753
 69855
 70066
 70204
 70591
 70820
 70880
 71160
 71322
 71934
 72167
 72279
 72525
 72586
 72664
 72829
 73018
 73236
 73291
 73441
 73584
 73610
 73991
 74229
 74388
 74587
 74613
 74737
 74890
 75278
 75370
 75452
 75665
 75897
 75918
 76449
 76515
 76715
 76820
 77157
 77431
 77544
 77682
 77913
 78108
 78334
 78428
 78488
 78806
 78905
 79003
 79325
 79506
 79661
 79739
 79792
 80276
 80421
 80754
 80816
 81098
 81295
 81609
 81992
 82092
 82222
 82270
 82287
 82325
 82527
 82672
 82991
 83132
 83451
 83526
 83683
 83961
 84119
 84253
 84447
 84724
 84952
 85262
 85401
 85559
 85744
 85790
 85815
 85929
 86037
 86088
 86399
 86491
 86513
 86656
 86868
 86926
 87111
 87458
 87632
 87741
 88000
 88081
 88118
 88237
 88532
 88660
 89066
 89184
 89377
 89631
 89924
 90029
 90154
 90170
 90237
 90490
 90578
 90668
 90835
 91020
 91112
 91335
 91525
 91919
 92065
 92261
 92462
 92637
 92828
 93214
 93638
 93730
 94099
 94603
 94740
 94955
 95018
 95188
 95263
 95757
 95947
 95996
 96050
 96297
 96610
 96778
 96949
 97040
 97511
 97560
 97594
 97659
 98023
 98094
 98274
 98583
 98792
 98856
 98949
 99086
 99327
 99405
 99864
 