99652
 99321
 99216
 99040
 98870
 98614
 98305
 97709
 97486
 97348
 97287
 97102
 97091
 96979
 96677
 96400
 96024
 95957
 95837
 95664
 95321
 95206
 95128
 94970
 94819
 94488
 94214
 93971
 93812
 93709
 93333
 93285
 93083
 92831
 92687
 92563
 92527
 92385
 92217
 91967
 91782
 91492
 91400
 91072
 90745
 90670
 90625
 90508
 90328
 90271
 90201
 89995
 89786
 89655
 89591
 89538
 89473
 89193
 89004
 88911
 88829
 88360
 88297
 88050
 87848
 87641
 87557
 87264
 87229
 87142
 86978
 86769
 86704
 86608
 86440
 86315
 86176
 86129
 85880
 85703
 85347
 84717
 84695
 84655
 84601
 84230
 83964
 83826
 83725
 83477
 83053
 82687
 82621
 82080
 81590
 81523
 81170
 81057
 80920
 80807
 80513
 80490
 80291
 80215
 80157
 80062
 80054
 79825
 79567
 79326
 79228
 78962
 78923
 78870
 78768
 78588
 78273
 78110
 78034
 77850
 77494
 77390
 77153
 76861
 76476
 76248
 76139
 75911
 75597
 75236
 75203
 74787
 74491
 73994
 73906
 73790
 73393
 72995
 72884
 72709
 72533
 72477
 72450
 72431
 72343
 72314
 71972
 71883
 71762
 71659
 71021
 70974
 70945
 70624
 70024
 69443
 69253
 69230
 69065
 68960
 68558
 68375
 68248
 68100
 67999
 67827
 67478
 67390
 67268
 67209
 66959
 66914
 66473
 66306
 66199
 65611
 65510
 65498
 65072
 64869
 64756
 64652
 64497
 64323
 64292
 64069
 63907
 63773
 63613
 63507
 63320
 63196
 63044
 62805
 62780
 62533
 62346
 62045
 62013
 61777
 61282
 61216
 61011
 60896
 60866
 60634
 60502
 60320
 60075
 59755
 59594
 59334
 59279
 59094
 58716
 58322
 58253
 58052
 57890
 57628
 57466
 57426
 57323
 57087
 56965
 56785
 56753
 56726
 56589
 56490
 56313
 55992
 55832
 55735
 55422
 55086
 55009
 54902
 54585
 54441
 54420
 54032
 53686
 53458
 53265
 53185
 53128
 52939
 52830
 52625
 52473
 52394
 52167
 52057
 52007
 51937
 51718
 51568
 51428
 51370
 51151
 51012
 50756
 50420
 50313
 50119
 50000
 49902
 49853
 49701
 49476
 49371
 49246
 49134
 49022
 48904
 48702
 48332
 48177
 47993
 47602
 47339
 47002
 46790
 46608
 46050
 45454
 45333
 45052
 44868
 44796
 44470
 44229
 44106
 43972
 43744
 43557
 43247
 42969
 42875
 42547
 42263
 42143
 41870
 41544
 41411
 41238
 41214
 41040
 40899
 40643
 40554
 40506
 40499
 40106
 40010
 39933
 39755
 39299
 39222
 39007
 38619
 38508
 38196
 37975
 37804
 37500
 37406
 37181
 36940
 36355
 36083
 35962
 35860
 35595
 35155
 34647
 34335
 34328
 34200
 34162
 34129
 34099
 33886
 33744
 33636
 33485
 33240
 33145
 32675
 32275
 32086
 31875
 31784
 31666
 31329
 31267
 30976
 30535
 30223
 30199
 29975
 29858
 29737
 29223
 28975
 28713
 28654
 28638
 28522
 28511
 28309
 28243
 28034
 27644
 27328
 27231
 27032
 26843
 26745
 26686
 26369
 26259
 25982
 25839
 25723
 25422
 25126
 24902
 24814
 24597
 24165
 23873
 23714
 23581
 23478
 23288
 22877
 22588
 22572
 22188
 22012
 21745
 21706
 21257
 20897
 20481
 20160
 19918
 19769
 19707
 19461
 19332
 18745
 18699
 18338
 18290
 18209
 18054
 17844
 17787
 17528
 17001
 16633
 16269
 16128
 15800
 15307
 15262
 14685
 14492
 14361
 13979
 13866
 13842
 13705
 13290
 12870
 12659
 12333
 11935
 11741
 11735
 11395
 11290
 11051
 10998
 10655
 10399
 10360
 10304
 10283
 9928
 9523
 9337
 9304
 8870
 8763
 8349
 8010
 7621
 7491
 7467
 7202
 7122
 6649
 6573
 6045
 5685
 5488
 5363
 5297
 4670
 4476
 4271
 4214
 4108
 3767
 3651
 3517
 3237
 3153
 3018
 2857
 2808
 2365
 2298
 2242
 2080
 1843
 1551
 1472
 1296
 967
 710
 482
 249
 208
 106
 0
 108
 228
 380
 522
 916
 1255
 1417
 1508
 1834
 1890
 2150
 2264
 2355
 2718
 2837
 2903
 3118
 3227
 3428
 3524
 3717
 3823
 4179
 4252
 4282
 4575
 4877
 5354
 5420
 5490
 5998
 6121
 6594
 6877
 7158
 7208
 7476
 7583
 7968
 8148
 8558
 8799
 9164
 9306
 9416
 9755
 10028
 10298
 10308
 10382
 10597
 10847
 11008
 11208
 11348
 11587
 11738
 11776
 12017
 12524
 12719
 12935
 13457
 13828
 13857
 13930
 14029
 14470
 14596
 14855
 15283
 15702
 15970
 16195
 16527
 16849
 17523
 17586
 17830
 18015
 18186
 18236
 18297
 18636
 18715
 18944
 19337
 19645
 19763
 19894
 20157
 20184
 20616
 20962
 21663
 21722
 21996
 22132
 22392
 22585
 22792
 23004
 23389
 23533
 23684
 23751
 24133
 24285
 24729
 24853
 25002
 25378
 25434
 25752
 25844
 26022
 26340
 26570
 26722
 26774
 26896
 27111
 27319
 27611
 27884
 28189
 28258
 28319
 28513
 28587
 28650
 28662
 28856
 28977
 29734
 29771
 29880
 30102
 30219
 30434
 30845
 31227
 31289
 31541
 31714
 31807
 32080
 32248
 32561
 32908
 33232
 33375
 33536
 33669
 33833
 33976
 34105
 34130
 34186
 34211
 34333
 34505
 34734
 35535
 35832
 35915
 36009
 36234
 36646
 36976
 37369
 37448
 37737
 37811
 37990
 38369
 38576
 38948
 39186
 39253
 39431
 39855
 39961
 40044
 40271
 40500
 40548
 40590
 40703
 40944
 41137
 41233
 41246
 41433
 41841
 41885
 42193
 42475
 42721
 42940
 43155
 43400
 43577
 43955
 44061
 44219
 44250
 44670
 44854
 44989
 45283
 45358
 45689
 46503
 46692
 46927
 47187
 47519
 47858
 48043
 48330
 48529
 48789
 48924
 49090
 49245
 49354
 49460
 49576
 49757
 49887
 49995
 50014
 50246
 50360
 50559
 50780
 51024
 51334
 51415
 51438
 51627
 51730
 51985
 52033
 52104
 52385
 52442
 52521
 52771
 52840
 52967
 53147
 53230
 53413
 53682
 53877
 54342
 54425
 54443
 54869
 54919
 55017
 55338
 55478
 55798
 55989
 56039
 56395
 56579
 56668
 56746
 56783
 56905
 57037
 57308
 57371
 57439
 57608
 57813
 57974
 58107
 58313
 58646
 58796
 59209
 59294
 59540
 59701
 59941
 60156
 60421
 60574
 60670
 60868
 60928
 61068
 61228
 61433
 61921
 62029
 62152
 62465
 62756
 62785
 62815
 63138
 63268
 63398
 63598
 63732
 63801
 63964
 64289
 64310
 64483
 64601
 64672
 64768
 65054
 65428
 65507
 65606
 66144
 66233
 66447
 66860
 66922
 66999
 67215
 67351
 67393
 67496
 67885
 68019
 68149
 68292
 68492
 68820
 69035
 69113
 69237
 69428
 69775
 70486
 70884
 70967
 70986
 71476
 71695
 71876
 71956
 72051
 72319
 72404
 72439
 72476
 72487
 72651
 72731
 72927
 73333
 73477
 73842
 73913
 74288
 74539
 75187
 75221
 75335
 75657
 76117
 76203
 76437
 76503
 77138
 77242
 77432
 77710
 77956
 78041
 78200
 78284
 78671
 78772
 78907
 78957
 79001
 79300
 79555
 79580
 79830
 80061
 80150
 80177
 80283
 80479
 80508
 80796
 80885
 80965
 81163
 81452
 81558
 81974
 82245
 82671
 82805
 83332
 83649
 83798
 83958
 84004
 84438
 84638
 84672
 84710
 85172
 85565
 85832
 85896
 86170
 86314
 86394
 86473
 86673
 86748
 86872
 87018
 87224
 87246
 87281
 87592
 87777
 88011
 88180
 88308
 88700
 88893
 88970
 89150
 89429
 89507
 89552
 89652
 89763
 89818
 90122
 90269
 90321
 90345
 90530
 90637
 90718
 90974
 91182
 91433
 91645
 91916
 92172
 92282
 92394
 92540
 92617
 92734
 92973
 93087
 93331
 93452
 93724
 93935
 94168
 94366
 94685
 94936
 95006
 95164
 95301
 95503
 95819
 95865
 95967
 96302
 96642
 96697
 97014
 97099
 97245
 97293
 97387
 97576
 98147
 98579
 98784
 98964
 99153
 99258
 99367
 99735
 99803
 