362
 493
 552
 794
 882
 1071
 1345
 1531
 1726
 1876
 2051
 2213
 2440
 2476
 2589
 2678
 3022
 3227
 3318
 3628
 3930
 4016
 4235
 4357
 4442
 4501
 4567
 4648
 4878
 5242
 5482
 5661
 5767
 5821
 6006
 6162
 6225
 6395
 6622
 6931
 7407
 7518
 7689
 7739
 7772
 8073
 8137
 8425
 8506
 8986
 9174
 9255
 9677
 10001
 10201
 10277
 10492
 10883
 11159
 11283
 11367
 11461
 11676
 11725
 11890
 12057
 12367
 12581
 12634
 12721
 13071
 13384
 13655
 14108
 14172
 14492
 14577
 14674
 15015
 15275
 15712
 15889
 16093
 16181
 16864
 16985
 17032
 17419
 17607
 17790
 18044
 18259
 18300
 18480
 19128
 19209
 19276
 19442
 19569
 19846
 20613
 20784
 20854
 21136
 21244
 21285
 21467
 21773
 21878
 21909
 21978
 22035
 22261
 22717
 22873
 22967
 23243
 23306
 23412
 23529
 23721
 24134
 24368
 24639
 24817
 25070
 25190
 25406
 25590
 25970
 26143
 26181
 26431
 26526
 27027
 27165
 27223
 27571
 27607
 27777
 28062
 28169
 28188
 28364
 28434
 28708
 28991
 29116
 29141
 29549
 29680
 29808
 30094
 30150
 30448
 30571
 31078
 31428
 31831
 32214
 32771
 32887
 33192
 34010
 34209
 34296
 34383
 34634
 34709
 35351
 35823
 35856
 36301
 36509
 36874
 37127
 37383
 37412
 37468
 37559
 37853
 38098
 38279
 38839
 39010
 39044
 39244
 39535
 39683
 39745
 40002
 40225
 40374
 40548
 40855
 41127
 41259
 41305
 41725
 41860
 41968
 42037
 42204
 42334
 42563
 42818
 43504
 44055
 44378
 44478
 44669
 44697
 45145
 45468
 45675
 45900
 46017
 46425
 46520
 46696
 46736
 46855
 47065
 47300
 47481
 47748
 48024
 48102
 48221
 48302
 48543
 48856
 48920
 49483
 49633
 49757
 49892
 50089
 50264
 50333
 50660
 50716
 50832
 50895
 51194
 51300
 51366
 51523
 51742
 51818
 51891
 52044
 52197
 52426
 52832
 52927
 53012
 53022
 53267
 53807
 53896
 54057
 54385
 54557
 54728
 55044
 55220
 55263
 55671
 55921
 56003
 56205
 56358
 56650
 57018
 57118
 57142
 57555
 58008
 58246
 58670
 58823
 59196
 59250
 59541
 59726
 60225
 60252
 60532
 60570
 60796
 60891
 60981
 61209
 61495
 61544
 61776
 61891
 62370
 62645
 62838
 62989
 63068
 63489
 63772
 64046
 64137
 64217
 64382
 64506
 64602
 64858
 64955
 65042
 65365
 65909
 66084
 66188
 66658
 66860
 67069
 67116
 67242
 67354
 67630
 67889
 68020
 68552
 68668
 68724
 69184
 69399
 69721
 70286
 70328
 70656
 71079
 71692
 71777
 71942
 72046
 72181
 72338
 72811
 72920
 72926
 73059
 73157
 73237
 73481
 73506
 73617
 73782
 74074
 74301
 74603
 74737
 75042
 75601
 75727
 75746
 75899
 75974
 76350
 76404
 76508
 77076
 77175
 77361
 77634
 77807
 77888
 78116
 78344
 78740
 78908
 79144
 79269
 79403
 79593
 79971
 80193
 80406
 80470
 80822
 80899
 81070
 81375
 81512
 81561
 81724
 81894
 82200
 82421
 82725
 83061
 83372
 83834
 84180
 84324
 84661
 84848
 85106
 85480
 85818
 85923
 86077
 86355
 86872
 86920
 87020
 87306
 87392
 87572
 87649
 87780
 88112
 88212
 88552
 88686
 88942
 88950
 89196
 89581
 89595
 89687
 90104
 90256
 90502
 90750
 91119
 91276
 91453
 91514
 91633
 92002
 92140
 92319
 92466
 92526
 93156
 93387
 93723
 93849
 93894
 94082
 94194
 94244
 94258
 94466
 94609
 94652
 94736
 94857
 94989
 95138
 95241
 95427
 95594
 95709
 95728
 96017
 96403
 96471
 96572
 96797
 96980
 97043
 97196
 97470
 97664
 97798
 97849
 98039
 98276
 98475
 98888
 98892
 99234
 99476
 99785
 100046
 100147
 100558
 100831
 101169
 101265
 101440
 101479
 101707
 102039
 102243
 102452
 102585
 103036
 103241
 103427
 103472
 103531
 103751
 103829
 104143
 104559
 104735
 104831
 105013
 105095
 105297
 105398
 105424
 105726
 105825
 106180
 106382
 106430
 106532
 107011
 107160
 107192
 107490
 107521
 107791
 107850
 107933
 108227
 108433
 108583
 108789
 109102
 109229
 109359
 109691
 109909
 110236
 110531
 110743
 110896
 111106
 111193
 111574
 111592
 111750
 111932
 112090
 112290
 112600
 112814
 112994
 113100
 113241
 113381
 113698
 113815
 113823
 114023
 114204
 114303
 114425
 114656
 114729
 114883
 115044
 115437
 115687
 115946
 116023
 116247
 116872
 117025
 117067
 117295
 117390
 117819
 118161
 118207
 118649
 118773
 118853
 118940
 119107
 119402
 119577
 119783
 120240
 120597
 120622
 120698
 120935
 120995
 121413
 121711
 121933
 122120
 122572
 122738
 123116
 123266
 123330
 123515
 123657
 123671
 124072
 124238
 124401
 124537
 124950
 125040
 125496
 125800
 126514
 126831
 126993
 127165
 127203
 127388
 127562
 127720
 128082
 128232
 128597
 128827
 128914
 129294
 129608
 129668
 129813
 130033
 130227
 130279
 130434
 130559
 130653
 130797
 131021
 131195
 131363
 131778
 131861
 132168
 132471
 132626
 132750
 132997
 133333
 133757
 133964
 134066
 134167
 134513
 134855
 135147
 135265
 135429
 135617
 135631
 135761
 135973
 136055
 136363
 136448
 136525
 136591
 136622
 136863
 136949
 137196
 137336
 137428
 137689
 137869
 138227
 138390
 138484
 138514
 138616
 139140
 139226
 139514
 139621
 139718
 139964
 140380
 140602
 140801
 140936
 141080
 141143
 141464
 141718
 141787
 142061
 142164
 142499
 142653
 142694
 142828
 142983
 143199
 143344
 143543
 143646
 143724
 143897
 143998
 144069
 144180
 144261
 144372
 144587
 144702
 144896
 144970
 145420
 145647
 145735
 145840
 146025
 146106
 146138
 146323
 146644
 146656
 146787
 146862
 146963
 147228
 147458
 147509
 147531
 147782
 147995
 148234
 148309
 148424
 148648
 149103
 149200
 149563
 149594
 149648
 149765
 150358
 150537
 150684
 150773
 150856
 151055
 151188
 151414
 151675
 151775
 151841
 151962
 152455
 152500
 152741
 152776
 152882
 153016
 153324
 153606
 153652
 153728
 153997
 154417
 154549
 154894
 154923
 155178
 155389
 155656
 155725
 156205
 156250
 156534
 156797
 156877
 157003
 157351
 157396
 157583
 157635
 157808
 157894
 158017
 158116
 158335
 158652
 158823
 158870
 159087
 159193
 159420
 159532
 159616
 159752
 159875
 160048
 160156
 160279
 160594
 160843
 160884
 160957
 161128
 161280
 161480
 161660
 162162
 162253
 162936
 162977
 163081
 163204
 163313
 163522
 163665
 163708
 163830
 164054
 164219
 164319
 164406
 164455
 164502
 164556
 164654
 164883
 165147
 165192
 165474
 165520
 165886
 166032
 166294
 166362
 166621
 166634
 167008
 167076
 167329
 167359
 167706
 167777
 167893
 167998
 168141
 168410
 168739
 169361
 169694
 169847
 169896
 169995
 170203
 170481
 170740
 171064
 171112
 171284
 171484
 171600
 171745
 172003
 172160
 172331
 172359
 172859
 173106
 173536
 173738
 174029
 174193
 174404
 174557
 174921
 175257
 175291
 175552
 175815
 175849
 176545
 176698
 176845
 176953
 177051
 177233
 177240
 177555
 177836
 178123
 178304
 178718
 178918
 178962
 179113
 179277
 179572
 179615
 179941
 180102
 180213
 180327
 180522
 180793
 181082
 181225
 181358
 181523
 181811
 182025
 182069
 182517
 182846
 182902
 183215
 183438
 183574
 183769
 183908
 184405
 184443
 184480
 184998
 185109
 185445
 185493
 185605
 185949
 186092
 186211
 186221
 186572
 186893
 187487
 187656
 187795
 188004
 188200
 188277
 188558
 188711
 189095
 189380
 189769
 189861
 190139
 190267
 190600
 190673
 190819
 190852
 191097
 191220
 191419
 191489
 191649
 191763
 191972
 192269
 192456
 192488
 192592
 192981
 193021
 193113
 193234
 193356
 193423
 193918
 194099
 194240
 194291
 194460
 194532
 194592
 194841
 195144
 195354
 195581
 195656
 196011
 196299
 196415
 196900
 196969
 197064
 197387
 197640
 197776
 197899
 198013
 198227
 198453
 198938
 199378
 199483
 199710
 199999
 200084
 200116
 200480
 200831
 201140
 201230
 201355
 201635
 201728
 202049
 202104
 202164
 202291
 202351
 202468
 202765
 202901
 203004
 203241
 203344
 203382
 203499
 203541
 203571
 203649
 203961
 204155
 204271
 204336
 204535
 204816
 204951
 205053
 205128
 205310
 205451
 205488
 205642
 206349
 206733
 206789
 207090
 207201
 207428
 208117
 208279
 208439
 209003
 209104
 209252
 209345
 209363
 209404
 209533
 209808
 209845
 210055
 210202
 210462
 211125
 211280
 211469
 211727
 212121
 212217
 212288
 212491
 212903
 212927
 213492
 214209
 214735
 214756
 215075
 215338
 215384
 215661
 216029
 216173
 216179
 216315
 216472
 216964
 217054
 217091
 217266
 217287
 217391
 217459
 217722
 217893
 217948
 218201
 218593
 218788
 219172
 219407
 219603
 220350
 220563
 220762
 221079
 221204
 221302
 221481
 221646
 221741
 222020
 222382
 222640
 222792
 222924
 223204
 223506
 223598
 223719
 223844
 223996
 224106
 224169
 224434
 224562
 224669
 224803
 225240
 225352
 225410
 225442
 225603
 225817
 225930
 226129
 226412
 226531
 227027
 227076
 227338
 227454
 227613
 227782
 227952
 228026
 228078
 228436
 228699
 228915
 229220
 229328
 229381
 230197
 230245
 230424
 230489
 230629
 230865
 230889
 231263
 231289
 231406
 231547
 231752
 231819
 231905
 232107
 232135
 232247
 232533
 233215
 233336
 233540
 233763
 234126
 234328
 234474
 234683
 235347
 235449
 235500
 235668
 236048
 236140
 236242
 236323
 236352
 236482
 236742
 237527
 237555
 237791
 238060
 238195
 238649
 238766
 238837
 239139
 239436
 239631
 239839
 239915
 240506
 240652
 240984
 241114
 241201
 241449
 241721
 241884
 242566
 242851
 243254
 244016
 244238
 244293
 244411
 244787
 244946
 245330
 245746
 245863
 245984
 246240
 246357
 246425
 246466
 246665
 246732
 246853
 247270
 247323
 247428
 247654
 247869
 247910
 248125
 248494
 248817
 249059
 249089
 249332
 249627
 249940
 250203
 250418
 250846
 251023
 251220
 251421
 251804
 251928
 252341
 252683
 252701
 253121
 253502
 253575
 253720
 253965
 254327
 254551
 254847
 254975
 255014
 255224
 255349
 255645
 255999
 256009
 256157
 256535
 257051
 257326
 257616
 257800
 257893
 258006
 258024
 258084
 258310
 258592
 258774
 259032
 259254
 259451
 259556
 259711
 260033
 260609
 260765
 260869
 261217
 261284
 261895
 261933
 262419
 262524
 262674
 262704
 262844
 263028
 263152
 263216
 263475
 264208
 264325
 264671
 264971
 265440
 265674
 265867
 265949
 266254
 266556
 266791
 266890
 267045
 267334
 267453
 267865
 268041
 268080
 268457
 268628
 268924
 269393
 269550
 269862
 269937
 270323
 270421
 270510
 270644
 270771
 270865
 271294
 271379
 271533
 271674
 271841
 271946
 272204
 272618
 272915
 273273
 273407
 273548
 273581
 273837
 273894
 274055
 274438
 274512
 274595
 274644
 274796
 275013
 275360
 275448
 275915
 276039
 276183
 276232
 276374
 276590
 276802
 277026
 277066
 277179
 277247
 277431
 277588
 277711
 278055
 278282
 278518
 278632
 278678
 278775
 278873
 279204
 279540
 279684
 279906
 279952
 280328
 280513
 280701
 280773
 280916
 281017
 281301
 281430
 281782
 282009
 282051
 282119
 282252
 282627
 282968
 283018
 283182
 283379
 283803
 284033
 284103
 284314
 284446
 284883
 285055
 285156
 285258
 285526
 285714
 286133
 286201
 286532
 286705
 286803
 287048
 287112
 287434
 287509
 287680
 287863
 288042
 288234
 288659
 288844
 289009
 289286
 289473
 289772
 289855
 290553
 290953
 291035
 291146
 291287
 291713
 292041
 292139
 292322
 292491
 292589
 292904
 293045
 293387
 293703
 293965
 294120
 294456
 294571
 294671
 294845
 294937
 295046
 295362
 295641
 295716
 296017
 296070
 296192
 296296
 296403
 296577
 296800
 296817
 296859
 296882
 297188
 297476
 297541
 298157
 298348
 298394
 298626
 298690
 298825
 298876
 299648
 300033
 300076
 300410
 300633
 300748
 300864
 301089
 301597
 301979
 302086
 302293
 302409
 302558
 302718
 302874
 303309
 303404
 303420
 303448
 303841
 303873
 304059
 304334
 304451
 304627
 304732
 305039
 305236
 305540
 305625
 305823
 305877
 305957
 306034
 306051
 306122
 306246
 306359
 306474
 306781
 307002
 307019
 307139
 307444
 307961
 308048
 308419
 308529
 308554
 308621
 308762
 308980
 309283
 309661
 309753
 309900
 310008
 310109
 310293
 310484
 310679
 310713
 311111
 311392
 311779
 312347
 312714
 312941
 313219
 313312
 313520
 313588
 313922
 314095
 314215
 314261
 314415
 314680
 314880
 315236
 315475
 315815
 315942
 316053
 316330
 316524
 316624
 316723
 316805
 316962
 317131
 317276
 317460
 317620
 317700
 317948
 318041
 318386
 318888
 318917
 318947
 319176
 319351
 319381
 319639
 319812
 319958
 320146
 320214
 320238
 320342
 320743
 320989
 321637
 321739
 322133
 322191
 322403
 322661
 322949
 323098
 323290
 323495
 323571
 324043
 324225
 324324
 324426
 324482
 324624
 324924
 325057
 325135
 325234
 325533
 325703
 325799
 325959
 326081
 326462
 326675
 326729
 326878
 327252
 327455
 327636
 327751
 328049
 328377
 328563
 328642
 328888
 329003
 329453
 329896
 330042
 330134
 330561
 330660
 330730
 330923
 331094
 331371
 331412
 331643
 332267
 332470
 332754
 332825
 333071
 333195
 333333
 333567
 333672
 333808
 333852
 333915
 334062
 334208
 334768
 334892
 334990
 335284
 335305
 335664
 335731
 335791
 335844
 336076
 336354
 336380
 336499
 336596
 336695
 337043
 337134
 337214
 337473
 337673
 337742
 337835
 338015
 338405
 338767
 338918
 339096
 339237
 339492
 339619
 339664
 339739
 340087
 340281
 340361
 340403
 340544
 341021
 341162
 341700
 342129
 342174
 342373
 342770
 342857
 343209
 343344
 343413
 343535
 343792
 343918
 344092
 344183
 344280
 344296
 344857
 345318
 345413
 345498
 345563
 345935
 346105
 346558
 346815
 346888
 346987
 347051
 347202
 347305
 347364
 347558
 347968
 348178
 348273
 348541
 348977
 349095
 349247
 349397
 349496
 349791
 349943
 350042
 350368
 350644
 350692
 350984
 351150
 351294
 351468
 351545
 352040
 352220
 352411
 352578
 352658
 352756
 352941
 353083
 353161
 353366
 353430
 353652
 353789
 354015
 354224
 354430
 354533
 354636
 354904
 355206
 355658
 355774
 355846
 355932
 356134
 356294
 356691
 356706
 356987
 357113
 357281
 357362
 357691
 357854
 357917
 358067
 358239
 358306
 358543
 358683
 358842
 359037
 359558
 359929
 360253
 360361
 360576
 360846
 360974
 361152
 361622
 361635
 361835
 362029
 362109
 362229
 362666
 363330
 363543
 363622
 363707
 364144
 364344
 364748
 365251
 365836
 366040
 366255
 366438
 366585
 366668
 366739
 366863
 366914
 366986
 367371
 367567
 368114
 368565
 369410
 369687
 369717
 370012
 370094
 370120
 370197
 370223
 370315
 370425
 370559
 370737
 370803
 370868
 371133
 371283
 372253
 372397
 372696
 372886
 373134
 373358
 373662
 373924
 374091
 374396
 374679
 375063
 375090
 375162
 375335
 375624
 375731
 376013
 376309
 376327
 376608
 376708
 376905
 377007
 377225
 377507
 377838
 378126
 378205
 378468
 378563
 378715
 379097
 379149
 379414
 379529
 379557
 379709
 379840
 380041
 380400
 380660
 380760
 380776
 380915
 380935
 381249
 381404
 381454
 381778
 381926
 381945
 382070
 382409
 382503
 382707
 382737
 383065
 383260
 383350
 383561
 383974
 384196
 384528
 384912
 385000
 385174
 385446
 385602
 385808
 385922
 386315
 386539
 386629
 386719
 386885
 387096
 387163
 387442
 387564
 387611
 388213
 388608
 388752
 388868
 389199
 389378
 389408
 389777
 390045
 390163
 390266
 390326
 390432
 390648
 390927
 391025
 391105
 391170
 391312
 391408
 391816
 392013
 392233
 392462
 392627
 392758
 392977
 393178
 393358
 393432
 393511
 393539
 393609
 393670
 393700
 393817
 393843
 393875
 393982
 394178
 394207
 394377
 394586
 394768
 394812
 395060
 395273
 395373
 395474
 395584
 396046
 396098
 396502
 396543
 396612
 396762
 396782
 397203
 397333
 397429
 397542
 397950
 398254
 398437
 398945
 398995
 399095
 399455
 399663
 399790
 400012
 400118
 400609
 400640
 401072
 401455
 401529
 401564
 401852
 402061
 402263
 402543
 402686
 402919
 403028
 403169
 403395
 403646
 403695
 403847
 404181
 404276
 404637
 404898
 404988
 405571
 406055
 406441
 406627
 406819
 407026
 407162
 407325
 407369
 407402
 408254
 408323
 408845
 408946
 409706
 409729
 410214
 410299
 410504
 410675
 410933
 411040
 411228
 411272
 411528
 411567
 411603
 411855
 412061
 412089
 412159
 412307
 412645
 412773
 413457
 413493
 413771
 413842
 413896
 414008
 414448
 415094
 415378
 415623
 415730
 415886
 416189
 416336
 416702
 416893
 417042
 417309
 417767
 417858
 417946
 418081
 418213
 418321
 418583
 418764
 419250
 419326
 419542
 419634
 419759
 420001
 420166
 420288
 420316
 420512
 420578
 420646
 420838
 420990
 421259
 421352
 421578
 421692
 422193
 422275
 422347
 422512
 422585
 422637
 422980
 423305
 423580
 423752
 423861
 424213
 424344
 424397
 424533
 424607
 425392
 426086
 426124
 426278
 426335
 426375
 426525
 426594
 426626
 426855
 427091
 427397
 427586
 427658
 427781
 427938
 428216
 428292
 428571
 428874
 429377
 429409
 429522
 429886
 430076
 430679
 430880
 430945
 431273
 431554
 431766
 431917
 432146
 432289
 432322
 432397
 432567
 432597
 433168
 433252
 433397
 433614
 433667
 433861
 433981
 434055
 434336
 434471
 434563
 434777
 435059
 435196
 435217
 435409
 435560
 435790
 435980
 436111
 436241
 436468
 436642
 437405
 437689
 438161
 438288
 438543
 438794
 438978
 439032
 439425
 439596
 439842
 439915
 440040
 440236
 440521
 440929
 441268
 441396
 441624
 441684
 441881
 442141
 442557
 442846
 442922
 443026
 443179
 443330
 443440
 443529
 444032
 444272
 444996
 445086
 445130
 445206
 445654
 445924
 446052
 446233
 446352
 446502
 446595
 447167
 447303
 447427
 447468
 447487
 447896
 448074
 448163
 448476
 448764
 448999
 449230
 449295
 449385
 449517
 449913
 450143
 450326
 450377
 450662
 450879
 451002
 451094
 451287
 451430
 451657
 451776
 452113
 452210
 452343
 452645
 452944
 453024
 453315
 453320
 453757
 453884
 454201
 454281
 454376
 454572
 454718
 455175
 455391
 455490
 455583
 455791
 456311
 456389
 456431
 456553
 456599
 457225
 457404
 457542
 457731
 457896
 457954
 458181
 458223
 458300
 458789
 459130
 459333
 459383
 459613
 459657
 459829
 460032
 460281
 460553
 460760
 460942
 460992
 461116
 461406
 461544
 461798
 461990
 462172
 462354
 462533
 462735
 463134
 463395
 463529
 463551
 463829
 464285
 464627
 464988
 465224
 465429
 465669
 465778
 465922
 466299
 466349
 466565
 466952
 467281
 467506
 467803
 467926
 468132
 468390
 468488
 468663
 469043
 469072
 469278
 469381
 469608
 470157
 470305
 470331
 470594
 470691
 471127
 471308
 471400
 471646
 471810
 472069
 472178
 472527
 472562
 472768
 472842
 472921
 473011
 473090
 473155
 473451
 474075
 474236
 474277
 474428
 474934
 475016
 475275
 475606
 475832
 476276
 476570
 476793
 476872
 477081
 477209
 477264
 477376
 477466
 477856
 477967
 477999
 478300
 478368
 478468
 478666
 479034
 479344
 479459
 479740
 479845
 480192
 480704
 480913
 481069
 481183
 481221
 481339
 481486
 481545
 481617
 481873
 482190
 482464
 482686
 482730
 483146
 483412
 483579
 483718
 484049
 484514
 484708
 484780
 484858
 485314
 485654
 485669
 486422
 486653
 486815
 486825
 487158
 487534
 487678
 487849
 487980
 488146
 489106
 489361
 489576
 489621
 489798
 489834
 490305
 490591
 491003
 491019
 491042
 491229
 491459
 491761
 491807
 492081
 492307
 492670
 492891
 493093
 493155
 493537
 493975
 494317
 494417
 494623
 495090
 495271
 495397
 495451
 495696
 495829
 496085
 496140
 496173
 496322
 496520
 496605
 496691
 496971
 497088
 497279
 497370
 497808
 497941
 497975
 498136
 498734
 498933
 499148
 499322
 499656
 499937
 500306
 500561
 500676
 500833
 500898
 501230
 501453
 501698
 501890
 502003
 502157
 502369
 502570
 502905
 502936
 503253
 503537
 503613
 503740
 503877
 504106
 504343
 504635
 504958
 505080
 505282
 505494
 505823
 505864
 506087
 506262
 506493
 506595
 506713
 506856
 507051
 507155
 507346
 507636
 507717
 507873
 508177
 508203
 508279
 508329
 508603
 508629
 508751
 508874
 509366
 509517
 509568
 509762
 509954
 510077
 510255
 510557
 510704
 510717
 510767
 511064
 511226
 512209
 512247
 512555
 512615
 512704
 512924
 513213
 513579
 513733
 514270
 514340
 514586
 514721
 515009
 515113
 515301
 515513
 515520
 515569
 515764
 516048
 516341
 516693
 516929
 517059
 517337
 517546
 517647
 517665
 517935
 518146
 518234
 518481
 518565
 518654
 518986
 519244
 519480
 519905
 519970
 520094
 520203
 520402
 520578
 520619
 521194
 521525
 521735
 521924
 521961
 522104
 522369
 522494
 522653
 522840
 522870
 522914
 523303
 523455
 523529
 523570
 523673
 524078
 524281
 524439
 524623
 524934
 525196
 525313
 525537
 525840
 525930
 526113
 526315
 526415
 526612
 526829
 526946
 527113
 527682
 527807
 527956
 528441
 528466
 528636
 528783
 529001
 529183
 529222
 529304
 529356
 529516
 529796
 529916
 530348
 530566
 530619
 530736
 531176
 531308
 531587
 531857
 531950
 532135
 532356
 532467
 532681
 532721
 532969
 533599
 533696
 533823
 533928
 534148
 534446
 534713
 534922
 534954
 535026
 535266
 535520
 535751
 535971
 536425
 536745
 537005
 537080
 537105
 537230
 537482
 537588
 537672
 538229
 538374
 538606
 538780
 538864
 538968
 539033
 539106
 539219
 539346
 539418
 539695
 539712
 539777
 540020
 540349
 540615
 540730
 540953
 541301
 541514
 541547
 541570
 541666
 541996
 542111
 542117
 542324
 542394
 542484
 542541
 542810
 542964
 543013
 543192
 543337
 543375
 543404
 543563
 543819
 543938
 544136
 544356
 544513
 545196
 545691
 545977
 546052
 546159
 546291
 546359
 546448
 546558
 546721
 547103
 547364
 547619
 547871
 547881
 548022
 548332
 548660
 548736
 548936
 549295
 549520
 549767
 549838
 549866
 550148
 550225
 550352
 550508
 550649
 550856
 551071
 551122
 551282
 551373
 551628
 551758
 551839
 551975
 552238
 552439
 552660
 552758
 552840
 553012
 553506
 553729
 553854
 553954
 554241
 554311
 554606
 554702
 554850
 555171
 555340
 555442
 555555
 555756
 556009
 556127
 556247
 556420
 556624
 556692
 556802
 557131
 557323
 557575
 558432
 558458
 558596
 558803
 558943
 559006
 559162
 559523
 559778
 559849
 560000
 560107
 560338
 560592
 560690
 560994
 561212
 561214
 561268
 561346
 561683
 561918
 561975
 562394
 562491
 562991
 563168
 563249
 563611
 563716
 563976
 564220
 564356
 564510
 565180
 565362
 565497
 565770
 566055
 566266
 566371
 567021
 567472
 567531
 567645
 567978
 568043
 568098
 568332
 568452
 568761
 568880
 569015
 569315
 569499
 569600
 569742
 569786
 570012
 570251
 570349
 570527
 570552
 570605
 570692
 570915
 571170
 571279
 571581
 571760
 571989
 572044
 572237
 572317
 572349
 572446
 572505
 572718
 572977
 573137
 573339
 573474
 573578
 574030
 574177
 574210
 574568
 574570
 574711
 574789
 574825
 574875
 575163
 575442
 575530
 575674
 575845
 575933
 576492
 576518
 576998
 577223
 577358
 577485
 577553
 577903
 578021
 578158
 578278
 578530
 579212
 579387
 579814
 579904
 580071
 580760
 581038
 581460
 581624
 581821
 581970
 582164
 582445
 582813
 583052
 583242
 583379
 583941
 584129
 584226
 584615
 584882
 584968
 585019
 585225
 585341
 585415
 585555
 585747
 585860
 586086
 586140
 586386
 586399
 586556
 586930
 586973
 587159
 587295
 587461
 587603
 587648
 587789
 587939
 588244
 588288
 588727
 589138
 589468
 590230
 590483
 590655
 590797
 591228
 591328
 591426
 591856
 591920
 592046
 592209
 592408
 592436
 592560
 592655
 593039
 593187
 593384
 593406
 593477
 593754
 593799
 593935
 594113
 594339
 594393
 594552
 594802
 595009
 595088
 595145
 595226
 595278
 595594
 595780
 596053
 596204
 596541
 596588
 596809
 596907
 597059
 597208
 597449
 597580
 597656
 597775
 597956
 598156
 598517
 598802
 598952
 599185
 599280
 599810
 599878
 599941
 599999
 600117
 600197
 600448
 600513
 600522
 600682
 600768
 600950
 601245
 601269
 601376
 601574
 601716
 601865
 602113
 602349
 602503
 602767
 603105
 603385
 603686
 603960
 604064
 604314
 604404
 604651
 604778
 605177
 605535
 605749
 605865
 606030
 606099
 606194
 606725
 606930
 607040
 607165
 607305
 607369
 607734
 607966
 608061
 608275
 608775
 608902
 609480
 609699
 609733
 610000
 610233
 610350
 610410
 610810
 611261
 611331
 611794
 611888
 612116
 612174
 612296
 612598
 612667
 613330
 613629
 613682
 613793
 613830
 613949
 614244
 614284
 614488
 614815
 614839
 614981
 615136
 615201
 615408
 615591
 615728
 615973
 616098
 616224
 616425
 616871
 616951
 617062
 617153
 617552
 617608
 617886
 617924
 618293
 618691
 618742
 618908
 618989
 619181
 619245
 619458
 619761
 619969
 620245
 620423
 620625
 620689
 620837
 620990
 621079
 621149
 621396
 621702
 621710
 622016
 622047
 622247
 622628
 622667
 622773
 623113
 623318
 623866
 623906
 624315
 624704
 624920
 625040
 625250
 625272
 625408
 625882
 626032
 626251
 626454
 626924
 627017
 627160
 627370
 627682
 627756
 627956
 628264
 628613
 628718
 628847
 629184
 629334
 629495
 629662
 629747
 629946
 630014
 630136
 630199
 630260
 630477
 630900
 630963
 631179
 631548
 631601
 631945
 632231
 632320
 632598
 632755
 632958
 633010
 633430
 633434
 633477
 633707
 633792
 634265
 634289
 634409
 634542
 634760
 634832
 634878
 635013
 635379
 635532
 635611
 635661
 635734
 635885
 636200
 636518
 636987
 637099
 637194
 637314
 637399
 637676
 637948
 638318
 638438
 638546
 638728
 638877
 639099
 639669
 639866
 639882
 640013
 640136
 640387
 641049
 641194
 641221
 641340
 641405
 641668
 641743
 641863
 642002
 642163
 642442
 642657
 642851
 643071
 643328
 643600
 643715
 643751
 643867
 643967
 644410
 644618
 644847
 644919
 644943
 645031
 645365
 645688
 645861
 646218
 646497
 646924
 646972
 647232
 647542
 647558
 647597
 647704
 647969
 648254
 648322
 648514
 648548
 648617
 648756
 648833
 649029
 649129
 649392
 649796
 650101
 650144
 650831
 650982
 651432
 652071
 652146
 652292
 652396
 652450
 652568
 652773
 652974
 653190
 653239
 653315
 653404
 653588
 654353
 654602
 654828
 655122
 655328
 655399
 655796
 656108
 656163
 656532
 656722
 657095
 657274
 657381
 657774
 657912
 658289
 658419
 658468
 658627
 658801
 659099
 659254
 659340
 659496
 659792
 660051
 660159
 660267
 660427
 660528
 660642
 660944
 661191
 661500
 661795
 662125
 662360
 662409
 662578
 662676
 662908
 663001
 663278
 663688
 663774
 664198
 664521
 664654
 665066
 665182
 665415
 665557
 665725
 665940
 666342
 666427
 666666
 666728
 667229
 667637
 667866
 668087
 668456
 668817
 669291
 669511
 669577
 669599
 669803
 670043
 670164
 670647
 670653
 670846
 670931
 671074
 671354
 671576
 671679
 671875
 672028
 672304
 672679
 673340
 673415
 673582
 673711
 673722
 673933
 674033
 674235
 674300
 674512
 674796
 674843
 675003
 675308
 675710
 675859
 675999
 676147
 676258
 676710
 676999
 677366
 677504
 677784
 677926
 678152
 678441
 678614
 678737
 678914
 679123
 679174
 679450
 679731
 679925
 679987
 680027
 680250
 680299
 680752
 681334
 681614
 682092
 682223
 682246
 682352
 682581
 682968
 683203
 683257
 683315
 683560
 683740
 683975
 684060
 684102
 684483
 684668
 685019
 685271
 685671
 686192
 686462
 687110
 687257
 687378
 687513
 688014
 688132
 688190
 688548
 688692
 688831
 688939
 689350
 689401
 689595
 689687
 689783
 689789
 690046
 690214
 690524
 690703
 691079
 691491
 691642
 691701
 692104
 692224
 692407
 692803
 692901
 693021
 693222
 693445
 693837
 693919
 694074
 694312
 694432
 694592
 694723
 695087
 695293
 695413
 695688
 695898
 695910
 696288
 696330
 696425
 696573
 696829
 697038
 697067
 697294
 697545
 698564
 698599
 698742
 698989
 699386
 699527
 699540
 699889
 700000
 700128
 700190
 700315
 700550
 700873
 701038
 701458
 701844
 701916
 701999
 702068
 702107
 702266
 702444
 702780
 703106
 703168
 703349
 703486
 703625
 703652
 703975
 704010
 704208
 704239
 704507
 704625
 704801
 705049
 705302
 705375
 705601
 705647
 705958
 706293
 706462
 706548
 706693
 706921
 706940
 707032
 707168
 707443
 707460
 707602
 707646
 707817
 708075
 708496
 708563
 708860
 709074
 709355
 710213
 710583
 710886
 711498
 711641
 711954
 712040
 712261
 712433
 712582
 713077
 713419
 713656
 713924
 714150
 714363
 714567
 714824
 715151
 715444
 715645
 715901
 716144
 716417
 716510
 716598
 716805
 716883
 717017
 717147
 717316
 717393
 717572
 717762
 718119
 718221
 718242
 718476
 718554
 719160
 719476
 719537
 719630
 719945
 720048
 720176
 720347
 720423
 720582
 720884
 721174
 721664
 722073
 722183
 722222
 722473
 722689
 722765
 723443
 723650
 723807
 723962
 724296
 724466
 724501
 724524
 724763
 724966
 725144
 725200
 725342
 725894
 726194
 726355
 726730
 726791
 726925
 727378
 727490
 727592
 727909
 728165
 728363
 728741
 728810
 729159
 729301
 729781
 730119
 730226
 730371
 730556
 730688
 731235
 731397
 731715
 731951
 732162
 732231
 732330
 732401
 732504
 732539
 732602
 732693
 732835
 732959
 733276
 733703
 733762
 733855
 734082
 734177
 734604
 734813
 735336
 735515
 735665
 735786
 735938
 736268
 736285
 736489
 736654
 736886
 736939
 737127
 737200
 737433
 737508
 737534
 737699
 737947
 738259
 738439
 738625
 738691
 739135
 739505
 739568
 739767
 740082
 740294
 740458
 740693
 740816
 741009
 741277
 741316
 741392
 741474
 741750
 742173
 742293
 742636
 742869
 743016
 743076
 743172
 743368
 743479
 743499
 743617
 743750
 743853
 744061
 744480
 744819
 745263
 745568
 745735
 746031
 746135
 746417
 746482
 746716
 747024
 747171
 747361
 747513
 747621
 747755
 748097
 748201
 748317
 748387
 748619
 749035
 749180
 749481
 749611
 749895
 750000
 750197
 750430
 750591
 750814
 750954
 751189
 751550
 751902
 752089
 752267
 752539
 752636
 753171
 753371
 753576
 754024
 754187
 754387
 755078
 755245
 755412
 755636
 755790
 755961
 756110
 756373
 756623
 756670
 756750
 756805
 756944
 757062
 757505
 757744
 757775
 757796
 757951
 758073
 758161
 758247
 758304
 758524
 758620
 758765
 758951
 759078
 759254
 759640
 759816
 759907
 759936
 760242
 760663
 760951
 761040
 761134
 761195
 761802
 762015
 762329
 762454
 762682
 762809
 763160
 763355
 763455
 763675
 764072
 764187
 764314
 764541
 765140
 765184
 765658
 765850
 766026
 766098
 766148
 766420
 766617
 767020
 767075
 767180
 767223
 767575
 767748
 767847
 768121
 768195
 768309
 768358
 768500
 768602
 768926
 769100
 769182
 769230
 769484
 769554
 769774
 770213
 770771
 771062
 771249
 771362
 771722
 772009
 772653
 772699
 772766
 773060
 773188
 773240
 773306
 773490
 773552
 773694
 773925
 774167
 774381
 774607
 774632
 774878
 775024
 775058
 775330
 775353
 775825
 776027
 776276
 776645
 776838
 777363
 777794
 778018
 778519
 778652
 778773
 779152
 779706
 780013
 780075
 780395
 780511
 780754
 780909
 781025
 781377
 781582
 781797
 781983
 782213
 782410
 782534
 782754
 782825
 782925
 783172
 783275
 783384
 784303
 784492
 784556
 784615
 784658
 784834
 785017
 785087
 785190
 785402
 785618
 785671
 785913
 786189
 786368
 786577
 786644
 786733
 786787
 786871
 786995
 787060
 787165
 787356
 787427
 787641
 787806
 787987
 788265
 788513
 788765
 788919
 788994
 789196
 789257
 789337
 789555
 789671
 789968
 790152
 790531
 790623
 790669
 790794
 790980
 791174
 791344
 791474
 791596
 791801
 792452
 792764
 792817
 792916
 793835
 794061
 794546
 794950
 795172
 795204
 795454
 795547
 795865
 796044
 796110
 796259
 796324
 796692
 796755
 797050
 797167
 797202
 797341
 797542
 797718
 797822
 797851
 798083
 798526
 799212
 799247
 799492
 799559
 799634
 799978
 800030
 800132
 800364
 800373
 800719
 800865
 800983
 801069
 801100
 801278
 801358
 801781
 801845
 801904
 802130
 802164
 802816
 803030
 803227
 803699
 804063
 804209
 804325
 804733
 804932
 805004
 805250
 805384
 805600
 805741
 805936
 805977
 806098
 806212
 806460
 806475
 806500
 806523
 806603
 806677
 806760
 806916
 807200
 807352
 807421
 807610
 807775
 807938
 808236
 808290
 808312
 808731
 808934
 809096
 809210
 809230
 809389
 809523
 809582
 809619
 809703
 809950
 810059
 810336
 810494
 810699
 810815
 811119
 811425
 811475
 811803
 812007
 812500
 812590
 812615
 812734
 812911
 812949
 813030
 813084
 813288
 813443
 814116
 814378
 814709
 814828
 814944
 815326
 815722
 815820
 816004
 816130
 816441
 816500
 816670
 816933
 816971
 817289
 817572
 817689
 817996
 818059
 818331
 818686
 818736
 818780
 819011
 819170
 819231
 819517
 820276
 820403
 820622
 821052
 821329
 821611
 821878
 821933
 822061
 822227
 822524
 822621
 822667
 822912
 823167
 823313
 823496
 823655
 824028
 824490
 824618
 824887
 825105
 825240
 825615
 825903
 825952
 826379
 826587
 826855
 826980
 827087
 827292
 827332
 827391
 827632
 827830
 828196
 828269
 828460
 828571
 828579
 828872
 829194
 829268
 829634
 829871
 830025
 830188
 830351
 830626
 830983
 831196
 831480
 831701
 831915
 832010
 832140
 832532
 832793
 833333
 833536
 833713
 833992
 834303
 834532
 834789
 834855
 835158
 835498
 835841
 835963
 836083
 836316
 836373
 836554
 836784
 836990
 837040
 837457
 837542
 837705
 837905
 838029
 838308
 838369
 838633
 838690
 838743
 838761
 838982
 839051
 839307
 839696
 839929
 840055
 840327
 840538
 840634
 840704
 841388
 841568
 841729
 842150
 842342
 842402
 842512
 842708
 842891
 843497
 843717
 843907
 844046
 844209
 844273
 844444
 844710
 845135
 845197
 845424
 845447
 845536
 845671
 845999
 846277
 846393
 846908
 847057
 847473
 847599
 847971
 848101
 848147
 848612
 848668
 848722
 848792
 848883
 849162
 849432
 849467
 849727
 849839
 850421
 850505
 850619
 850875
 851112
 851210
 851271
 851320
 851494
 851570
 851741
 851805
 852076
 852209
 852376
 852684
 852899
 852941
 853135
 853292
 853452
 853675
 853832
 853932
 854145
 854189
 854198
 854244
 854415
 854771
 854858
 855194
 855332
 855735
 855804
 856046
 856185
 856259
 856373
 856764
 857006
 857173
 857288
 857369
 857620
 857847
 858784
 858914
 859029
 859190
 859383
 860108
 860480
 861003
 861489
 861758
 861807
 862355
 862445
 862671
 862742
 862839
 862978
 863140
 863188
 863359
 863553
 863636
 863856
 864122
 864229
 864394
 864488
 864668
 864803
 865302
 865500
 865618
 865718
 865924
 866165
 866217
 866250
 866375
 866693
 866882
 866917
 867106
 867379
 867491
 867540
 867924
 868087
 868292
 869184
 869454
 869519
 869629
 869662
 869836
 870090
 870327
 870465
 870575
 870908
 871116
 871360
 872115
 872237
 872286
 872340
 872572
 872657
 873223
 873417
 874001
 874264
 874355
 874456
 874511
 874642
 875036
 875175
 875472
 875513
 875672
 875814
 875836
 875955
 876172
 876258
 876385
 876393
 876765
 876874
 877036
 877127
 877329
 877363
 877581
 877789
 877841
 877947
 877992
 878148
 878383
 878608
 878648
 879019
 879096
 879338
 879532
 879625
 879776
 879985
 880179
 880237
 881169
 881363
 881532
 881636
 881792
 881871
 881966
 882128
 882294
 882568
 882980
 883061
 883169
 883479
 883590
 884067
 884312
 884393
 884721
 884870
 885186
 885363
 885471
 885572
 885741
 885906
 885981
 886109
 886416
 886490
 886774
 886977
 887251
 887370
 887524
 887653
 887845
 888080
 888100
 888251
 888503
 888605
 889001
 889215
 889337
 889383
 889473
 889828
 889938
 890146
 890323
 890472
 890638
 890909
 891104
 891264
 891338
 891449
 891498
 891634
 891903
 892156
 892196
 892285
 892376
 892473
 892644
 892826
 893141
 893408
 893480
 893565
 893762
 893823
 893867
 894328
 894517
 894706
 894981
 895238
 895480
 895492
 895592
 895700
 895823
 895956
 896126
 896529
 896794
 896889
 897029
 897222
 897365
 897649
 897829
 898167
 898702
 898851
 898912
 898929
 899361
 899947
 900116
 900129
 900296
 900564
 900784
 900837
 900897
 901076
 901196
 901598
 901913
 902063
 902208
 902557
 902821
 902868
 902906
 903088
 903394
 903875
 904042
 904108
 904194
 904644
 904714
 904765
 905062
 905303
 905395
 905465
 906087
 906191
 906394
 906704
 906784
 906996
 907210
 907407
 907563
 907735
 907896
 908112
 908200
 908279
 908730
 908897
 909150
 909229
 909259
 909340
 909531
 909596
 910173
 910275
 910602
 911180
 911387
 911531
 911662
 911794
 911998
 912425
 912751
 912793
 912926
 913166
 913328
 913637
 913821
 913967
 914256
 914387
 914555
 914740
 914846
 914893
 915198
 915345
 915422
 915652
 915805
 915968
 916096
 916379
 916632
 917091
 917341
 917440
 917867
 918092
 918324
 918536
 918803
 918918
 918943
 919058
 919282
 919440
 919629
 919842
 920208
 920325
 920393
 920509
 920807
 921228
 921456
 921862
 922623
 922730
 922913
 923076
 923178
 923299
 923591
 923705
 923733
 923872
 924137
 924347
 924564
 924581
 924852
 925108
 925422
 925544
 925611
 925907
 925977
 926087
 926235
 926680
 926811
 927090
 927283
 927512
 927567
 927725
 927831
 927885
 928029
 928097
 928334
 928467
 928503
 928571
 928656
 928709
 928897
 929086
 929273
 929380
 929482
 929683
 929859
 930131
 930447
 930522
 930680
 930817
 931034
 931251
 931650
 931913
 931988
 932069
 932271
 932391
 932537
 932639
 932871
 933135
 933203
 933375
 933645
 933726
 933762
 933943
 934078
 934191
 934207
 934673
 935202
 935364
 935739
 936229
 936285
 936351
 936479
 936601
 936729
 936877
 936938
 937114
 937214
 937345
 937514
 937619
 937802
 938043
 938534
 938863
 939089
 939286
 939537
 939714
 939981
 940276
 940352
 940566
 940822
 940929
 941039
 941176
 941543
 941598
 942001
 942297
 942781
 942807
 943211
 943473
 943550
 943668
 943799
 944049
 944072
 944172
 944455
 944478
 944719
 944908
 945339
 945828
 945986
 946307
 946468
 946544
 946605
 946752
 947083
 947208
 947368
 947436
 947556
 947964
 948069
 948347
 948616
 948742
 948769
 948936
 949206
 949462
 949846
 950005
 950131
 950276
 950423
 950527
 950702
 950747
 950810
 950824
 950947
 951484
 951818
 951901
 952057
 952135
 952289
 952536
 952627
 952663
 952852
 952902
 953236
 953490
 953611
 953765
 953846
 953973
 954007
 954048
 954579
 954727
 954746
 954887
 955111
 955141
 955303
 955438
 955797
 955897
 955914
 955939
 956055
 956300
 956403
 956487
 956755
 957102
 957282
 957750
 957965
 958089
 958163
 958335
 958427
 958527
 958609
 958874
 959091
 959180
 959260
 959961
 960048
 960214
 960599
 960674
 960816
 961453
 961544
 961652
 962010
 962096
 962297
 962458
 962761
 962904
 963056
 963323
 963631
 963924
 964101
 964125
 964280
 964497
 964671
 965109
 965250
 965375
 965483
 965592
 965826
 965912
 966166
 966199
 966350
 966490
 966982
 967094
 967479
 967684
 967783
 967861
 968251
 968358
 968623
 968680
 968838
 969045
 969097
 969447
 969562
 969898
 969981
 970147
 970227
 970342
 970610
 970693
 970990
 971118
 971300
 971902
 972065
 972567
 972831
 973108
 973256
 973416
 973470
 973665
 973713
 974087
 974328
 974448
 974736
 974830
 975143
 975263
 975711
 975770
 975986
 976075
 976303
 976596
 976673
 977064
 977172
 977317
 977620
 977844
 978181
 979017
 979135
 979313
 979685
 979899
 980029
 980290
 980506
 980649
 980704
 980923
 980981
 981197
 981366
 981557
 981889
 982015
 982136
 982302
 982433
 982601
 982726
 982886
 982989
 983524
 983655
 983807
 983859
 984068
 984196
 984417
 984587
 984688
 984857
 985086
 985209
 985507
 985757
 986343
 986459
 986607
 986897
 987317
 987735
 987897
 987966
 988364
 988650
 988847
 988934
 989036
 989144
 989180
 989276
 989426
 989690
 990033
 990217
 990416
 990769
 990898
 991104
 991229
 991458
 991925
 992000
 992066
 992194
 992387
 992777
 992864
 992926
 993054
 993196
 993314
 993473
 993571
 993804
 994068
 994173
 994257
 994306
 994617
 994649
 994857
 995117
 995341
 995630
 996020
 996120
 996227
 996740
 996786
 996828
 997106
 997351
 997512
 997687
 997922
 997977
 998208
 998248
 998545
 998616
 999181
 999424
 999558
 999598
 999850
 999857
 999798
 999584
 999507
 999194
 998619
 998561
 998532
 998223
 998161
 997947
 997747
 997550
 997476
 997325
 997001
 996799
 996759
 996649
 996216
 996021
 995730
 995357
 995295
 994948
 994758
 994631
 994564
 994274
 994248
 994145
 993967
 993737
 993565
 993319
 993298
 993114
 992938
 992872
 992799
 992776
 992304
 992106
 992027
 991993
 991833
 991260
 991108
 991067
 990834
 990696
 990229
 990172
 989811
 989667
 989277
 989221
 989157
 989075
 988946
 988898
 988810
 988621
 988011
 987963
 987759
 987701
 986899
 986696
 986560
 986420
 986301
 985613
 985492
 985145
 984904
 984849
 984603
 984531
 984272
 984163
 984056
 983846
 983759
 983592
 983324
 982974
 982764
 982665
 982485
 982395
 982192
 982036
 981994
 981657
 981484
 981255
 981052
 980952
 980861
 980667
 980589
 980416
 980217
 980008
 979691
 979580
 979226
 979104
 978382
 978067
 977824
 977573
 977310
 977103
 977032
 976650
 976554
 976227
 976040
 975868
 975744
 975335
 975252
 974860
 974796
 974584
 974332
 974125
 973731
 973697
 973569
 973425
 973387
 973220
 973068
 972815
 972410
 971948
 971736
 971254
 971077
 970737
 970674
 970384
 970276
 970224
 969991
 969971
 969579
 969452
 969313
 969079
 969015
 968771
 968677
 968377
 968345
 967875
 967811
 967741
 967666
 967450
 967049
 966791
 966390
 966217
 966169
 966164
 965909
 965655
 965586
 965394
 965333
 965159
 964810
 964564
 964404
 964204
 964104
 963963
 963879
 963429
 963316
 962962
 962831
 962611
 962354
 962264
 962012
 961911
 961626
 961529
 961080
 960775
 960629
 960388
 960112
 960039
 959656
 959202
 959138
 958913
 958686
 958551
 958468
 958391
 958261
 958157
 957983
 957820
 957649
 957267
 956971
 956657
 956418
 956321
 956222
 956043
 955916
 955912
 955878
 955523
 955402
 955149
 955132
 955079
 954874
 954731
 954693
 954305
 954029
 954005
 953880
 953838
 953728
 953530
 953357
 952993
 952875
 952729
 952645
 952603
 952380
 952281
 952103
 951925
 951864
 951680
 951052
 950859
 950819
 950789
 950733
 950607
 950463
 950297
 950136
 950059
 949852
 949628
 949427
 949029
 948898
 948748
 948655
 948516
 948090
 948051
 947796
 947494
 947417
 947265
 947108
 947001
 946637
 946576
 946543
 946361
 946159
 945925
 945802
 945040
 944803
 944576
 944465
 944194
 944150
 944061
 943922
 943783
 943644
 943493
 943375
 943070
 942797
 942450
 942066
 941987
 941545
 941507
 941057
 941032
 940926
 940714
 940354
 940341
 940099
 939885
 939549
 939455
 939130
 938942
 938701
 938262
 937969
 937635
 937569
 937464
 937231
 937138
 937017
 936895
 936763
 936665
 936514
 936451
 936347
 936270
 935768
 935696
 935287
 934924
 934372
 934195
 934119
 934043
 933781
 933751
 933657
 933629
 933338
 933141
 932962
 932655
 932558
 932456
 932387
 932077
 932067
 931937
 931902
 931456
 931250
 931004
 930727
 930648
 930490
 930156
 929968
 929760
 929625
 929476
 929287
 929200
 928926
 928818
 928665
 928621
 928509
 928490
 928416
 928277
 928037
 927935
 927839
 927822
 927710
 927552
 927395
 927187
 926988
 926760
 926596
 926224
 925989
 925910
 925838
 925595
 925490
 925194
 925015
 924844
 924569
 924563
 924261
 923904
 923757
 923723
 923612
 923460
 923271
 923170
 922935
 922854
 922701
 922514
 921688
 921301
 920984
 920527
 920489
 920382
 920310
 920093
 919643
 919499
 919293
 919168
 919039
 918923
 918875
 918785
 918476
 918176
 917984
 917565
 917375
 917175
 916778
 916557
 916233
 916033
 915902
 915787
 915614
 915357
 915221
 915113
 914852
 914815
 914584
 914450
 914359
 914043
 913920
 913790
 913631
 913188
 913103
 912816
 912780
 912615
 912317
 911875
 911763
 911591
 911392
 911192
 910947
 910565
 910190
 909754
 909561
 909380
 909334
 909245
 909197
 909129
 908893
 908652
 908245
 908139
 907930
 907740
 907692
 907476
 907295
 907035
 906847
 906714
 906643
 906199
 906138
 905769
 905444
 905344
 905236
 905027
 904720
 904688
 904418
 904186
 904067
 903961
 903525
 903376
 902943
 902899
 902861
 902591
 902493
 902119
 902009
 901658
 901596
 901151
 900905
 900849
 900827
 900663
 900421
 900150
 900119
 900070
 899763
 899190
 898921
 898884
 898824
 898334
 897852
 897736
 897531
 897320
 897195
 896950
 896798
 896648
 896342
 896066
 895955
 895774
 895600
 895528
 895488
 895430
 895104
 894808
 894593
 894350
 894009
 893824
 893789
 893698
 893550
 893476
 893272
 893009
 892784
 892583
 892417
 892358
 892268
 892178
 892089
 891711
 891592
 891458
 891426
 891297
 891173
 891064
 890863
 890582
 890444
 890173
 890109
 889900
 889614
 889445
 889349
 889277
 889099
 888664
 888599
 888329
 888186
 888091
 887890
 887694
 887640
 887415
 887369
 887040
 886794
 886634
 886468
 886178
 886048
 885945
 885844
 885645
 885521
 885392
 885222
 884876
 884754
 884558
 884337
 884178
 884057
 883528
 883273
 883096
 882985
 882736
 882380
 882274
 882055
 881932
 881866
 881648
 881539
 881506
 881362
 880406
 880201
 880047
 879781
 879663
 879545
 879344
 879283
 879050
 878942
 878612
 878388
 878195
 878048
 877951
 877891
 877836
 877629
 877551
 877358
 877192
 877104
 876890
 876809
 876510
 876388
 876296
 876197
 875992
 875919
 875829
 875768
 875621
 875506
 875272
 875167
 874773
 874611
 874501
 874439
 874344
 874229
 873627
 873302
 872916
 872614
 872549
 872307
 872260
 872121
 871913
 871313
 870976
 870779
 870476
 870423
 870185
 869867
 869822
 869632
 869565
 869485
 869212
 868816
 868259
 867973
 867896
 867506
 867478
 867370
 866951
 866888
 866704
 866666
 866353
 866236
 866212
 865992
 865783
 865638
 865591
 865364
 865070
 864790
 864630
 864473
 864393
 864160
 863974
 863754
 863590
 863430
 863357
 863176
 863046
 862957
 862793
 862676
 862474
 862407
 862263
 861796
 861679
 861327
 860606
 860472
 859975
 859363
 859168
 858950
 858910
 858666
 857738
 857607
 857328
 857252
 857142
 856891
 856753
 856304
 856212
 856088
 855978
 855754
 855489
 855227
 854997
 854774
 854516
 854255
 854233
 854197
 854157
 854008
 853885
 853719
 853500
 853407
 853144
 852993
 852906
 852772
 852459
 852347
 852160
 851887
 851786
 851650
 851556
 851382
 851272
 851242
 851190
 851083
 850842
 850551
 850434
 850106
 849832
 849595
 849466
 849212
 849002
 848866
 848741
 848719
 848652
 848549
 848135
 848041
 847686
 847542
 847168
 846952
 846662
 846377
 846059
 845853
 845568
 845518
 845432
 845350
 845177
 844972
 844595
 844343
 844213
 844142
 844021
 843809
 843605
 843382
 842783
 842601
 842403
 842365
 842310
 841868
 841677
 841557
 840885
 840674
 840616
 840536
 840252
 840000
 839900
 839657
 839066
 839017
 838895
 838746
 838737
 838648
 838626
 838339
 838147
 837960
 837721
 837635
 837525
 837240
 837019
 836888
 836734
 836466
 836360
 836207
 835971
 835853
 835559
 835261
 834862
 834831
 834657
 834504
 834042
 833942
 833553
 833492
 833111
 832781
 832405
 832102
 831997
 831824
 831510
 831363
 831024
 830777
 830611
 830327
 830159
 829957
 829842
 829631
 829196
 829083
 828861
 828574
 828563
 828302
 828220
 827911
 827814
 827499
 827384
 827299
 827090
 827075
 826897
 826676
 826556
 826090
 825937
 825638
 825571
 825153
 825068
 824829
 824605
 824140
 823720
 823529
 823346
 823206
 823029
 822784
 822637
 822591
 822449
 822210
 822000
 821881
 821733
 821589
 821189
 820695
 820430
 820340
 819849
 819350
 819211
 819153
 818824
 818771
 818729
 818401
 818181
 818020
 817704
 817590
 817357
 817169
 816946
 816711
 816582
 816442
 816177
 816053
 815982
 815808
 815529
 814977
 814939
 814757
 814569
 814363
 813912
 813350
 813255
 813041
 812964
 812913
 812793
 812682
 812596
 812559
 812291
 811808
 811500
 811459
 811309
 810914
 810799
 810659
 810474
 810202
 810045
 809846
 809694
 809598
 809570
 809402
 809243
 809217
 809174
 809039
 808838
 808676
 808310
 808278
 808235
 807817
 807631
 807513
 807378
 807344
 807178
 806866
 806688
 806647
 806532
 806512
 806488
 806469
 806452
 806189
 806068
 805976
 805867
 805680
 805400
 805266
 805225
 804941
 804922
 804423
 804274
 804195
 804029
 803683
 803146
 802925
 802599
 802157
 802073
 801856
 801788
 801513
 801307
 801116
 801099
 801031
 800918
 800775
 800444
 800369
 800139
 800060
 800000
 799948
 799573
 799501
 799377
 799220
 798589
 798291
 798033
 797837
 797754
 797546
 797509
 797315
 797174
 797091
 796875
 796707
 796455
 796287
 796230
 796084
 795958
 795636
 795534
 795355
 795201
 795070
 794805
 794342
 793931
 793070
 792900
 792769
 792475
 792301
 791616
 791595
 791375
 791205
 790996
 790957
 790697
 790660
 790533
 790514
 790120
 789850
 789587
 789405
 789277
 789252
 789031
 788952
 788814
 788732
 788388
 788115
 787862
 787712
 787464
 787373
 787281
 787104
 787043
 786968
 786797
 786752
 786716
 786592
 786454
 786359
 786093
 785714
 785645
 785494
 785386
 785185
 785028
 784925
 784798
 784653
 784608
 784499
 784334
 783719
 783375
 783242
 782980
 782872
 782822
 782674
 782455
 782221
 782158
 781800
 781732
 781469
 781363
 780968
 780883
 780699
 780509
 780267
 780071
 779824
 779290
 778890
 778684
 778547
 778044
 777936
 777527
 777201
 776653
 776504
 776219
 775989
 775668
 775335
 775290
 775048
 774905
 774689
 774631
 774472
 774294
 774061
 773873
 773657
 773534
 773366
 773248
 773227
 773129
 773051
 772744
 772666
 772319
 771787
 771554
 771326
 771213
 770902
 770721
 770167
 769719
 769550
 769320
 769189
 769174
 769002
 768814
 768518
 768369
 768329
 768225
 768133
 767929
 767829
 767631
 767441
 767216
 767143
 767054
 766753
 766505
 766274
 766121
 766033
 765870
 765760
 765383
 765142
 765104
 764423
 764295
 764166
 763713
 763641
 763408
 763319
 762937
 762686
 762650
 762420
 762198
 761937
 761800
 761188
 761087
 760975
 760880
 760408
 760188
 759909
 759848
 759734
 759604
 759225
 758966
 758805
 758757
 758552
 758398
 758303
 758226
 758141
 758022
 757897
 757791
 757774
 757528
 757389
 756998
 756927
 756756
 756726
 756648
 756600
 756193
 756007
 755958
 755724
 755519
 755338
 755120
 755009
 754358
 754090
 753758
 753426
 753252
 753128
 752611
 752488
 752218
 752044
 751671
 751439
 751023
 750933
 750679
 750445
 750264
 750177
 749983
 749767
 749610
 749352
 749093
 748953
 748520
 748375
 748212
 748187
 748091
 747704
 747553
 747500
 747325
 747062
 746945
 746535
 746467
 746408
 746056
 745975
 745577
 745323
 745098
 744783
 744250
 744051
 743751
 743626
 743561
 743490
 743418
 743231
 743169
 743026
 742882
 742641
 742623
 742224
 741950
 741732
 741472
 741384
 741283
 741134
 740980
 740755
 740485
 740444
 740088
 739910
 739594
 739553
 739385
 738900
 738636
 738606
 738294
 737991
 737731
 737689
 737523
 737452
 737329
 737140
 736941
 736894
 736745
 736613
 736406
 736270
 735982
 735819
 735723
 735574
 735340
 735255
 734774
 734275
 734140
 733911
 733848
 733746
 733333
 732967
 732915
 732806
 732674
 732600
 732527
 732502
 732394
 732323
 732220
 732068
 731844
 731399
 731256
 730975
 730673
 730442
 730342
 730136
 729873
 729398
 729288
 729095
 728796
 728700
 728235
 727959
 727626
 727588
 727431
 727272
 726858
 726754
 726573
 726222
 726083
 725511
 725289
 725149
 725073
 724810
 724612
 724520
 724473
 724320
 724281
 723875
 723776
 723513
 723344
 722717
 722595
 722250
 722194
 722097
 721958
 721224
 721141
 720601
 720521
 720420
 720328
 720145
 720032
 719919
 719575
 719485
 719347
 719114
 718516
 718428
 718233
 718190
 717896
 717629
 717407
 717337
 717278
 717095
 716990
 716876
 716710
 716523
 716471
 716282
 715941
 715748
 715503
 715195
 715131
 714585
 714538
 714285
 713963
 713696
 713619
 713354
 712605
 712496
 712316
 712175
 711997
 711913
 711502
 711427
 710662
 710442
 710187
 709285
 708871
 708725
 708557
 708463
 707837
 707684
 707633
 707558
 707456
 707254
 707098
 706993
 706938
 706847
 706575
 706467
 706332
 706253
 705801
 705634
 705421
 705311
 705185
 705002
 704729
 704508
 704410
 704210
 704185
 703990
 703745
 703636
 703571
 703397
 703206
 703166
 703080
 702771
 702385
 702164
 702074
 702001
 701984
 701860
 701754
 701169
 700947
 700641
 700424
 700244
 700175
 700017
 699950
 699711
 699533
 699472
 699253
 698887
 698626
 698567
 698019
 697475
 697187
 697040
 696879
 696637
 696507
 696378
 696298
 696260
 695909
 695832
 695509
 695304
 695195
 694868
 694628
 694584
 694334
 694218
 694033
 693901
 693484
 693388
 693121
 693012
 692864
 692763
 692266
 692208
 692027
 691667
 691623
 691093
 690858
 690553
 690415
 690097
 689846
 689784
 689738
 689624
 689535
 689359
 689065
 688888
 688709
 688579
 688483
 688152
 688125
 687804
 687460
 687334
 687141
 686931
 686390
 686015
 685563
 685180
 684992
 684648
 684253
 684093
 684030
 683879
 683693
 683338
 683267
 683243
 683134
 682597
 682412
 682339
 682242
 682110
 681927
 681389
 680998
 680575
 680298
 680156
 679999
 679929
 679820
 679584
 679324
 679152
 679092
 678746
 678648
 678444
 678153
 677957
 677866
 677747
 677487
 677203
 676979
 676648
 676151
 676074
 675957
 675824
 675663
 675240
 674888
 674842
 674787
 674505
 674280
 674100
 674031
 673772
 673716
 673670
 673470
 673344
 672922
 672566
 672260
 671996
 671737
 671611
 671365
 671147
 670960
 670867
 670658
 670648
 670588
 670150
 669849
 669693
 669589
 669546
 669421
 669278
 668566
 668303
 668046
 667850
 667458
 666888
 666720
 666545
 666412
 666303
 665750
 665649
 665427
 665336
 665151
 664873
 664568
 664266
 664053
 663735
 663456
 663146
 662921
 662873
 662598
 662517
 662363
 662309
 661855
 661751
 661285
 661080
 660907
 660610
 660477
 660386
 660177
 660127
 659820
 659708
 659353
 659267
 659159
 658914
 658629
 658522
 658459
 658377
 658227
 657852
 657769
 657328
 657271
 657078
 656565
 656490
 656124
 656043
 655656
 655345
 655246
 655028
 654699
 654384
 653882
 653517
 653333
 653262
 653237
 653153
 652915
 652661
 652507
 652403
 652355
 652173
 652112
 651819
 651319
 650963
 650278
 650115
 649833
 649717
 649204
 649105
 648902
 648765
 648625
 648562
 648535
 648363
 648312
 648001
 647803
 647602
 647564
 647550
 647340
 647031
 646970
 646739
 646228
 646037
 645856
 645536
 645326
 645030
 644938
 644854
 644801
 644444
 644104
 643932
 643826
 643724
 643707
 643469
 643131
 642883
 642795
 642563
 642437
 642158
 641885
 641853
 641725
 641479
 641351
 641277
 641216
 641091
 640994
 640184
 640077
 639885
 639876
 639690
 639239
 639065
 638864
 638704
 638506
 638366
 638191
 637925
 637659
 637357
 637288
 637177
 637056
 636813
 636345
 636037
 635828
 635664
 635633
 635605
 635440
 635259
 634971
 634855
 634823
 634658
 634415
 634347
 634268
 633807
 633762
 633600
 633474
 633431
 633153
 633003
 632883
 632653
 632441
 632303
 631963
 631688
 631562
 631319
 631078
 630938
 630519
 630351
 630205
 630193
 630023
 629999
 629812
 629737
 629658
 629427
 629261
 628942
 628762
 628618
 628413
 628037
 627907
 627753
 627441
 627193
 627093
 626978
 626887
 626270
 626111
 626016
 625658
 625291
 625261
 625131
 624941
 624859
 624355
 624181
 623874
 623474
 623289
 622848
 622720
 622639
 622377
 622241
 622021
 622006
 621705
 621621
 621376
 621124
 621074
 620915
 620751
 620680
 620495
 620369
 619991
 619768
 619650
 619273
 619186
 619095
 618975
 618830
 618711
 618493
 618105
 617913
 617782
 617554
 617303
 617111
 617006
 616873
 616817
 616389
 616166
 616078
 615809
 615622
 615530
 615269
 615141
 615042
 614951
 614833
 614628
 614432
 614257
 614176
 613934
 613801
 613746
 613649
 613360
 612972
 612621
 612579
 612193
 612168
 612086
 611851
 611504
 611327
 611237
 610778
 610355
 610324
 610170
 609963
 609727
 609658
 609006
 608831
 608496
 608093
 608028
 607940
 607376
 607329
 607304
 607097
 607011
 606876
 606473
 606157
 606060
 605885
 605829
 605619
 605260
 605066
 604739
 604438
 604345
 604305
 604005
 603951
 603585
 603263
 602793
 602720
 602382
 602117
 602002
 601759
 601583
 601436
 601334
 601258
 600997
 600769
 600708
 600593
 600516
 600505
 600313
 600145
 600000
 599942
 599934
 599854
 599779
 599251
 599160
 598836
 598796
 598489
 598150
 597938
 597713
 597634
 597497
 597366
 597095
 596990
 596828
 596677
 596568
 596535
 596081
 596031
 595679
 595343
 595241
 595171
 595128
 595032
 594844
 594739
 594492
 594351
 594120
 594051
 593886
 593764
 593478
 593411
 593389
 593220
 593118
 592891
 592571
 592457
 592429
 592394
 592157
 592016
 591894
 591795
 591395
 591268
 591019
 590670
 590491
 590315
 589536
 589400
 589060
 588413
 588266
 588149
 587908
 587771
 587623
 587467
 587336
 587169
 587022
 586967
 586851
 586541
 586398
 586229
 586092
 585939
 585765
 585703
 585508
 585365
 585281
 585140
 585014
 584905
 584699
 584387
 584158
 584012
 583697
 583333
 583199
 583016
 582653
 582342
 582109
 581873
 581804
 581497
 581208
 580937
 580410
 579952
 579824
 579528
 579300
 579132
 578300
 578220
 578091
 578012
 577689
 577531
 577393
 577243
 577215
 576923
 576494
 576217
 575881
 575762
 575609
 575479
 575251
 574938
 574836
 574803
 574769
 574678
 574569
 574264
 574194
 574034
 573675
 573525
 573390
 573248
 573079
 572742
 572692
 572458
 572406
 572341
 572250
 572127
 572031
 571907
 571718
 571428
 571251
 570988
 570803
 570667
 570597
 570529
 570473
 570285
 570014
 569998
 569770
 569707
 569565
 569480
 569178
 568881
 568822
 568578
 568427
 568181
 568072
 568023
 567687
 567589
 567505
 567058
 566719
 566358
 566078
 565780
 565661
 565416
 565346
 564587
 564399
 564339
 564193
 563717
 563668
 563600
 563177
 563165
 562587
 562438
 562117
 561938
 561797
 561430
 561311
 561241
 561213
 561052
 560925
 560679
 560498
 560288
 560050
 559892
 559843
 559660
 559331
 559068
 558966
 558828
 558613
 558521
 558443
 557838
 557504
 557289
 557022
 556798
 556670
 556526
 556280
 556139
 556095
 555781
 555693
 555485
 555349
 555293
 555020
 554787
 554632
 554574
 554254
 554140
 553877
 553733
 553700
 553335
 552926
 552792
 552720
 552541
 552387
 552135
 551918
 551782
 551658
 551395
 551352
 551183
 551113
 550947
 550805
 550608
 550402
 550296
 550204
 550133
 549852
 549818
 549642
 549376
 549032
 548800
 548689
 548535
 548169
 547914
 547873
 547668
 547498
 547286
 546902
 546707
 546546
 546419
 546316
 546278
 546059
 546040
 545832
 545241
 544935
 544404
 544298
 543985
 543897
 543665
 543420
 543378
 543342
 543225
 543164
 542968
 542828
 542737
 542528
 542428
 542347
 542283
 542116
 542070
 541725
 541574
 541567
 541528
 541437
 541116
 540898
 540641
 540505
 540033
 539869
 539765
 539708
 539420
 539376
 539316
 539182
 539050
 538998
 538920
 538802
 538647
 538461
 538307
 538157
 537652
 537513
 537402
 537146
 537082
 537024
 536813
 536578
 536087
 535821
 535562
 535506
 535129
 534955
 534930
 534911
 534485
 534276
 533995
 533870
 533705
 533620
 533291
 532834
 532710
 532559
 532406
 532142
 532131
 531880
 531641
 531534
 531273
 531114
 530725
 530612
 530514
 530127
 529898
 529761
 529488
 529351
 529279
 529193
 529155
 528948
 528678
 528569
 528455
 528422
 527950
 527746
 527418
 527030
 526889
 526669
 526479
 526396
 526133
 525946
 525906
 525781
 525345
 525212
 525069
 524685
 524572
 524435
 524104
 523717
 523571
 523557
 523468
 523380
 523164
 522882
 522854
 522822
 522504
 522419
 522154
 522036
 521937
 521800
 521643
 521221
 520631
 520610
 520471
 520294
 520107
 520000
 519963
 519768
 519426
 519163
 518853
 518610
 518518
 518259
 518217
 518006
 517871
 517662
 517563
 517341
 517182
 517044
 516751
 516571
 516083
 515934
 515636
 515525
 515519
 515303
 515151
 515106
 514877
 514636
 514369
 514285
 514151
 513637
 513499
 512943
 512742
 512654
 512575
 512257
 512212
 511917
 511106
 510998
 510762
 510711
 510624
 510500
 510121
 509991
 509816
 509661
 509536
 509367
 508988
 508766
 508666
 508627
 508587
 508280
 508274
 508196
 508156
 507862
 507650
 507518
 507341
 507120
 507042
 506801
 506666
 506502
 506343
 506111
 505914
 505833
 505660
 505298
 505203
 505024
 504647
 504472
 504326
 503905
 503861
 503718
 503597
 503277
 503225
 502907
 502766
 502475
 502235
 502156
 501909
 501747
 501580
 501275
 500963
 500888
 500747
 500586
 500450
 500216
 499810
 499439
 499279
 499133
 498800
 498596
 497981
 497973
 497862
 497778
 497340
 497175
 497025
 496923
 496639
 496559
 496416
 496187
 496143
 496093
 495934
 495703
 495637
 495432
 495312
 495260
 495085
 494420
 494335
 494081
 493908
 493253
 493152
 492908
 492812
 492442
 492082
 492071
 491784
 491541
 491439
 491062
 491040
 491014
 490909
 490510
 490031
 489822
 489785
 489616
 489431
 489167
 489012
 487999
 487943
 487698
 487609
 487471
 486975
 486822
 486805
 486646
 486038
 485659
 485354
 485162
 484848
 484742
 484676
 484114
 483990
 483648
 483478
 483268
 482922
 482689
 482526
 482200
 482145
 481748
 481581
 481526
 481457
 481326
 481205
 481074
 481052
 480714
 480344
 479947
 479795
 479562
 479452
 479085
 478723
 478631
 478401
 478345
 478032
 477987
 477948
 477513
 477448
 477373
 477252
 477093
 476990
 476834
 476737
 476376
 476244
 475815
 475356
 475129
 474976
 474697
 474310
 474245
 474078
 474067
 473382
 473102
 473030
 472941
 472902
 472819
 472718
 472552
 472481
 472159
 471931
 471677
 471476
 471388
 471304
 470893
 470648
 470588
 470318
 470173
 469839
 469518
 469357
 469222
 469049
 468779
 468590
 468432
 468271
 468078
 467916
 467532
 467299
 467165
 466739
 466378
 466345
 466007
 465799
 465670
 465625
 465307
 465132
 464967
 464555
 464003
 463747
 463546
 463414
 463328
 463109
 462617
 462399
 462346
 462063
 461968
 461739
 461432
 461294
 460994
 460949
 460902
 460716
 460326
 460046
 460029
 459770
 459627
 459459
 459341
 459193
 458824
 458490
 458225
 458201
 457971
 457900
 457815
 457634
 457417
 457294
 457223
 456555
 456510
 456414
 456360
 456298
 455774
 455539
 455451
 455328
 454827
 454692
 454444
 454313
 454241
 454142
 453832
 453470
 453316
 453288
 453004
 452649
 452488
 452269
 452134
 452051
 451683
 451571
 451401
 451152
 451023
 450887
 450867
 450610
 450336
 450172
 450030
 449876
 449388
 449319
 449255
 449189
 448974
 448704
 448344
 448085
 447949
 447660
 447480
 447445
 447352
 447233
 447035
 446540
 446376
 446347
 446197
 445943
 445871
 445490
 445148
 445118
 445009
 444652
 444118
 443592
 443447
 443396
 443231
 443160
 442982
 442892
 442725
 442509
 441928
 441713
 441630
 441444
 441339
 441113
 440584
 440281
 440041
 439982
 439886
 439834
 439560
 439122
 439001
 438855
 438735
 438492
 438202
 437768
 437451
 437168
 436526
 436299
 436134
 436065
 435897
 435607
 435557
 435258
 435206
 435114
 434825
 434725
 434504
 434418
 434315
 434001
 433962
 433734
 433644
 433482
 433255
 433218
 433088
 432596
 432416
 432375
 432290
 432210
 432074
 431850
 431706
 431348
 430982
 430939
 430682
 430345
 430013
 429565
 429463
 429402
 429310
 428618
 428298
 428266
 428137
 427843
 427664
 427648
 427559
 427104
 426917
 426853
 426616
 426530
 426475
 426373
 426292
 426272
 426122
 425958
 424760
 424581
 424498
 424369
 424227
 424042
 423786
 423685
 423499
 423180
 422752
 422608
 422515
 422465
 422280
 422238
 422048
 421683
 421441
 421319
 421201
 420970
 420830
 420632
 420526
 420468
 420295
 420260
 420049
 419903
 419753
 419613
 419354
 419281
 419074
 418611
 418498
 418238
 418136
 418065
 417910
 417796
 417336
 417198
 416925
 416808
 416380
 416243
 415929
 415871
 415714
 415384
 415194
 414505
 414309
 413997
 413870
 413816
 413740
 413488
 413127
 412722
 412316
 412286
 412114
 412063
 411993
 411747
 411575
 411541
 411501
 411239
 411161
 410974
 410776
 410625
 410461
 410242
 410109
 409724
 409351
 408920
 408729
 408322
 407701
 407385
 407357
 407307
 407142
 406993
 406650
 406556
 406381
 405596
 405427
 404985
 404685
 404380
 404193
 403930
 403846
 403648
 403638
 403280
 403063
 402995
 402836
 402579
 402361
 402139
 402005
 401676
 401554
 401501
 401369
 400989
 400624
 400281
 400074
 400000
 399765
 399604
 399135
 399039
 398971
 398724
 398366
 398230
 397663
 397455
 397387
 397251
 397163
 396769
 396618
 396581
 396513
 396500
 396075
 395714
 395480
 395450
 395350
 395074
 394959
 394786
 394648
 394527
 394245
 394186
 393986
 393939
 393846
 393822
 393782
 393696
 393662
 393586
 393515
 393485
 393367
 393277
 393166
 392900
 392705
 392520
 392356
 392145
 391901
 391682
 391327
 391304
 391120
 391082
 390953
 390742
 390489
 390408
 390291
 390233
 390135
 389953
 389596
 389404
 389261
 388878
 388777
 388632
 388296
 388086
 387581
 387456
 387188
 387149
 387007
 386720
 386646
 386556
 386492
 386019
 385838
 385631
 385542
 385365
 385015
 384930
 384670
 384457
 384148
 383702
 383403
 383342
 383208
 383024
 382709
 382564
 382467
 382291
 381994
 381944
 381866
 381518
 381443
 381296
 381107
 380917
 380786
 380764
 380721
 380455
 380399
 379918
 379834
 379699
 379535
 379421
 379307
 379100
 379063
 378576
 378501
 378281
 378162
 378076
 377690
 377451
 377064
 376975
 376801
 376678
 376436
 376314
 376286
 375822
 375657
 375503
 375266
 375110
 375086
 374723
 374553
 374324
 374076
 373872
 373626
 373346
 372988
 372881
 372640
 372335
 371396
 371237
 371118
 370858
 370773
 370685
 370516
 370333
 370259
 370217
 370172
 370103
 370052
 369819
 369694
 369669
 369230
 368258
 368042
 367542
 367317
 366934
 366906
 366850
 366725
 366646
 366584
 366285
 366071
 365955
 365513
 365126
 364665
 364250
 363744
 363664
 363579
 363401
 363179
 362401
 362170
 362033
 361956
 361735
 361623
 361523
 361129
 360848
 360770
 360537
 360360
 359991
 359738
 359095
 358892
 358769
 358559
 358534
 358260
 358226
 358034
 357894
 357815
 357384
 357309
 357152
 357014
 356859
 356702
 356597
 356283
 356083
 355879
 355813
 355660
 355354
 354982
 354760
 354543
 354443
 354330
 354160
 353939
 353705
 353525
 353413
 353223
 353137
 353067
 352847
 352662
 352634
 352544
 352373
 352116
 351718
 351540
 351336
 351159
 351062
 350807
 350648
 350580
 350061
 349983
 349831
 349627
 349442
 349385
 349206
 349005
 348703
 348441
 348188
 348069
 347580
 347381
 347323
 347239
 347110
 347018
 346972
 346817
 346778
 346218
 345971
 345865
 345562
 345450
 345391
 345305
 344352
 344282
 344231
 344114
 344006
 343890
 343615
 343434
 343386
 343276
 343005
 342783
 342762
 342182
 342131
 342047
 341574
 341047
 340879
 340510
 340383
 340302
 340199
 340037
 339728
 339658
 339549
 339449
 339109
 338951
 338819
 338488
 338306
 337975
 337791
 337732
 337495
 337287
 337147
 337070
 337005
 336615
 336500
 336462
 336379
 336268
 335863
 335794
 335767
 335669
 335432
 335295
 335203
 334958
 334888
 334406
 334149
 334045
 333862
 333834
 333680
 333630
 333366
 333277
 333188
 332970
 332801
 332530
 332442
 331658
 331545
 331401
 331237
 330990
 330808
 330724
 330618
 330549
 330133
 329981
 329493
 329357
 329000
 328664
 328627
 328477
 328188
 328046
 327680
 327510
 327254
 327028
 326768
 326728
 326611
 326235
 326060
 325869
 325727
 325639
 325389
 325191
 325115
 324999
 324794
 324538
 324446
 324377
 324305
 324132
 323922
 323497
 323345
 323108
 323048
 322692
 322448
 322327
 322148
 321993
 321733
 321506
 320794
 320552
 320302
 320229
 320190
 320025
 319865
 319740
 319587
 319378
 319343
 319107
 318939
 318897
 318741
 318339
 318016
 317793
 317653
 317491
 317286
 317250
 317068
 316888
 316783
 316653
 316597
 316333
 316306
 316039
 315913
 315747
 315434
 315078
 314710
 314485
 314285
 314221
 314156
 313953
 313877
 313559
 313458
 313254
 313078
 312820
 312432
 312225
 311692
 311252
 311043
 310703
 310638
 310344
 310167
 310035
 309967
 309882
 309698
 309532
 309070
 308904
 308728
 308568
 308533
 308505
 308302
 308016
 307502
 307237
 307107
 307008
 306902
 306497
 306460
 306280
 306190
 306098
 306044
 306028
 305940
 305826
 305637
 305623
 305534
 305180
 304932
 304685
 304570
 304437
 304128
 304022
 303869
 303457
 303443
 303411
 303402
 302965
 302786
 302653
 302517
 302294
 302193
 302047
 301719
 301269
 300869
 300798
 300676
 300619
 300117
 300059
 299921
 299427
 298830
 298777
 298651
 298405
 298369
 298238
 297768
 297488
 297297
 296943
 296864
 296824
 296815
 296625
 296450
 296395
 296222
 296110
 296046
 295912
 295683
 295469
 295308
 295003
 294887
 294807
 294605
 294548
 294403
 294117
 293847
 293408
 293089
 293035
 292646
 292553
 292328
 292261
 292113
 291907
 291702
 291183
 291113
 290976
 290615
 290099
 289841
 289637
 289308
 289249
 288898
 288694
 288360
 288194
 287935
 287792
 287619
 287503
 287217
 287094
 286974
 286741
 286657
 286428
 286141
 285829
 285689
 285319
 285172
 285061
 284966
 284489
 284404
 284232
 284086
 283915
 283721
 283185
 283163
 282980
 282725
 282257
 282162
 282109
 282030
 281838
 281492
 281306
 281045
 280936
 280800
 280722
 280653
 280399
 280149
 279922
 279732
 279557
 279329
 278884
 278791
 278736
 278659
 278601
 278517
 278230
 278042
 277702
 277434
 277329
 277237
 277134
 277040
 276877
 276785
 276421
 276328
 276187
 276146
 275999
 275507
 275365
 275282
 274809
 274671
 274608
 274531
 274454
 274437
 273949
 273880
 273721
 273553
 273463
 273288
 273075
 272619
 272611
 272190
 271882
 271805
 271626
 271523
 271340
 271009
 270783
 270742
 270576
 270454
 270401
 270292
 269878
 269766
 269469
 269262
 268656
 268491
 268217
 268063
 267971
 267756
 267448
 267274
 266916
 266874
 266666
 266268
 265993
 265917
 265729
 265444
 265010
 264730
 264605
 264228
 264112
 263468
 263157
 263075
 262910
 262774
 262691
 262545
 262491
 261979
 261924
 261425
 261270
 261145
 260781
 260665
 260188
 260032
 259693
 259555
 259343
 259040
 258930
 258614
 258383
 258153
 258070
 258021
 257921
 257827
 257765
 257386
 257208
 256733
 256231
 256136
 256000
 255813
 255594
 255290
 255043
 254980
 254901
 254743
 254430
 254050
 253752
 253650
 253556
 253390
 252707
 252700
 252650
 251974
 251845
 251759
 251292
 251093
 250925
 250596
 250214
 250129
 249861
 249455
 249098
 249061
 248938
 248679
 248381
 248074
 247889
 247693
 247590
 247374
 247322
 247098
 246796
 246694
 246507
 246461
 246359
 246345
 245991
 245895
 245805
 245372
 245283
 244834
 244682
 244361
 244244
 244073
 243495
 243022
 242808
 242369
 241770
 241667
 241260
 241126
 241080
 240707
 240642
 240098
 239896
 239819
 239529
 239215
 238995
 238805
 238723
 238495
 238095
 238031
 237649
 237529
 237056
 236491
 236421
 236341
 236272
 236205
 236072
 235737
 235528
 235493
 235410
 235327
 234660
 234449
 234268
 233806
 233599
 233391
 233264
 232889
 232502
 232181
 232120
 232042
 231847
 231775
 231617
 231456
 231291
 231279
 230891
 230870
 230762
 230626
 230477
 230309
 230215
 229851
 229347
 229261
 229012
 228861
 228446
 228160
 228046
 227988
 227867
 227769
 227527
 227387
 227272
 227028
 226993
 226425
 226321
 226115
 225819
 225606
 225563
 225432
 225392
 225328
 224813
 224685
 224572
 224437
 224335
 224111
 224077
 223873
 223796
 223695
 223531
 223367
 223031
 222824
 222707
 222458
 222222
 221878
 221740
 221584
 221327
 221254
 221203
 220794
 220660
 220560
 219765
 219446
 219379
 218901
 218680
 218577
 218181
 217936
 217776
 217651
 217425
 217355
 217268
 217105
 217073
 217028
 216649
 216381
 216185
 216174
 216156
 215674
 215414
 215380
 215125
 214841
 214736
 214590
 214076
 212985
 212915
 212828
 212449
 212220
 212204
 211760
 211501
 211296
 211157
 210596
 210420
 210073
 210036
 209813
 209685
 209486
 209385
 209356
 209289
 209141
 209090
 208673
 208342
 208179
 207647
 207256
 207129
 206896
 206744
 206451
 206086
 205559
 205457
 205366
 205299
 205095
 205043
 204914
 204801
 204433
 204288
 204230
 204104
 203951
 203621
 203569
 203512
 203389
 203371
 203278
 203095
 202918
 202854
 202506
 202387
 202305
 202236
 202140
 202065
 202006
 201672
 201614
 201265
 201170
 201117
 200746
 200427
 200087
 200000
 199716
 199601
 199428
 199029
 198725
 198409
 198074
 197907
 197860
 197694
 197389
 197309
 196999
 196923
 196492
 196375
 196078
 195781
 195600
 195484
 195161
 194847
 194627
 194536
 194490
 194385
 194244
 194115
 193956
 193644
 193387
 193301
 193194
 193034
 193013
 192878
 192583
 192479
 192389
 192107
 191811
 191756
 191568
 191431
 191359
 191166
 190894
 190839
 190732
 190601
 190546
 190218
 190057
 189834
 189751
 189207
 189015
 188699
 188511
 188275
 188137
 187923
 187680
 187614
 186917
 186602
 186447
 186214
 186093
 186023
 185799
 185567
 185483
 185185
 185013
 184760
 184448
 184412
 184117
 183788
 183597
 183535
 183410
 183074
 182868
 182787
 182243
 182062
 182021
 181681
 181428
 181261
 181220
 180960
 180749
 180520
 180236
 180132
 180095
 179809
 179586
 179285
 179149
 179104
 178926
 178840
 178636
 178273
 178070
 177607
 177539
 177234
 177228
 177029
 176922
 176718
 176609
 175937
 175824
 175638
 175448
 175261
 175204
 174567
 174407
 174258
 174134
 173913
 173705
 173355
 172879
 172850
 172341
 172289
 172120
 171855
 171702
 171575
 171470
 171115
 171073
 170931
 170731
 170371
 170092
 169905
 169857
 169699
 169417
 168834
 168589
 168369
 168116
 167916
 167880
 167736
 167676
 167358
 167239
 167073
 166982
 166622
 166572
 166357
 166288
 166003
 165792
 165519
 165394
 165154
 164922
 164743
 164563
 164546
 164496
 164412
 164380
 164245
 164211
 163831
 163736
 163672
 163620
 163335
 163269
 163133
 163004
 162952
 162656
 162175
 162008
 161588
 161476
 161215
 161107
 160906
 160851
 160756
 160531
 160215
 160148
 160014
 159800
 159730
 159569
 159455
 159365
 159191
 159036
 158841
 158705
 158531
 158216
 158091
 157907
 157857
 157758
 157590
 157575
 157358
 157178
 156886
 156816
 156696
 156381
 156228
 155763
 155706
 155578
 155374
 154946
 154900
 154773
 154457
 154336
 153846
 153653
 153643
 153518
 153295
 152959
 152850
 152773
 152689
 152493
 152199
 151890
 151805
 151688
 151604
 151397
 151098
 150989
 150837
 150743
 150642
 150415
 150317
 149690
 149599
 149584
 149560
 149171
 148710
 148587
 148387
 148308
 148188
 147823
 147702
 147521
 147503
 147309
 147214
 146961
 146788
 146692
 146648
 146534
 146226
 146126
 146063
 145997
 145745
 145686
 145519
 145261
 144941
 144888
 144596
 144584
 144318
 144238
 144129
 144000
 143956
 143807
 143702
 143613
 143374
 143222
 143012
 142857
 142827
 142690
 142540
 142195
 142148
 141935
 141756
 141564
 141335
 141086
 141078
 140845
 140663
 140517
 140373
 139766
 139638
 139537
 139373
 139193
 138949
 138537
 138503
 138424
 138239
 138174
 137774
 137534
 137401
 137261
 137024
 136904
 136731
 136612
 136574
 136484
 136423
 136073
 136029
 135957
 135709
 135629
 135615
 135304
 135156
 134928
 134717
 134439
 134083
 134061
 133866
 133460
 133312
 132855
 132673
 132509
 132199
 132131
 131845
 131635
 131212
 131055
 130965
 130666
 130629
 130525
 130358
 130278
 130069
 129818
 129684
 129652
 129575
 128996
 128903
 128599
 128366
 128151
 128038
 127613
 127481
 127209
 127176
 127132
 126955
 126608
 125950
 125703
 125263
 124959
 124935
 124533
 124256
 124142
 124044
 123670
 123609
 123390
 123281
 123196
 122772
 122699
 122212
 121938
 121880
 121495
 121373
 120979
 120700
 120637
 120611
 120351
 119999
 119708
 119568
 119144
 118977
 118890
 118811
 118691
 118212
 118198
 117868
 117396
 117306
 117169
 117031
 117019
 116417
 116172
 115971
 115773
 115489
 115279
 114895
 114771
 114666
 114436
 114402
 114274
 114068
 113968
 113821
 113793
 113633
 113343
 113132
 113035
 112958
 112804
 112356
 112181
 111996
 111801
 111695
 111579
 111278
 111187
 111100
 110876
 110724
 110254
 109998
 109890
 109589
 109242
 109117
 109035
 108607
 108447
 108268
 108114
 107910
 107843
 107652
 107510
 107418
 107179
 107059
 106666
 106434
 106388
 106258
 105976
 105742
 105470
 105414
 105367
 105162
 105067
 104836
 104823
 104690
 104243
 103901
 103797
 103706
 103474
 103448
 103290
 103187
 102695
 102574
 102408
 102235
 101819
 101672
 101476
 101364
 101209
 101119
 100802
 100291
 100126
 99943
 99612
 99415
 99210
 98889
 98493
 98316
 98041
 97913
 97846
 97768
 97617
 97449
 97116
 97004
 96925
 96640
 96526
 96421
 96058
 95836
 95717
 95659
 95522
 95313
 95194
 95085
 94908
 94747
 94669
 94647
 94588
 94311
 94249
 94233
 94130
 94004
 93852
 93738
 93596
 93378
 93126
 92469
 92356
 92284
 92107
 91710
 91568
 91474
 91290
 91247
 90760
 90539
 90267
 90216
 89788
 89664
 89593
 89198
 89089
 88949
 88754
 88654
 88389
 88157
 88081
 87682
 87608
 87542
 87357
 87240
 86956
 86911
 86655
 86203
 86023
 85905
 85617
 85225
 85032
 84680
 84519
 84196
 84066
 83795
 83178
 82815
 82429
 82202
 82141
 81765
 81682
 81531
 81505
 81324
 80947
 80827
 80795
 80442
 80250
 80026
 79832
 79568
 79365
 79193
 79115
 78853
 78737
 78162
 77986
 77882
 77800
 77405
 77268
 77139
 76735
 76463
 76393
 76069
 75920
 75844
 75736
 75650
 75115
 75027
 74736
 74471
 74146
 73961
 73682
 73565
 73490
 73479
 73186
 73121
 73035
 72922
 72845
 72770
 72286
 72168
 72026
 71875
 71776
 71623
 70846
 70619
 70321
 70187
 69527
 69364
 68972
 68698
 68662
 68529
 67944
 67872
 67385
 67322
 67229
 67110
 67001
 66783
 66293
 66115
 65958
 65573
 65105
 64963
 64873
 64722
 64516
 64475
 64228
 64192
 64108
 63829
 63675
 63245
 62996
 62900
 62715
 62617
 62128
 61818
 61555
 61507
 61368
 61065
 60979
 60800
 60793
 60549
 60254
 60229
 59851
 59568
 59539
 59238
 58897
 58691
 58472
 58073
 57662
 57511
 57141
 57071
 57012
 56649
 56312
 56032
 55994
 55871
 55555
 55235
 55131
 54743
 54711
 54460
 54144
 53995
 53817
 53330
 53075
 53021
 53001
 52887
 52611
 52401
 52104
 52040
 51825
 51782
 51694
 51416
 51346
 51269
 50955
 50847
 50818
 50680
 50632
 50315
 50145
 49959
 49859
 49710
 49592
 49031
 48860
 48716
 48319
 48227
 48130
 48096
 47822
 47593
 47407
 47277
 46986
 46745
 46704
 46530
 46470
 46067
 45977
 45779
 45521
 45386
 44874
 44686
 44622
 44391
 44136
 43531
 43487
 42589
 42538
 42325
 42048
 41993
 41865
 41817
 41362
 41270
 41237
 40883
 40695
 40498
 40295
 40042
 39936
 39701
 39603
 39283
 39133
 39018
 39000
 38774
 38171
 38060
 37597
 37529
 37427
 37410
 37301
 36883
 36581
 36408
 36024
 35847
 35364
 34892
 34646
 34621
 34369
 34223
 34122
 33367
 33017
 32886
 32727
 31917
 31498
 31354
 31064
 30535
 30234
 30148
 29937
 29804
 29589
 29496
 29121
 29105
 28953
 28541
 28373
 28226
 28187
 28072
 27865
 27702
 27600
 27387
 27185
 27101
 26527
 26477
 26221
 26168
 25995
 25779
 25538
 25377
 25123
 24828
 24772
 24552
 24356
 23997
 23652
 23475
 23375
 23249
 23076
 22897
 22751
 22283
 22153
 21988
 21929
 21890
 21791
 21555
 21384
 21281
 21156
 20987
 20849
 20692
 19975
 19650
 19528
 19375
 19211
 19148
 18779
 18348
 18264
 18143
 17978
 17697
 17450
 17324
 17028
 16917
 16224
 16118
 15918
 15782
 15374
 15018
 14745
 14578
 14510
 14250
 14151
 13811
 13588
 13074
 12741
 12712
 12597
 12552
 12164
 12016
 11764
 11712
 11599
 11389
 11364
 11225
 11009
 10624
 10353
 10204
 10007
 9934
 9401
 9226
 9016
 8859
 8504
 8163
 8112
 7855
 7767
 7696
 7585
 7480
 7403
 6870
 6593
 6382
 6215
 6106
 5858
 5789
 5681
 5522
 5350
 4923
 4690
 4571
 4520
 4499
 4400
 4331
 4044
 3981
 3866
 3344
 3290
 3156
 2898
 2642
 2501
 2472
 2263
 2117
 2027
 1743
 1613
 1349
 1230
 983
 858
 699
 506
 378
 189
 0
 