999581
 999468
 999058
 998872
 998694
 998393
 998146
 997866
 997459
 997419
 997292
 997071
 996857
 996655
 996587
 996490
 996326
 996247
 996191
 995976
 995924
 995689
 995620
 995525
 995291
 994978
 994908
 994744
 994619
 994157
 994002
 993912
 993865
 993569
 992729
 992490
 992287
 992238
 991600
 991521
 991252
 991230
 990914
 990607
 990241
 990091
 989726
 989485
 989467
 989409
 989200
 988878
 988602
 988197
 988066
 987878
 987848
 987710
 987546
 987266
 987161
 986743
 986484
 986052
 985836
 985722
 985298
 985210
 985166
 985010
 984647
 984048
 983713
 983606
 983517
 983277
 983120
 982969
 982703
 982663
 982203
 981547
 981024
 980899
 980841
 980694
 980581
 980451
 980276
 980175
 980021
 979923
 979828
 979771
 979423
 979245
 979165
 979030
 978937
 978578
 978481
 978341
 978040
 977855
 977676
 977576
 977216
 976943
 976793
 976216
 975984
 975892
 975803
 975725
 975587
 975353
 975298
 975116
 974931
 974757
 974661
 974453
 974217
 974107
 973987
 973893
 973810
 973594
 973281
 973114
 972684
 972337
 972216
 972167
 971706
 971489
 971382
 971282
 971085
 971029
 970908
 970358
 970205
 970020
 969898
 969757
 969587
 969453
 969360
 968853
 968775
 968655
 968366
 967800
 967686
 967420
 967326
 967269
 967162
 966881
 966390
 966097
 965956
 965848
 965732
 965609
 965409
 965380
 965218
 965084
 964811
 964671
 964573
 964459
 964181
 964082
 963904
 963859
 963590
 963264
 962931
 962770
 962492
 962336
 962173
 962127
 961814
 961706
 961576
 961311
 961056
 960993
 960899
 960688
 960579
 960108
 959654
 959551
 959324
 958846
 958742
 958706
 958575
 958538
 958110
 957917
 957746
 957615
 957488
 957007
 956842
 956628
 956457
 956194
 956053
 955902
 955555
 955499
 955307
 955110
 955056
 954937
 954658
 954274
 954260
 954115
 953897
 953651
 953488
 953406
 953345
 952993
 952843
 952710
 952338
 951983
 951740
 951456
 950927
 950646
 950495
 950452
 950359
 950234
 950172
 950114
 949932
 949723
 949576
 949329
 949274
 949244
 948891
 948570
 948551
 948433
 948023
 947842
 947775
 947492
 947411
 947334
 946985
 946937
 946866
 946704
 946526
 946229
 945911
 945702
 945478
 945071
 944929
 944869
 944825
 944717
 944122
 943922
 943897
 943802
 943647
 943579
 943565
 943130
 942968
 942791
 942587
 942571
 942387
 942295
 942150
 942082
 941958
 941858
 941631
 941176
 940907
 940705
 940520
 940229
 939803
 939660
 939543
 939362
 939309
 939141
 938598
 938271
 938029
 937629
 937467
 937395
 937005
 936848
 936488
 936389
 936068
 935793
 935663
 935579
 935565
 935361
 935237
 934635
 934131
 933700
 933618
 933412
 933271
 933228
 932825
 932414
 932207
 932023
 931734
 931362
 931170
 930749
 930727
 930503
 930377
 930000
 929857
 929640
 929437
 929203
 928973
 928902
 928784
 928688
 928630
 928571
 928334
 928179
 928094
 927851
 927391
 927275
 927212
 926760
 926391
 925755
 925529
 925482
 925004
 924670
 924452
 924393
 924387
 924262
 924224
 923965
 923749
 923584
 923225
 922655
 922626
 922574
 922006
 921936
 921731
 921051
 921002
 920984
 920839
 920799
 920558
 920404
 920314
 920305
 920146
 919787
 919726
 919460
 919330
 919193
 918958
 918804
 918712
 918493
 918367
 918308
 917614
 917520
 917355
 917030
 916705
 916579
 916483
 916039
 915840
 915666
 915380
 915298
 915027
 914985
 914570
 914502
 914220
 914198
 914110
 913973
 913849
 913689
 913486
 912840
 912593
 912356
 912171
 912087
 911892
 911754
 911631
 911510
 911401
 911208
 910911
 910779
 910588
 910195
 909985
 909914
 909753
 909567
 909447
 909103
 908712
 908326
 908146
 907876
 907216
 907102
 906890
 906746
 906516
 906422
 906389
 906211
 905900
 905654
 905467
 905290
 905202
 904679
 904329
 904226
 904039
 903654
 903604
 903372
 903219
 902858
 902787
 902592
 902322
 902218
 902078
 901797
 901723
 901513
 900968
 900667
 900473
 900305
 900259
 900189
 899796
 899766
 899602
 899401
 899030
 898928
 898705
 898640
 898480
 898401
 898382
 898147
 898079
 897914
 897874
 897360
 897245
 896956
 896662
 896633
 896518
 896233
 896190
 895439
 895279
 894977
 894755
 894552
 894361
 894060
 894031
 893210
 893116
 893000
 892877
 892818
 892711
 892471
 892347
 892090
 891855
 891511
 891425
 891361
 891243
 891038
 890907
 890894
 890547
 890519
 890331
 890173
 890040
 889952
 889841
 889669
 889551
 889491
 889354
 889269
 889203
 889108
 889066
 888955
 888924
 888856
 888506
 888359
 888330
 888176
 888087
 887872
 887503
 887441
 887278
 887167
 886866
 886724
 886440
 885972
 885759
 885680
 885263
 884990
 884626
 884540
 884196
 883878
 883731
 883478
 883220
 883155
 883072
 882882
 882754
 882680
 882386
 882104
 881569
 881344
 881202
 881069
 880733
 880434
 880289
 880259
 880138
 879905
 879630
 879423
 878988
 878936
 878694
 878392
 878204
 878104
 878048
 877816
 877615
 877415
 877207
 877143
 877126
 876749
 876712
 876632
 876456
 876124
 876099
 875912
 875648
 875271
 875231
 874986
 874800
 874502
 874211
 873441
 873107
 872985
 872769
 872531
 872309
 872062
 871734
 871547
 871007
 870813
 870785
 870515
 870247
 870177
 870088
 869767
 869606
 869333
 869267
 869080
 868746
 868273
 868173
 868049
 867731
 867592
 867132
 866892
 866865
 866773
 866725
 866561
 866180
 866135
 866038
 865912
 865586
 865384
 865306
 865259
 865188
 864887
 864605
 864540
 864215
 863902
 863511
 863214
 863015
 862677
 862522
 862444
 862096
 861744
 861714
 861491
 861340
 861062
 860947
 860485
 860220
 860206
 860122
 859971
 859816
 859574
 859369
 859114
 858721
 858550
 858423
 858085
 857980
 857538
 857404
 857142
 857008
 856927
 856750
 856528
 856435
 856260
 855865
 855640
 855342
 855120
 854670
 854396
 854320
 854120
 854084
 853770
 853595
 853204
 853111
 852938
 852592
 852268
 852205
 851822
 851711
 851675
 851545
 851429
 851254
 850954
 850890
 850591
 850434
 850292
 850244
 850206
 850107
 850099
 850085
 849848
 849785
 849558
 849290
 849034
 848960
 848737
 848579
 848537
 848238
 847574
 847522
 847494
 847409
 847139
 846900
 846624
 846265
 846124
 845814
 845622
 845504
 845070
 845043
 844989
 844848
 844742
 844479
 844381
 844347
 844116
 843723
 843519
 843404
 843274
 843020
 842657
 842582
 842333
 842196
 841980
 841621
 841495
 841420
 841362
 841285
 841180
 841094
 841041
 840386
 840354
 840105
 839788
 839733
 839519
 839452
 839420
 839289
 838926
 838595
 838515
 838373
 838000
 837732
 837495
 836740
 836380
 836146
 835895
 835727
 835538
 835273
 835225
 834992
 834908
 834868
 834575
 834501
 834308
 834229
 834105
 834073
 833893
 833743
 833527
 833449
 833427
 833019
 832717
 832535
 832088
 831686
 831603
 830981
 830640
 830428
 830306
 830070
 829927
 829847
 829690
 829657
 829235
 828998
 828649
 828393
 828286
 828117
 827827
 827783
 827702
 827582
 827536
 827321
 827175
 826923
 826489
 826051
 825935
 825726
 825635
 825460
 825318
 825106
 824896
 824858
 824764
 824761
 824698
 824606
 824452
 824352
 824182
 824116
 823787
 823504
 823437
 823232
 823025
 822826
 822702
 822318
 822178
 821471
 821192
 821101
 820935
 820861
 820616
 820490
 820189
 819876
 819730
 819698
 819583
 819522
 819189
 818922
 818840
 818806
 818423
 818181
 818047
 817959
 817831
 817793
 817683
 817524
 817476
 817245
 816947
 816739
 816535
 816207
 816018
 815874
 815789
 815620
 815485
 814999
 814704
 814304
 813948
 813752
 813607
 813420
 813273
 812725
 812462
 812278
 812027
 811504
 811343
 811207
 811023
 810665
 810593
 810257
 810032
 809927
 809774
 809732
 809562
 809414
 809357
 809187
 809109
 808828
 808619
 808481
 808274
 808083
 807692
 807583
 807468
 807183
 806860
 806661
 806426
 806158
 806044
 805781
 805707
 805107
 804960
 804865
 804646
 804560
 804501
 804264
 803918
 803624
 803368
 803127
 802840
 802729
 802025
 802013
 801950
 801841
 801801
 801702
 801589
 801567
 801358
 801207
 800729
 800419
 800298
 800176
 800000
 799823
 799383
 799234
 799156
 798969
 798844
 798826
 798634
 798449
 798276
 798245
 798135
 797979
 797937
 797806
 797637
 797481
 797039
 796823
 796793
 796728
 796207
 796002
 795730
 795643
 795289
 794963
 794808
 794691
 794128
 794079
 794034
 793823
 793660
 793591
 793482
 793390
 793215
 793103
 792982
 792863
 792828
 792754
 792645
 792462
 792364
 792342
 792114
 791911
 791729
 791480
 791082
 790856
 790455
 790332
 790077
 789869
 789605
 789487
 789442
 789242
 789167
 788513
 788173
 787908
 787903
 787751
 787513
 787456
 787306
 787084
 786829
 786802
 786719
 786593
 786321
 786244
 786096
 785360
 784892
 784440
 784303
 784050
 783512
 783132
 782769
 782531
 782426
 782331
 782067
 781808
 781779
 780872
 780638
 780480
 780319
 780219
 780114
 780030
 779964
 779625
 779487
 778962
 778790
 778487
 778446
 778341
 778305
 778166
 778056
 777777
 777491
 777343
 777306
 777283
 777156
 777044
 776712
 776545
 776214
 776051
 775986
 775886
 775565
 775504
 775119
 775025
 774793
 774534
 774466
 774246
 774168
 773881
 773592
 773182
 773167
 773085
 773013
 772729
 772631
 772491
 772367
 772324
 772227
 771974
 771767
 771555
 771380
 771240
 771039
 770866
 770732
 770533
 770454
 770253
 770114
 769893
 769453
 769377
 769230
 769161
 768859
 768626
 768434
 767997
 767824
 767426
 767241
 766944
 766781
 766691
 766550
 766013
 765651
 765256
 765063
 764841
 764608
 764283
 763886
 763623
 763090
 763028
 762795
 762581
 762520
 762458
 762057
 761989
 761849
 761552
 761061
 760805
 760660
 760613
 760592
 760534
 760402
 760229
 760000
 759963
 759644
 759348
 759282
 759107
 759019
 758914
 758850
 758476
 758104
 757849
 757746
 757516
 756841
 756756
 756613
 756571
 756446
 756410
 756281
 756119
 755922
 755909
 755843
 755689
 755555
 755444
 755189
 754857
 754518
 754363
 754222
 753586
 753351
 752752
 752711
 752544
 752422
 752310
 751976
 751706
 751662
 751348
 751156
 751074
 750993
 750785
 750000
 749700
 749563
 749397
 749272
 749241
 749034
 748722
 748414
 748212
 748120
 747745
 747528
 747318
 747220
 747100
 746947
 746904
 746812
 746164
 746103
 745751
 745491
 745306
 745137
 745005
 744790
 744680
 744680
 744583
 744496
 744480
 744456
 744393
 744014
 743856
 743655
 743223
 743096
 742796
 742698
 742179
 742101
 741670
 741522
 741341
 741292
 741218
 741187
 741075
 740740
 740626
 740074
 739599
 738943
 738725
 738294
 737886
 737757
 737695
 737328
 737190
 736955
 736817
 736663
 736225
 736130
 735812
 735752
 735722
 735445
 734810
 734693
 734628
 734456
 734375
 734175
 734080
 733933
 733752
 733672
 733395
 733293
 733235
 733006
 732621
 732542
 732492
 732433
 732411
 732075
 731729
 731594
 731277
 731201
 731137
 731045
 730775
 730475
 730263
 730223
 730107
 730069
 729688
 729573
 729536
 729325
 728804
 728759
 728365
 728037
 727615
 727408
 727272
 726892
 726708
 726478
 726124
 725878
 725690
 725570
 725351
 725077
 724797
 724717
 724352
 724308
 724246
 724022
 724005
 723929
 723642
 722742
 722393
 722350
 722216
 722081
 721915
 721585
 721439
 721311
 721006
 720917
 720615
 720482
 720324
 719889
 719853
 719569
 718938
 718917
 718726
 718612
 718418
 718111
 717968
 717823
 717711
 717642
 716615
 716391
 716230
 715987
 715648
 715422
 715386
 715355
 715060
 714789
 714413
 714285
 714189
 714042
 713855
 713778
 713504
 713252
 713091
 712923
 712911
 712662
 712485
 712336
 711959
 711864
 711798
 711707
 711613
 711492
 711412
 711214
 711046
 710920
 710701
 710643
 710474
 710308
 709843
 709536
 709273
 708829
 708641
 708487
 708203
 708043
 708029
 707982
 707889
 707684
 707579
 707019
 706885
 706749
 706425
 706080
 705882
 705722
 705601
 705280
 704988
 704943
 704834
 704797
 704743
 704660
 704493
 704295
 703933
 703794
 703610
 703325
 702959
 702198
 702064
 702019
 701879
 701611
 701560
 701456
 701318
 701173
 701136
 701107
 700958
 700434
 700064
 699551
 699242
 698871
 698571
 698127
 698113
 698047
 697851
 697674
 697612
 697331
 697171
 696973
 696892
 696667
 696629
 696569
 696439
 696118
 695964
 695661
 695372
 695201
 695155
 694989
 694785
 694728
 694633
 694620
 694532
 694439
 694381
 694204
 693387
 693297
 692983
 692307
 692152
 692101
 691709
 691634
 691517
 691444
 691344
 691179
 691036
 690884
 690854
 690528
 689979
 689794
 689362
 689058
 688833
 688591
 688114
 688032
 687942
 687639
 687582
 687407
 687262
 687248
 687060
 686726
 686547
 686475
 685870
 685662
 684909
 684782
 684777
 684575
 684477
 684195
 684054
 683908
 683595
 683409
 683168
 683067
 682983
 682926
 682769
 682669
 682527
 682454
 682185
 681599
 681455
 681224
 681128
 680933
 680834
 680803
 680705
 680565
 680345
 680251
 679903
 679724
 679503
 679280
 679172
 678848
 678364
 678129
 677850
 677724
 677579
 677419
 677151
 677007
 676737
 676498
 676341
 676158
 676035
 675984
 675886
 675791
 675640
 675460
 675213
 675067
 674864
 674552
 674357
 674163
 673924
 673713
 673535
 673091
 672910
 672857
 672727
 672616
 672414
 672332
 671989
 671572
 671369
 671272
 670863
 670613
 670444
 670366
 670046
 669862
 669762
 669514
 669376
 669292
 669259
 668465
 668335
 668284
 667884
 667644
 667505
 667354
 667315
 666893
 666666
 666666
 666464
 666216
 665845
 665712
 665271
 665169
 664968
 664909
 664690
 664517
 664069
 663773
 663703
 663608
 663464
 663221
 663157
 662898
 662890
 662759
 662716
 662477
 662287
 662144
 662032
 661736
 661557
 661453
 661350
 661321
 661171
 660929
 660527
 660500
 660390
 660217
 660004
 659911
 659895
 659822
 659699
 659489
 659334
 659210
 659085
 658718
 658367
 658341
 658251
 658095
 658067
 657792
 657546
 657415
 657008
 656964
 656740
 656554
 656340
 655899
 655492
 655338
 654983
 654878
 654408
 654369
 654028
 653665
 653594
 653548
 653293
 653073
 652764
 652655
 652474
 652422
 652268
 652047
 651998
 651853
 651795
 651289
 650911
 650642
 650298
 649917
 649862
 649638
 649387
 649350
 649047
 648513
 648108
 647629
 647476
 647430
 647311
 647201
 647118
 646989
 646701
 646324
 646257
 646026
 645995
 645726
 645412
 645093
 645055
 644689
 644331
 643927
 643718
 643386
 643135
 642517
 642479
 642339
 642172
 642117
 642009
 641434
 641301
 641221
 641032
 640502
 640467
 640341
 640023
 639899
 639835
 639677
 639392
 639330
 639309
 639158
 638989
 638802
 638502
 638432
 637713
 637668
 637551
 637354
 637334
 637247
 637145
 637032
 636944
 636858
 636821
 636740
 636547
 636337
 636131
 636029
 635878
 635756
 635646
 635179
 634996
 634364
 634282
 634155
 633989
 633882
 633608
 633433
 633406
 633225
 633101
 632598
 632367
 632329
 631971
 631765
 631600
 631489
 631286
 631049
 630939
 630853
 630484
 630182
 629640
 629496
 629327
 629244
 629067
 628944
 628734
 628493
 628304
 628140
 628018
 627982
 627789
 627651
 627334
 627257
 627094
 626942
 626794
 626257
 626031
 625838
 625694
 625441
 625213
 624928
 624852
 624557
 624254
 623643
 623573
 623435
 623239
 623047
 622846
 622678
 622569
 622514
 622360
 621805
 621621
 621206
 620937
 620667
 620649
 620590
 620488
 620362
 620222
 620155
 620052
 619762
 619676
 619501
 619478
 619444
 619417
 619377
 619145
 618706
 618581
 618463
 618374
 618201
 617992
 617973
 617838
 617804
 617744
 617627
 617244
 617088
 616983
 616842
 616556
 616369
 615703
 615630
 615400
 615230
 615040
 614773
 614589
 614011
 613646
 613393
 613167
 612903
 612841
 612345
 612129
 611940
 611888
 611764
 611499
 610977
 610678
 610331
 610191
 610032
 609600
 609411
 608979
 608446
 608040
 607944
 607765
 607395
 607347
 607080
 607003
 606523
 606290
 605983
 605886
 605751
 605523
 605473
 605396
 605227
 605180
 604991
 604918
 604804
 604543
 604425
 604385
 604147
 603554
 603421
 603181
 603108
 603053
 602936
 602750
 602607
 602329
 602125
 601838
 601566
 601469
 601437
 601305
 601012
 600918
 600804
 600317
 600191
 599999
 599776
 599723
 599581
 599169
 598748
 598601
 598146
 597933
 597830
 597452
 597206
 596774
 596623
 596491
 595779
 595667
 595596
 595468
 595410
 595257
 594856
 594564
 594278
 594095
 593964
 593719
 593337
 593253
 592933
 592813
 592530
 592362
 592271
 592193
 591848
 591439
 591355
 590977
 590747
 590685
 590518
 590472
 590335
 589864
 589748
 589474
 589283
 588947
 588737
 588620
 588235
 588128
 587766
 587452
 587414
 587274
 587149
 587104
 586768
 586694
 586610
 586521
 586400
 586206
 585878
 585804
 585619
 585580
 585437
 585024
 584882
 584857
 584762
 584629
 584603
 584505
 584436
 584163
 583982
 583821
 583733
 583529
 583344
 583244
 583113
 582861
 582822
 582774
 582621
 582453
 582375
 582264
 581983
 581609
 581552
 581406
 581342
 580897
 580869
 580580
 580487
 580243
 580136
 580060
 579792
 579452
 579013
 578950
 578812
 578713
 578360
 578271
 578250
 577797
 577632
 577557
 577380
 577285
 577109
 576769
 576716
 576104
 575917
 575629
 575321
 574888
 574564
 574478
 574392
 574161
 574065
 573896
 573790
 573708
 573272
 573135
 573100
 572956
 572719
 572598
 572262
 572141
 571948
 571790
 571669
 571428
 571268
 571115
 570981
 570717
 570466
 570234
 570174
 570071
 569719
 569605
 569410
 569263
 568583
 568172
 567821
 567763
 567642
 567567
 567391
 567273
 566958
 566878
 566746
 566657
 566572
 566297
 566121
 566000
 565226
 564960
 564862
 564769
 564687
 564258
 564025
 563999
 563871
 563761
 563443
 563259
 563220
 563020
 562942
 562686
 562598
 562430
 562079
 562003
 561955
 561797
 561719
 561536
 561353
 560931
 560586
 560345
 560229
 560042
 559992
 559653
 559252
 559144
 558981
 558441
 558362
 558303
 558139
 557687
 557344
 557175
 557029
 556701
 556156
 555843
 555276
 555188
 555117
 555005
 554721
 554585
 554264
 554087
 554030
 553997
 553786
 553380
 553199
 552941
 552608
 552511
 552422
 552075
 552032
 551932
 551843
 551454
 551213
 551037
 550671
 550615
 550403
 550286
 550243
 550115
 550000
 549872
 549799
 549631
 549315
 549231
 549105
 549036
 548567
 548418
 548278
 548088
 547807
 547626
 547486
 547394
 547257
 547096
 546969
 546831
 546709
 546600
 546371
 545729
 545572
 545152
 544719
 544638
 544569
 544482
 544421
 543653
 543372
 543281
 543178
 543002
 542966
 542841
 542440
 542234
 541938
 541844
 541795
 541499
 541483
 541299
 541165
 541089
 540740
 540534
 540460
 540119
 539969
 539728
 539522
 539161
 539039
 538657
 538461
 538240
 537927
 537845
 537534
 537365
 537128
 536680
 536604
 536537
 536380
 536139
 536116
 535781
 535571
 535269
 535069
 534837
 534457
 534267
 533906
 533678
 533422
 533402
 533323
 533073
 532923
 532759
 532413
 532148
 532114
 531637
 531523
 531431
 531113
 530981
 530877
 530578
 530340
 530070
 529970
 529763
 529411
 529348
 529270
 529158
 529088
 528894
 528833
 528514
 528284
 528089
 527809
 527598
 527350
 527268
 527166
 526887
 526707
 526643
 526395
 526140
 526106
 525842
 525706
 525370
 525092
 524882
 524649
 524604
 524540
 524444
 524315
 524285
 524024
 523974
 523943
 523717
 523696
 523605
 523431
 523232
 523016
 522423
 522265
 522130
 521978
 521873
 521517
 521183
 521146
 520922
 520657
 520500
 520295
 520102
 519809
 519683
 519598
 519418
 519125
 518987
 518932
 518774
 518711
 518272
 518136
 517952
 517699
 517505
 516747
 516311
 516255
 516133
 515866
 515709
 515550
 515449
 515038
 514898
 514788
 514746
 514619
 514427
 514333
 513798
 513783
 513695
 513554
 513513
 513445
 513275
 513258
 512661
 512341
 512111
 511922
 511824
 511280
 511208
 510839
 510618
 510309
 510288
 510112
 509877
 509596
 509549
 509421
 509370
 509183
 509094
 509028
 508912
 508820
 508540
 508417
 508345
 508052
 507863
 507797
 507743
 507566
 507441
 507189
 506885
 506848
 506740
 506704
 506561
 506542
 506451
 506259
 505742
 505576
 505415
 505381
 504639
 504530
 504418
 504072
 503952
 503520
 503386
 503258
 503108
 502819
 502683
 502217
 502024
 501461
 501287
 501138
 501101
 501026
 500794
 500273
 500000
 499554
 499488
 499046
 498863
 498563
 498518
 498319
 497826
 497002
 496859
 496684
 496578
 496425
 496258
 495860
 495751
 495626
 495615
 495227
 495135
 495088
 495038
 494820
 494753
 494611
 494455
 494256
 494204
 493932
 493787
 493574
 493388
 493082
 492870
 492552
 492437
 492129
 492083
 491525
 491428
 491039
 490947
 490732
 490636
 490394
 490216
 489980
 489959
 489614
 489506
 488942
 488915
 488540
 488323
 488205
 488083
 487990
 487659
 487203
 486935
 486855
 486814
 486725
 486601
 486459
 486074
 485902
 485809
 485685
 485242
 485114
 484945
 484794
 484684
 484544
 484145
 484088
 483588
 483483
 483333
 482825
 482778
 482484
 482317
 482207
 482159
 481481
 481347
 481303
 481158
 481145
 480930
 480770
 480506
 480362
 480225
 480123
 480023
 480000
 479885
 479403
 479201
 479122
 479031
 478838
 478379
 478260
 478210
 478025
 477605
 477488
 477345
 477289
 477149
 476955
 476765
 476289
 476096
 475986
 475783
 475393
 475311
 474846
 474529
 474524
 474240
 473982
 473867
 473597
 473293
 473197
 472727
 472330
 472222
 472146
 472113
 471819
 471522
 471117
 471006
 470896
 470786
 470644
 470180
 469950
 469778
 469673
 469574
 469553
 469359
 469244
 468895
 468787
 468359
 468106
 467936
 467699
 467513
 467415
 467299
 467035
 466688
 466517
 466457
 466037
 465951
 465564
 465259
 465219
 465159
 465093
 464968
 464688
 464454
 464379
 464183
 464084
 464041
 463881
 463748
 463722
 463363
 463024
 462686
 462659
 462559
 462494
 462437
 461988
 461745
 461686
 461481
 461236
 461128
 461005
 460883
 460674
 460593
 460200
 460011
 459899
 459572
 459452
 459390
 459252
 459207
 459178
 458922
 458798
 458698
 458519
 458471
 458313
 458219
 458026
 457999
 457905
 457700
 457425
 457176
 457085
 456832
 456544
 456256
 456020
 455887
 455789
 455630
 455506
 455259
 455123
 454982
 454756
 454503
 454161
 454077
 453806
 453118
 452979
 452844
 452727
 452283
 452033
 451612
 451560
 451303
 450890
 450423
 450213
 450002
 449858
 449675
 449387
 449338
 449118
 448878
 448722
 448569
 448499
 448478
 448393
 448315
 448178
 448000
 447942
 447824
 447676
 447523
 447368
 447054
 446952
 446819
 446625
 446264
 446230
 446093
 445456
 445181
 445088
 445049
 444877
 444758
 444470
 444318
 444075
 444027
 444002
 443871
 443750
 443526
 443198
 442888
 442758
 442622
 442538
 442016
 441857
 441762
 441363
 441043
 440865
 440379
 440354
 440274
 440129
 439863
 439619
 439204
 438962
 438743
 438312
 438197
 437966
 437840
 437546
 437305
 436946
 436619
 436469
 436363
 436112
 435840
 435404
 435136
 435037
 434967
 434851
 434622
 434343
 434209
 433962
 433628
 433598
 433530
 433408
 433350
 433070
 432707
 432101
 431889
 431831
 431753
 431620
 431435
 431331
 431182
 430930
 430751
 430711
 430441
 430249
 430213
 430161
 429754
 429691
 429553
 429500
 429413
 429126
 428962
 428864
 428571
 428336
 427937
 427841
 427695
 427631
 427337
 427215
 427095
 426829
 426818
 426713
 426485
 426459
 426294
 426150
 426037
 425970
 425612
 425521
 425306
 425255
 425026
 424977
 424894
 424706
 424640
 424552
 423889
 423841
 423747
 423008
 422774
 422550
 422485
 422401
 422285
 422259
 422213
 421805
 421710
 421533
 421446
 421340
 421097
 420825
 420646
 420485
 420444
 420233
 420180
 420073
 419751
 419556
 419289
 419205
 419117
 418999
 418929
 418604
 418079
 418050
 417981
 417450
 417351
 416890
 416260
 415979
 415504
 415185
 415094
 414948
 414865
 414751
 414545
 414437
 414360
 413783
 413685
 413513
 413243
 413009
 412816
 412387
 412264
 412011
 411707
 411543
 411190
 411047
 410980
 410891
 410632
 410557
 410372
 409995
 409689
 409550
 409274
 408973
 408844
 408706
 408387
 408190
 408145
 408061
 407804
 407745
 407461
 406708
 406661
 406519
 406430
 406294
 406155
 406025
 405862
 405797
 405690
 405225
 404875
 404695
 404630
 404393
 404136
 403996
 403906
 403288
 403188
 402842
 402665
 402564
 402528
 402419
 402357
 402160
 402144
 401876
 401422
 401230
 400800
 400752
 400716
 400588
 400407
 400103
 400019
 399999
 399771
 399723
 399517
 399458
 399243
 399034
 398878
 398594
 398386
 398244
 397791
 397752
 397010
 396871
 396792
 396739
 396581
 396496
 396177
 396063
 395903
 395824
 395730
 395629
 395469
 395397
 395240
 395055
 394912
 394891
 394673
 394540
 394366
 394195
 394122
 393948
 393893
 393652
 393588
 393452
 393300
 393259
 392953
 392798
 392729
 392653
 392560
 392452
 392329
 392212
 392190
 392126
 391878
 391835
 391693
 391608
 391555
 391493
 391366
 391188
 391116
 390605
 390423
 390103
 389783
 389540
 389026
 388964
 388868
 388718
 388588
 388430
 388092
 387901
 387576
 387290
 387247
 387166
 387023
 386728
 386652
 386269
 385548
 385450
 385119
 385065
 384771
 384690
 384422
 384201
 384171
 384131
 384033
 383955
 383893
 383823
 383529
 383232
 382978
 382929
 382817
 382610
 381963
 381675
 381662
 381535
 381226
 381097
 380815
 380783
 380551
 380403
 380262
 379847
 379601
 379526
 379234
 378982
 378906
 378657
 378608
 378414
 378273
 378121
 377508
 377473
 377358
 377119
 376681
 376490
 376313
 375447
 375401
 375301
 375282
 375255
 374948
 374688
 374620
 374289
 374164
 373979
 373580
 373532
 373352
 373239
 373154
 372923
 372570
 372401
 372369
 372282
 372216
 372144
 371884
 371842
 371732
 371580
 371439
 371054
 370957
 370776
 370426
 370078
 369982
 369579
 369415
 368762
 368506
 368266
 368078
 367681
 367478
 367436
 366951
 366745
 366432
 366267
 366185
 366160
 365997
 365811
 365622
 365503
 365341
 365176
 364995
 364830
 364610
 364425
 364142
 364092
 363966
 363927
 363780
 363636
 363318
 363203
 363115
 363003
 362898
 362740
 362470
 362231
 361983
 361820
 361479
 361430
 361350
 361279
 361236
 360773
 360452
 360255
 360188
 359612
 359507
 358811
 358767
 358565
 358349
 358119
 358047
 357511
 357334
 356888
 356752
 356164
 355998
 355746
 355428
 355236
 354952
 354676
 354451
 354250
 354175
 354043
 353789
 353483
 353385
 352941
 352727
 352302
 352250
 352116
 351844
 351263
 351125
 350952
 350844
 350769
 350579
 350259
 350234
 350125
 350069
 350026
 349729
 349667
 349411
 349162
 349034
 348641
 348585
 348238
 348019
 347622
 347490
 347457
 347229
 346938
 346780
 346698
 346647
 346235
 346106
 345857
 345724
 345549
 345390
 345302
 344941
 344912
 344799
 344679
 344437
 344319
 343936
 343852
 343652
 343627
 343587
 343440
 343196
 343117
 343043
 343014
 342881
 342732
 342249
 342099
 342032
 342019
 341899
 341842
 341530
 341116
 340899
 340826
 340659
 340482
 340392
 340065
 339934
 339748
 339497
 339331
 339260
 338945
 338733
 338606
 338376
 337915
 337786
 337685
 337612
 337597
 337288
 337200
 336978
 336916
 336779
 336655
 336509
 336254
 336198
 336134
 335915
 335654
 335517
 335425
 335401
 335356
 335195
 335154
 335069
 334879
 334150
 334062
 333989
 333730
 333636
 333595
 333464
 333333
 333231
 332953
 332800
 332544
 332333
 332268
 332149
 332063
 331520
 331343
 331170
 330893
 330446
 330435
 330095
 329992
 329509
 329163
 328969
 328915
 328786
 328533
 328157
 327825
 327647
 327608
 327518
 327085
 326754
 326664
 326414
 326095
 325927
 325790
 325739
 325488
 325468
 325174
 325129
 324756
 324535
 323946
 323886
 323592
 323406
 323256
 323176
 323125
 323038
 322834
 322735
 322595
 322580
 322540
 322427
 322236
 321949
 321533
 321119
 321020
 320754
 320502
 320345
 320294
 320225
 319935
 319787
 319654
 319558
 319440
 319221
 319107
 318684
 318596
 318418
 318151
 318107
 317926
 317769
 317662
 317654
 317460
 317220
 317055
 316963
 316770
 316728
 316417
 316001
 315848
 315281
 315045
 314914
 314756
 314623
 314494
 314258
 314009
 313883
 313841
 313806
 313675
 313651
 313423
 313300
 313063
 312796
 312757
 312575
 312459
 312160
 311723
 311301
 311007
 310742
 310360
 310066
 309946
 309708
 309017
 308929
 308648
 308543
 308484
 308244
 308131
 307956
 307630
 307497
 307266
 306940
 306536
 306146
 306061
 305850
 305789
 305502
 305086
 305080
 304946
 304883
 304776
 304103
 303645
 303329
 302931
 302671
 302485
 302325
 301785
 301720
 301646
 301628
 301600
 301466
 301057
 301011
 300857
 300660
 300338
 300268
 300067
 299898
 299663
 299604
 299535
 299498
 299055
 298913
 298628
 298408
 298268
 298256
 298163
 298142
 297794
 297532
 296934
 296844
 296615
 296470
 296450
 296172
 296011
 295675
 295554
 295136
 294838
 294689
 294233
 294117
 293727
 293505
 293410
 292910
 292719
 292642
 292493
 292338
 292292
 291887
 291725
 291534
 291390
 290945
 290803
 290718
 290460
 290197
 290076
 289669
 289284
 289069
 288963
 288821
 288603
 288533
 288442
 288346
 288184
 288040
 287868
 287809
 287656
 287580
 287427
 287388
 287300
 287144
 286957
 286624
 286077
 285714
 285714
 285660
 285651
 285448
 285122
 284804
 284430
 284290
 284003
 283865
 283639
 283406
 283299
 282970
 282855
 282704
 282671
 282387
 282227
 281893
 281785
 281548
 281448
 281312
 281076
 280864
 280812
 280554
 280447
 280301
 280016
 279807
 279662
 279587
 279393
 279305
 279036
 278800
 278657
 278582
 278220
 278138
 277516
 277482
 277372
 277200
 277132
 276688
 276655
 276329
 276280
 276140
 275997
 275807
 275590
 275517
 275253
 275033
 274854
 274653
 274558
 274480
 274370
 274250
 273706
 273384
 272977
 272824
 272540
 272327
 272126
 272030
 271613
 271536
 271291
 271204
 270801
 270466
 270105
 269796
 269675
 269609
 269322
 269081
 268731
 268657
 268616
 268587
 268360
 268206
 268031
 267572
 267321
 267008
 266841
 266834
 266742
 266460
 266379
 266164
 266033
 265897
 265804
 265757
 265486
 265459
 265384
 265181
 264944
 264875
 264456
 264342
 263907
 263668
 263285
 262714
 262594
 262482
 262281
 262171
 262115
 261879
 261807
 261599
 261129
 260937
 260682
 260298
 260093
 260014
 259843
 259720
 259550
 259259
 258949
 258862
 258566
 258445
 257867
 257772
 257404
 257203
 256846
 256544
 256389
 256235
 255917
 255661
 255534
 255250
 255235
 255090
 254754
 254621
 254392
 253761
 253667
 253616
 253369
 253190
 253089
 252933
 252668
 252105
 252005
 251688
 251317
 251059
 250972
 250688
 250394
 250251
 250135
 250063
 249974
 249848
 249774
 249429
 249234
 248983
 248891
 248704
 248621
 248478
 248392
 248282
 248138
 248105
 248002
 247866
 247682
 247435
 246871
 246560
 246178
 246053
 245783
 245638
 245444
 245299
 245214
 244968
 244621
 244606
 243798
 243706
 243298
 243215
 243031
 242668
 242619
 242460
 242108
 241900
 241657
 241617
 241474
 241182
 240967
 240840
 240759
 240605
 240466
 240292
 239898
 239482
 239320
 238973
 238713
 238427
 238156
 237831
 237364
 237055
 236846
 235995
 235605
 235545
 234968
 234903
 234593
 234545
 234331
 234240
 234166
 233810
 233313
 233222
 233070
 232977
 232962
 232792
 232729
 232551
 231863
 231441
 231286
 230962
 230769
 230079
 229969
 229739
 229652
 229393
 228658
 228487
 228371
 228201
 228100
 227929
 227649
 227586
 227335
 227091
 226974
 226867
 226655
 226524
 226247
 225841
 225646
 225497
 225375
 225214
 225146
 224899
 224448
 224361
 224019
 223795
 223644
 223530
 223223
 222879
 222806
 222666
 222605
 221955
 221890
 221656
 221374
 221181
 221177
 221004
 220838
 220680
 220412
 220371
 219847
 219772
 219662
 219421
 219215
 219044
 218911
 218774
 218578
 218195
 217963
 217942
 217840
 217624
 217391
 217118
 216598
 216357
 216216
 215764
 215644
 215064
 214967
 214737
 214579
 214446
 214360
 214211
 213923
 213809
 213698
 213609
 213493
 213197
 213024
 212598
 212222
 212026
 211938
 211764
 211680
 211493
 211311
 211223
 211206
 211069
 210968
 210836
 210770
 210680
 210629
 210572
 210480
 210417
 209800
 209567
 209200
 208872
 208816
 208716
 208673
 208480
 207912
 207822
 207692
 207435
 206844
 206329
 206156
 206068
 205882
 205779
 205741
 205633
 205588
 205197
 205131
 205056
 205006
 204708
 204345
 204176
 203977
 203892
 203856
 203801
 203623
 203397
 203128
 203007
 202853
 202719
 202526
 202366
 202153
 202054
 201740
 201700
 201489
 201424
 201336
 201092
 200675
 199999
 199795
 199674
 199357
 199226
 198869
 198806
 198752
 198131
 197557
 197145
 196650
 196424
 196281
 196195
 195886
 195706
 195659
 195480
 195377
 194990
 194925
 194749
 194623
 194449
 194350
 194174
 193954
 193853
 193650
 193607
 193555
 193454
 193198
 193052
 192784
 192703
 192594
 192314
 192263
 192072
 191694
 191583
 191499
 191406
 191276
 191156
 191040
 191026
 190701
 190552
 190460
 190363
 190287
 189753
 189301
 188669
 188653
 188502
 188355
 188206
 187852
 187500
 187165
 187129
 186903
 186627
 186383
 186350
 186075
 185753
 185581
 185230
 185035
 184561
 184297
 183855
 183797
 183787
 183755
 183686
 183486
 183409
 183313
 183194
 182598
 182522
 182510
 182501
 182291
 181968
 181763
 181619
 181455
 181391
 181136
 180896
 180612
 180348
 179836
 179564
 179444
 179153
 179012
 178834
 178702
 178456
 178427
 178403
 177969
 177544
 177396
 177232
 176887
 176663
 176470
 176400
 176312
 176181
 175982
 175719
 175654
 175324
 175072
 174658
 174183
 174108
 173919
 173899
 173817
 173781
 173592
 173378
 173264
 173117
 172981
 172795
 172568
 172428
 172234
 172029
 171835
 171732
 171453
 171180
 170870
 170389
 170267
 170148
 169986
 169880
 169689
 169641
 169388
 169039
 168932
 168900
 168733
 168709
 168343
 167945
 167883
 167681
 167552
 167507
 167435
 167333
 167298
 166836
 166699
 166429
 166177
 165982
 165707
 165422
 165119
 164984
 164926
 164223
 163863
 163528
 163169
 163017
 162968
 162430
 162362
 162097
 161862
 161836
 161758
 161648
 161204
 161010
 160889
 160821
 160746
 160474
 160454
 160235
 160176
 160072
 159905
 159709
 159388
 158947
 158917
 158797
 158697
 158259
 158248
 158005
 157503
 157382
 156971
 156273
 156130
 155363
 155278
 155076
 154713
 154630
 154541
 154336
 154062
 153771
 153642
 153291
 153112
 152756
 152333
 152259
 152080
 151749
 151453
 151315
 151239
 151128
 150882
 150854
 150758
 150684
 150400
 150274
 150103
 149953
 149914
 149569
 149517
 149352
 149068
 148942
 148643
 148475
 148050
 147852
 147683
 147449
 147227
 146736
 146541
 146487
 146216
 145969
 145818
 145582
 145525
 145495
 144947
 144758
 144399
 144189
 143947
 143674
 143470
 143101
 142857
 142671
 142304
 142241
 141942
 141652
 141600
 141337
 141121
 140850
 140609
 140450
 140342
 140169
 139995
 139965
 139793
 139581
 139418
 139275
 139208
 139023
 138871
 138726
 138595
 138364
 138325
 138082
 137502
 137086
 136801
 136679
 136212
 135937
 135581
 135060
 134879
 134858
 134681
 134545
 134334
 133990
 133907
 133846
 133665
 133607
 133488
 133280
 133041
 132786
 132737
 132526
 132151
 131676
 131549
 131313
 131242
 131211
 131200
 130848
 130794
 130681
 130401
 130213
 130148
 129785
 129511
 129407
 129272
 129255
 129229
 129148
 128975
 128923
 128340
 128136
 127962
 127735
 127178
 126711
 126608
 126315
 125920
 125850
 125802
 125290
 125110
 125068
 124774
 124727
 124691
 124463
 124319
 124110
 123938
 123265
 123223
 123195
 123177
 122884
 122761
 121971
 121923
 121727
 121531
 121415
 121273
 121161
 120839
 120663
 120336
 119966
 119791
 119702
 119650
 119474
 119410
 119288
 119155
 118927
 118895
 118683
 118530
 118297
 118035
 117826
 117676
 117629
 117514
 117220
 117194
 116870
 116854
 116677
 116192
 115926
 115685
 115314
 115156
 115055
 115042
 114948
 114859
 114648
 114395
 114299
 114128
 113800
 113665
 113359
 113243
 112985
 112717
 112599
 112359
 111985
 111659
 111455
 111426
 111338
 111251
 111111
 110932
 110467
 110404
 110283
 109547
 109260
 109083
 108910
 108544
 108453
 107972
 107940
 107845
 107462
 107367
 107077
 107021
 106938
 106682
 106493
 106410
 106288
 106190
 106106
 106066
 106049
 105860
 105843
 105603
 105412
 105343
 105245
 105172
 105072
 104915
 104853
 104655
 104579
 104448
 104346
 104154
 103705
 103661
 103595
 103504
 103424
 103183
 102870
 102669
 102001
 101745
 101506
 101406
 101214
 101105
 101019
 100865
 100058
 100006
 99485
 99229
 99047
 98877
 98761
 98294
 98149
 97987
 97776
 97691
 97629
 97560
 97409
 97201
 97041
 96770
 96625
 96607
 96527
 96384
 96349
 96160
 95603
 95540
 95382
 94924
 94880
 94707
 94544
 94473
 94418
 93934
 93459
 93420
 93384
 93267
 93099
 92905
 92793
 92387
 92135
 91863
 91773
 91644
 91159
 90976
 90909
 90564
 90367
 90317
 89991
 89937
 89556
 89323
 89165
 89096
 88711
 88581
 88436
 88227
 87847
 87641
 87532
 87019
 86712
 86558
 86412
 86321
 86147
 86095
 85902
 85740
 85702
 85492
 85065
 84609
 84504
 84244
 83625
 83470
 83352
 83324
 83091
 82985
 82778
 82678
 82301
 82001
 81936
 81813
 81677
 81598
 81510
 81354
 81120
 80641
 80536
 80442
 80369
 80262
 79591
 79470
 79356
 79236
 78939
 78573
 78462
 78395
 78279
 77712
 77639
 77544
 77239
 77019
 76958
 76272
 75681
 75505
 75413
 75000
 74819
 74652
 74539
 74421
 74222
 74186
 73820
 73601
 73426
 73316
 72959
 72837
 72810
 72761
 72369
 72332
 72080
 71972
 71616
 71405
 71159
 70918
 70856
 70683
 70514
 70325
 70241
 70164
 70081
 69941
 69780
 69260
 69084
 69000
 68780
 68566
 68561
 68222
 68020
 67930
 67675
 67458
 67319
 67265
 66800
 66666
 66431
 66416
 66253
 65916
 65882
 65573
 65245
 65054
 64980
 64730
 64628
 64318
 64142
 64095
 64039
 63872
 63620
 63449
 63278
 62952
 62893
 62789
 62742
 62683
 62328
 62063
 61836
 61667
 61474
 61317
 61232
 61078
 60946
 60908
 60594
 60324
 60309
 60089
 60011
 59977
 59762
 59470
 59407
 59216
 59113
 58450
 58236
 58035
 57512
 57406
 57135
 56448
 56253
 56168
 55979
 55760
 55522
 55316
 55254
 55189
 55009
 54615
 54545
 54309
 54133
 54040
 53701
 53557
 53438
 53348
 53224
 53162
 53114
 52791
 52772
 52407
 52297
 52204
 52149
 52074
 51989
 51862
 51721
 51499
 51277
 51128
 50938
 50796
 50562
 50447
 50325
 50156
 50083
 49862
 49762
 49559
 49459
 49275
 49014
 48974
 48902
 48691
 48314
 48189
 48106
 47866
 47734
 47658
 47389
 47151
 47086
 46584
 46436
 46327
 46306
 46224
 46070
 45528
 45425
 45272
 45072
 44926
 44843
 44537
 44326
 43974
 43404
 43317
 43155
 43050
 42973
 42709
 42227
 41831
 41588
 41432
 41359
 41251
 41225
 41140
 40583
 40466
 40295
 39988
 39911
 39663
 39548
 39413
 39154
 38936
 38743
 38460
 38147
 37681
 37119
 36943
 36882
 36838
 36733
 36549
 36468
 35856
 35669
 35583
 35294
 35035
 34688
 34431
 34339
 34201
 33921
 33784
 33550
 33359
 33170
 32955
 32835
 32698
 32514
 32481
 32380
 32137
 32111
 31971
 31741
 31490
 31350
 30939
 30789
 30317
 30237
 30190
 30049
 29923
 29833
 29339
 29282
 29078
 28907
 28571
 28554
 28337
 28109
 27749
 27656
 27306
 27282
 27175
 27071
 26771
 26627
 26331
 26232
 25809
 25670
 25420
 24871
 24630
 24455
 24096
 23916
 23895
 23831
 23558
 23511
 23420
 23280
 23027
 22873
 22574
 22224
 22039
 21803
 21610
 21473
 21224
 20967
 20701
 20452
 20343
 20056
 19924
 19550
 19496
 19323
 19034
 18763
 18688
 18479
 18385
 18324
 18256
 17899
 17688
 17099
 16672
 16574
 16145
 16064
 15027
 14961
 14853
 14822
 14754
 14116
 13979
 13574
 13526
 13311
 13123
 12857
 12199
 12074
 11893
 11722
 11597
 11252
 11002
 10676
 10542
 10335
 10229
 10079
 9950
 9833
 9668
 9575
 9416
 9201
 8834
 8676
 8661
 8502
 8342
 8043
 7648
 7560
 7242
 6915
 6867
 6711
 6581
 6466
 6026
 5721
 5524
 5226
 5127
 4922
 4752
 4499
 4246
 4176
 3992
 3737
 3593
 3442
 3216
 3106
 2941
 2917
 2577
 2452
 2164
 2007
 1947
 1758
 1497
 1170
 890
 868
 765
 713
 574
 554
 372
 0
 0
 0
 0
 0
 0
 0
 0
 0
 0
 0
 409
 572
 624
 727
 786
 877
 969
 1496
 1756
 1798
 1962
 2085
 2447
 2466
 2744
 2924
 2980
 3179
 3269
 3529
 3717
 3758
 4149
 4235
 4277
 4684
 4911
 5071
 5154
 5239
 5557
 5873
 6423
 6562
 6583
 6807
 6887
 7106
 7243
 7631
 7677
 8114
 8403
 8578
 8661
 8785
 9189
 9297
 9525
 9619
 9708
 9924
 9952
 10124
 10289
 10438
 10621
 10990
 11224
 11488
 11686
 11788
 11948
 12195
 12505
 12950
 13198
 13429
 13555
 13683
 13999
 14743
 14780
 14838
 14908
 15024
 15772
 16100
 16436
 16628
 16849
 17582
 17855
 18002
 18292
 18333
 18472
 18684
 18748
 19002
 19246
 19386
 19519
 19779
 19943
 20217
 20365
 20594
 20879
 21062
 21449
 21511
 21713
 21837
 22185
 22364
 22662
 22962
 23188
 23281
 23436
 23519
 23627
 23874
 23913
 23936
 24113
 24552
 24791
 25413
 25434
 25751
 25915
 26269
 26525
 26694
 27027
 27118
 27218
 27294
 27465
 27700
 27893
 28185
 28475
 28560
 28852
 28982
 29085
 29302
 29564
 29901
 29942
 30070
 30227
 30303
 30341
 30905
 31238
 31473
 31727
 31936
 32023
 32125
 32376
 32441
 32487
 32599
 32744
 32902
 33014
 33348
 33389
 33704
 33785
 33952
 34256
 34420
 34471
 34793
 35250
 35549
 35635
 35840
 36233
 36533
 36727
 36792
 36879
 36909
 37118
 37249
 38008
 38266
 38515
 38915
 39086
 39290
 39516
 39657
 39890
 39938
 40159
 40318
 40485
 41119
 41150
 41250
 41329
 41399
 41573
 41656
 42105
 42419
 42923
 42987
 43098
 43189
 43399
 43780
 44034
 44444
 44681
 44843
 45046
 45213
 45422
 45499
 45825
 46159
 46263
 46321
 46411
 46452
 46723
 47139
 47173
 47619
 47709
 47751
 47980
 48135
 48255
 48681
 48814
 48958
 48977
 49044
 49414
 49470
 49710
 49854
 49937
 50133
 50221
 50335
 50526
 50675
 50840
 51060
 51177
 51420
 51557
 51835
 51915
 52032
 52132
 52194
 52284
 52398
 52495
 52772
 53067
 53130
 53185
 53345
 53404
 53515
 53630
 54028
 54107
 54237
 54424
 54601
 54680
 55074
 55243
 55264
 55338
 55643
 55872
 56000
 56220
 56361
 56628
 57367
 57495
 57742
 58171
 58319
 58839
 59199
 59405
 59440
 59514
 59765
 60005
 60070
 60091
 60322
 60445
 60732
 60913
 60990
 61190
 61277
 61470
 61551
 61763
 62033
 62183
 62634
 62693
 62787
 62889
 62895
 63242
 63381
 63480
 63660
 64013
 64053
 64122
 64278
 64442
 64689
 64791
 65038
 65168
 65383
 65735
 65912
 65930
 66341
 66430
 66472
 66740
 67050
 67296
 67400
 67656
 67809
 67950
 68063
 68378
 68566
 68660
 68836
 69049
 69257
 69307
 69891
 69959
 70115
 70219
 70279
 70495
 70572
 70797
 70864
 71048
 71383
 71462
 71786
 71999
 72205
 72360
 72519
 72801
 72823
 72950
 73308
 73418
 73577
 73627
 74047
 74195
 74380
 74512
 74620
 74722
 74825
 75050
 75494
 75527
 75744
 76689
 76997
 77098
 77505
 77580
 77695
 77820
 78381
 78413
 78550
 78930
 79021
 79308
 79442
 79571
 80090
 80317
 80374
 80479
 80547
 80808
 81300
 81370
 81568
 81656
 81712
 81916
 81958
 82109
 82568
 82742
 82840
 82995
 83229
 83327
 83454
 83591
 83850
 84429
 84564
 84648
 85082
 85691
 85714
 85826
 85982
 86101
 86147
 86391
 86462
 86614
 86856
 87356
 87582
 87664
 88210
 88322
 88495
 88698
 89043
 89099
 89319
 89516
 89887
 89968
 90008
 90337
 90500
 90624
 90909
 91005
 91385
 91767
 91823
 91879
 92319
 92391
 92811
 92906
 93143
 93353
 93385
 93443
 93599
 94283
 94420
 94516
 94608
 94860
 94917
 94974
 95393
 95589
 96104
 96235
 96379
 96436
 96601
 96615
 96643
 96880
 97076
 97250
 97413
 97609
 97667
 97713
 97954
 97995
 98259
 98448
 98847
 99035
 99065
 99404
 99656
 100032
 100763
 100922
 101045
 101121
 101357
 101504
 101539
 101882
 102214
 102848
 103014
 103424
 103475
 103508
 103654
 103686
 103824
 104209
 104437
 104459
 104580
 104791
 104895
 104980
 105111
 105210
 105296
 105351
 105456
 105743
 105852
 105955
 106056
 106104
 106151
 106266
 106386
 106425
 106506
 106835
 106959
 107061
 107275
 107440
 107672
 107919
 107949
 108419
 108506
 108784
 108980
 109215
 109300
 109952
 110373
 110429
 110484
 111111
 111118
 111328
 111374
 111439
 111503
 111958
 112184
 112398
 112702
 112905
 113048
 113333
 113435
 113740
 114001
 114189
 114380
 114567
 114822
 114927
 115024
 115042
 115115
 115263
 115437
 115887
 115959
 116562
 116781
 116864
 117122
 117209
 117285
 117530
 117647
 117726
 117893
 118110
 118482
 118676
 118758
 118919
 119152
 119211
 119383
 119440
 119475
 119683
 119731
 119865
 119999
 120404
 120835
 120972
 121226
 121375
 121431
 121664
 121734
 121926
 122253
 122876
 123011
 123188
 123200
 123229
 123340
 124069
 124146
 124352
 124598
 124726
 124755
 124955
 125095
 125236
 125529
 125820
 125855
 126154
 126385
 126646
 126846
 127532
 127934
 128129
 128258
 128770
 128942
 129039
 129172
 129242
 129271
 129358
 129420
 129619
 129996
 130186
 130303
 130645
 130776
 130805
 131092
 131205
 131221
 131243
 131449
 131639
 132071
 132312
 132637
 132784
 132807
 133154
 133478
 133600
 133609
 133793
 133866
 133910
 134334
 134538
 134572
 134732
 134873
 134885
 135203
 135681
 136116
 136340
 136696
 136931
 137382
 137737
 138149
 138328
 138594
 138697
 138804
 138962
 139081
 139215
 139345
 139452
 139675
 139872
 139986
 140012
 140338
 140420
 140511
 140685
 141075
 141248
 141552
 141615
 141932
 142223
 142243
 142541
 142857
 142979
 143281
 143483
 143728
 144010
 144238
 144734
 144860
 145329
 145510
 145580
 145695
 145904
 146093
 146264
 146536
 146688
 146750
 147349
 147514
 147826
 147871
 148194
 148513
 148689
 149045
 149330
 149435
 149559
 149886
 149938
 149999
 150225
 150308
 150550
 150733
 150777
 150865
 151085
 151161
 151256
 151437
 151645
 151820
 152237
 152296
 152529
 153055
 153214
 153527
 153685
 153846
 154085
 154425
 154626
 154711
 154913
 155186
 155344
 155832
 156222
 156959
 157225
 157449
 157707
 158069
 158253
 158368
 158730
 158868
 158934
 159008
 159635
 159731
 160000
 160156
 160193
 160378
 160472
 160480
 160806
 160853
 160928
 161183
 161385
 161738
 161815
 161850
 162091
 162344
 162379
 162742
 163005
 163070
 163473
 163837
 164031
 164629
 164939
 165072
 165317
 165457
 165889
 166102
 166301
 166469
 166787
 167068
 167322
 167388
 167473
 167521
 167559
 167834
 167901
 168270
 168385
 168718
 168831
 168916
 169022
 169082
 169433
 169666
 169875
 169984
 170004
 170158
 170323
 170564
 170877
 171366
 171500
 171790
 171889
 172078
 172305
 172451
 172750
 172836
 173098
 173177
 173330
 173559
 173646
 173800
 173858
 173913
 173954
 174129
 174354
 174776
 175226
 175411
 175666
 175785
 176094
 176246
 176366
 176451
 176662
 176875
 177054
 177365
 177510
 177885
 178193
 178412
 178451
 178571
 178715
 178947
 179087
 179321
 179524
 179816
 180021
 180553
 180765
 181093
 181165
 181443
 181506
 181724
 181818
 182033
 182449
 182505
 182519
 182587
 182759
 183306
 183381
 183460
 183651
 183692
 183758
 183789
 183840
 184126
 184485
 184681
 185095
 185552
 185630
 185861
 186199
 186366
 186449
 186652
 187022
 187158
 187381
 187687
 188000
 188325
 188490
 188632
 188660
 189193
 189420
 190108
 190304
 190450
 190535
 190622
 190804
 191036
 191116
 191252
 191319
 191417
 191555
 191689
 191891
 192195
 192307
 192390
 192661
 192711
 193042
 193054
 193269
 193548
 193574
 193650
 193688
 193917
 194037
 194287
 194353
 194476
 194631
 194808
 194967
 195153
 195411
 195494
 195669
 195752
 196070
 196247
 196293
 196546
 196762
 197258
 197834
 198139
 198752
 198858
 199066
 199313
 199463
 199744
 199985
 200513
 200771
 201170
 201369
 201443
 201599
 201713
 202039
 202083
 202172
 202393
 202591
 202801
 202902
 203123
 203373
 203610
 203781
 203831
 203880
 203954
 204080
 204217
 204473
 204907
 205029
 205080
 205174
 205253
 205633
 205709
 205765
 205806
 205904
 206126
 206279
 206473
 207227
 207500
 207794
 207888
 208162
 208524
 208712
 208737
 208857
 209166
 209525
 209672
 210334
 210434
 210557
 210626
 210646
 210765
 210835
 210945
 211042
 211093
 211213
 211267
 211472
 211541
 211694
 211803
 211949
 212097
 212265
 212728
 213084
 213300
 213507
 213612
 213733
 213811
 213930
 214331
 214435
 214478
 214711
 214854
 214996
 215146
 215759
 216175
 216326
 216461
 217063
 217355
 217487
 217640
 217881
 217962
 217964
 218210
 218760
 218838
 219014
 219178
 219367
 219550
 219692
 219787
 220338
 220385
 220618
 220745
 220856
 221027
 221178
 221201
 221555
 221773
 221912
 222381
 222652
 222692
 222875
 223002
 223385
 223538
 223746
 223877
 224264
 224408
 224471
 225023
 225188
 225335
 225443
 225522
 225770
 226211
 226367
 226592
 226832
 226874
 227083
 227108
 227355
 227622
 227862
 228070
 228103
 228365
 228467
 228571
 229172
 229452
 229686
 229947
 229970
 230532
 230846
 231232
 231397
 231645
 232116
 232621
 232773
 232797
 232974
 233043
 233187
 233297
 233597
 233997
 234186
 234321
 234347
 234591
 234809
 234936
 235127
 235594
 235722
 236313
 236945
 237217
 237381
 238077
 238197
 238684
 238938
 239123
 239344
 239560
 240120
 240453
 240490
 240718
 240831
 240963
 240997
 241317
 241511
 241650
 241819
 242071
 242424
 242588
 242631
 242753
 243184
 243269
 243386
 243734
 244322
 244614
 244795
 245160
 245256
 245423
 245619
 245772
 245986
 246169
 246437
 246593
 247019
 247461
 247709
 247907
 248101
 248114
 248177
 248348
 248405
 248587
 248678
 248827
 248900
 249176
 249280
 249673
 249807
 249942
 250000
 250068
 250141
 250359
 250412
 250881
 251017
 251311
 251660
 251826
 252040
 252427
 252878
 253078
 253149
 253296
 253521
 253652
 253754
 253761
 254579
 254730
 254795
 255096
 255240
 255430
 255638
 255663
 256037
 256300
 256472
 256841
 257002
 257215
 257625
 257816
 257907
 258464
 258805
 258890
 259177
 259386
 259637
 259746
 259938
 260049
 260221
 260366
 260926
 260980
 261215
 261615
 261872
 262023
 262124
 262219
 262435
 262500
 262686
 263236
 263387
 263695
 263950
 264390
 264868
 264900
 264953
 265232
 265413
 265482
 265505
 265788
 265867
 265980
 266034
 266202
 266458
 266609
 266827
 266837
 266869
 267083
 267409
 267944
 268041
 268339
 268488
 268599
 268619
 268712
 268823
 269094
 269534
 269655
 269754
 269855
 270371
 270476
 270915
 271285
 271425
 271607
 271910
 272124
 272127
 272426
 272752
 272829
 273187
 273584
 273757
 274328
 274442
 274551
 274576
 274695
 274917
 275116
 275411
 275531
 275765
 275907
 276013
 276272
 276310
 276544
 276656
 276993
 277161
 277201
 277432
 277510
 277523
 278152
 278317
 278607
 278759
 278973
 279043
 279356
 279481
 279614
 279703
 279898
 280255
 280423
 280483
 280699
 280832
 280909
 281154
 281332
 281497
 281654
 281851
 282221
 282376
 282431
 282675
 282785
 282864
 283170
 283341
 283504
 283833
 283995
 284103
 284406
 284633
 284951
 285375
 285566
 285659
 285677
 285714
 285841
 286273
 286694
 287025
 287144
 287332
 287416
 287506
 287627
 287697
 287823
 287898
 288116
 288267
 288372
 288511
 288534
 288779
 288932
 288997
 289070
 289308
 289855
 290083
 290322
 290588
 290803
 290850
 291262
 291452
 291638
 291825
 292222
 292293
 292343
 292595
 292686
 292778
 293235
 293427
 293544
 293851
 294137
 294611
 294757
 294854
 295551
 295567
 295722
 296156
 296393
 296457
 296559
 296699
 296861
 297310
 297740
 298028
 298150
 298194
 298259
 298362
 298564
 298781
 298999
 299274
 299508
 299598
 299636
 299710
 299990
 300250
 300290
 300411
 300800
 300896
 301015
 301102
 301552
 301602
 301628
 301670
 301774
 301839
 302325
 302554
 302897
 302969
 303529
 303870
 304338
 304832
 304906
 304973
 305082
 305263
 305597
 305796
 305978
 306073
 306348
 306563
 307082
 307358
 307567
 307888
 308016
 308241
 308437
 308522
 308601
 308769
 308960
 309031
 309890
 309983
 310296
 310698
 311003
 311245
 311705
 311943
 312337
 312545
 312610
 312787
 313043
 313082
 313384
 313504
 313669
 313777
 313835
 313862
 314004
 314216
 314403
 314586
 314685
 314782
 314917
 315257
 315388
 315850
 316298
 316436
 316761
 316954
 317041
 317146
 317383
 317476
 317655
 317663
 317782
 318074
 318138
 318403
 318450
 318681
 319101
 319148
 319348
 319558
 319649
 319774
 319846
 320203
 320241
 320307
 320388
 320511
 320985
 321045
 321157
 321858
 322223
 322295
 322503
 322550
 322580
 322598
 322741
 322878
 323120
 323163
 323219
 323356
 323531
 323676
 323893
 324032
 324675
 324943
 325143
 325260
 325478
 325526
 325752
 325924
 325954
 326146
 326516
 326711
 326851
 327427
 327590
 327630
 327702
 327900
 328240
 328745
 328903
 328924
 329046
 329211
 329836
 330035
 330265
 330442
 330878
 330928
 331265
 331444
 331712
 332068
 332162
 332305
 332449
 332575
 332907
 333061
 333297
 333364
 333468
 333613
 333665
 333768
 334035
 334094
 334641
 334923
 335113
 335169
 335329
 335369
 335424
 335461
 335541
 335746
 336028
 336147
 336218
 336265
 336528
 336737
 336894
 336957
 337068
 337227
 337479
 337598
 337662
 337732
 337809
 338252
 338527
 338658
 338793
 338987
 339277
 339424
 339747
 339776
 340013
 340328
 340461
 340617
 340766
 340871
 341034
 341485
 341731
 341858
 341907
 342028
 342043
 342129
 342287
 342821
 342955
 343032
 343044
 343137
 343384
 343467
 343589
 343631
 343703
 343863
 343976
 344385
 344601
 344701
 344852
 344919
 345104
 345384
 345458
 345572
 345744
 345991
 346120
 346379
 346666
 346774
 346872
 346938
 347344
 347470
 347621
 347996
 348031
 348560
 348607
 348933
 349099
 349253
 349585
 349693
 349794
 350035
 350091
 350174
 350244
 350313
 350721
 350796
 350895
 351020
 351239
 351554
 352091
 352142
 352261
 352652
 352786
 353252
 353393
 353604
 354021
 354066
 354230
 354274
 354525
 354708
 354992
 355353
 355670
 355822
 356014
 356421
 356879
 357191
 357494
 357958
 358103
 358243
 358490
 358756
 358799
 358932
 359520
 359815
 360221
 360432
 360684
 361073
 361254
 361306
 361406
 361467
 361553
 361955
 362229
 362361
 362695
 362879
 362958
 363045
 363163
 363229
 363533
 363671
 363836
 363947
 364073
 364118
 364362
 364580
 364656
 364881
 365138
 365183
 365471
 365588
 365689
 365816
 366013
 366169
 366233
 366392
 366648
 366763
 367392
 367458
 367647
 367964
 368140
 368309
 368526
 369397
 369463
 369585
 370020
 370143
 370736
 370930
 370975
 371249
 371576
 371655
 371735
 371857
 372108
 372169
 372246
 372357
 372386
 372444
 372899
 373068
 373233
 373346
 373487
 373571
 373616
 374073
 374274
 374327
 374654
 374823
 375084
 375268
 375294
 375327
 375432
 375939
 376360
 376514
 376991
 377139
 377388
 377475
 377524
 378144
 378406
 378535
 378650
 378772
 378947
 379180
 379241
 379588
 379725
 379928
 380392
 380517
 380638
 380806
 380919
 381122
 381368
 381621
 381672
 381813
 382417
 382723
 382866
 382946
 383039
 383455
 383754
 383877
 383925
 384026
 384117
 384156
 384185
 384289
 384615
 384713
 384986
 385098
 385180
 385478
 385687
 386594
 386710
 386971
 387104
 387181
 387249
 387518
 387733
 387936
 388258
 388514
 388615
 388853
 388888
 388973
 389305
 389580
 389799
 390134
 390562
 390992
 391146
 391304
 391441
 391536
 391563
 391647
 391772
 391862
 392065
 392167
 392201
 392236
 392405
 392456
 392579
 392653
 392769
 392925
 393217
 393298
 393316
 393487
 393612
 393870
 393939
 394060
 394169
 394203
 394414
 394552
 394719
 394910
 394957
 395094
 395332
 395419
 395598
 395675
 395742
 395849
 395998
 396089
 396240
 396574
 396652
 396775
 396865
 396923
 397240
 397787
 397956
 398373
 398551
 398799
 398946
 399080
 399432
 399488
 399651
 399738
 399952
 400000
 400040
 400173
 400514
 400654
 400742
 400791
 401215
 401420
 401826
 402119
 402160
 402180
 402390
 402443
 402550
 402628
 402813
 402895
 403195
 403433
 403990
 404060
 404297
 404480
 404669
 404724
 405003
 405251
 405764
 405855
 405976
 406052
 406233
 406388
 406498
 406593
 406705
 407228
 407486
 407789
 408031
 408124
 408165
 408243
 408529
 408809
 408865
 409024
 409356
 409572
 409725
 410339
 410417
 410578
 410852
 410913
 411016
 411086
 411503
 411562
 411864
 412248
 412377
 412801
 412887
 413221
 413496
 413607
 413719
 414353
 414397
 414492
 414706
 414797
 414897
 415019
 415094
 415196
 415847
 416039
 416585
 417239
 417367
 417517
 418042
 418052
 418167
 418878
 418963
 419100
 419189
 419257
 419470
 419595
 420051
 420152
 420221
 420403
 420477
 420543
 420675
 421052
 421099
 421380
 421450
 421626
 421802
 422022
 422253
 422260
 422378
 422460
 422535
 422748
 423003
 423076
 423815
 423846
 424231
 424581
 424666
 424804
 424942
 425012
 425034
 425267
 425365
 425562
 425732
 426024
 426052
 426234
 426383
 426482
 426523
 426791
 426822
 427054
 427105
 427244
 427494
 427644
 427793
 427886
 428057
 428420
 428571
 428962
 429103
 429267
 429443
 429543
 429606
 429743
 429775
 430167
 430246
 430378
 430560
 430726
 430886
 431056
 431280
 431404
 431489
 431714
 431812
 431831
 431929
 432562
 432901
 433259
 433405
 433518
 433592
 433614
 433654
 433986
 434330
 434421
 434846
 434893
 435034
 435098
 435379
 435544
 435897
 436286
 436444
 436616
 436941
 437251
 437450
 437617
 437930
 438134
 438200
 438695
 438748
 439143
 439588
 439804
 439985
 440195
 440297
 440364
 440774
 440931
 441150
 441385
 441845
 441995
 442218
 442554
 442656
 442825
 443137
 443221
 443729
 443859
 443978
 444020
 444043
 444135
 444349
 444560
 444838
 444940
 445088
 445147
 445223
 446011
 446195
 446251
 446561
 446796
 446871
 447024
 447153
 447442
 447616
 447688
 447826
 447950
 448159
 448275
 448375
 448428
 448496
 448524
 448615
 448844
 449051
 449226
 449350
 449631
 449721
 449877
 450160
 450269
 450818
 451134
 451395
 451604
 451612
 452240
 452655
 452768
 452878
 453052
 453328
 453906
 454096
 454401
 454568
 454845
 455061
 455145
 455448
 455602
 455642
 455816
 455918
 456190
 456408
 456721
 456952
 457176
 457369
 457574
 457845
 457966
 458021
 458128
 458281
 458422
 458473
 458615
 458732
 458809
 459141
 459204
 459224
 459382
 459422
 459459
 459660
 459989
 460177
 460532
 460626
 460769
 460989
 461114
 461131
 461313
 461592
 461722
 461850
 462152
 462494
 462511
 462596
 462677
 463015
 463095
 463462
 463729
 463818
 464029
 464042
 464118
 464327
 464429
 464513
 464718
 465020
 465116
 465206
 465247
 465489
 465578
 466016
 466099
 466500
 466556
 466834
 467038
 467317
 467492
 467645
 467853
 468008
 468164
 468637
 468892
 469014
 469302
 469470
 469557
 469618
 469738
 469870
 470154
 470608
 470710
 470799
 470974
 471113
 471358
 471625
 471862
 472127
 472203
 472241
 472470
 472811
 473201
 473556
 473817
 473958
 474056
 474328
 474525
 474741
 474919
 475352
 475555
 475980
 476061
 476190
 476694
 476923
 477012
 477223
 477313
 477365
 477558
 477749
 478143
 478238
 478305
 478540
 478955
 479111
 479198
 479257
 479684
 479999
 480006
 480112
 480149
 480333
 480437
 480559
 480918
 480990
 481152
 481186
 481328
 481466
 482135
 482159
 482271
 482477
 482512
 482797
 483091
 483355
 483484
 484022
 484095
 484406
 484555
 484708
 484848
 485021
 485220
 485256
 485797
 485897
 486038
 486349
 486552
 486618
 486741
 486818
 486873
 487153
 487283
 487793
 488051
 488139
 488259
 488378
 488590
 488940
 489136
 489596
 489882
 489977
 490046
 490284
 490459
 490685
 490797
 490979
 491351
 491451
 491633
 492125
 492155
 492483
 492810
 493074
 493095
 493485
 493649
 493797
 494085
 494229
 494434
 494527
 494624
 494768
 494871
 495086
 495114
 495153
 495247
 495619
 495743
 495852
 496147
 496276
 496571
 496583
 496709
 496881
 497024
 497979
 498513
 498558
 498741
 498969
 499137
 499540
 499609
 500078
 500669
 500957
 501094
 501136
 501231
 501432
 501624
 502202
 502342
 502805
 502840
 503250
 503352
 503459
 503589
 504017
 504405
 504507
 504550
 505269
 505409
 505570
 505578
 505966
 506301
 506535
 506555
 506588
 506713
 506788
 506849
 506897
 507356
 507488
 507620
 507794
 507828
 507918
 508199
 508347
 508440
 508711
 508876
 508989
 509054
 509182
 509217
 509408
 509486
 509566
 509742
 509947
 510184
 510301
 510566
 510730
 510906
 511271
 511284
 511833
 512027
 512222
 512438
 512894
 513265
 513336
 513472
 513538
 513672
 513739
 513788
 514028
 514365
 514457
 514715
 514756
 514885
 514962
 515337
 515490
 515614
 515839
 516087
 516214
 516285
 516719
 517188
 517582
 517766
 518125
 518250
 518379
 518736
 518896
 518949
 519015
 519221
 519447
 519656
 519707
 519853
 520199
 520328
 520514
 520754
 521031
 521150
 521312
 521691
 521971
 522064
 522149
 522388
 522787
 523031
 523364
 523437
 523671
 523709
 523855
 523946
 524021
 524284
 524300
 524362
 524509
 524583
 524634
 524651
 524984
 525254
 525602
 525743
 525961
 526111
 526151
 526526
 526670
 526763
 527145
 527177
 527292
 527579
 527643
 527844
 528134
 528497
 528545
 528875
 528961
 529142
 529226
 529326
 529376
 529728
 529764
 530057
 530271
 530411
 530612
 530949
 531073
 531272
 531468
 531548
 531779
 532124
 532362
 532611
 532884
 532986
 533322
 533333
 533418
 533596
 533701
 534254
 534268
 534586
 534995
 535105
 535353
 535744
 536104
 536133
 536243
 536508
 536543
 536620
 537114
 537190
 537406
 537692
 537927
 538218
 538309
 538642
 538789
 539091
 539247
 539722
 539940
 540044
 540366
 540529
 540540
 540983
 541108
 541205
 541437
 541488
 541780
 541840
 541882
 542066
 542401
 542472
 542848
 542991
 543030
 543273
 543362
 543577
 543712
 544440
 544559
 544578
 544674
 544792
 545549
 545598
 546268
 546456
 546681
 546786
 546927
 547088
 547113
 547379
 547462
 547610
 547807
 548040
 548157
 548367
 548556
 548762
 549092
 549227
 549261
 549436
 549770
 549839
 549950
 550057
 550232
 550282
 550356
 550602
 550657
 550879
 551179
 551368
 551690
 551844
 551993
 552054
 552138
 552506
 552575
 552671
 553027
 553234
 553434
 553930
 554012
 554066
 554167
 554528
 554681
 555001
 555046
 555135
 555237
 555474
 555996
 556641
 557020
 557059
 557266
 557643
 557968
 558220
 558334
 558383
 558773
 559016
 559168
 559366
 559918
 559999
 560049
 560332
 560386
 560810
 561250
 561408
 561661
 561797
 561845
 561994
 562065
 562301
 562492
 562618
 562753
 562994
 563181
 563246
 563325
 563572
 563809
 563954
 564005
 564102
 564684
 564712
 564787
 564925
 565207
 565867
 566027
 566206
 566500
 566628
 566739
 566768
 566881
 567123
 567388
 567501
 567640
 567701
 567770
 567965
 568191
 569202
 569349
 569445
 569675
 569765
 570121
 570179
 570438
 570523
 570874
 571030
 571132
 571428
 571637
 571718
 571930
 572139
 572155
 572346
 572621
 572781
 572987
 573109
 573199
 573631
 573766
 573883
 574050
 574126
 574341
 574399
 574486
 574580
 575258
 575396
 575735
 576075
 576654
 576743
 576827
 577258
 577369
 577528
 577579
 577658
 578245
 578255
 578313
 578588
 578747
 578918
 578979
 579036
 579462
 579961
 580081
 580232
 580450
 580515
 580770
 580889
 581133
 581346
 581425
 581552
 581914
 582043
 582345
 582410
 582586
 582677
 582793
 582854
 583015
 583217
 583320
 583478
 583542
 583815
 583980
 584149
 584359
 584495
 584583
 584615
 584669
 584832
 584872
 584884
 585285
 585503
 585619
 585786
 585854
 586050
 586305
 586428
 586587
 586614
 586765
 586772
 587141
 587222
 587345
 587416
 587630
 588009
 588174
 588246
 588670
 588832
 589270
 589437
 589535
 589843
 590048
 590437
 590509
 590566
 590734
 590827
 591082
 591357
 591828
 591963
 592205
 592298
 592381
 592767
 592846
 593195
 593325
 593516
 593838
 594027
 594128
 594310
 594688
 595120
 595378
 595432
 595583
 595618
 595763
 595911
 596578
 596686
 597034
 597443
 597728
 597874
 598006
 598345
 598670
 599026
 599189
 599675
 599765
 599999
 600055
 600274
 600767
 600907
 601007
 601165
 601324
 601450
 601488
 601567
 602061
 602186
 602548
 602739
 602795
 603005
 603065
 603114
 603195
 603529
 603841
 604359
 604395
 604486
 604622
 604879
 604938
 605001
 605213
 605356
 605408
 605507
 605675
 605812
 605891
 606235
 606297
 606629
 607072
 607210
 607367
 607420
 607788
 608012
 608310
 608619
 609323
 609501
 609652
 610086
 610222
 610657
 610880
 611118
 611548
 611805
 611912
 612007
 612330
 612521
 612883
 613150
 613292
 613415
 614001
 614369
 614646
 614956
 615083
 615346
 615404
 615696
 616118
 616556
 616782
 616962
 616996
 617106
 617408
 617731
 617749
 617819
 617846
 617984
 618177
 618284
 618454
 618549
 618640
 618758
 619187
 619405
 619443
 619465
 619487
 619635
 619697
 619855
 620067
 620215
 620343
 620367
 620495
 620619
 620651
 620758
 620988
 621209
 621770
 622266
 622487
 622567
 622621
 622835
 623042
 623088
 623416
 623546
 623632
 624081
 624315
 624745
 624856
 624966
 625319
 625609
 625826
 625877
 626236
 626262
 626805
 626947
 627188
 627325
 627544
 627677
 627982
 627984
 628032
 628297
 628316
 628600
 628911
 629034
 629199
 629254
 629434
 629636
 629787
 630264
 630844
 630877
 631048
 631261
 631447
 631537
 631658
 631937
 632241
 632337
 632484
 632746
 633176
 633240
 633418
 633495
 633802
 633927
 634085
 634255
 634287
 634625
 635002
 635607
 635715
 635815
 635950
 636068
 636304
 636544
 636620
 636754
 636853
 636871
 637001
 637080
 637208
 637295
 637336
 637541
 637611
 637697
 638057
 638485
 638680
 638805
 639033
 639188
 639323
 639344
 639400
 639761
 639873
 640015
 640249
 640403
 640484
 640676
 641160
 641295
 641432
 641784
 642041
 642138
 642295
 642439
 642496
 642992
 643297
 643616
 643843
 644054
 644687
 644710
 645063
 645137
 645690
 645942
 646006
 646204
 646275
 646537
 646879
 647112
 647186
 647289
 647420
 647455
 647507
 647971
 648249
 648672
 649335
 649381
 649589
 649664
 649864
 649950
 650497
 650907
 651162
 651710
 651828
 651862
 652045
 652150
 652336
 652441
 652515
 652746
 652779
 653196
 653465
 653572
 653625
 653992
 654295
 654386
 654618
 654908
 655221
 655374
 655758
 656334
 656401
 656655
 656820
 656981
 657183
 657544
 657636
 657801
 658095
 658217
 658268
 658344
 658494
 658896
 659087
 659292
 659390
 659695
 659787
 659886
 659899
 659919
 660161
 660291
 660486
 660511
 660560
 661153
 661290
 661342
 661398
 661454
 661718
 661922
 662082
 662236
 662423
 662480
 662717
 662787
 662893
 663004
 663176
 663268
 663482
 663681
 663749
 663811
 664309
 664518
 664726
 664966
 665000
 665260
 665563
 665747
 665852
 666231
 666483
 666666
 666706
 667111
 667351
 667444
 667559
 667858
 668066
 668313
 668449
 669035
 669260
 669371
 669395
 669740
 669824
 669978
 670196
 670404
 670530
 670762
 671249
 671276
 671433
 671698
 672076
 672347
 672531
 672668
 672821
 672880
 673040
 673175
 673637
 673912
 673946
 674253
 674424
 674576
 674996
 675163
 675348
 675626
 675665
 675818
 675923
 676027
 676124
 676188
 676490
 676665
 676988
 677078
 677312
 677512
 677622
 677807
 678069
 678228
 678813
 679065
 679194
 679322
 679611
 679854
 679952
 680338
 680494
 680704
 680770
 680820
 680851
 681063
 681211
 681384
 681597
 681846
 682222
 682516
 682666
 682696
 682851
 682966
 683008
 683142
 683208
 683416
 683705
 683937
 684184
 684210
 684540
 684712
 684780
 684831
 685047
 685714
 685950
 686513
 686721
 686913
 687190
 687253
 687293
 687500
 687583
 687783
 687952
 688057
 688151
 688676
 688885
 689340
 689655
 689895
 690379
 690738
 690858
 690974
 691143
 691341
 691377
 691465
 691521
 691634
 691903
 692127
 692251
 692952
 693069
 693320
 693975
 694303
 694415
 694528
 694581
 694623
 694691
 694780
 694884
 695051
 695189
 695331
 695386
 695687
 695971
 696273
 696467
 696604
 696634
 696868
 696914
 697087
 697211
 697434
 697628
 697732
 697957
 698060
 698113
 698174
 698860
 699051
 699443
 699999
 700097
 700781
 701050
 701127
 701149
 701215
 701318
 701473
 701601
 701749
 701961
 702032
 702114
 702274
 703290
 703341
 703763
 703930
 704206
 704438
 704540
 704723
 704789
 704812
 704918
 704951
 705176
 705519
 705675
 705782
 705896
 706159
 706703
 706766
 706900
 707371
 707651
 707830
 707911
 708026
 708032
 708160
 708452
 708511
 708758
 709233
 709472
 709674
 710017
 710460
 710589
 710663
 710797
 710965
 711200
 711296
 711473
 711534
 711632
 711779
 711813
 711865
 712232
 712482
 712519
 712854
 712912
 713089
 713206
 713475
 713518
 713826
 713998
 714075
 714285
 714290
 714640
 715000
 715353
 715364
 715415
 715596
 715736
 716045
 716373
 716454
 717444
 717695
 717787
 717910
 718103
 718218
 718539
 718696
 718739
 718929
 719195
 719706
 719879
 719999
 720436
 720487
 720701
 720983
 721179
 721393
 721539
 721726
 721958
 722161
 722312
 722372
 722557
 722901
 723764
 723932
 724018
 724076
 724261
 724314
 724680
 724794
 724857
 725185
 725515
 725637
 725778
 726074
 726420
 726595
 726727
 727197
 727371
 727416
 727787
 728212
 728744
 728763
 729282
 729460
 729547
 729648
 729925
 730075
 730215
 730247
 730297
 730496
 730928
 731133
 731147
 731263
 731394
 731653
 731764
 732190
 732422
 732439
 732518
 732552
 732824
 733037
 733283
 733392
 733571
 733746
 733921
 734055
 734143
 734317
 734375
 734597
 734651
 734800
 735082
 735541
 735751
 735757
 735999
 736202
 736584
 736753
 736878
 737080
 737240
 737433
 737701
 737841
 738032
 738317
 738884
 738947
 739627
 740576
 740740
 740884
 741135
 741200
 741281
 741328
 741493
 741641
 742004
 742160
 742653
 742710
 743066
 743199
 743604
 743816
 743946
 744202
 744446
 744469
 744490
 744544
 744669
 744680
 744687
 744868
 745066
 745223
 745321
 745523
 746031
 746145
 746350
 746816
 746942
 747056
 747180
 747309
 747348
 747692
 747829
 748169
 748387
 748636
 749032
 749109
 749270
 749296
 749500
 749599
 749977
 750325
 750944
 751058
 751114
 751269
 751448
 751677
 751787
 751991
 752358
 752537
 752588
 752727
 752997
 753444
 754023
 754314
 754485
 754716
 755086
 755378
 755456
 755560
 755710
 755905
 755918
 755979
 756178
 756285
 756425
 756465
 756596
 756617
 756781
 757034
 757583
 757763
 758028
 758143
 758612
 758886
 758997
 759053
 759179
 759317
 759470
 759769
 759988
 760064
 760269
 760507
 760550
 760599
 760621
 760745
 760983
 761133
 761839
 761904
 762017
 762277
 762466
 762562
 762749
 762889
 763089
 763486
 763841
 763887
 764468
 764741
 765047
 765090
 765581
 765887
 766352
 766684
 766731
 766842
 767217
 767424
 767775
 767833
 768259
 768548
 768756
 769030
 769183
 769360
 769400
 769630
 769976
 770211
 770342
 770482
 770647
 770810
 770867
 771143
 771323
 771450
 771736
 771772
 772158
 772295
 772334
 772387
 772567
 772642
 772978
 773039
 773109
 773170
 773252
 773777
 774162
 774211
 774368
 774514
 774774
 774814
 775073
 775162
 775551
 775655
 775909
 776041
 776158
 776461
 776698
 777043
 777060
 777239
 777302
 777320
 777395
 777742
 777813
 778071
 778270
 778341
 778378
 778474
 778630
 778947
 779092
 779611
 779895
 779964
 780113
 780162
 780258
 780420
 780487
 780664
 781055
 781785
 781992
 782135
 782415
 782476
 782763
 782984
 783505
 783537
 784111
 784435
 784671
 784914
 785875
 786131
 786261
 786507
 786626
 786788
 786811
 787020
 787281
 787379
 787460
 787571
 787878
 787905
 787956
 788456
 788990
 789173
 789404
 789461
 789494
 789683
 789954
 790296
 790424
 790554
 791004
 791225
 791666
 791752
 791967
 792229
 792344
 792457
 792638
 792689
 792773
 792844
 792951
 792982
 793165
 793353
 793453
 793486
 793645
 793700
 793986
 794061
 794125
 794219
 794780
 794871
 794984
 795489
 795657
 795779
 796154
 796273
 796791
 796796
 796900
 797452
 797533
 797727
 797910
 797951
 798010
 798171
 798250
 798365
 798451
 798808
 798833
 798968
 799095
 799163
 799373
 799718
 799999
 800032
 800250
 800362
 800670
 800816
 801275
 801364
 801580
 801608
 801794
 801802
 801912
 801963
 802024
 802320
 802774
 802882
 803154
 803558
 803656
 803934
 804298
 804553
 804603
 804741
 804888
 804983
 805202
 805713
 806017
 806131
 806333
 806555
 806742
 807097
 807284
 807557
 807635
 808058
 808152
 808442
 808612
 808753
 809003
 809164
 809324
 809384
 809476
 809649
 809766
 809874
 810011
 810055
 810374
 810639
 810761
 811091
 811291
 811397
 811663
 812070
 812323
 812614
 812922
 813379
 813440
 813644
 813884
 814019
 814581
 814871
 815217
 815491
 815696
 815804
 815945
 816131
 816464
 816602
 816835
 817061
 817394
 817478
 817642
 817746
 817829
 817866
 818045
 818103
 818251
 818597
 818827
 818844
 818985
 819362
 819565
 819634
 819698
 819826
 820097
 820343
 820522
 820701
 820896
 821066
 821138
 821248
 821625
 822243
 822412
 822712
 823022
 823170
 823275
 823447
 823529
 823995
 824125
 824318
 824446
 824496
 824608
 824721
 824764
 824836
 824891
 825008
 825278
 825361
 825595
 825656
 825822
 826038
 826075
 826728
 827025
 827239
 827442
 827537
 827639
 827736
 827788
 827968
 828138
 828335
 828517
 828850
 829099
 829393
 829674
 829723
 829899
 830046
 830303
 830409
 830571
 830948
 831450
 831625
 831904
 832429
 832641
 833004
 833146
 833428
 833522
 833562
 833773
 833984
 834075
 834182
 834252
 834416
 834518
 834654
 834879
 834935
 835058
 835262
 835502
 835589
 835775
 836013
 836305
 836628
 836991
 837549
 837870
 838312
 838468
 838558
 838742
 839260
 839303
 839432
 839509
 839569
 839738
 840065
 840353
 840372
 840890
 841052
 841128
 841210
 841310
 841401
 841472
 841597
 841664
 842182
 842249
 842342
 842583
 842688
 843180
 843334
 843498
 843707
 843793
 844245
 844365
 844455
 844578
 844817
 844989
 845019
 845060
 845277
 845532
 845771
 845835
 846173
 846492
 846896
 846975
 847161
 847440
 847497
 847523
 847889
 848332
 848545
 848580
 848930
 849004
 849133
 849308
 849673
 849836
 850065
 850091
 850107
 850145
 850220
 850246
 850396
 850513
 850754
 850909
 851032
 851274
 851465
 851612
 851683
 851814
 851873
 852261
 852365
 852811
 853059
 853124
 853453
 853737
 854071
 854111
 854304
 854341
 854562
 854754
 855341
 855388
 855653
 856111
 856414
 856518
 856737
 856897
 856931
 857099
 857285
 857442
 857943
 857994
 858147
 858451
 858585
 858942
 859166
 859441
 859595
 859842
 860024
 860154
 860215
 860227
 860664
 861041
 861336
 861392
 861629
 861734
 861983
 862341
 862467
 862532
 862801
 863090
 863409
 863805
 864127
 864327
 864543
 864626
 865105
 865245
 865260
 865307
 865490
 865614
 865922
 866102
 866176
 866443
 866683
 866725
 866810
 866872
 866909
 867441
 867656
 868005
 868110
 868241
 868455
 868968
 869248
 869268
 869431
 869638
 869898
 870107
 870200
 870379
 870704
 870795
 870947
 871519
 871585
 871794
 872186
 872449
 872748
 872832
 873010
 873180
 873524
 874251
 874677
 874931
 875149
 875244
 875438
 875756
 875925
 876116
 876356
 876516
 876674
 876731
 876754
 877143
 877176
 877219
 877448
 877633
 877862
 878078
 878116
 878354
 878617
 878800
 878936
 879188
 879553
 879655
 879994
 880191
 880289
 880392
 880712
 880898
 881146
 881343
 881415
 881779
 882335
 882556
 882743
 882823
 883017
 883114
 883175
 883306
 883720
 883831
 884103
 884401
 884571
 884660
 885099
 885437
 885714
 885881
 886336
 886484
 886798
 886963
 887259
 887314
 887458
 887540
 887998
 888127
 888260
 888333
 888467
 888631
 888888
 888931
 889048
 889090
 889200
 889269
 889328
 889356
 889533
 889636
 889773
 889850
 889953
 890095
 890283
 890414
 890525
 890605
 890896
 890997
 891199
 891334
 891364
 891438
 891629
 892012
 892307
 892464
 892473
 892810
 892865
 892884
 893018
 893197
 893329
 894056
 894328
 894542
 894649
 894912
 895035
 895338
 895973
 896215
 896507
 896547
 896662
 896909
 897031
 897274
 897448
 897895
 897924
 898091
 898268
 898398
 898457
 898612
 898702
 898708
 898962
 899166
 899441
 899640
 899770
 899903
 900254
 900277
 900397
 900621
 900847
 901160
 901585
 901734
 902050
 902120
 902243
 902576
 902761
 902825
 903074
 903225
 903488
 903614
 903814
 904109
 904276
 904603
 905048
 905273
 905370
 905511
 905802
 906012
 906342
 906406
 906453
 906649
 906813
 907025
 907199
 907823
 908144
 908304
 908712
 909066
 909141
 909536
 909568
 909830
 909918
 909991
 910204
 910620
 910794
 910981
 911257
 911482
 911571
 911648
 911760
 912067
 912087
 912279
 912475
 912621
 913238
 913528
 913725
 913941
 914051
 914119
 914212
 914233
 914548
 914960
 915002
 915291
 915376
 915419
 915689
 916025
 916317
 916497
 916666
 916971
 917197
 917464
 917580
 917986
 918335
 918435
 918704
 918745
 918808
 918974
 919206
 919432
 919581
 919728
 920062
 920202
 920313
 920398
 920495
 920582
 920821
 920930
 920996
 921020
 921298
 921787
 921995
 922226
 922599
 922643
 923201
 923497
 923716
 923917
 924078
 924239
 924369
 924388
 924444
 924523
 924701
 925365
 925488
 925586
 926388
 926578
 926949
 927259
 927383
 927702
 928051
 928119
 928226
 928367
 928582
 928636
 928768
 928834
 928928
 929062
 929267
 929475
 929654
 929999
 930141
 930487
 930720
 930735
 931085
 931204
 931510
 931757
 932032
 932310
 932642
 933056
 933264
 933339
 933483
 933680
 934104
 934551
 934645
 935302
 935448
 935566
 935632
 935730
 935884
 936237
 936461
 936847
 936997
 937185
 937464
 937495
 937681
 938250
 938591
 939035
 939228
 939321
 939490
 939639
 939711
 940108
 940495
 940681
 940745
 941092
 941494
 941772
 941904
 942010
 942087
 942194
 942374
 942426
 942587
 942657
 942891
 942999
 943560
 943575
 943593
 943715
 943815
 943918
 943956
 944254
 944820
 944855
 944908
 945059
 945236
 945674
 945910
 946078
 946521
 946656
 946722
 946911
 946957
 947299
 947380
 947486
 947529
 947811
 947946
 948156
 948466
 948566
 948717
 949183
 949263
 949316
 949521
 949673
 949810
 950014
 950121
 950210
 950254
 950427
 950490
 950590
 950755
 951415
 951663
 951824
 952143
 952426
 952802
 952900
 953083
 953362
 953408
 953596
 953827
 954103
 954166
 954263
 954351
 954841
 955048
 955104
 955235
 955444
 955530
 955703
 955932
 956112
 956396
 956564
 956749
 956930
 957033
 957528
 957717
 957751
 958019
 958308
 958561
 958636
 958711
 958826
 959205
 959425
 959574
 959909
 960164
 960653
 960839
 960912
 961048
 961276
 961439
 961667
 961777
 961970
 962130
 962323
 962444
 962564
 962786
 962948
 963545
 963634
 963875
 964063
 964114
 964241
 964561
 964638
 964689
 965030
 965107
 965262
 965401
 965517
 965650
 965776
 965849
 966092
 966308
 966521
 967155
 967206
 967297
 967337
 967651
 967734
 968028
 968606
 968755
 968797
 969177
 969417
 969551
 969722
 969800
 969900
 970196
 970330
 970525
 970981
 971040
 971270
 971319
 971405
 971621
 971780
 972198
 972285
 972598
 973047
 973208
 973500
 973755
 973817
 973950
 974096
 974113
 974271
 974463
 974730
 974771
 975077
 975217
 975324
 975433
 975609
 975729
 975858
 975975
 976068
 976696
 976881
 977032
 977408
 977640
 977777
 978013
 978042
 978434
 978553
 978861
 979025
 979037
 979181
 979255
 979524
 979777
 979922
 979941
 980033
 980188
 980401
 980506
 980676
 980756
 980845
 981023
 981266
 982162
 982582
 982701
 982853
 983037
 983240
 983301
 983564
 983612
 983957
 984217
 984968
 985049
 985207
 985283
 985346
 985781
 985969
 986437
 986635
 986997
 987201
 987405
 987636
 987750
 987875
 988053
 988165
 988310
 988850
 988960
 989202
 989435
 989468
 989510
 989864
 990213
 990262
 990630
 991219
 991236
 991277
 991554
 991795
 992262
 992292
 992592
 992987
 993856
 993891
 993945
 994059
 994327
 994735
 994746
 994946
 995059
 995497
 995531
 995687
 995781
 995933
 995997
 996228
 996252
 996459
 996531
 996633
 996776
 997016
 997110
 997329
 997449
 997603
 997980
 998193
 998687
 998828
 999011
 999275
 999479
 999591
 999706
 