2941
 6725
 8909
 1686
 4964
 8130
 1257
 3389
 726
 8442
 3936
 3632
 2784
 2438
 1063
 1860
 5487
 8075
 8900
 9568
 6893
 3562
 2307
 9308
 6823
 7214
 8569
 7736
 7293
 7854
 7846
 6201
 1123
 4045
 459
 9036
 5495
 2858
 855
 8721
 6401
 5301
 8134
 5807
 6550
 9574
 4964
 5250
 5675
 4811
 1461
 8847
 9807
 770
 2862
 5728
 3155
 471
 3975
 4445
 4681
 5538
 4472
 4850
 1478
 824
 9811
 2871
 6764
 4152
 5107
 9391
 9200
 3694
 9794
 1836
 5204
 7394
 3171
 8268
 8844
 1755
 5493
 4754
 5656
 8970
 3423
 7271
 9545
 307
 9900
 423
 6529
 2316
 4780
 272
 3428
 5458
 5427
 2920
 