9660
 7947
 5852
 8537
 2151
 1004
 5380
 8455
 3549
 986
 715
 6086
 6340
 2862
 3042
 803
 8328
 8731
 2452
 4887
 957
 6495
 3551
 9400
 466
 9126
 9509
 7457
 1032
 9690
 1129
 1807
 3553
 3322
 7775
 7148
 1738
 7132
 5756
 6277
 6763
 9248
 9770
 7349
 9254
 9490
 2857
 3612
 3998
 1823
 7594
 578
 3635
 9694
 8535
 3972
 4771
 4985
 8722
 7340
 5060
 7155
 8808
 8784
 1055
 726
 1501
 6236
 5110
 3710
 3195
 1844
 2819
 4398
 1428
 7946
 9097
 9777
 4000
 7346
 5365
 3513
 4203
 1240
 529
 5680
 6074
 5959
 9588
 9827
 901
 4733
 9074
 2962
 2606
 25
 8845
 5703
 4366
 4438
 