1642
 9043
 5287
 995
 1343
 7967
 6174
 7268
 4870
 1303
 3899
 3681
 207
 8790
 9160
 6253
 2000
 8171
 15
 7276
 4193
 8642
 7016
 7458
 280
 6460
 8632
 9501
 9403
 6057
 5808
 2603
 7850
 8214
 1262
 9487
 1589
 9757
 1483
 8743
 4605
 2352
 9084
 8191
 9178
 3841
 9034
 7035
 6587
 1215
 9239
 3983
 9789
 4732
 8907
 6176
 3669
 900
 7043
 1505
 1415
 8498
 6315
 7262
 1591
 4348
 7549
 3192
 1544
 593
 8589
 8100
 9221
 6398
 9584
 8281
 1841
 1860
 2409
 1052
 4408
 1871
 7170
 1795
 6940
 4818
 8772
 6160
 902
 6093
 1596
 7163
 9677
 2590
 8439
 5366
 3120
 9370
 9732
 5297
 