1355
 3052
 8577
 4425
 2702
 2484
 5808
 5172
 8490
 3253
 993
 3850
 4096
 7588
 7173
 9065
 9797
 7178
 550
 9519
 5340
 2083
 598
 4963
 6969
 7895
 2540
 7180
 1379
 212
 7593
 2916
 6803
 3636
 9402
 4242
 1800
 7527
 7585
 1447
 5730
 1813
 5950
 9627
 1573
 4271
 8446
 1770
 3147
 5717
 7315
 2196
 1615
 5337
 4237
 5920
 3039
 9031
 8800
 6608
 2968
 5458
 3754
 4105
 2696
 4509
 6785
 4767
 5062
 6234
 3582
 5566
 4467
 6997
 4206
 8837
 868
 2949
 31
 7172
 5419
 7599
 6286
 1327
 7775
 6361
 3285
 2819
 8247
 4133
 664
 1570
 1056
 5198
 0
 9083
 1268
 3289
 5896
 4979
 