4486
 387
 5076
 2739
 4151
 740
 5979
 1312
 1777
 7871
 1268
 9574
 1741
 4412
 1052
 6693
 8871
 6321
 3277
 9419
 7024
 1662
 2750
 7974
 4018
 1027
 1104
 2963
 8681
 1391
 1866
 3212
 328
 4004
 656
 354
 3091
 9443
 9627
 9035
 9274
 1001
 7803
 3390
 6643
 1807
 8070
 1644
 6221
 7289
 9080
 9865
 783
 3651
 4958
 3099
 4489
 5151
 4065
 4404
 1526
 7244
 4476
 3569
 8899
 1069
 2087
 7416
 4624
 6985
 5439
 3775
 6926
 8843
 3751
 6679
 3757
 2845
 5431
 433
 2319
 9427
 6495
 7528
 5714
 1761
 4032
 3422
 5077
 4915
 1605
 4258
 8795
 788
 1432
 4513
 6905
 8889
 6668
 3732
 