0
 179
 244
 260
 266
 373
 408
 560
 703
 946
 1017
 1058
 1067
 1085
 1138
 1245
 1266
 1267
 1344
 1357
 1434
 1623
 1860
 2314
 2334
 2341
 2409
 2771
 2868
 2900
 2941
 2965
 3101
 3135
 3161
 3262
 3455
 3464
 3592
 3624
 3629
 3694
 3703
 3720
 3950
 3951
 4100
 4150
 4162
 4230
 4268
 4443
 4490
 4538
 4560
 4744
 4872
 4897
 4971
 4994
 5037
 5041
 5185
 5405
 5483
 5658
 5666
 5797
 5859
 6122
 6255
 6277
 6302
 6449
 6717
 6872
 6882
 7016
 7120
 7358
 7499
 7591
 7711
 7817
 8203
 8344
 8347
 8564
 8699
 8813
 8814
 8963
 8990
 9031
 9154
 9156
 9344
 9440
 9460
 9467
 9540
 9668
 9794
 10143
 10149
 10191
 10289
 10548
 10593
 10654
 10724
 10744
 10972
 10980
 11165
 11224
 11318
 11328
 11353
 11428
 11476
 11517
 11548
 11555
 11624
 11691
 12035
 12037
 12043
 12130
 12245
 12281
 12577
 12702
 13071
 13244
 13263
 13278
 13411
 13698
 13711
 13825
 13893
 14000
 14216
 14250
 14274
 14553
 14656
 14813
 14870
 14959
 15274
 15373
 15558
 15578
 15820
 15874
 15923
 16131
 16329
 16390
 16519
 16557
 16779
 16785
 16790
 16821
 16965
 16984
 17153
 17233
 17374
 17456
 17471
 17510
 17571
 17669
 17721
 17859
 17954
 18018
 18209
 18473
 18571
 18584
 18638
 18650
 18751
 18852
 18972
 19179
 19264
 19365
 19447
 19625
 19770
 19799
 19910
 19924
 20059
 20107
 20217
 20286
 20400
 20453
 20569
 20659
 20660
 21031
 21100
 21366
 21428
 21443
 21452
 21463
 21577
 21621
 22128
 22155
 22490
 22500
 22632
 22691
 22708
 22723
 22768
 22798
 22905
 22949
 23466
 23476
 23790
 23839
 24029
 24115
 24337
 24420
 24427
 24485
 24548
 24556
 24647
 24813
 24964
 25070
 25227
 25267
 25365
 25411
 25485
 25716
 25831
 26060
 26247
 26371
 26380
 26422
 26484
 26502
 26717
 26721
 26788
 26836
 26972
 26989
 27018
 27127
 27186
 27248
 27420
 27493
 27867
 27959
 27991
 28003
 28106
 28294
 28392
 28492
 28513
 28541
 28770
 28815
 28952
 28962
 29090
 29127
 29422
 29451
 29461
 29482
 29609
 29766
 29910
 29920
 29975
 30035
 30176
 30243
 30354
 30540
 30558
 30690
 31014
 31140
 31461
 31489
 31496
 31671
 31719
 31770
 31821
 32211
 32289
 32555
 32559
 32568
 32735
 32896
 33114
 33265
 33333
 33444
 33675
 33736
 33806
 33898
 33965
 33970
 34001
 34070
 34209
 34345
 34395
 34447
 34558
 34580
 34589
 34669
 34690
 34873
 34992
 35007
 35135
 35136
 35224
 35282
 35424
 35472
 35558
 35651
 35792
 35890
 35939
 36275
 36337
 36387
 36623
 36863
 37019
 37188
 37411
 37428
 37663
 37989
 38158
 38325
 38856
 38873
 38916
 38938
 39034
 39121
 39273
 39340
 39354
 39485
 39657
 39791
 39793
 39810
 39851
 39944
 40011
 40039
 40123
 40149
 40246
 40316
 40366
 40515
 40521
 40692
 40966
 41118
 41278
 41339
 41352
 41371
 41530
 41723
 41822
 41962
 41992
 42005
 42039
 42063
 42149
 42207
 42250
 42290
 42343
 42397
 42432
 42496
 42595
 42666
 42996
 43081
 43150
 43225
 43266
 43282
 43354
 43389
 43576
 43631
 43673
 43685
 43830
 43850
 43965
 44075
 44203
 44449
 44658
 44660
 44863
 44880
 44979
 44998
 45022
 45119
 45190
 45209
 45351
 45406
 45571
 45587
 45626
 45671
 45875
 45915
 46020
 46152
 46277
 46305
 46414
 46699
 46852
 46916
 46935
 46936
 46995
 47053
 47071
 47136
 47622
 47784
 47803
 47816
 47817
 47964
 47969
 48102
 48117
 48167
 48260
 48320
 48423
 48494
 48496
 48532
 48546
 48553
 48652
 48673
 48717
 48804
 49017
 49104
 49219
 49278
 49308
 49339
 49604
 49606
 49757
 49848
 