183
 448
 461
 509
 882
 887
 888
 1024
 1306
 1309
 1557
 1579
 1597
 1646
 2083
 2210
 2359
 2376
 2518
 2556
 2684
 2727
 2790
 2939
 3040
 3149
 3249
 3263
 3287
 3304
 3336
 3338
 3537
 3791
 3990
 4077
 4273
 4305
 4349
 4408
 4487
 4599
 4697
 4717
 4761
 4794
 4820
 4968
 5449
 5482
 5584
 5611
 5704
 5707
 5993
 6076
 6152
 6159
 6341
 6441
 6543
 6570
 6651
 6692
 7081
 7126
 7427
 7438
 7553
 7578
 7597
 7858
 8190
 8205
 8278
 8287
 8304
 8386
 8420
 8430
 8519
 8546
 8682
 8698
 8742
 8743
 8819
 8820
 8876
 8924
 9021
 9035
 9293
 9475
 9650
 9726
 9739
 9908
 9921
 9995
 10172
 10188
 10191
 10208
 10228
 10655
 10761
 10812
 10849
 10916
 10924
 11053
 11173
 11250
 11487
 11493
 11597
 11601
 11838
 11941
 12066
 12247
 12347
 12559
 12657
 12714
 12921
 13114
 13133
 13314
 13370
 13582
 13620
 13632
 13647
 14012
 14041
 14146
 14159
 14183
 14489
 14561
 14720
 14769
 14788
 14799
 15376
 15778
 15786
 15830
 15923
 15943
 15965
 16055
 16194
 16215
 16351
 16381
 16402
 16443
 16601
 16711
 16811
 16918
 16940
 17169
 17318
 17447
 17563
 17653
 17721
 17893
 18014
 18111
 18141
 18160
 18170
 18264
 18296
 18400
 18432
 18712
 18786
 18843
 18889
 19211
 19401
 19438
 19554
 19577
 19807
 19883
 19956
 20227
 20230
 20262
 20455
 20463
 20520
 20722
 20735
 20784
 20985
 21004
 21099
 21214
 21218
 21265
 21736
 21747
 21886
 21992
 22173
 22283
 22309
 22355
 22369
 22372
 22504
 22546
 22907
 23010
 23033
 23187
 23498
 23584
 23633
 23671
 23804
 23850
 24006
 24032
 24043
 24092
 24239
 24276
 24351
 24443
 24487
 24518
 24528
 24554
 24576
 24578
 24660
 24793
 24903
 24910
 24944
 25067
 25126
 25285
 25407
 25443
 25481
 25567
 25616
 25709
 25846
 26021
 26254
 26301
 26350
 26422
 26428
 26434
 26445
 26448
 26511
 26660
 26750
 26978
 27225
 27272
 27294
 27475
 27692
 27703
 27749
 27848
 27996
 28085
 28092
 28128
 28237
 28322
 28436
 28502
 28592
 28734
 28785
 28792
 28796
 28881
 28890
 28991
 29002
 29116
 29225
 29238
 29284
 29311
 29438
 29943
 29948
 29971
 30181
 30220
 30299
 30588
 30616
 30631
 30666
 30699
 31208
 31424
 31586
 31747
 31964
 32045
 32051
 32145
 32289
 32330
 32513
 32548
 32633
 32923
 33122
 33156
 33163
 33535
 33572
 33806
 34022
 34065
 34217
 34450
 34477
 34642
 34665
 34746
 34853
 35056
 35064
 35111
 35141
 35235
 35250
 35387
 35452
 35514
 35646
 35689
 35803
 35814
 35854
 35926
 36017
 36055
 36185
 36315
 36408
 36563
 36635
 36790
 37037
 37074
 37334
 37391
 37404
 37444
 37510
 37537
 37571
 37600
 37638
 37754
 38237
 38334
 38343
 38369
 38445
 38491
 38516
 38561
 38614
 38747
 39047
 39119
 39168
 39208
 39218
 39265
 39358
 39361
 39409
 39705
 39755
 39756
 39784
 39938
 39955
 40103
 40222
 40234
 40247
 40335
 40467
 40508
 40579
 40581
 40600
 40647
 40775
 40808
 40886
 40890
 40937
 41184
 41234
 41331
 41400
 41407
 41519
 41885
 42022
 42176
 42501
 42536
 42569
 42849
 42851
 43007
 43397
 43403
 43421
 43441
 43531
 43660
 43675
 43871
 44085
 44169
 44251
 44546
 44663
 44703
 44705
 44708
 44815
 44861
 44934
 45238
 45270
 45333
 45496
 45525
 45624
 45724
 45746
 45865
 46076
 46084
 46106
 46119
 46186
 46255
 46462
 46508
 46525
 46612
 46657
 46722
 46799
 47061
 47126
 47263
 47423
 47512
 47956
 47971
 47993
 47997
 48023
 48033
 48225
 48317
 48436
 48730
 49056
 49158
 49355
 49369
 49428
 49502
 49573
 49575
 49683
 49925
 