25
 148
 287
 289
 391
 445
 633
 691
 739
 792
 921
 1005
 1016
 1252
 1351
 1402
 1420
 1553
 1751
 1785
 1868
 1928
 2103
 2417
 2436
 2761
 2903
 2974
 3102
 3104
 3173
 3326
 3346
 3504
 3515
 3584
 3600
 3671
 3832
 3879
 3944
 3995
 4252
 4327
 4362
 4624
 4635
 4739
 4740
 4994
 5010
 5075
 5125
 5250
 5299
 5333
 5360
 5459
 5467
 5641
 5765
 5836
 5937
 6134
 6212
 6276
 6525
 6586
 6775
 6789
 6811
 6849
 6918
 7177
 7188
 7317
 7789
 7834
 7906
 8010
 8042
 8130
 8482
 8767
 8829
 8846
 8990
 9027
 9056
 9060
 9069
 9138
 9148
 9177
 9181
 9311
 9352
 9390
 9419
 9446
 9504
 9550
 9718
 9867
 9948
 10005
 10060
 10204
 10292
 10575
 10634
 11157
 11186
 11216
 11255
 11319
 11385
 11478
 11694
 11809
 11828
 12064
 12214
 12222
 12228
 12306
 12476
 12787
 12809
 12903
 12978
 13088
 13315
 13403
 13450
 13529
 13585
 13614
 13661
 13695
 13706
 13886
 13970
 14213
 14596
 14614
 14646
 14674
 14830
 14996
 15107
 15127
 15360
 15796
 15961
 16002
 16007
 16008
 16018
 16148
 16224
 16314
 16332
 16480
 16520
 16568
 16712
 16814
 17168
 17399
 17516
 17589
 17604
 17713
 17739
 17847
 18137
 18415
 18486
 18612
 18781
 18846
 18957
 18959
 19102
 19169
 19191
 19232
 19721
 19973
 20077
 20288
 20354
 20374
 20415
 20425
 20432
 20479
 20526
 20536
 20597
 20741
 20753
 20783
 20800
 21011
 21036
 21135
 21359
 21419
 21465
 21577
 21634
 21674
 21760
 21941
 22019
 22489
 22490
 22520
 22807
 22820
 22855
 22906
 22987
 23006
 23125
 23401
 23425
 23506
 23574
 23723
 23739
 23892
 23966
 23969
 24159
 24178
 24288
 24300
 24453
 24601
 24663
 24730
 24812
 24888
 24917
 25225
 25232
 25307
 25474
 25649
 25888
 25903
 25963
 26028
 26039
 26296
 26318
 26380
 26588
 26637
 26799
 26834
 26867
 26881
 26923
 27197
 27471
 27511
 27580
 27700
 27715
 27754
 28051
 28295
 28405
 28406
 28537
 28574
 28660
 28782
 28828
 28892
 29159
 29208
 29258
 29514
 29681
 29723
 29813
 29923
 29977
 30006
 30026
 30083
 30181
 30201
 30218
 30230
 30327
 30372
 30401
 30636
 30684
 30750
 30772
 30856
 30919
 30942
 31036
 31126
 31143
 31244
 31257
 31295
 31336
 31430
 31444
 31516
 31574
 31635
 31656
 31763
 31886
 31890
 31919
 31991
 32197
 32216
 32235
 32282
 32531
 33128
 33163
 33281
 33288
 33312
 33492
 33708
 33724
 33725
 33769
 33772
 33904
 33989
 34009
 34314
 34697
 34707
 34797
 34840
 34868
 34905
 34997
 35029
 35300
 35410
 35431
 35664
 35868
 35897
 35939
 36000
 36008
 36023
 36085
 36095
 36109
 36191
 36195
 36297
 36375
 36486
 36876
 36902
 37391
 37399
 37425
 37618
 38155
 38191
 38252
 38546
 38645
 38794
 38906
 39087
 39105
 39228
 39316
 39462
 39528
 39635
 39783
 39868
 39906
 39933
 39992
 40080
 40215
 40216
 40470
 40475
 40503
 40633
 40756
 41015
 41122
 41164
 41228
 41373
 41470
 41551
 41582
 41657
 41768
 41990
 41997
 42136
 42232
 42234
 42400
 42446
 42470
 42592
 42668
 42706
 42736
 42750
 42756
 42792
 43015
 43158
 43291
 43301
 43340
 43519
 43570
 43767
 43864
 43979
 44020
 44281
 44402
 44596
 44642
 44721
 44755
 44867
 45004
 45201
 45218
 45428
 45472
 45511
 45614
 45857
 45882
 45896
 45974
 46019
 46030
 46176
 46241
 46264
 46317
 46516
 46521
 46579
 46640
 46698
 46711
 46769
 46810
 46982
 47038
 47103
 47245
 47249
 47407
 47596
 47902
 47924
 48206
 48289
 48375
 48412
 48644
 48835
 48996
 49116
 49232
 49239
 49477
 49601
 49704
 49816
 49866
 49961
 