413
 433
 473
 473
 506
 596
 601
 754
 780
 909
 1057
 1075
 1093
 1156
 1221
 1318
 1368
 1650
 1672
 1729
 1829
 1967
 2083
 2126
 2377
 2409
 2498
 2538
 2540
 2638
 2670
 2686
 2726
 2813
 2845
 2867
 3201
 3236
 3255
 3541
 3585
 3884
 3959
 3991
 4005
 4446
 4583
 4646
 4672
 4782
 4798
 4835
 4933
 5129
 5325
 5426
 5534
 5534
 5703
 5755
 5791
 5818
 6035
 6097
 6306
 6508
 6714
 6885
 6926
 7031
 7163
 7169
 7224
 7241
 7444
 7478
 7586
 7692
 7695
 7714
 7731
 7797
 7902
 7954
 8006
 8021
 8134
 8284
 8354
 8428
 8925
 9165
 9230
 9326
 9450
 9619
 9819
 9825
 9910
 9958
 