43
 458
 520
 546
 567
 642
 759
 915
 979
 1022
 1100
 1156
 1211
 1382
 1418
 1746
 1764
 2156
 2185
 2226
 2323
 2380
 2390
 2664
 2697
 2698
 2721
 2798
 2903
 2943
 2984
 2995
 3022
 3060
 3111
 3142
 3362
 3408
 3757
 3837
 3873
 3986
 4032
 4108
 4180
 4342
 4347
 4548
 4582
 4676
 4738
 4849
 5099
 5322
 5472
 5575
 5602
 5713
 5714
 5796
 5937
 5950
 5982
 6020
 6115
 6194
 6285
 6416
 6435
 6507
 6621
 6764
 6896
 6900
 7114
 7182
 7268
 7290
 7666
 7983
 8123
 8357
 8457
 8482
 8738
 8768
 8793
 8984
 9176
 9351
 9402
 9459
 9633
 9650
 9687
 9719
 9752
 9821
 9878
 9936
 